4600 4600
1 3029 3481
2 2828 629
3 826 1681
4 74 1328
5 3682 3241
6 977 1030
7 2619 121
8 3291 247
9 4579 263
10 2770 246
11 3178 4591
12 2355 3093
13 2915 3894
14 3330 3206
15 4219 1892
16 3222 3493
17 126 4144
18 3558 4181
19 1566 3064
20 4 3840
21 4189 1
22 1049 1380
23 2853 3116
24 1193 1810
25 4013 3114
26 912 3040
27 4151 489
28 2086 2161
29 3496 3599
30 1079 755
31 2576 14
32 3638 2250
33 4107 2017
34 3251 4483
35 2399 366
36 2338 3443
37 1702 636
38 4126 1633
39 806 2311
40 557 4202
41 2064 1634
42 1878 836
43 446 3220
44 2289 716
45 1144 4223
46 742 2684
47 2241 276
48 680 3743
49 1357 3035
50 2683 2799
51 3125 2946
52 364 2569
53 2287 2075
54 4104 695
55 2224 139
56 1656 375
57 1035 3976
58 4339 2969
59 471 2115
60 2340 4223
61 891 2894
62 1293 1288
63 613 2032
64 2157 2510
65 3796 1494
66 126 409
67 34 2532
68 4146 514
69 174 509
70 439 3789
71 4169 1504
72 2000 3713
73 600 3811
74 431 1529
75 489 3908
76 4592 1776
77 1673 1797
78 3239 2681
79 2485 1368
80 1020 3749
81 3448 1916
82 3445 2073
83 2028 1334
84 829 310
85 3605 1219
86 420 4114
87 2522 4581
88 3784 2032
89 3533 2140
90 2218 2420
91 2453 3439
92 3411 2905
93 930 4140
94 4009 3222
95 2265 252
96 3533 1462
97 40 1210
98 4199 4503
99 2405 2893
100 3532 149
101 3250 740
102 1391 1760
103 4587 3090
104 3541 3580
105 779 419
106 3757 1224
107 1964 293
108 176 1905
109 2101 1490
110 3133 423
111 3513 1421
112 2241 311
113 438 211
114 1213 3291
115 1907 1132
116 2456 1392
117 2653 1801
118 3358 3758
119 2684 2425
120 1921 1373
121 754 559
122 1767 2742
123 1443 558
124 4404 3167
125 4235 3136
126 1098 3908
127 3381 3154
128 1294 2962
129 4272 2477
130 2333 3813
131 3503 2777
132 4575 4533
133 3296 3554
134 4395 4492
135 556 1815
136 4251 3691
137 41 1465
138 3129 3726
139 3269 1833
140 3833 453
141 1476 2125
142 489 885
143 1868 2741
144 327 310
145 479 2256
146 4274 1693
147 4376 3228
148 4283 629
149 562 1574
150 1261 2962
151 1333 71
152 3899 1879
153 2930 3064
154 3017 3840
155 1137 3623
156 1270 2218
157 3112 594
158 817 1578
159 4095 3971
160 3081 4251
161 67 557
162 105 1772
163 3368 926
164 1844 2873
165 434 1662
166 253 1648
167 3493 3639
168 50 215
169 3579 1141
170 2169 2765
171 2494 3871
172 1876 2822
173 863 3974
174 3122 1859
175 3607 1582
176 3046 545
177 1643 2308
178 3964 4304
179 3869 4223
180 2768 2351
181 3937 873
182 2889 3046
183 2005 3039
184 31 3877
185 1581 2839
186 3985 1331
187 2077 98
188 2314 417
189 3352 2082
190 204 1648
191 1961 1414
192 1853 1120
193 2889 796
194 2778 3259
195 592 4406
196 3449 3089
197 831 3024
198 2451 1605
199 1557 2168
200 346 1671
201 200 823
202 3623 3284
203 3774 1496
204 464 3195
205 3909 1262
206 760 2017
207 1240 819
208 1215 4432
209 3451 102
210 3971 59
211 2001 972
212 2687 805
213 675 2618
214 51 4451
215 2756 3362
216 1612 4543
217 1771 4285
218 1237 3750
219 2793 3600
220 2350 140
221 2428 3713
222 1781 2919
223 579 2515
224 1787 4041
225 2050 3625
226 2696 2506
227 3848 1624
228 3392 2453
229 3471 4384
230 1791 3793
231 2132 3364
232 4524 764
233 264 3904
234 211 2475
235 4062 3282
236 4309 2940
237 2478 4028
238 651 4320
239 1961 1305
240 2601 3035
241 3406 3126
242 800 1150
243 1836 4443
244 4526 320
245 2553 1410
246 2074 2760
247 4227 1959
248 3554 173
249 2517 1152
250 855 3250
251 4396 2159
252 1052 612
253 395 1286
254 2587 1605
255 963 1955
256 3905 3639
257 3247 20
258 4555 3825
259 1959 212
260 1720 254
261 1858 1039
262 1425 3358
263 2578 1970
264 3023 276
265 643 1990
266 4443 682
267 4029 287
268 1740 274
269 218 760
270 3428 3975
271 1745 746
272 3188 4371
273 2164 2484
274 1601 1682
275 959 1724
276 2159 3774
277 362 735
278 1902 3013
279 3337 1198
280 4489 2312
281 1954 1306
282 4574 3197
283 247 761
284 3571 175
285 4492 681
286 1678 1109
287 3819 1029
288 3185 1752
289 390 182
290 1267 2017
291 133 2947
292 1066 3530
293 4177 2395
294 1919 3195
295 512 3946
296 1531 2681
297 3066 3075
298 977 266
299 59 1086
300 931 1732
301 3362 2634
302 1970 2806
303 3185 564
304 976 4103
305 694 1633
306 2881 4078
307 2433 320
308 2945 3401
309 2983 363
310 2559 794
311 726 295
312 3930 1519
313 3130 3098
314 75 345
315 1224 1238
316 3844 3223
317 410 1731
318 127 2812
319 962 153
320 1218 2806
321 3778 4285
322 1561 1961
323 994 2524
324 2044 1235
325 3931 3182
326 1259 3049
327 3061 2333
328 3152 1562
329 372 3367
330 52 1570
331 2024 1335
332 4012 930
333 1188 2739
334 373 622
335 2823 3066
336 582 1615
337 4250 876
338 3725 3010
339 3842 4582
340 756 944
341 1774 3213
342 1589 1144
343 2515 2187
344 3404 1274
345 3614 1729
346 1756 2661
347 689 3404
348 1853 2932
349 554 2251
350 2157 4379
351 1160 55
352 2748 9
353 3288 3563
354 2948 1921
355 4583 2855
356 1552 409
357 4136 144
358 12 1782
359 3241 4226
360 4375 2855
361 1785 1656
362 1260 1786
363 1708 4443
364 1327 4404
365 4531 1914
366 1854 4413
367 2685 473
368 1141 1203
369 570 2533
370 70 334
371 3650 3046
372 681 2436
373 3345 3886
374 3721 781
375 142 2057
376 3559 1337
377 1853 3614
378 3035 2297
379 4353 3925
380 1872 3124
381 4414 937
382 3104 3163
383 1398 15
384 3632 1815
385 4049 3360
386 924 2177
387 291 100
388 206 338
389 2897 1807
390 1899 4308
391 3580 3233
392 3702 1849
393 1849 3920
394 2178 1827
395 4384 1465
396 170 603
397 3236 3015
398 1307 4221
399 4482 3723
400 2101 2820
401 4109 2876
402 4237 490
403 3474 1200
404 3463 987
405 4223 700
406 762 3043
407 297 2841
408 1892 4053
409 15 4520
410 4512 3190
411 1545 3752
412 3316 2713
413 1397 205
414 2592 1427
415 1242 3034
416 3444 298
417 4574 2970
418 1634 2130
419 822 3340
420 636 2328
421 3797 4349
422 2318 3186
423 558 146
424 3359 3911
425 589 3782
426 693 3483
427 2403 1545
428 4119 94
429 2968 2850
430 1382 3006
431 471 4470
432 2598 1561
433 2604 4226
434 4097 167
435 2912 1949
436 4422 2063
437 3521 3193
438 2040 618
439 2483 3756
440 3081 549
441 1716 1666
442 4201 1523
443 2575 3581
444 1258 354
445 191 3919
446 2262 1124
447 2278 3223
448 4346 1017
449 1926 243
450 572 2059
451 1304 101
452 2892 1634
453 4372 2497
454 4423 4465
455 3008 4078
456 714 3761
457 44 2619
458 4149 3068
459 4501 4371
460 933 2229
461 2776 3708
462 2142 4038
463 1562 1557
464 2649 842
465 742 2286
466 1635 3804
467 2446 4476
468 3166 3375
469 1229 4517
470 3964 2008
471 725 2568
472 4056 2937
473 3957 4049
474 2704 664
475 805 4364
476 848 3591
477 3436 696
478 32 484
479 4074 1878
480 746 644
481 3818 3106
482 4452 4260
483 642 2929
484 973 4160
485 142 2763
486 149 1271
487 2241 2020
488 2021 2735
489 1374 3821
490 1234 1805
491 3599 120
492 4524 3776
493 3723 1828
494 1068 1647
495 1149 4469
496 821 2063
497 627 512
498 3121 4057
499 2244 3621
500 751 1188
501 493 406
502 2060 3935
503 3158 199
504 865 1778
505 1720 823
506 2067 2533
507 1946 3334
508 56 3584
509 1989 3599
510 2712 325
511 3612 4016
512 3434 3603
513 1576 3671
514 3602 949
515 2027 4520
516 2991 563
517 739 2772
518 145 3686
519 2490 1948
520 1754 153
521 2587 3598
522 3892 39
523 3831 2847
524 3220 2384
525 258 634
526 3390 3704
527 3839 2848
528 1162 2905
529 1779 3808
530 3045 199
531 3352 3169
532 1386 2980
533 1872 2414
534 3074 534
535 3806 2481
536 202 4582
537 639 419
538 2893 731
539 4526 3770
540 569 1574
541 3089 676
542 3622 4046
543 4494 1732
544 3356 2535
545 3482 1803
546 132 4191
547 899 3616
548 3514 777
549 2820 403
550 2081 4270
551 3697 54
552 1000 1384
553 4276 741
554 1948 1264
555 3287 2160
556 1166 4587
557 3779 398
558 1422 3969
559 4161 1012
560 3376 4199
561 2270 695
562 1374 3853
563 4236 1422
564 1526 417
565 4479 1108
566 830 4029
567 2173 564
568 2149 1911
569 298 53
570 3763 1776
571 4490 8
572 4388 2520
573 2192 960
574 368 3832
575 239 3506
576 967 1863
577 1431 3980
578 3908 465
579 4483 2115
580 2023 628
581 2216 3616
582 3375 3901
583 896 283
584 2296 1715
585 3880 1226
586 473 90
587 935 3483
588 4521 4003
589 2432 513
590 396 1114
591 1553 2404
592 2312 729
593 1621 1244
594 1797 4523
595 2479 3302
596 212 4442
597 3704 4576
598 2070 2821
599 915 1986
600 3633 1844
601 2863 661
602 4143 4438
603 1501 4529
604 3431 166
605 1938 1697
606 72 1945
607 3079 2002
608 443 3427
609 3136 3765
610 1537 2403
611 4185 3928
612 1149 1988
613 4215 4555
614 562 309
615 4366 3425
616 2696 1915
617 2559 3278
618 4227 2908
619 3493 1025
620 3629 2568
621 3584 682
622 2958 3268
623 313 2709
624 1137 1391
625 2503 3743
626 816 4065
627 1713 2512
628 3666 3256
629 2693 2818
630 2324 3964
631 4137 1362
632 134 3574
633 1616 3492
634 2616 869
635 4167 1331
636 1404 2369
637 1816 2721
638 341 339
639 1935 1668
640 3945 2452
641 491 3603
642 3451 1085
643 2631 615
644 1508 3007
645 618 1981
646 827 3572
647 3403 4226
648 706 1302
649 2353 3672
650 1019 1999
651 1867 209
652 1187 2528
653 1115 4329
654 3438 4502
655 4480 201
656 435 970
657 3868 3328
658 985 2887
659 3555 3973
660 1162 2633
661 2005 2787
662 2599 2165
663 694 1628
664 4084 811
665 3892 4313
666 3814 3067
667 2952 3464
668 2890 3439
669 4465 144
670 3695 1845
671 4437 3801
672 1847 777
673 642 2791
674 1426 4544
675 3892 1257
676 564 1527
677 176 1836
678 136 2221
679 4256 4046
680 2581 1214
681 4423 1200
682 3104 3754
683 2208 4443
684 770 1789
685 122 3094
686 1019 2608
687 3415 902
688 2238 296
689 3789 3456
690 4543 1710
691 1868 819
692 4091 4575
693 753 786
694 3023 2773
695 4458 2568
696 60 3653
697 4107 340
698 1721 3754
699 3001 96
700 2393 2602
701 1309 4132
702 3143 2679
703 3539 3080
704 3807 2257
705 1220 2642
706 727 3859
707 1961 2581
708 2966 1435
709 993 3451
710 1643 1733
711 820 1091
712 2225 970
713 1608 702
714 3458 3349
715 20 751
716 474 2598
717 788 402
718 4397 2563
719 2860 1951
720 3667 1652
721 2352 4430
722 3706 941
723 3436 2572
724 1157 1625
725 3527 3767
726 573 1629
727 3717 1951
728 493 75
729 3294 1142
730 402 1697
731 2841 4273
732 466 2233
733 3621 2167
734 1204 1642
735 3409 1369
736 1337 671
737 169 3019
738 3465 2462
739 1476 3331
740 2145 3
741 2053 2999
742 1315 4438
743 3375 1323
744 159 1906
745 4268 2107
746 537 3712
747 1455 606
748 3307 2292
749 4177 556
750 1284 1021
751 241 169
752 1585 2403
753 1095 3970
754 715 2436
755 2123 2367
756 3753 4416
757 4273 2866
758 3439 3518
759 2576 4160
760 863 3638
761 1603 3933
762 3608 2848
763 3016 4597
764 4276 2693
765 2823 3280
766 86 117
767 1029 3685
768 4091 3904
769 3754 66
770 4000 633
771 1031 235
772 3317 552
773 892 377
774 2305 1447
775 1785 3517
776 622 3343
777 644 1054
778 1118 19
779 2586 1366
780 2765 3685
781 3601 2380
782 2081 2960
783 733 2462
784 2312 4263
785 105 2948
786 3289 300
787 4145 1093
788 1718 1458
789 4118 4468
790 4567 4279
791 4258 2363
792 2699 4589
793 68 4483
794 1603 1944
795 2054 315
796 1711 621
797 421 119
798 2309 368
799 1 987
800 3015 566
801 150 2848
802 413 1237
803 97 2941
804 3946 920
805 1095 394
806 11 256
807 1731 401
808 4134 879
809 526 935
810 191 3831
811 3828 1842
812 2993 3547
813 1828 2682
814 4267 1004
815 3465 1052
816 3848 4598
817 2055 4253
818 2764 1556
819 4503 1652
820 708 2817
821 1039 4308
822 3517 64
823 3099 1512
824 1479 2119
825 2305 8
826 2171 3800
827 1068 2459
828 4539 2112
829 1638 1149
830 882 4347
831 3044 3459
832 4300 4280
833 1357 3476
834 1430 520
835 1299 1874
836 49 4429
837 765 3513
838 3323 609
839 2276 3984
840 4599 4173
841 2492 3126
842 2262 1123
843 1821 1719
844 1518 661
845 1371 4319
846 3306 127
847 3843 2845
848 1042 1658
849 1296 3588
850 2260 875
851 3676 3230
852 331 1604
853 194 706
854 2431 3978
855 2892 3976
856 3901 3175
857 1280 3538
858 745 3720
859 3753 2213
860 4113 3241
861 4515 4184
862 2924 1087
863 3990 2629
864 2354 2518
865 4183 1814
866 4565 1349
867 1211 2081
868 2889 4319
869 2918 174
870 1904 1371
871 3932 1257
872 3674 190
873 1965 1252
874 3459 4591
875 2150 375
876 1916 995
877 3861 2394
878 1278 1587
879 429 3529
880 2229 875
881 500 3273
882 3450 116
883 1833 99
884 1075 3284
885 697 2630
886 4335 4108
887 2003 4370
888 1412 4050
889 611 195
890 4540 2488
891 885 842
892 4136 333
893 4507 3322
894 1443 603
895 392 2377
896 3370 273
897 2229 3774
898 146 537
899 1323 290
900 3882 3908
901 1627 42
902 43 2853
903 1731 1332
904 4462 2051
905 1554 1287
906 220 4243
907 317 3232
908 2284 2766
909 3747 1467
910 3416 1159
911 1862 2510
912 3393 495
913 4355 4180
914 3717 3716
915 20 1209
916 2549 967
917 2539 3233
918 3308 4358
919 3658 1598
920 141 2490
921 1897 2442
922 356 3473
923 760 3897
924 4592 366
925 3685 1547
926 3559 2263
927 448 1104
928 2322 4551
929 2070 3484
930 51 4414
931 2243 4446
932 493 470
933 4506 3324
934 2338 3351
935 786 401
936 3451 1893
937 1849 2025
938 771 2440
939 3044 3932
940 2164 2741
941 2659 1242
942 2031 1235
943 3239 3542
944 1966 1352
945 597 566
946 701 4333
947 1303 834
948 1776 687
949 233 3418
950 1806 880
951 3329 4077
952 735 3422
953 4154 4031
954 9 3993
955 3923 3442
956 4585 2563
957 2676 2721
958 2281 1147
959 1712 1553
960 1372 4274
961 202 3393
962 3810 594
963 2561 2644
964 2536 3060
965 4493 148
966 2743 2041
967 159 1273
968 4313 3635
969 860 242
970 1551 93
971 99 3867
972 3118 4304
973 3111 544
974 2355 1055
975 4566 1432
976 3701 1693
977 3115 798
978 1554 670
979 3833 3324
980 1261 723
981 2969 369
982 3110 2746
983 2534 373
984 4154 4590
985 351 162
986 4100 2250
987 4301 3326
988 636 100
989 3549 3526
990 127 1792
991 3752 1556
992 2992 2417
993 873 2796
994 4334 1712
995 1751 2828
996 3445 3214
997 1140 1626
998 1825 2956
999 364 1275
1000 2968 3445
1001 3778 2792
1002 3288 3594
1003 3936 1275
1004 90 3655
1005 3270 4243
1006 1869 2444
1007 4405 1069
1008 1997 3487
1009 780 3732
1010 2213 319
1011 906 1818
1012 3762 236
1013 93 3623
1014 1042 2645
1015 1915 608
1016 2414 1722
1017 2735 1852
1018 876 164
1019 3006 1916
1020 3944 2537
1021 1762 4361
1022 3907 412
1023 3550 394
1024 1276 3405
1025 4044 2437
1026 1151 2877
1027 3004 2294
1028 2699 1357
1029 1749 1919
1030 2737 1239
1031 1601 3783
1032 3089 644
1033 4012 2421
1034 1287 3520
1035 4325 2150
1036 4406 715
1037 480 2534
1038 1203 1177
1039 2763 723
1040 2038 4412
1041 1744 472
1042 2333 1417
1043 3907 1801
1044 3153 3808
1045 1932 2298
1046 2348 3912
1047 4127 845
1048 1643 1763
1049 4274 268
1050 137 533
1051 2598 3059
1052 2397 3051
1053 4554 2474
1054 2909 3874
1055 108 4530
1056 3866 4477
1057 161 2749
1058 973 2355
1059 1760 4387
1060 3499 2823
1061 138 2370
1062 877 4386
1063 4380 389
1064 1163 1167
1065 2152 2520
1066 4339 2797
1067 2817 131
1068 2380 4346
1069 2110 286
1070 1871 4246
1071 2801 1252
1072 1256 134
1073 4079 2539
1074 2450 2354
1075 2098 443
1076 489 1401
1077 1862 196
1078 1988 3268
1079 3506 2573
1080 1922 1008
1081 3984 1826
1082 4499 1247
1083 158 4558
1084 3163 1433
1085 3349 1161
1086 2235 327
1087 177 4044
1088 3153 289
1089 2986 4475
1090 3897 2128
1091 643 1801
1092 723 2870
1093 3042 1171
1094 4567 3509
1095 2599 4237
1096 863 302
1097 808 3330
1098 820 1203
1099 84 75
1100 4203 671
1101 2039 4389
1102 4504 1692
1103 4525 359
1104 1372 4404
1105 2706 2172
1106 516 2404
1107 2266 3799
1108 4578 494
1109 1012 804
1110 1536 15
1111 2708 2991
1112 746 1233
1113 4033 1727
1114 763 4537
1115 3412 1058
1116 2763 4091
1117 4251 3407
1118 2079 1236
1119 2757 800
1120 3313 1881
1121 2399 2311
1122 2266 3926
1123 4294 2482
1124 2173 3370
1125 1381 802
1126 6 1505
1127 1937 2320
1128 2707 2849
1129 3 4209
1130 3554 1665
1131 2279 1356
1132 1355 4287
1133 763 3017
1134 2551 505
1135 3033 4069
1136 385 3119
1137 296 1691
1138 2804 2855
1139 2872 4437
1140 2677 3088
1141 1957 3891
1142 554 1211
1143 2374 2451
1144 2795 2766
1145 2870 2921
1146 176 2555
1147 3138 4161
1148 4332 2186
1149 3285 3875
1150 2376 4522
1151 801 3278
1152 1339 445
1153 62 3305
1154 776 4565
1155 1536 3158
1156 3297 3041
1157 756 4055
1158 115 2717
1159 2026 3181
1160 601 4097
1161 3482 1367
1162 3813 3960
1163 4336 200
1164 4029 4211
1165 3066 3060
1166 107 4527
1167 1796 316
1168 2343 4293
1169 969 1400
1170 3232 4113
1171 1501 3245
1172 3025 1157
1173 1225 2040
1174 1185 423
1175 4023 2753
1176 965 3920
1177 2094 4074
1178 3906 4406
1179 3600 3914
1180 3822 2124
1181 3090 3845
1182 3318 2680
1183 2507 4143
1184 1406 2422
1185 3121 1017
1186 2108 1739
1187 1609 3707
1188 2125 4325
1189 1285 3643
1190 292 841
1191 2811 3013
1192 1368 780
1193 1499 2795
1194 2326 678
1195 3777 14
1196 3135 2380
1197 245 758
1198 3852 2918
1199 511 4326
1200 1782 4160
1201 2230 4188
1202 2338 2300
1203 1218 2560
1204 2078 167
1205 1960 1322
1206 2989 3571
1207 3127 3681
1208 4537 422
1209 1857 3537
1210 770 1673
1211 172 3285
1212 4369 235
1213 3154 3718
1214 242 2263
1215 1397 3242
1216 506 2467
1217 3471 2496
1218 52 1466
1219 3673 291
1220 2739 1341
1221 506 2925
1222 3691 1925
1223 4491 590
1224 2376 852
1225 1832 101
1226 3596 1933
1227 705 1055
1228 235 1609
1229 546 4133
1230 618 84
1231 3216 570
1232 3319 1535
1233 3598 590
1234 3810 2991
1235 3638 2701
1236 4044 4134
1237 4155 3524
1238 2375 1896
1239 2342 4140
1240 1238 3816
1241 2624 1111
1242 4030 2324
1243 584 955
1244 1926 2358
1245 2085 173
1246 1971 933
1247 4535 1871
1248 2247 2988
1249 193 2437
1250 2458 1441
1251 2033 1989
1252 4306 1129
1253 2003 3246
1254 1111 2562
1255 2978 1874
1256 1250 1617
1257 4504 1846
1258 3751 885
1259 705 2129
1260 40 3267
1261 1003 227
1262 2253 1883
1263 4441 3705
1264 921 1282
1265 3712 3830
1266 3582 1738
1267 3193 1404
1268 779 3016
1269 1753 3811
1270 4069 748
1271 1741 2777
1272 1484 62
1273 4546 3779
1274 3072 3111
1275 1915 4490
1276 4228 4254
1277 3972 2810
1278 945 1212
1279 839 3911
1280 3621 3242
1281 3013 2153
1282 4254 3081
1283 4480 361
1284 1138 2410
1285 3310 3364
1286 1441 3631
1287 1368 1040
1288 1093 1257
1289 3492 4237
1290 3264 1908
1291 416 4062
1292 4111 1536
1293 664 527
1294 3654 4090
1295 4193 2233
1296 3804 2218
1297 959 413
1298 176 4118
1299 1500 3589
1300 1092 263
1301 482 505
1302 449 4033
1303 3411 3096
1304 2204 1273
1305 23 1573
1306 3095 2803
1307 2126 3940
1308 3195 3698
1309 2822 3709
1310 4284 195
1311 3679 2025
1312 4205 467
1313 1813 938
1314 2382 4080
1315 1854 4488
1316 1035 2454
1317 3981 593
1318 4111 3996
1319 1310 16
1320 2425 2246
1321 3986 898
1322 1726 3332
1323 254 1061
1324 3359 2386
1325 591 1274
1326 2868 3929
1327 465 1612
1328 1904 574
1329 3744 1289
1330 4463 1649
1331 2758 3529
1332 870 201
1333 2918 3709
1334 4307 4439
1335 2256 4313
1336 2908 3744
1337 1303 2045
1338 1548 2751
1339 1759 1136
1340 1963 482
1341 2155 2134
1342 397 4435
1343 270 661
1344 1558 4257
1345 2288 674
1346 2108 688
1347 1947 1329
1348 4046 551
1349 983 2324
1350 3643 2833
1351 1299 1043
1352 4318 3335
1353 3428 2405
1354 745 4364
1355 891 3718
1356 3944 4032
1357 4434 1858
1358 3991 1208
1359 4167 113
1360 3870 4366
1361 1253 2732
1362 596 3941
1363 2847 407
1364 4322 2817
1365 1558 271
1366 4553 700
1367 1501 165
1368 2230 51
1369 1355 4427
1370 4197 2291
1371 480 1063
1372 517 1582
1373 1148 502
1374 1002 2962
1375 4548 1683
1376 3320 2084
1377 2382 656
1378 4407 368
1379 4232 3996
1380 3602 3173
1381 3068 1837
1382 36 3607
1383 2415 1448
1384 3829 692
1385 2409 2951
1386 3945 3332
1387 3879 506
1388 810 3242
1389 3488 1985
1390 1039 3488
1391 3525 2625
1392 3669 58
1393 757 3029
1394 4045 3082
1395 1367 2295
1396 3302 2100
1397 2441 1431
1398 181 3906
1399 80 4235
1400 3714 4323
1401 3793 2472
1402 3324 2207
1403 2296 952
1404 3127 2190
1405 3319 3244
1406 3142 1762
1407 3730 3803
1408 2452 2970
1409 3760 2196
1410 743 4537
1411 2700 585
1412 4351 406
1413 3740 1357
1414 1043 2029
1415 4290 7
1416 3493 2838
1417 4106 3343
1418 3167 580
1419 123 1448
1420 685 3401
1421 2537 478
1422 2709 240
1423 3714 3386
1424 1885 4299
1425 2344 3053
1426 2996 2942
1427 3967 313
1428 1452 2068
1429 3231 3806
1430 2534 4160
1431 1219 4523
1432 254 502
1433 1019 4043
1434 664 1267
1435 2272 51
1436 12 83
1437 2678 3008
1438 1270 3098
1439 2550 4286
1440 3129 125
1441 333 4591
1442 2428 1121
1443 1423 3640
1444 4325 3324
1445 1416 3363
1446 3198 995
1447 2837 2680
1448 4398 3044
1449 3942 2941
1450 3169 2501
1451 942 1320
1452 3114 1276
1453 2646 2778
1454 2448 3624
1455 3295 3254
1456 1118 656
1457 3518 522
1458 4288 1347
1459 1045 830
1460 963 3015
1461 1336 3699
1462 1404 2214
1463 390 1950
1464 2268 3286
1465 1817 3460
1466 2298 1392
1467 950 760
1468 41 220
1469 3880 3091
1470 1627 4322
1471 2026 3547
1472 1207 1436
1473 2397 519
1474 3823 1306
1475 4161 690
1476 3573 2014
1477 3399 1447
1478 3919 250
1479 1150 3076
1480 1584 3526
1481 4524 1985
1482 393 238
1483 704 378
1484 1024 251
1485 2294 2539
1486 320 3681
1487 2842 3964
1488 2521 609
1489 3800 342
1490 1273 2736
1491 3419 133
1492 4339 3224
1493 1917 3462
1494 3536 3109
1495 3143 2914
1496 1515 1218
1497 2617 4556
1498 192 1349
1499 1460 2327
1500 3768 3841
1501 366 1875
1502 2134 4235
1503 1726 2314
1504 1998 679
1505 3864 2510
1506 3007 2787
1507 1187 246
1508 126 2380
1509 4073 2689
1510 4341 2688
1511 879 3122
1512 4204 1588
1513 2415 3868
1514 3063 1319
1515 2098 2599
1516 2591 1126
1517 3113 1171
1518 3006 2801
1519 4381 2341
1520 3525 390
1521 693 800
1522 3688 3229
1523 353 1126
1524 4573 2420
1525 53 2863
1526 3320 2996
1527 2056 2601
1528 3243 3259
1529 3573 4545
1530 996 1923
1531 313 3121
1532 4559 2674
1533 822 2658
1534 4430 2516
1535 3800 4468
1536 2494 2279
1537 1231 3812
1538 4108 1245
1539 4324 172
1540 3232 4279
1541 975 113
1542 3017 4023
1543 1088 1594
1544 2696 1719
1545 4252 1332
1546 3585 352
1547 4090 3070
1548 1880 2686
1549 3583 393
1550 1368 794
1551 423 1823
1552 114 3416
1553 4053 2769
1554 1988 3235
1555 3229 3561
1556 136 21
1557 4368 223
1558 3470 1179
1559 2680 3946
1560 4380 3119
1561 548 3797
1562 709 2448
1563 4101 2389
1564 3536 2560
1565 3290 3256
1566 2972 3701
1567 2650 3808
1568 568 2338
1569 2209 3719
1570 39 110
1571 380 2677
1572 1723 4413
1573 2856 232
1574 513 2550
1575 2287 3884
1576 2751 4117
1577 861 1235
1578 985 266
1579 170 1167
1580 1329 1698
1581 1305 2182
1582 2656 52
1583 2761 1564
1584 4088 750
1585 1049 3967
1586 741 4040
1587 1313 575
1588 1284 353
1589 4206 4509
1590 2409 3578
1591 487 2134
1592 975 1128
1593 2894 95
1594 2516 4278
1595 1273 2531
1596 3835 4426
1597 3226 3499
1598 3430 4006
1599 4459 3078
1600 4115 1818
1601 3294 2977
1602 94 800
1603 612 456
1604 248 2072
1605 2652 2373
1606 4015 3750
1607 3542 4168
1608 2302 4072
1609 584 353
1610 1470 1404
1611 3674 2882
1612 172 978
1613 3957 192
1614 2333 3845
1615 2201 971
1616 3368 976
1617 1535 100
1618 3635 886
1619 820 2823
1620 3593 2267
1621 696 4273
1622 2850 865
1623 3301 4132
1624 3755 4230
1625 2444 2440
1626 1279 1580
1627 3588 2796
1628 1406 1448
1629 3836 69
1630 262 1096
1631 163 110
1632 2375 1990
1633 3566 1449
1634 1787 442
1635 1594 2589
1636 2006 4296
1637 3947 2713
1638 858 181
1639 1332 3807
1640 3006 2352
1641 3448 2076
1642 32 958
1643 2920 720
1644 849 3030
1645 3405 3897
1646 2480 1903
1647 2473 333
1648 4017 4358
1649 3017 3823
1650 2007 4260
1651 782 2873
1652 3519 888
1653 1581 420
1654 3216 3561
1655 859 523
1656 4168 3551
1657 3380 2879
1658 184 306
1659 2958 414
1660 3987 1483
1661 10 2565
1662 3739 2090
1663 4579 3952
1664 2109 2679
1665 3554 447
1666 46 4485
1667 216 636
1668 1877 603
1669 245 578
1670 2827 1925
1671 4489 2144
1672 3368 2875
1673 2858 3182
1674 2880 3873
1675 2046 1808
1676 2022 335
1677 3297 2352
1678 3159 2097
1679 3016 2520
1680 2019 513
1681 415 505
1682 112 771
1683 2816 1046
1684 4135 234
1685 2821 3932
1686 2187 1769
1687 984 2878
1688 4311 2005
1689 2704 2915
1690 3863 3257
1691 2511 371
1692 3497 3441
1693 3019 2499
1694 3717 4084
1695 3473 1533
1696 2324 1124
1697 2336 4436
1698 1013 3127
1699 2253 3678
1700 2494 2067
1701 3763 1914
1702 1288 2109
1703 3758 4572
1704 443 2947
1705 4008 1894
1706 3869 3307
1707 2603 3818
1708 2669 4595
1709 663 1566
1710 2420 2787
1711 2959 3790
1712 1111 3504
1713 431 3936
1714 2518 906
1715 1353 812
1716 2464 4063
1717 2960 1915
1718 2219 1409
1719 3180 2346
1720 3126 3382
1721 4032 3231
1722 1130 3720
1723 2224 4499
1724 2505 2516
1725 255 272
1726 1269 4430
1727 3599 1900
1728 12 1749
1729 443 926
1730 754 114
1731 562 2705
1732 3903 3943
1733 3404 1448
1734 3995 1614
1735 3370 665
1736 1368 1319
1737 305 4189
1738 7 4206
1739 663 2974
1740 317 4260
1741 3185 361
1742 327 3781
1743 2876 1846
1744 739 3515
1745 3155 3518
1746 3145 4505
1747 3177 1357
1748 2147 2026
1749 1991 752
1750 1424 1218
1751 335 1297
1752 4415 1965
1753 4362 160
1754 1787 4495
1755 1760 2844
1756 2129 516
1757 1854 2898
1758 50 1361
1759 3957 2885
1760 3949 1794
1761 1552 3015
1762 812 13
1763 4381 2767
1764 106 2367
1765 2752 4556
1766 2315 2766
1767 4405 985
1768 3197 3927
1769 973 4257
1770 86 4329
1771 1810 2685
1772 4278 1266
1773 3862 2475
1774 3558 1736
1775 761 2713
1776 41 242
1777 1490 3274
1778 3666 4224
1779 1584 984
1780 206 4184
1781 3625 780
1782 3963 4219
1783 2290 3546
1784 1953 2679
1785 2712 4152
1786 4416 2334
1787 1663 2976
1788 907 1831
1789 377 3907
1790 1132 291
1791 1529 3201
1792 1927 1083
1793 2160 2815
1794 715 2537
1795 3672 24
1796 4382 1796
1797 4512 799
1798 3433 1847
1799 191 4307
1800 4436 324
1801 556 2908
1802 1114 3453
1803 2117 3773
1804 1177 3027
1805 606 3267
1806 2979 1627
1807 1789 4093
1808 3064 2270
1809 124 3509
1810 2032 3367
1811 2790 14
1812 4315 3651
1813 3822 4349
1814 2211 3412
1815 1364 3397
1816 3573 2702
1817 1817 2342
1818 3316 1174
1819 461 3574
1820 3990 207
1821 1927 2251
1822 3003 591
1823 485 4143
1824 2155 1457
1825 212 188
1826 3711 1348
1827 1938 3554
1828 964 3533
1829 2499 1288
1830 4451 1184
1831 2713 2223
1832 1572 1613
1833 3111 2965
1834 2116 3936
1835 3135 448
1836 1460 2281
1837 218 3009
1838 1237 1246
1839 3953 1676
1840 4345 1230
1841 593 1941
1842 3947 4359
1843 2364 1917
1844 2865 1289
1845 558 2597
1846 328 1253
1847 2229 66
1848 4186 2361
1849 4157 578
1850 2804 1229
1851 3299 3006
1852 715 4067
1853 1960 656
1854 3272 3074
1855 2976 2095
1856 2192 2739
1857 1971 1048
1858 3593 1896
1859 2372 319
1860 4266 3402
1861 4585 751
1862 2219 522
1863 130 3846
1864 2877 2514
1865 2613 1772
1866 4131 1524
1867 4400 2166
1868 2089 1843
1869 609 4558
1870 2996 4434
1871 3795 4069
1872 4466 4570
1873 3554 3476
1874 3899 2439
1875 785 1279
1876 3528 4581
1877 130 3043
1878 4491 1079
1879 3510 522
1880 1856 536
1881 2701 4396
1882 1778 2973
1883 72 520
1884 832 2555
1885 3684 1540
1886 425 805
1887 3402 1817
1888 1046 2169
1889 1918 90
1890 3608 3012
1891 413 2862
1892 2554 2139
1893 4586 4564
1894 3040 3891
1895 3290 199
1896 4272 3795
1897 3686 2154
1898 2151 3177
1899 3433 3701
1900 2040 2513
1901 3979 4153
1902 1136 349
1903 3909 1793
1904 293 3354
1905 1342 2369
1906 2425 3495
1907 1686 1003
1908 2761 20
1909 4545 288
1910 459 176
1911 4141 516
1912 127 1019
1913 1632 677
1914 3989 1454
1915 524 3117
1916 3447 63
1917 1988 702
1918 4168 337
1919 3348 3725
1920 310 4172
1921 11 3226
1922 2148 377
1923 3852 4447
1924 475 3632
1925 38 2287
1926 299 1269
1927 2057 4426
1928 796 4209
1929 306 886
1930 2385 37
1931 4369 1279
1932 3439 3644
1933 176 50
1934 322 1465
1935 270 2318
1936 2745 1567
1937 3245 3525
1938 2643 2200
1939 2649 1978
1940 739 3720
1941 1131 2419
1942 4176 3018
1943 2748 2416
1944 2231 2691
1945 1982 124
1946 4301 1174
1947 2615 844
1948 4511 3000
1949 3543 3454
1950 325 469
1951 2380 4516
1952 4159 818
1953 4532 1121
1954 3030 2021
1955 3532 4387
1956 1230 1122
1957 4294 433
1958 4330 719
1959 2112 3519
1960 1601 1626
1961 2266 792
1962 3856 3666
1963 695 2339
1964 1800 2003
1965 3497 2857
1966 3201 974
1967 71 2470
1968 623 39
1969 1600 62
1970 1060 1545
1971 2140 1938
1972 1982 3311
1973 2232 3
1974 834 589
1975 2867 1407
1976 3081 143
1977 3335 3417
1978 1298 3487
1979 3994 701
1980 1993 2525
1981 341 996
1982 4334 1450
1983 2084 4037
1984 385 2269
1985 3344 4286
1986 45 3058
1987 1506 2873
1988 266 2528
1989 521 1793
1990 3351 2554
1991 1949 1423
1992 1727 4000
1993 2405 3248
1994 3572 4071
1995 582 3106
1996 3850 4438
1997 4356 1063
1998 637 3850
1999 4454 3984
2000 3141 1053
2001 2229 1486
2002 793 234
2003 2342 637
2004 2066 1676
2005 3809 4027
2006 1209 1959
2007 2552 3887
2008 172 1455
2009 2691 2293
2010 181 2560
2011 2052 1937
2012 1611 446
2013 3087 3809
2014 317 2078
2015 2028 3584
2016 2364 29
2017 3591 3385
2018 472 2887
2019 2984 353
2020 4246 1090
2021 3207 4248
2022 3665 3932
2023 3218 3528
2024 1695 2899
2025 1315 2447
2026 557 148
2027 1547 2386
2028 3397 4253
2029 3252 675
2030 3910 2719
2031 1645 3685
2032 237 1406
2033 1502 2620
2034 2379 4155
2035 1151 979
2036 2047 3140
2037 3837 1592
2038 1398 4418
2039 2445 2146
2040 3352 1787
2041 3667 3166
2042 2997 3777
2043 2501 2918
2044 1903 2292
2045 3771 2524
2046 4281 3739
2047 4362 3006
2048 1921 4256
2049 1770 3762
2050 3842 1221
2051 1389 1619
2052 4589 4161
2053 4153 1388
2054 2120 2271
2055 4415 4581
2056 576 2809
2057 2172 4364
2058 1588 873
2059 3696 1005
2060 3705 3697
2061 366 3981
2062 3885 1988
2063 2555 4443
2064 558 4515
2065 4107 2065
2066 875 484
2067 1320 3850
2068 966 1953
2069 4012 220
2070 1840 2101
2071 4065 1447
2072 4381 4052
2073 3262 1806
2074 1146 1875
2075 4437 2326
2076 3988 101
2077 3331 4157
2078 346 64
2079 2920 4166
2080 3798 1856
2081 992 113
2082 3064 2058
2083 1361 2519
2084 3356 948
2085 2909 4327
2086 989 3363
2087 2018 771
2088 4058 468
2089 969 2055
2090 4551 4007
2091 3980 2370
2092 3751 105
2093 795 3189
2094 3209 4049
2095 9 1948
2096 2673 1445
2097 2946 4411
2098 1416 3174
2099 1311 1820
2100 4478 3010
2101 1742 3710
2102 2663 928
2103 3452 3279
2104 3908 3409
2105 1060 4061
2106 1844 2805
2107 3237 3129
2108 1234 3435
2109 2958 2805
2110 3953 1638
2111 421 1176
2112 4421 1852
2113 2921 4087
2114 2836 512
2115 1492 3814
2116 1165 3403
2117 1045 2056
2118 2287 3486
2119 4293 75
2120 2013 3259
2121 3777 2064
2122 2992 125
2123 2503 2138
2124 494 893
2125 4156 1156
2126 1946 3542
2127 3781 4239
2128 2564 211
2129 2709 4228
2130 1955 4000
2131 2743 375
2132 2992 4591
2133 3324 1182
2134 844 772
2135 2126 4273
2136 4596 2202
2137 2694 1097
2138 1092 735
2139 2595 4573
2140 3962 869
2141 693 883
2142 357 2091
2143 465 1068
2144 3366 2620
2145 1469 611
2146 101 14
2147 1255 215
2148 79 734
2149 3849 1655
2150 1982 938
2151 3119 3854
2152 3594 4454
2153 3124 2616
2154 4567 1355
2155 818 4283
2156 3814 2829
2157 1744 2753
2158 2177 2860
2159 3233 1837
2160 2833 1078
2161 899 371
2162 4162 4250
2163 4077 1854
2164 1594 2392
2165 1564 1604
2166 1110 2951
2167 728 180
2168 789 1327
2169 3715 4500
2170 937 1617
2171 3626 3892
2172 939 1396
2173 54 2823
2174 4430 2241
2175 4069 3122
2176 1655 2849
2177 1765 765
2178 4155 1413
2179 3841 2819
2180 1282 293
2181 2551 749
2182 3794 1197
2183 2160 1683
2184 4407 2238
2185 1050 485
2186 2250 2873
2187 3627 4463
2188 904 98
2189 1807 2772
2190 3964 1810
2191 3540 2780
2192 4063 3428
2193 2204 1777
2194 1391 2629
2195 3466 2542
2196 462 4462
2197 2193 3865
2198 4469 2171
2199 1345 2571
2200 4352 3697
2201 4587 269
2202 2547 188
2203 4287 1469
2204 2485 2790
2205 219 705
2206 1428 1455
2207 2735 3
2208 2 345
2209 2888 3846
2210 3311 2971
2211 90 600
2212 1102 4521
2213 2441 1817
2214 3124 858
2215 1929 91
2216 4406 3682
2217 2748 3665
2218 3699 2440
2219 3284 1485
2220 507 3266
2221 1378 917
2222 757 2216
2223 3263 2758
2224 223 2927
2225 3560 2700
2226 4513 2696
2227 3407 4209
2228 83 1328
2229 3752 2564
2230 1281 4352
2231 4049 2595
2232 1563 3335
2233 862 4020
2234 3370 1263
2235 523 3168
2236 2536 245
2237 676 3561
2238 1056 549
2239 2081 190
2240 3462 4134
2241 1334 1965
2242 1695 938
2243 2394 624
2244 1292 3505
2245 486 3619
2246 2555 1934
2247 2057 1316
2248 2663 2370
2249 1625 3764
2250 1321 399
2251 460 1341
2252 1287 1351
2253 4104 1181
2254 1819 423
2255 1840 610
2256 527 2990
2257 456 3446
2258 2849 2019
2259 915 3142
2260 65 1038
2261 2203 53
2262 2890 164
2263 1160 2054
2264 3720 4289
2265 2772 2321
2266 4007 4178
2267 1199 173
2268 2213 737
2269 4063 8
2270 3505 1788
2271 1107 379
2272 2411 1687
2273 4247 3618
2274 1989 2209
2275 458 1066
2276 3915 3149
2277 270 2331
2278 3791 1019
2279 3056 2688
2280 832 4238
2281 3441 4172
2282 4476 3710
2283 172 1704
2284 1652 321
2285 2417 3835
2286 31 1717
2287 3569 1793
2288 3545 3882
2289 163 2303
2290 965 4158
2291 758 1677
2292 1465 3888
2293 688 1836
2294 4257 3593
2295 3087 1867
2296 1703 1720
2297 702 1589
2298 2473 1653
2299 2258 3517
2300 3515 4056
2301 670 2541
2302 79 3091
2303 2531 987
2304 3610 2029
2305 60 1485
2306 3152 3032
2307 2641 4390
2308 3851 2742
2309 4498 1881
2310 4248 128
2311 3990 2982
2312 1451 4574
2313 468 1099
2314 3869 2950
2315 3659 4533
2316 3730 4126
2317 3429 2535
2318 56 1876
2319 3289 3441
2320 92 385
2321 1633 3605
2322 3687 3217
2323 2849 134
2324 3322 3559
2325 338 1066
2326 1789 1278
2327 2149 3266
2328 2206 3138
2329 851 1623
2330 3400 1088
2331 1661 3815
2332 4098 3380
2333 2904 344
2334 3066 2122
2335 187 3309
2336 897 3535
2337 4548 4062
2338 3265 2240
2339 3815 141
2340 4300 123
2341 2952 4182
2342 463 453
2343 1340 2990
2344 1575 4147
2345 3067 2536
2346 227 477
2347 3273 2900
2348 2466 3800
2349 141 2721
2350 4542 2724
2351 4161 2380
2352 2537 1397
2353 2939 2178
2354 1214 485
2355 3323 850
2356 2092 914
2357 3158 2110
2358 214 3739
2359 3586 2003
2360 143 3137
2361 2236 207
2362 772 4404
2363 518 2331
2364 794 3100
2365 1621 746
2366 874 4297
2367 1394 1457
2368 1602 293
2369 1543 3462
2370 1855 680
2371 3140 3445
2372 711 3212
2373 2370 2257
2374 4219 2874
2375 3369 2057
2376 3741 2276
2377 45 1228
2378 3222 1805
2379 2582 2229
2380 555 3294
2381 232 3218
2382 4353 603
2383 2727 913
2384 2262 2269
2385 3599 1788
2386 2402 969
2387 2092 680
2388 1983 2297
2389 1077 3288
2390 1677 513
2391 4319 447
2392 2777 596
2393 1855 2310
2394 3822 600
2395 2527 18
2396 460 1560
2397 3493 2129
2398 624 4385
2399 4584 3031
2400 4165 3343
2401 2789 4148
2402 1034 648
2403 4121 3849
2404 315 81
2405 1736 3755
2406 2852 1656
2407 1389 1542
2408 971 298
2409 1194 3461
2410 3246 4125
2411 4274 1897
2412 1005 3409
2413 166 265
2414 1001 803
2415 1013 465
2416 1869 2130
2417 1687 1294
2418 2620 1925
2419 3924 824
2420 19 508
2421 1840 4369
2422 1 2687
2423 4418 3549
2424 988 4476
2425 3894 546
2426 1365 797
2427 3063 3307
2428 1063 2016
2429 4545 4327
2430 3955 2633
2431 3278 2711
2432 1544 3877
2433 183 2264
2434 330 2992
2435 749 3814
2436 2592 4386
2437 4320 1698
2438 2978 574
2439 4232 4253
2440 403 1563
2441 4522 2549
2442 1907 2614
2443 3854 2159
2444 2481 2927
2445 127 750
2446 287 3699
2447 162 3338
2448 1373 930
2449 1891 429
2450 1523 2058
2451 100 2738
2452 3873 1892
2453 1406 3103
2454 3066 365
2455 1941 3909
2456 1472 3887
2457 752 3349
2458 2633 3761
2459 1223 1677
2460 3155 3381
2461 1680 3452
2462 724 3009
2463 506 1226
2464 2517 3168
2465 1435 2843
2466 2423 1945
2467 2832 2085
2468 2111 3064
2469 3372 2600
2470 1702 3092
2471 3779 2350
2472 3692 3377
2473 1422 1315
2474 2830 766
2475 2305 2391
2476 3389 3218
2477 43 913
2478 4290 2483
2479 2767 1190
2480 4511 3535
2481 577 3219
2482 4247 4358
2483 4586 3591
2484 800 2712
2485 2920 396
2486 4128 35
2487 1560 2448
2488 3742 3759
2489 77 4470
2490 2179 1078
2491 2717 3267
2492 104 278
2493 690 470
2494 1769 1161
2495 3022 3591
2496 3507 1607
2497 3611 2028
2498 1674 1818
2499 3226 4591
2500 2950 570
2501 1595 1188
2502 1607 322
2503 3124 4378
2504 142 459
2505 3133 567
2506 3022 1823
2507 4331 2281
2508 2395 3633
2509 4131 147
2510 3874 1563
2511 770 1492
2512 2097 4160
2513 3003 198
2514 112 2363
2515 32 3702
2516 177 1248
2517 2908 2631
2518 1299 4465
2519 761 396
2520 1261 1268
2521 6 3710
2522 4065 1283
2523 339 1586
2524 3367 251
2525 3647 695
2526 412 1058
2527 1194 1902
2528 4090 466
2529 55 4283
2530 762 2011
2531 1972 1443
2532 2575 3944
2533 3709 2838
2534 3261 3793
2535 3349 1927
2536 42 2777
2537 1615 3698
2538 1507 81
2539 2853 1206
2540 2507 3836
2541 4254 2755
2542 551 2196
2543 797 501
2544 1333 3069
2545 2072 2889
2546 3455 3665
2547 3870 1943
2548 1922 2396
2549 3380 945
2550 3340 2312
2551 4218 2707
2552 2741 2476
2553 3585 2884
2554 1709 560
2555 936 172
2556 1143 2525
2557 1408 4526
2558 2324 2946
2559 636 608
2560 691 138
2561 1061 1152
2562 4383 2804
2563 2829 3169
2564 2169 1571
2565 946 2279
2566 48 16
2567 3518 3543
2568 1327 452
2569 4076 2315
2570 4494 4514
2571 2573 4589
2572 1251 3748
2573 29 3529
2574 122 725
2575 3423 519
2576 3370 3111
2577 1904 3529
2578 131 2366
2579 3346 2666
2580 1613 4437
2581 1431 2856
2582 2058 1511
2583 218 3116
2584 1647 3993
2585 3784 2360
2586 878 3414
2587 2468 2304
2588 3752 274
2589 644 4043
2590 3097 1596
2591 2054 1003
2592 3220 1893
2593 1679 2268
2594 4314 3030
2595 101 4482
2596 3797 1626
2597 3195 286
2598 2305 1655
2599 4141 250
2600 2189 4019
2601 1341 378
2602 1806 3684
2603 445 2038
2604 3341 4168
2605 1150 2173
2606 66 3006
2607 3177 2404
2608 473 1653
2609 571 3872
2610 3908 892
2611 2662 3608
2612 305 4202
2613 4238 2966
2614 2749 3951
2615 2633 840
2616 2089 2114
2617 3651 3954
2618 3053 1428
2619 880 1750
2620 4562 3060
2621 1979 4247
2622 3236 1853
2623 1295 2937
2624 3503 957
2625 1868 3773
2626 1217 2400
2627 2149 2109
2628 2337 2261
2629 2823 1355
2630 3415 3854
2631 820 1158
2632 4596 3598
2633 1185 3295
2634 219 1966
2635 605 3009
2636 1136 3880
2637 2635 2680
2638 4479 216
2639 65 4427
2640 4128 975
2641 2194 757
2642 74 3114
2643 3433 1056
2644 1638 2867
2645 2591 163
2646 1254 4334
2647 319 3413
2648 2133 4351
2649 752 3434
2650 200 2570
2651 4467 1791
2652 662 3490
2653 3454 1248
2654 1228 3086
2655 3095 3106
2656 4580 4338
2657 709 365
2658 1238 4346
2659 3843 4562
2660 1559 748
2661 3982 1662
2662 4514 310
2663 2698 1893
2664 1005 4557
2665 3632 659
2666 2789 2288
2667 571 1711
2668 3948 4252
2669 379 153
2670 2210 3377
2671 1281 2845
2672 2001 2477
2673 4276 536
2674 3534 1688
2675 91 1946
2676 2069 2432
2677 772 3413
2678 2868 3982
2679 1413 1421
2680 1290 1264
2681 3305 2049
2682 4137 3024
2683 4573 793
2684 3819 1925
2685 4555 616
2686 3881 1512
2687 4439 1356
2688 545 2090
2689 3328 3692
2690 440 516
2691 3209 3969
2692 942 1543
2693 4209 4567
2694 3018 534
2695 4240 2366
2696 3718 2184
2697 2091 2477
2698 1925 394
2699 4481 4134
2700 4137 3501
2701 3198 3184
2702 3089 3099
2703 3368 528
2704 4443 3840
2705 1737 49
2706 3039 487
2707 2885 1999
2708 1205 610
2709 3940 1270
2710 3998 1630
2711 506 1832
2712 2225 4398
2713 4277 734
2714 527 3263
2715 4326 2606
2716 785 172
2717 3892 3063
2718 4515 4562
2719 4325 4153
2720 3072 655
2721 175 3280
2722 4400 2407
2723 854 4243
2724 3687 1919
2725 2487 2783
2726 632 2254
2727 2492 2802
2728 26 1848
2729 2320 2941
2730 1817 2109
2731 1222 3921
2732 1248 2993
2733 2957 3413
2734 4598 1206
2735 4319 2366
2736 4287 1863
2737 2418 1049
2738 4293 1933
2739 1646 4117
2740 102 2296
2741 304 3269
2742 175 4334
2743 1134 4428
2744 4449 848
2745 2116 737
2746 2323 2933
2747 4271 4461
2748 4464 3190
2749 384 4387
2750 171 3853
2751 307 1008
2752 520 424
2753 977 443
2754 4013 2802
2755 4003 2110
2756 4105 27
2757 384 4269
2758 4539 1750
2759 552 2543
2760 2798 3436
2761 1761 2859
2762 3507 4312
2763 4130 1325
2764 2008 2083
2765 3303 3129
2766 1632 3240
2767 108 2030
2768 2683 4562
2769 101 375
2770 1784 132
2771 3158 3454
2772 1832 1170
2773 190 1994
2774 1604 1631
2775 1354 2947
2776 858 1590
2777 3591 2995
2778 355 1940
2779 4071 2143
2780 1041 3590
2781 2408 1270
2782 3703 3351
2783 1153 4121
2784 2233 2669
2785 3678 212
2786 1959 3429
2787 3494 1484
2788 1363 3475
2789 3188 1170
2790 1507 1919
2791 4099 2383
2792 3355 3116
2793 1573 1024
2794 1419 3627
2795 389 323
2796 1361 1000
2797 1268 3170
2798 1440 691
2799 3097 377
2800 2801 3001
2801 3196 347
2802 1217 2108
2803 1285 2913
2804 4555 2696
2805 2712 3517
2806 3247 7
2807 668 1204
2808 1300 2920
2809 3117 4154
2810 1841 1068
2811 3702 2083
2812 3418 1729
2813 250 3311
2814 2385 3874
2815 3845 2437
2816 4068 2614
2817 1311 2763
2818 1798 1104
2819 1953 3693
2820 4144 1216
2821 3267 2012
2822 3320 2504
2823 2429 2233
2824 1338 4241
2825 3797 3978
2826 2895 966
2827 440 2308
2828 1436 3697
2829 4532 2363
2830 4084 3134
2831 4093 277
2832 4088 29
2833 886 1269
2834 4574 3099
2835 2243 2815
2836 1576 4587
2837 3261 423
2838 3215 2800
2839 2302 2135
2840 2703 2583
2841 2294 4016
2842 2212 3683
2843 1692 3529
2844 2950 4585
2845 1152 2022
2846 4473 3653
2847 2785 2986
2848 999 2100
2849 1019 3929
2850 1610 2724
2851 4019 2879
2852 1277 857
2853 4206 2973
2854 1915 2369
2855 2359 1749
2856 1866 82
2857 4423 180
2858 1225 3290
2859 98 4383
2860 1208 1775
2861 360 977
2862 3582 4329
2863 1089 2588
2864 1081 1645
2865 444 1430
2866 297 3827
2867 465 894
2868 3718 3106
2869 382 1679
2870 4532 2698
2871 591 924
2872 548 906
2873 138 932
2874 53 2507
2875 3754 249
2876 2770 2749
2877 1 2971
2878 1837 4073
2879 124 450
2880 4388 950
2881 4466 4452
2882 924 504
2883 3685 1508
2884 2580 550
2885 3540 3380
2886 4475 690
2887 1816 1412
2888 3444 2623
2889 1461 203
2890 2616 606
2891 603 3909
2892 3941 3217
2893 2166 3005
2894 2894 2380
2895 395 413
2896 2994 2065
2897 1957 1133
2898 138 99
2899 2166 2640
2900 821 1133
2901 4401 1005
2902 711 3035
2903 3360 4540
2904 1530 4265
2905 3417 3903
2906 4594 907
2907 3247 123
2908 4000 2629
2909 574 2271
2910 2735 3364
2911 30 1293
2912 11 1004
2913 396 4198
2914 1851 1908
2915 422 2355
2916 916 2735
2917 821 4577
2918 2936 1500
2919 1880 877
2920 3126 4000
2921 102 2840
2922 2628 1010
2923 2940 3724
2924 2875 760
2925 1816 3552
2926 1202 816
2927 5 4377
2928 3229 985
2929 2929 3266
2930 599 2971
2931 2347 1188
2932 3710 4132
2933 3528 3337
2934 3974 1669
2935 911 3566
2936 1129 324
2937 1380 944
2938 53 4267
2939 2419 1520
2940 6 4585
2941 1222 321
2942 3070 2912
2943 3520 193
2944 2122 2655
2945 3706 4479
2946 3919 2616
2947 2589 3284
2948 933 2100
2949 2786 157
2950 3914 4542
2951 2183 56
2952 3450 4102
2953 2955 4300
2954 1734 4279
2955 2044 622
2956 1274 1250
2957 2390 2009
2958 3172 3476
2959 3958 2414
2960 2937 2958
2961 2880 4101
2962 770 2516
2963 1486 1459
2964 2224 616
2965 4058 1828
2966 3235 1935
2967 502 938
2968 2009 60
2969 1362 1054
2970 829 3292
2971 3262 3119
2972 542 1794
2973 1689 3569
2974 2467 1516
2975 961 3616
2976 1667 2006
2977 4275 557
2978 609 893
2979 4493 2472
2980 1231 4550
2981 3818 2367
2982 4514 2944
2983 2670 4341
2984 2039 3695
2985 1410 3374
2986 93 3003
2987 1171 1474
2988 3283 2025
2989 1486 2681
2990 1115 3552
2991 2751 550
2992 4151 3079
2993 3914 1359
2994 618 20
2995 3785 1187
2996 1451 80
2997 3968 845
2998 2654 553
2999 1637 472
3000 3683 3800
3001 1243 2020
3002 4371 2229
3003 1721 3288
3004 112 3247
3005 327 1512
3006 2564 4024
3007 4273 2209
3008 237 17
3009 2631 2378
3010 79 2186
3011 123 1814
3012 1291 740
3013 1452 4231
3014 2719 2754
3015 3539 3877
3016 1429 2101
3017 2677 1439
3018 2777 2696
3019 3321 3073
3020 693 1300
3021 2186 4390
3022 4295 285
3023 422 1656
3024 3421 164
3025 2088 4543
3026 3832 493
3027 1091 1262
3028 2135 1372
3029 4384 3876
3030 3237 1428
3031 2370 505
3032 3646 656
3033 3760 3639
3034 2646 1550
3035 2059 1844
3036 4434 2120
3037 912 1733
3038 1283 37
3039 2120 1300
3040 2008 1992
3041 2454 605
3042 411 727
3043 3889 622
3044 4312 1742
3045 411 2493
3046 3129 565
3047 704 3486
3048 2709 656
3049 2747 1885
3050 178 1117
3051 1982 4225
3052 3384 443
3053 1521 3946
3054 2128 1233
3055 701 1421
3056 2781 4245
3057 2969 2741
3058 2314 623
3059 2204 4019
3060 4197 188
3061 3284 353
3062 4546 1279
3063 2207 820
3064 1410 4189
3065 3328 3697
3066 2301 2039
3067 220 49
3068 1710 2806
3069 2933 3496
3070 263 706
3071 2390 1306
3072 3405 4291
3073 241 1718
3074 1132 1396
3075 14 224
3076 574 1109
3077 1692 1650
3078 264 2992
3079 1861 3082
3080 918 2710
3081 4229 354
3082 3672 2075
3083 1291 588
3084 3717 2839
3085 2571 3636
3086 3311 1038
3087 4163 3283
3088 3383 4371
3089 2613 1425
3090 3786 248
3091 4141 11
3092 2075 3441
3093 1227 2965
3094 92 546
3095 3803 4353
3096 208 3509
3097 979 1993
3098 3939 2465
3099 3364 2889
3100 2259 2511
3101 4429 4049
3102 3160 3695
3103 3516 4089
3104 4003 3587
3105 3702 4446
3106 4355 3026
3107 1770 3964
3108 2477 1848
3109 249 2476
3110 3893 2027
3111 4056 2889
3112 608 969
3113 2545 1373
3114 1948 4465
3115 2799 737
3116 1234 655
3117 1801 4301
3118 1291 1524
3119 3633 2932
3120 3793 1940
3121 3125 2916
3122 4183 1226
3123 765 1908
3124 2564 3362
3125 1358 2847
3126 2099 4013
3127 2630 1121
3128 4150 2978
3129 897 911
3130 973 4178
3131 3972 2996
3132 586 2165
3133 288 2656
3134 1279 620
3135 2481 3195
3136 794 3735
3137 4168 900
3138 975 728
3139 2581 507
3140 302 2679
3141 3385 3733
3142 2799 3719
3143 1187 2817
3144 851 3952
3145 873 14
3146 2349 2894
3147 2578 896
3148 2665 1307
3149 3426 163
3150 164 3065
3151 4285 2671
3152 3461 4403
3153 4023 3485
3154 2593 2260
3155 3460 264
3156 101 2263
3157 203 1783
3158 3512 1784
3159 776 2690
3160 1534 907
3161 650 4283
3162 3205 1349
3163 2 4216
3164 1273 3575
3165 3486 1166
3166 4011 618
3167 4021 1624
3168 3122 2543
3169 1284 712
3170 1736 2534
3171 3624 1828
3172 1848 874
3173 884 2733
3174 2718 1194
3175 4101 3092
3176 2736 3227
3177 4404 806
3178 3331 293
3179 2181 3338
3180 2386 2131
3181 4478 696
3182 2578 2887
3183 649 3925
3184 953 3389
3185 2813 284
3186 121 1742
3187 1490 3151
3188 4375 1008
3189 340 110
3190 4457 916
3191 3482 214
3192 1072 2225
3193 3287 694
3194 3482 4527
3195 1201 319
3196 3426 1934
3197 3744 4578
3198 2092 3368
3199 4553 3254
3200 2243 404
3201 4211 26
3202 2134 92
3203 2354 623
3204 1995 321
3205 4083 2834
3206 1066 3966
3207 1527 3057
3208 1302 2715
3209 1947 3988
3210 1903 1035
3211 574 254
3212 3659 1344
3213 2869 123
3214 4566 1365
3215 2500 364
3216 2024 2315
3217 4182 3953
3218 3918 2976
3219 1071 551
3220 1763 1910
3221 2896 746
3222 776 144
3223 2499 661
3224 1394 74
3225 1207 279
3226 2972 3849
3227 2630 4352
3228 2428 4217
3229 4269 372
3230 314 3070
3231 4212 183
3232 2902 2620
3233 3398 3306
3234 4281 1435
3235 3979 805
3236 4512 2893
3237 3332 782
3238 4148 1130
3239 279 3504
3240 533 3751
3241 2724 3752
3242 2256 3450
3243 1015 220
3244 4326 4345
3245 232 3885
3246 3039 4355
3247 2663 1478
3248 3535 1446
3249 1035 3581
3250 1856 3787
3251 1236 4570
3252 1952 1232
3253 1247 4029
3254 2933 788
3255 3635 3813
3256 1446 3984
3257 3194 3718
3258 3155 4132
3259 4266 4347
3260 2552 1584
3261 4549 2181
3262 3214 1108
3263 4014 1458
3264 1522 385
3265 3972 2665
3266 3106 1674
3267 1355 3701
3268 3141 3277
3269 4233 4536
3270 179 2199
3271 3455 4346
3272 637 487
3273 713 1474
3274 830 2145
3275 2472 2924
3276 3618 1286
3277 781 468
3278 3229 3033
3279 2280 938
3280 2608 3629
3281 2659 3503
3282 1087 3446
3283 3600 2295
3284 3982 1854
3285 554 1974
3286 1598 2721
3287 4379 2840
3288 4459 3066
3289 1649 2180
3290 1168 1247
3291 38 120
3292 3780 4475
3293 3192 2083
3294 1214 883
3295 4095 3775
3296 2847 139
3297 414 1430
3298 720 4241
3299 4291 3455
3300 2220 3345
3301 2874 1640
3302 63 299
3303 2366 638
3304 2703 4595
3305 537 547
3306 1817 616
3307 2463 3143
3308 3975 2735
3309 414 1050
3310 3185 3824
3311 3945 4201
3312 1841 1633
3313 1958 2007
3314 3284 3241
3315 3163 662
3316 278 4072
3317 4528 654
3318 2637 2094
3319 3665 2693
3320 4209 1113
3321 187 3215
3322 3090 11
3323 825 3272
3324 50 18
3325 4287 1048
3326 4588 2641
3327 871 2383
3328 3302 1136
3329 1882 2049
3330 1819 216
3331 1042 2531
3332 660 1818
3333 821 1191
3334 648 912
3335 1244 2060
3336 4097 460
3337 773 1778
3338 1658 2671
3339 526 1132
3340 4061 2309
3341 3347 2750
3342 1833 1935
3343 3633 4369
3344 1253 2336
3345 2484 4565
3346 1230 3581
3347 406 4023
3348 4247 1567
3349 3961 1851
3350 1889 3379
3351 687 572
3352 4496 1603
3353 408 889
3354 889 3790
3355 4020 4418
3356 1113 3822
3357 705 3820
3358 2624 1153
3359 3111 3744
3360 2462 1754
3361 3994 3819
3362 3348 2232
3363 1984 3706
3364 1662 567
3365 1660 3396
3366 4207 1765
3367 602 3668
3368 2445 3216
3369 1444 3959
3370 511 2039
3371 3948 867
3372 2853 1374
3373 1442 2377
3374 2391 326
3375 4505 2868
3376 4009 1972
3377 2877 4298
3378 1765 1153
3379 4128 2051
3380 2577 4402
3381 2565 1303
3382 4082 2728
3383 3580 1429
3384 4265 4298
3385 1896 2754
3386 1213 706
3387 2101 222
3388 1474 1878
3389 2838 2165
3390 2128 1832
3391 3766 2540
3392 1919 680
3393 1541 3451
3394 1369 1936
3395 4573 4274
3396 672 16
3397 3494 2983
3398 3555 3739
3399 71 775
3400 1419 2985
3401 557 3866
3402 2882 3095
3403 2497 2604
3404 2478 2748
3405 2381 3353
3406 322 1702
3407 2535 2001
3408 927 3956
3409 2658 2077
3410 2841 4429
3411 1577 3697
3412 4076 1089
3413 333 1930
3414 1593 582
3415 1769 3033
3416 1579 2910
3417 1652 4008
3418 631 3326
3419 2798 269
3420 1683 1730
3421 3559 1965
3422 1022 3479
3423 1836 67
3424 681 322
3425 3939 241
3426 1460 2192
3427 4250 2981
3428 324 333
3429 707 1864
3430 3860 3992
3431 4195 3372
3432 969 1671
3433 3875 3756
3434 299 3599
3435 2893 552
3436 3048 3767
3437 3763 1352
3438 1739 389
3439 317 3193
3440 341 4521
3441 3930 790
3442 963 2033
3443 2121 2665
3444 33 1692
3445 976 2930
3446 3180 1723
3447 3388 567
3448 1118 2365
3449 3290 2437
3450 622 3234
3451 2054 1789
3452 278 2602
3453 2922 3051
3454 945 1743
3455 4074 1339
3456 908 4536
3457 1381 101
3458 4285 3280
3459 4206 1723
3460 97 1943
3461 36 2832
3462 3674 3974
3463 3974 1035
3464 169 2056
3465 4235 971
3466 2432 4463
3467 73 134
3468 956 3213
3469 3500 3829
3470 3241 797
3471 3026 3578
3472 1702 1913
3473 1613 173
3474 4418 3005
3475 1641 3875
3476 4422 4492
3477 4486 3193
3478 1221 1993
3479 1895 1567
3480 4411 409
3481 3812 1872
3482 2354 335
3483 2998 568
3484 2410 2839
3485 3001 2671
3486 953 591
3487 279 2486
3488 2177 1931
3489 3282 2895
3490 1618 3465
3491 3913 4410
3492 3760 1548
3493 463 2629
3494 3566 844
3495 3953 292
3496 674 2014
3497 2231 3506
3498 4275 2312
3499 1324 4190
3500 913 1888
3501 3793 2425
3502 2308 4181
3503 4055 4582
3504 3575 2134
3505 2980 3115
3506 3974 3466
3507 3767 464
3508 4502 584
3509 207 1918
3510 444 2144
3511 2530 649
3512 2904 1401
3513 2234 665
3514 3843 4044
3515 2140 1902
3516 1447 1664
3517 4419 658
3518 2119 272
3519 1235 3923
3520 911 1530
3521 970 736
3522 3893 4162
3523 2532 3172
3524 1023 3038
3525 94 1153
3526 2087 651
3527 4330 3384
3528 989 3760
3529 469 2966
3530 2835 2657
3531 1582 880
3532 4479 2607
3533 3689 562
3534 3036 1150
3535 4546 3908
3536 1946 2863
3537 3517 1287
3538 3319 3823
3539 1485 1951
3540 3910 2048
3541 3636 2593
3542 1855 1478
3543 2211 182
3544 3295 3653
3545 722 2648
3546 522 4497
3547 2610 2141
3548 4246 2021
3549 49 2890
3550 3498 152
3551 1910 1778
3552 718 5
3553 1589 2687
3554 2885 3635
3555 3565 1352
3556 4288 3685
3557 2512 3780
3558 4405 553
3559 4483 3605
3560 2200 1134
3561 112 2176
3562 1736 2690
3563 2400 1677
3564 3134 3274
3565 3684 3114
3566 4041 4431
3567 2493 2981
3568 4582 333
3569 4194 2177
3570 2990 764
3571 2459 2040
3572 3135 548
3573 2412 4418
3574 984 1885
3575 1012 1085
3576 4527 2893
3577 2894 1006
3578 174 3046
3579 351 2551
3580 3606 3135
3581 3746 1
3582 1562 1049
3583 4456 1068
3584 4327 2349
3585 2772 292
3586 3858 1596
3587 1574 846
3588 4403 2775
3589 654 68
3590 4472 864
3591 12 3197
3592 2813 953
3593 2629 3081
3594 2587 2756
3595 3880 2803
3596 1902 970
3597 2826 4304
3598 4252 2928
3599 3639 4103
3600 1731 3126
3601 1066 921
3602 2641 3330
3603 4271 483
3604 2354 2997
3605 2831 1114
3606 4006 2668
3607 1588 4590
3608 1201 2034
3609 581 706
3610 2263 3627
3611 3092 3515
3612 79 3348
3613 317 3038
3614 3999 1762
3615 2706 3087
3616 977 1201
3617 1894 2048
3618 3188 2046
3619 630 967
3620 4566 2182
3621 3271 1131
3622 2289 448
3623 1195 4088
3624 3915 1088
3625 4582 3904
3626 379 1181
3627 2976 3637
3628 2032 3366
3629 3316 372
3630 2284 4201
3631 241 2964
3632 1729 2308
3633 838 976
3634 2243 3608
3635 219 753
3636 2622 1058
3637 3437 2784
3638 1281 4579
3639 4011 2418
3640 892 835
3641 3135 2996
3642 773 1857
3643 3311 1697
3644 1969 1886
3645 3053 2634
3646 3250 2540
3647 3979 2517
3648 2596 417
3649 1187 1202
3650 1540 664
3651 3926 3042
3652 3691 625
3653 3299 560
3654 1007 4215
3655 1930 452
3656 4578 291
3657 4546 1422
3658 184 1775
3659 4392 4432
3660 3947 2942
3661 3064 3375
3662 2801 3458
3663 3777 3571
3664 561 726
3665 3597 2645
3666 881 2006
3667 2254 3169
3668 2979 2211
3669 191 1444
3670 3018 2891
3671 601 967
3672 2800 1640
3673 2389 3645
3674 905 2239
3675 3002 2081
3676 1197 1693
3677 791 636
3678 2969 2749
3679 3243 1222
3680 2456 2405
3681 3195 1650
3682 457 314
3683 1732 1215
3684 377 544
3685 3754 835
3686 1762 127
3687 2728 2283
3688 1291 4498
3689 1977 3057
3690 2162 3433
3691 478 3998
3692 3727 1634
3693 4272 4384
3694 3283 2524
3695 1905 477
3696 258 4380
3697 1678 4216
3698 3692 4412
3699 4240 299
3700 4482 2152
3701 4300 2030
3702 711 4090
3703 1199 591
3704 701 745
3705 2525 435
3706 106 958
3707 3844 2468
3708 4362 2559
3709 2221 1476
3710 4231 3207
3711 947 3648
3712 3285 1821
3713 4415 4136
3714 603 1844
3715 1842 1982
3716 4440 1228
3717 3308 149
3718 1970 3430
3719 3790 4324
3720 1757 3262
3721 51 419
3722 2753 196
3723 1108 3157
3724 2933 2827
3725 820 2791
3726 3795 1206
3727 368 2856
3728 1972 2319
3729 340 825
3730 565 1466
3731 2626 1663
3732 1570 3762
3733 4228 3431
3734 4570 2314
3735 3860 3089
3736 2427 4527
3737 4577 2368
3738 4144 1380
3739 4365 1537
3740 3952 1694
3741 1918 1834
3742 1489 2713
3743 2394 1893
3744 4092 506
3745 3926 3925
3746 2955 3519
3747 263 4087
3748 3576 3979
3749 378 4445
3750 3336 2655
3751 458 3335
3752 2464 3085
3753 3961 2635
3754 982 159
3755 2665 151
3756 1107 2720
3757 2970 2900
3758 2384 2464
3759 2327 662
3760 3135 542
3761 548 529
3762 1235 3657
3763 2179 1534
3764 1035 3304
3765 1983 246
3766 355 3483
3767 2920 182
3768 2891 81
3769 3529 2627
3770 1267 827
3771 4542 1688
3772 2535 25
3773 3402 1542
3774 416 1515
3775 3432 404
3776 1868 3451
3777 1688 2327
3778 3007 1585
3779 3084 227
3780 3570 4055
3781 2267 3283
3782 3843 2143
3783 1566 2125
3784 1916 2721
3785 2514 745
3786 3624 3665
3787 653 972
3788 379 97
3789 1140 4104
3790 3146 371
3791 3756 1934
3792 300 761
3793 2960 3631
3794 191 1624
3795 3379 4263
3796 781 3090
3797 3294 4595
3798 4008 2299
3799 1036 2301
3800 156 3551
3801 1547 445
3802 708 2666
3803 4038 2738
3804 664 3392
3805 681 3017
3806 4101 3582
3807 165 477
3808 221 3296
3809 2517 3240
3810 2873 3509
3811 2847 3513
3812 1317 2760
3813 3927 3743
3814 3491 1328
3815 3025 2053
3816 1770 4074
3817 334 2174
3818 503 2741
3819 1792 4426
3820 293 1494
3821 425 1506
3822 98 1917
3823 2081 2929
3824 1234 344
3825 1047 3251
3826 2567 2391
3827 1226 3554
3828 3001 3984
3829 1536 2447
3830 723 652
3831 3446 1166
3832 2366 897
3833 1681 2805
3834 1618 3081
3835 3397 2486
3836 2610 2955
3837 2444 354
3838 383 529
3839 2809 1961
3840 1880 3330
3841 1773 4512
3842 2649 936
3843 474 906
3844 3169 3980
3845 1759 3450
3846 1400 3985
3847 3899 2463
3848 529 1294
3849 597 4265
3850 1292 2896
3851 1019 1571
3852 2407 4560
3853 1009 4266
3854 1934 2880
3855 3045 1349
3856 785 2140
3857 2393 262
3858 2285 4095
3859 1937 3760
3860 2133 3699
3861 2437 1320
3862 2411 2445
3863 2472 3177
3864 3553 200
3865 930 875
3866 3461 1409
3867 579 179
3868 3189 1091
3869 2130 569
3870 2119 4388
3871 1733 1550
3872 116 1927
3873 3137 4301
3874 3877 1332
3875 2309 1484
3876 854 389
3877 482 282
3878 2739 3810
3879 1237 3579
3880 4449 4351
3881 3896 1210
3882 2118 1892
3883 4485 414
3884 2803 2029
3885 2821 2320
3886 1536 4515
3887 41 3220
3888 2121 2380
3889 1038 2150
3890 1016 526
3891 3974 3751
3892 3267 3666
3893 4541 1552
3894 2896 4398
3895 3353 4086
3896 3230 651
3897 4046 1071
3898 4254 3033
3899 1865 2820
3900 2073 1623
3901 363 3495
3902 1179 2743
3903 3688 3694
3904 2825 3513
3905 2536 457
3906 2623 375
3907 638 1409
3908 4189 1042
3909 2232 1633
3910 323 1683
3911 2166 714
3912 1698 4500
3913 3070 2449
3914 3453 4104
3915 3662 2348
3916 1904 1319
3917 876 4261
3918 4135 3167
3919 3411 1645
3920 1795 3912
3921 1671 21
3922 745 158
3923 323 3281
3924 1979 1597
3925 3241 326
3926 4322 1216
3927 3010 1094
3928 4060 1130
3929 2294 3193
3930 4595 2689
3931 614 1022
3932 3279 3463
3933 3815 1211
3934 653 3595
3935 2506 489
3936 3279 160
3937 4219 907
3938 4462 1500
3939 1239 560
3940 2573 2075
3941 1393 215
3942 456 4533
3943 4302 4427
3944 3701 1941
3945 3879 2743
3946 289 2692
3947 103 443
3948 958 4366
3949 1406 1728
3950 2612 4123
3951 1949 2081
3952 1270 3536
3953 659 1362
3954 3710 4279
3955 3248 85
3956 3355 2388
3957 2248 2579
3958 1650 3418
3959 2081 4320
3960 387 1398
3961 4457 426
3962 3070 1729
3963 2538 651
3964 1878 1236
3965 3343 3317
3966 2748 3159
3967 340 1549
3968 3639 890
3969 3544 2931
3970 290 952
3971 998 265
3972 86 3345
3973 669 3986
3974 1690 3471
3975 973 3158
3976 4360 1163
3977 3763 2331
3978 3435 3168
3979 2543 693
3980 390 4216
3981 2891 1609
3982 1629 3727
3983 830 2230
3984 2834 3533
3985 3258 1878
3986 2697 3527
3987 563 4252
3988 2405 288
3989 2122 2029
3990 1055 1108
3991 2656 1196
3992 4076 4365
3993 3503 1769
3994 3742 3522
3995 1565 2090
3996 3022 1916
3997 1018 1893
3998 784 235
3999 1357 3004
4000 3479 2945
4001 4193 1226
4002 1987 1029
4003 1662 3869
4004 4528 2122
4005 3077 492
4006 3458 1393
4007 3028 3435
4008 165 2933
4009 3883 1141
4010 2145 2157
4011 3902 1905
4012 878 2807
4013 2364 712
4014 3836 3803
4015 2647 3518
4016 2783 702
4017 2373 4455
4018 4545 328
4019 502 4316
4020 184 4224
4021 1407 3046
4022 2665 206
4023 4239 1842
4024 1973 25
4025 3048 406
4026 28 218
4027 2840 3139
4028 79 129
4029 2632 803
4030 1002 4271
4031 3109 101
4032 4393 1548
4033 2661 2270
4034 4482 3145
4035 4148 4066
4036 1580 2296
4037 2120 2292
4038 279 3211
4039 4361 4034
4040 3420 1971
4041 1678 4013
4042 3765 570
4043 4284 4336
4044 3984 3522
4045 2904 1894
4046 4129 4159
4047 3374 4216
4048 2838 3059
4049 2690 199
4050 2038 2585
4051 648 599
4052 332 3844
4053 96 3949
4054 2889 584
4055 852 4027
4056 4240 1625
4057 4124 170
4058 2294 355
4059 858 2479
4060 3370 3986
4061 490 3032
4062 2457 836
4063 4028 3904
4064 1357 3707
4065 2629 193
4066 118 399
4067 1002 170
4068 3073 571
4069 1382 1530
4070 1921 2622
4071 1454 1148
4072 1979 4213
4073 2340 540
4074 1583 767
4075 73 2760
4076 51 2562
4077 1543 826
4078 1122 2020
4079 1573 4045
4080 998 1668
4081 1147 629
4082 1449 2954
4083 4065 604
4084 4474 12
4085 1900 3939
4086 1854 3563
4087 1201 2366
4088 2893 3758
4089 1716 4011
4090 3390 4149
4091 763 3076
4092 2230 4080
4093 4414 2675
4094 1621 4544
4095 1666 4494
4096 4593 4078
4097 4055 1475
4098 2791 3404
4099 3479 1573
4100 423 1401
4101 3568 2135
4102 1768 3969
4103 3139 3888
4104 2980 4379
4105 4445 1296
4106 2941 2525
4107 1142 2035
4108 976 3309
4109 1929 1500
4110 2945 1793
4111 2419 2411
4112 2447 3978
4113 2432 2586
4114 1297 1844
4115 2602 52
4116 2449 3673
4117 2779 1903
4118 1136 3278
4119 2773 4395
4120 3490 134
4121 2023 1963
4122 4483 1734
4123 1083 4180
4124 1811 1650
4125 2678 1580
4126 1582 398
4127 192 3733
4128 4479 4502
4129 1989 810
4130 814 89
4131 1851 89
4132 295 1492
4133 3060 850
4134 957 1516
4135 726 3279
4136 3478 3806
4137 3418 4508
4138 1129 3602
4139 4442 968
4140 566 2533
4141 526 4188
4142 4181 1838
4143 3905 3636
4144 17 2188
4145 4047 3220
4146 2118 4573
4147 1026 709
4148 4513 2458
4149 709 2208
4150 4327 2185
4151 1608 1267
4152 2081 283
4153 29 1577
4154 2454 4232
4155 2931 3590
4156 649 1655
4157 4537 148
4158 4549 3011
4159 1757 903
4160 2606 202
4161 1558 80
4162 3481 2207
4163 4478 512
4164 3303 699
4165 1428 1603
4166 2071 175
4167 1913 3263
4168 1978 1813
4169 1866 2349
4170 3490 4344
4171 877 383
4172 1517 3049
4173 983 2547
4174 3758 828
4175 2005 1391
4176 29 4314
4177 1482 3973
4178 3568 2351
4179 4417 4033
4180 1074 3279
4181 1987 3177
4182 4371 3053
4183 3826 3412
4184 761 1380
4185 1367 2086
4186 2501 642
4187 4265 555
4188 4465 2442
4189 4000 4257
4190 3840 1416
4191 193 2468
4192 3150 2786
4193 1842 2612
4194 3138 1717
4195 2201 2153
4196 2313 326
4197 3392 2
4198 1078 1707
4199 3747 34
4200 134 3769
4201 381 2812
4202 3880 2510
4203 1200 3689
4204 2805 2193
4205 4363 2016
4206 4324 1153
4207 4481 1701
4208 3946 852
4209 872 2564
4210 448 1066
4211 3175 2591
4212 1821 2400
4213 4020 4007
4214 1397 3737
4215 300 2552
4216 4210 290
4217 1020 1273
4218 3210 1516
4219 2168 2074
4220 2025 3232
4221 554 4541
4222 1097 1598
4223 2253 3106
4224 3104 1743
4225 3370 1086
4226 4481 36
4227 1675 2308
4228 2540 4262
4229 750 544
4230 1698 2959
4231 693 1567
4232 484 4392
4233 1571 2106
4234 3908 3045
4235 913 2509
4236 2526 3350
4237 1083 851
4238 1344 3191
4239 2708 2836
4240 4288 387
4241 2873 3330
4242 1613 4588
4243 3516 1872
4244 1760 2134
4245 3336 3588
4246 444 2973
4247 3453 486
4248 724 3387
4249 588 4105
4250 12 1591
4251 3797 3363
4252 4220 1803
4253 870 2848
4254 4008 2356
4255 2904 651
4256 1474 48
4257 621 4567
4258 4452 594
4259 3508 290
4260 1449 9
4261 3960 4571
4262 3364 1659
4263 2461 590
4264 4115 988
4265 1429 3622
4266 3165 3139
4267 1570 4283
4268 225 2151
4269 1405 460
4270 1497 4165
4271 3879 4518
4272 2519 3750
4273 389 1093
4274 3567 2111
4275 4473 4211
4276 2517 3912
4277 3079 1119
4278 2208 2081
4279 3021 2167
4280 4184 1801
4281 4255 2633
4282 692 2218
4283 1066 1654
4284 3847 3114
4285 1543 3040
4286 979 4507
4287 3730 3014
4288 422 989
4289 3323 4597
4290 3717 3673
4291 556 890
4292 4254 2361
4293 3685 1645
4294 594 2719
4295 4085 480
4296 1467 940
4297 2562 3569
4298 2123 3138
4299 2707 1203
4300 2061 2548
4301 3811 3132
4302 1383 3884
4303 3968 986
4304 360 4589
4305 1573 191
4306 3694 970
4307 1925 159
4308 2564 278
4309 3242 88
4310 3666 934
4311 1661 762
4312 2317 3044
4313 3286 1822
4314 113 1597
4315 1701 1363
4316 2028 4373
4317 42 2935
4318 3732 2249
4319 3731 2859
4320 3556 2374
4321 1356 1042
4322 3819 2936
4323 3764 524
4324 4389 1718
4325 1181 2310
4326 3727 4436
4327 908 1460
4328 2261 2120
4329 962 1305
4330 1510 1369
4331 2410 710
4332 3546 1309
4333 1300 1074
4334 1946 4171
4335 1537 1729
4336 410 3736
4337 4496 3511
4338 4235 3589
4339 1209 2959
4340 3523 2432
4341 3503 4295
4342 3809 850
4343 4043 1222
4344 371 2274
4345 2999 4058
4346 1458 1648
4347 1648 4323
4348 1897 1340
4349 457 1796
4350 106 432
4351 1027 4067
4352 3266 4595
4353 417 382
4354 4286 3264
4355 251 3984
4356 1334 3670
4357 1481 724
4358 408 1953
4359 2330 3442
4360 400 2713
4361 3837 2240
4362 1798 1641
4363 217 3627
4364 1073 1251
4365 984 1174
4366 4387 802
4367 1193 985
4368 2117 4040
4369 46 2726
4370 3709 609
4371 2235 2592
4372 4436 2351
4373 3289 3429
4374 181 567
4375 3057 182
4376 443 2405
4377 3860 3972
4378 162 572
4379 3 1149
4380 4576 424
4381 827 1471
4382 2957 3591
4383 3251 4468
4384 3730 3757
4385 3617 775
4386 3198 4055
4387 393 1383
4388 2887 323
4389 671 3401
4390 1543 3334
4391 3696 2050
4392 1572 4054
4393 2580 4597
4394 2012 2281
4395 2847 4162
4396 4520 4308
4397 464 808
4398 1017 4233
4399 2065 3644
4400 585 2299
4401 4128 4186
4402 2084 2516
4403 573 1964
4404 1758 1466
4405 1709 1289
4406 974 2541
4407 3374 3159
4408 2043 3196
4409 853 4516
4410 4006 288
4411 1908 3441
4412 3433 1984
4413 1776 1793
4414 4158 2207
4415 3354 3344
4416 1939 251
4417 2852 71
4418 84 423
4419 1646 3815
4420 4498 4196
4421 4353 3932
4422 514 4291
4423 37 1797
4424 817 1431
4425 4398 1120
4426 4327 3633
4427 68 3707
4428 1649 3531
4429 2251 1697
4430 1100 1040
4431 4159 3377
4432 4463 1363
4433 3028 133
4434 3616 4552
4435 1870 826
4436 4297 2657
4437 4493 795
4438 4300 338
4439 3051 3323
4440 3237 2959
4441 176 890
4442 3824 132
4443 1293 1816
4444 4186 3228
4445 1344 8
4446 2196 246
4447 904 1991
4448 2069 1085
4449 1234 2165
4450 1655 399
4451 19 826
4452 3630 3361
4453 4015 197
4454 3060 1985
4455 1633 2905
4456 3256 212
4457 115 3266
4458 3167 2889
4459 3768 4535
4460 1204 853
4461 4513 647
4462 3253 2816
4463 869 1041
4464 3118 2064
4465 2316 1518
4466 3674 3973
4467 558 3218
4468 3910 1620
4469 4447 2283
4470 4552 1016
4471 1590 4489
4472 3536 2022
4473 847 4111
4474 2231 320
4475 3301 2136
4476 773 4517
4477 3052 550
4478 3311 3126
4479 1518 255
4480 545 348
4481 4460 3769
4482 2839 232
4483 3303 2944
4484 1467 2843
4485 87 4189
4486 2562 3031
4487 2380 689
4488 2223 285
4489 2107 3778
4490 141 393
4491 4284 2869
4492 711 4259
4493 562 517
4494 2370 168
4495 2538 3538
4496 1166 2648
4497 3216 1150
4498 1344 49
4499 2854 3724
4500 204 1236
4501 2702 3506
4502 2737 3310
4503 1081 961
4504 1005 2730
4505 1001 178
4506 3859 188
4507 2429 187
4508 2945 3057
4509 1475 98
4510 1959 446
4511 1299 4034
4512 2109 446
4513 1840 148
4514 1149 2216
4515 1202 847
4516 4105 2808
4517 2459 3451
4518 3622 4021
4519 3927 4570
4520 513 1851
4521 1767 880
4522 2904 3106
4523 3735 2685
4524 3748 750
4525 662 2144
4526 533 3552
4527 1991 3094
4528 2343 4517
4529 2094 211
4530 2900 4406
4531 3188 81
4532 2299 1800
4533 1831 4231
4534 119 4508
4535 2732 587
4536 323 810
4537 3118 675
4538 2692 1089
4539 4387 1833
4540 4071 3810
4541 701 3653
4542 3813 2222
4543 695 3975
4544 2619 637
4545 3672 1245
4546 1279 3169
4547 2077 465
4548 2961 3682
4549 2930 1911
4550 1326 1235
4551 4200 93
4552 91 197
4553 1134 4580
4554 400 2171
4555 1657 207
4556 3810 2909
4557 398 3786
4558 3541 4145
4559 938 1444
4560 2066 750
4561 176 143
4562 1126 1947
4563 3178 2944
4564 1739 2160
4565 3531 2778
4566 1171 3347
4567 2893 2272
4568 3018 3206
4569 167 803
4570 3363 2358
4571 1969 3424
4572 1805 4551
4573 2802 2726
4574 2760 2087
4575 4442 1942
4576 2787 3897
4577 4436 2324
4578 175 1354
4579 798 541
4580 98 2169
4581 1620 345
4582 4309 2170
4583 817 2419
4584 2046 1260
4585 1368 439
4586 4317 3980
4587 4203 2876
4588 441 2905
4589 4297 1681
4590 3139 3769
4591 1973 581
4592 2934 2516
4593 2461 3265
4594 2292 3728
4595 1856 281
4596 3613 2044
4597 1179 4084
4598 1988 1714
4599 2206 1199
4600 4570 1614
