2780 2780
1 150 2435
2 1409 2155
3 1029 549
4 163 701
5 534 775
6 185 824
7 1601 2153
8 761 1542
9 1585 1077
10 1547 465
11 1534 1413
12 2216 1674
13 490 2617
14 24 2150
15 1219 266
16 1903 827
17 1856 407
18 171 2382
19 1474 1287
20 2048 1168
21 1813 115
22 1388 2733
23 1403 2382
24 259 388
25 1828 1470
26 318 280
27 2547 1616
28 1611 483
29 1592 495
30 124 61
31 1630 1288
32 2693 871
33 1563 566
34 27 569
35 1717 1901
36 1535 1108
37 2271 420
38 878 733
39 2032 703
40 1562 190
41 744 1869
42 2477 1533
43 809 422
44 2737 890
45 1372 2629
46 1251 1123
47 2644 2688
48 1347 1996
49 886 1287
50 2328 2037
51 1145 1118
52 1289 491
53 2036 2521
54 1160 419
55 2410 1215
56 2581 1323
57 1200 858
58 233 1426
59 1782 2772
60 560 2346
61 1327 2607
62 1849 744
63 618 165
64 90 1576
65 1577 951
66 74 2438
67 2539 746
68 1888 440
69 187 1695
70 1764 912
71 290 1747
72 2285 2540
73 641 2174
74 867 1989
75 2603 1189
76 2045 493
77 2676 1769
78 530 2528
79 267 1843
80 12 1516
81 146 129
82 1929 2428
83 2367 1118
84 2189 634
85 496 376
86 1387 1368
87 606 2441
88 928 1561
89 2207 1628
90 2713 2324
91 255 1626
92 1133 2241
93 624 1460
94 1454 1002
95 2184 2246
96 122 2096
97 1986 2177
98 1641 2338
99 900 85
100 741 1318
101 2496 1006
102 310 1211
103 2570 1548
104 2011 814
105 2609 596
106 1497 1392
107 2264 1581
108 978 755
109 1218 2435
110 17 1080
111 2013 1167
112 484 2744
113 96 1523
114 694 1353
115 619 175
116 1934 1292
117 887 469
118 576 2501
119 858 400
120 2574 511
121 472 1643
122 1269 2384
123 2098 1456
124 54 2067
125 1711 2675
126 1539 372
127 797 2481
128 2450 79
129 322 1532
130 148 701
131 1063 1437
132 2286 512
133 1624 27
134 2028 2778
135 101 2226
136 1718 423
137 1711 1596
138 1695 602
139 994 1951
140 1671 1240
141 675 2351
142 980 723
143 605 2616
144 2277 399
145 2084 1015
146 1051 2470
147 609 254
148 2379 2457
149 2048 2134
150 124 1033
151 987 1029
152 9 1659
153 1438 1843
154 238 2320
155 28 2468
156 1087 648
157 2557 1639
158 444 1053
159 1748 489
160 1471 626
161 563 1569
162 1840 2632
163 2028 1650
164 2671 1237
165 227 1317
166 1015 491
167 673 1641
168 489 923
169 463 405
170 90 1959
171 1891 1941
172 2773 2221
173 1234 2315
174 2204 2325
175 595 1287
176 230 1209
177 2195 2604
178 2533 206
179 185 834
180 1713 1638
181 516 1041
182 1317 1040
183 2487 1447
184 2696 2227
185 2508 1869
186 2654 1543
187 1960 193
188 2141 888
189 2017 1192
190 178 393
191 2285 1746
192 216 2568
193 835 2354
194 2135 222
195 1496 57
196 1713 2449
197 2439 2585
198 593 2244
199 72 1914
200 1488 391
201 2681 299
202 1756 764
203 6 129
204 2043 481
205 419 2241
206 2768 899
207 1863 319
208 2195 2082
209 592 1243
210 2007 2594
211 92 1691
212 195 422
213 689 2677
214 1177 2518
215 1585 1438
216 935 1918
217 191 1475
218 2327 1357
219 1202 1580
220 234 2204
221 427 1690
222 1268 2188
223 2141 905
224 238 477
225 149 289
226 2311 2539
227 62 1844
228 1119 2396
229 1394 1421
230 1604 1732
231 2717 904
232 427 1754
233 1538 474
234 1539 2136
235 1216 1718
236 2504 1852
237 1198 740
238 1456 683
239 210 1964
240 232 1999
241 1699 2114
242 601 1873
243 2553 1713
244 1573 281
245 1293 2710
246 2587 200
247 1961 1495
248 1411 1737
249 1825 1899
250 1108 1175
251 703 975
252 2208 343
253 1020 1598
254 754 2190
255 1935 1253
256 1787 933
257 1005 1002
258 2755 1675
259 394 193
260 2301 35
261 1819 1095
262 36 1879
263 1020 731
264 2247 1492
265 848 1427
266 551 1967
267 1755 1500
268 1919 2527
269 1688 2100
270 2316 64
271 2079 1615
272 1010 647
273 120 1767
274 2519 1699
275 2340 677
276 2735 23
277 1759 477
278 380 645
279 2623 1401
280 2171 1387
281 137 1892
282 1146 1708
283 925 1956
284 115 1285
285 167 87
286 2537 824
287 1399 1818
288 2633 1288
289 2416 891
290 1964 2143
291 2084 292
292 1999 1953
293 218 1979
294 99 757
295 2182 439
296 883 757
297 942 1761
298 1974 1413
299 1349 2312
300 529 1180
301 892 558
302 760 1503
303 490 930
304 552 1974
305 872 417
306 2146 876
307 493 842
308 2461 2124
309 220 577
310 218 1365
311 1692 2240
312 2743 2463
313 1871 2691
314 2696 180
315 1034 54
316 1797 1962
317 96 1773
318 2471 2773
319 2749 920
320 1251 1971
321 2504 618
322 2513 2778
323 1056 2063
324 2218 954
325 2324 1779
326 1155 2475
327 1986 373
328 1867 2182
329 665 2564
330 1954 2519
331 1201 128
332 2248 1753
333 890 2588
334 2613 1789
335 291 271
336 2746 700
337 746 173
338 905 1464
339 1721 800
340 2608 2201
341 2258 1162
342 1311 1764
343 1547 2020
344 2771 1892
345 1351 2455
346 1753 83
347 309 2218
348 1084 15
349 2147 268
350 2270 2309
351 1341 960
352 1562 1517
353 2471 1550
354 1302 344
355 2463 1764
356 1885 846
357 1448 869
358 1263 136
359 2072 2356
360 319 2541
361 938 1848
362 2490 1472
363 1627 1158
364 1167 142
365 94 2428
366 2102 1199
367 2251 293
368 2433 182
369 1978 657
370 2704 1676
371 499 31
372 2547 1545
373 2635 2456
374 2166 1543
375 1904 229
376 1783 1267
377 1538 1828
378 172 237
379 2291 2202
380 2447 2310
381 2396 1785
382 570 744
383 1580 2444
384 2632 354
385 441 1567
386 315 833
387 632 914
388 224 1178
389 2138 2516
390 2563 1040
391 412 168
392 2184 2693
393 18 1294
394 910 2504
395 460 194
396 1790 2473
397 1177 1585
398 2272 896
399 2285 765
400 2495 1291
401 2544 1791
402 1631 791
403 943 1684
404 1354 741
405 1967 2611
406 2584 697
407 175 436
408 1200 294
409 1723 154
410 1282 2539
411 287 1988
412 1903 2113
413 2184 1711
414 1861 2467
415 1601 2215
416 1047 803
417 392 2630
418 1420 1602
419 1719 2513
420 1131 1793
421 2082 940
422 336 660
423 2018 9
424 1577 3
425 1604 1692
426 1403 1211
427 1387 1254
428 397 2456
429 1958 860
430 721 1157
431 1161 1750
432 2150 1231
433 717 418
434 2779 985
435 309 1273
436 590 2263
437 2760 1260
438 479 2710
439 2229 1536
440 961 568
441 1494 265
442 1377 840
443 24 1483
444 2326 1324
445 1550 2294
446 2001 2045
447 1432 186
448 430 1695
449 2638 2026
450 2226 301
451 1237 333
452 2235 51
453 2636 593
454 2280 143
455 1491 1220
456 1662 888
457 1173 760
458 1296 230
459 2240 1912
460 901 658
461 2329 1348
462 2683 1548
463 2131 235
464 1502 1466
465 2220 2019
466 826 1950
467 526 1357
468 2702 545
469 72 2114
470 29 422
471 1513 2721
472 298 609
473 144 914
474 2012 1412
475 1377 2076
476 1330 2549
477 1834 2294
478 2109 494
479 214 2130
480 145 974
481 630 1715
482 1228 2628
483 2561 1751
484 1871 1356
485 305 664
486 897 2117
487 1654 1660
488 1523 529
489 2423 1066
490 401 124
491 1147 627
492 1357 1907
493 110 477
494 789 1163
495 1408 2439
496 357 1389
497 949 1249
498 1871 2079
499 445 1413
500 910 842
501 373 2618
502 333 1282
503 2299 2296
504 336 1009
505 631 556
506 663 888
507 727 1486
508 2382 2130
509 1301 1772
510 2005 1314
511 1345 2404
512 2633 1256
513 832 2357
514 2186 83
515 19 538
516 2043 1885
517 1412 2232
518 1699 574
519 2668 1261
520 1545 2561
521 1424 2512
522 2610 749
523 909 531
524 1713 1211
525 754 939
526 2459 2349
527 2243 1975
528 1601 275
529 2628 2403
530 1183 1655
531 1994 626
532 2630 366
533 318 922
534 600 1913
535 224 1640
536 2494 289
537 2249 131
538 1666 571
539 1320 508
540 314 1670
541 1881 490
542 29 554
543 1779 1811
544 2289 1077
545 1073 2540
546 2413 1732
547 951 1290
548 1679 477
549 866 2297
550 2152 922
551 611 71
552 811 1573
553 691 924
554 2767 481
555 245 2273
556 25 619
557 483 754
558 918 2602
559 2032 93
560 1669 296
561 562 2328
562 484 74
563 2429 1257
564 1674 1594
565 816 2220
566 932 1423
567 1746 1837
568 1744 44
569 1805 876
570 2498 2653
571 2731 237
572 1375 2478
573 244 2475
574 2566 1713
575 1544 2456
576 1553 274
577 67 145
578 107 2449
579 1874 1744
580 4 1056
581 1025 2531
582 2210 2122
583 201 211
584 297 1199
585 256 761
586 2577 773
587 1955 1828
588 2394 1290
589 196 2615
590 213 307
591 63 1528
592 665 2324
593 473 1533
594 2200 1585
595 307 301
596 2087 2328
597 1893 1883
598 2315 400
599 907 2079
600 98 2758
601 1964 949
602 2526 2286
603 1048 874
604 2584 4
605 1101 2520
606 799 2435
607 962 1769
608 381 162
609 1204 2691
610 2106 1777
611 190 2530
612 2097 1279
613 171 2123
614 2120 1241
615 2485 724
616 683 997
617 2044 2224
618 1851 592
619 1387 1440
620 723 716
621 2266 2353
622 1316 1891
623 2665 784
624 1769 1968
625 1228 2424
626 2493 2211
627 631 1615
628 1052 1674
629 1088 2323
630 888 141
631 794 1262
632 869 1688
633 2312 996
634 230 1662
635 2591 141
636 253 1118
637 2125 94
638 1112 1845
639 2251 260
640 1214 577
641 2608 1314
642 1050 741
643 2353 1978
644 1030 1284
645 1255 2152
646 1834 611
647 467 2546
648 1350 226
649 2714 1431
650 106 1390
651 2526 457
652 1112 1242
653 2623 2068
654 1711 178
655 785 1001
656 530 1695
657 1392 1547
658 2195 47
659 361 5
660 2613 216
661 1797 97
662 416 641
663 1008 767
664 2695 2096
665 2735 952
666 1722 2678
667 2265 17
668 1930 1271
669 279 2298
670 841 2553
671 174 2516
672 1227 56
673 509 1939
674 2589 1663
675 207 720
676 1291 917
677 1965 2398
678 2193 81
679 756 1349
680 197 1222
681 2594 1956
682 1528 2727
683 2314 1715
684 1618 950
685 269 373
686 1779 1596
687 159 56
688 719 2673
689 1427 1901
690 1248 1236
691 1130 2701
692 583 428
693 1560 1992
694 1001 1008
695 1855 1085
696 1142 20
697 2229 278
698 2703 781
699 237 2598
700 555 2364
701 571 259
702 219 905
703 319 1297
704 80 1214
705 781 1261
706 2737 2197
707 202 1458
708 2697 2505
709 1882 1753
710 2556 1390
711 2507 2034
712 980 466
713 1124 2698
714 1259 2684
715 1957 7
716 2187 1594
717 2254 2146
718 599 1157
719 1259 2092
720 1848 214
721 2679 2219
722 1670 2687
723 2676 1138
724 2377 1712
725 402 1192
726 257 1830
727 157 2000
728 410 723
729 676 504
730 944 647
731 935 1524
732 1489 2627
733 969 1078
734 957 2292
735 2419 2376
736 509 2587
737 1843 1832
738 2177 2478
739 336 1042
740 1395 925
741 2064 1594
742 391 1605
743 1208 272
744 2191 1889
745 821 1077
746 706 228
747 1771 2724
748 877 666
749 2022 441
750 327 2510
751 890 609
752 946 2051
753 51 531
754 1216 14
755 1073 1953
756 1215 983
757 1422 701
758 2663 1624
759 2374 1817
760 1621 2430
761 1038 680
762 1077 1689
763 1156 2264
764 2639 2778
765 921 1441
766 2283 871
767 940 1704
768 2175 1823
769 2411 940
770 1297 750
771 1500 1583
772 1577 691
773 2686 812
774 1802 873
775 983 2559
776 2619 2563
777 531 2146
778 2165 183
779 178 1286
780 1007 508
781 1651 730
782 1047 1850
783 1711 2532
784 303 1899
785 448 1723
786 127 64
787 1028 544
788 2325 2197
789 2456 859
790 1456 385
791 1360 1914
792 45 2656
793 2014 1154
794 1878 1838
795 2546 645
796 22 2232
797 1768 1706
798 350 1441
799 1176 677
800 2252 1834
801 314 2733
802 1373 1526
803 506 1525
804 2171 53
805 1433 1967
806 1477 43
807 101 191
808 755 1452
809 584 544
810 2077 925
811 276 306
812 634 1986
813 2335 1031
814 540 1642
815 1118 175
816 321 1930
817 2736 2642
818 2309 2413
819 1986 769
820 1707 1087
821 1044 1891
822 1706 593
823 1981 1189
824 177 2404
825 1004 380
826 824 2694
827 1903 2727
828 888 1705
829 177 336
830 1540 345
831 967 1399
832 995 1453
833 1422 2312
834 606 861
835 23 1976
836 806 746
837 1258 1172
838 1557 2633
839 1088 1853
840 2543 1189
841 420 139
842 549 1719
843 2676 2323
844 1893 699
845 1185 1258
846 1668 1452
847 1771 1648
848 512 828
849 925 2613
850 256 9
851 313 2403
852 1810 1608
853 2771 2540
854 1028 1652
855 2060 430
856 65 1381
857 672 2080
858 2250 1185
859 1467 374
860 1255 22
861 268 2656
862 2007 1382
863 2231 1303
864 2141 2407
865 2561 1636
866 2459 1079
867 1237 789
868 784 2615
869 2038 2581
870 101 2338
871 1030 1620
872 1507 2332
873 365 2315
874 173 940
875 2727 2425
876 1243 883
877 1582 2210
878 437 966
879 475 2046
880 90 1358
881 626 2446
882 655 2365
883 1607 2146
884 821 84
885 2396 1255
886 1710 2671
887 309 1903
888 1426 1772
889 15 1929
890 852 1692
891 220 831
892 1218 678
893 1490 976
894 979 2489
895 622 895
896 2159 1340
897 1262 1365
898 1760 2020
899 1258 667
900 1924 1422
901 2348 2308
902 2621 1490
903 2455 428
904 1404 2548
905 1457 2601
906 2061 632
907 1039 2148
908 823 919
909 44 1611
910 2671 1939
911 1072 1138
912 2533 1611
913 1408 876
914 1559 832
915 1643 1371
916 596 1475
917 535 150
918 1960 865
919 704 1430
920 2307 2099
921 1696 2051
922 967 2145
923 2592 2113
924 1169 309
925 1809 1214
926 2354 1312
927 247 2577
928 1418 573
929 1506 88
930 378 1633
931 1866 646
932 371 797
933 1472 132
934 1026 2126
935 849 101
936 1317 206
937 1243 2379
938 465 2543
939 710 2141
940 1466 1669
941 1137 1858
942 2596 2459
943 2557 1766
944 2088 2163
945 2137 899
946 1314 1550
947 2646 149
948 1692 1102
949 288 1047
950 1287 902
951 2550 94
952 460 2361
953 2523 1906
954 69 1958
955 1002 756
956 1797 2411
957 1267 649
958 2582 2534
959 1726 705
960 1353 1125
961 824 1244
962 888 349
963 2355 651
964 911 1472
965 175 2694
966 1419 1608
967 338 1576
968 1038 1311
969 2536 2148
970 462 1974
971 163 566
972 342 2699
973 788 1857
974 2666 319
975 2619 1512
976 455 1106
977 787 1843
978 2350 2024
979 982 444
980 1407 1143
981 1680 501
982 678 590
983 890 2055
984 1269 1078
985 2381 839
986 1904 2435
987 1474 2112
988 713 2437
989 612 230
990 2 1019
991 2603 1049
992 1329 940
993 1008 641
994 1786 492
995 2319 308
996 2470 1101
997 1704 1432
998 84 1382
999 1377 1116
1000 244 864
1001 1698 1101
1002 1863 1264
1003 306 2449
1004 2250 1500
1005 1374 634
1006 1664 1946
1007 844 2628
1008 814 1205
1009 1785 553
1010 1418 2240
1011 1657 1736
1012 299 1888
1013 62 2520
1014 1829 1226
1015 588 650
1016 1894 438
1017 856 2273
1018 1759 206
1019 1396 530
1020 1385 1694
1021 2662 607
1022 1590 267
1023 127 1339
1024 1004 2634
1025 774 1719
1026 1272 306
1027 461 547
1028 903 1422
1029 671 208
1030 937 1592
1031 1526 2437
1032 2097 1496
1033 1543 2515
1034 813 1865
1035 568 1578
1036 394 417
1037 1009 2064
1038 1451 164
1039 2670 2100
1040 490 551
1041 2512 320
1042 947 296
1043 1630 1022
1044 1820 2737
1045 426 881
1046 168 24
1047 2248 629
1048 1568 146
1049 22 2180
1050 599 2137
1051 2417 1773
1052 1425 2378
1053 2607 954
1054 718 1295
1055 1777 1194
1056 336 1963
1057 2326 1470
1058 30 2116
1059 1933 1588
1060 1879 90
1061 2512 989
1062 854 2084
1063 650 2395
1064 123 2172
1065 622 1623
1066 2682 2746
1067 260 1379
1068 2354 2501
1069 2071 1388
1070 2405 1401
1071 527 1178
1072 1478 2500
1073 1834 176
1074 2063 1148
1075 1942 2157
1076 372 1196
1077 904 183
1078 1948 1655
1079 2395 2486
1080 822 1205
1081 58 1205
1082 2050 1487
1083 1332 1965
1084 930 1833
1085 2082 326
1086 2175 2042
1087 2613 530
1088 1764 2728
1089 5 1559
1090 1821 1384
1091 472 2761
1092 1252 2213
1093 244 2668
1094 2568 1820
1095 1276 1927
1096 857 2150
1097 151 104
1098 1428 2577
1099 2182 1614
1100 1927 572
1101 487 1297
1102 1420 1262
1103 2043 1817
1104 510 1772
1105 505 633
1106 632 2298
1107 143 2137
1108 593 2227
1109 1521 2542
1110 228 552
1111 1632 2633
1112 1668 539
1113 2445 878
1114 1518 152
1115 2569 1902
1116 1474 2256
1117 831 1268
1118 1520 1928
1119 2368 152
1120 1873 1096
1121 2166 2349
1122 1768 437
1123 1228 916
1124 1320 2075
1125 2081 2244
1126 1358 647
1127 1080 2264
1128 2200 988
1129 1463 2123
1130 1830 328
1131 1090 1334
1132 2728 50
1133 229 2591
1134 2247 613
1135 2424 1893
1136 1359 2316
1137 2360 132
1138 2749 2140
1139 55 1034
1140 1262 557
1141 408 846
1142 1852 1385
1143 2043 2152
1144 1267 929
1145 2393 1845
1146 2038 1921
1147 737 1493
1148 2563 1582
1149 2678 1058
1150 169 489
1151 1069 2163
1152 1505 2051
1153 1373 1128
1154 259 2484
1155 127 352
1156 125 409
1157 2045 204
1158 2144 305
1159 1406 2746
1160 750 133
1161 1809 2022
1162 624 230
1163 1561 891
1164 2517 911
1165 1190 2402
1166 1778 28
1167 368 1174
1168 163 1631
1169 2592 1964
1170 906 2553
1171 1417 221
1172 1455 1738
1173 369 2771
1174 1064 1368
1175 2044 237
1176 2222 2489
1177 1384 77
1178 2387 940
1179 1858 2125
1180 1809 1415
1181 1216 646
1182 2023 1522
1183 1228 1215
1184 2214 166
1185 2199 2045
1186 1943 2694
1187 2321 105
1188 559 1434
1189 1196 2483
1190 799 1235
1191 1707 1233
1192 2157 1921
1193 333 2371
1194 403 1252
1195 2726 934
1196 2130 1832
1197 1781 938
1198 394 967
1199 2202 2505
1200 104 293
1201 67 193
1202 1792 1929
1203 1486 1957
1204 545 2095
1205 1133 1206
1206 1337 203
1207 2536 751
1208 2285 845
1209 2378 2371
1210 40 999
1211 1726 2110
1212 490 283
1213 1452 91
1214 1340 1370
1215 685 4
1216 2063 1428
1217 2767 199
1218 1646 316
1219 952 691
1220 1844 322
1221 296 1818
1222 1650 2395
1223 2733 2034
1224 240 53
1225 2627 293
1226 89 2064
1227 821 2406
1228 1516 1784
1229 710 2668
1230 546 1220
1231 59 93
1232 102 1954
1233 507 299
1234 86 2740
1235 1004 458
1236 2574 23
1237 1126 1638
1238 1882 2262
1239 338 106
1240 96 2264
1241 2477 1326
1242 2112 622
1243 805 1060
1244 1780 1979
1245 1354 341
1246 2022 457
1247 1952 2115
1248 2604 409
1249 905 922
1250 54 1637
1251 2358 1147
1252 2318 2477
1253 1411 179
1254 2757 855
1255 566 2004
1256 1240 1832
1257 88 544
1258 1685 1636
1259 2314 395
1260 1510 1631
1261 353 1055
1262 426 1657
1263 1269 154
1264 555 1039
1265 591 1315
1266 2476 2195
1267 601 172
1268 1948 186
1269 670 2516
1270 611 2275
1271 1318 2167
1272 1748 595
1273 87 366
1274 522 2591
1275 2041 660
1276 214 2250
1277 963 1457
1278 2704 2284
1279 1686 1311
1280 1310 909
1281 297 318
1282 927 2122
1283 1278 804
1284 1204 1888
1285 2524 2609
1286 1292 1134
1287 1518 1487
1288 571 958
1289 1086 841
1290 2516 2011
1291 1074 813
1292 2652 346
1293 1607 2755
1294 2486 661
1295 746 1864
1296 977 1199
1297 2668 972
1298 1454 1169
1299 1020 876
1300 523 1984
1301 1976 394
1302 108 1836
1303 1705 2160
1304 911 1101
1305 1835 1023
1306 1791 2060
1307 932 1705
1308 1744 2108
1309 433 1014
1310 2319 2305
1311 802 584
1312 1508 1464
1313 2735 1532
1314 2759 721
1315 1268 886
1316 803 1178
1317 1323 1552
1318 283 893
1319 2259 2307
1320 99 2547
1321 1395 2567
1322 2395 974
1323 1379 2712
1324 2407 1571
1325 1287 2417
1326 1547 1880
1327 853 912
1328 1767 822
1329 636 1674
1330 337 2430
1331 2298 2048
1332 2637 737
1333 397 2654
1334 1066 1236
1335 209 167
1336 899 2005
1337 1157 1161
1338 1209 1220
1339 1017 1323
1340 1499 673
1341 398 2444
1342 2282 1242
1343 924 442
1344 1674 1319
1345 192 1258
1346 2568 1240
1347 441 1910
1348 2525 487
1349 1353 2052
1350 2463 1871
1351 763 433
1352 799 1896
1353 1047 1250
1354 2435 1159
1355 1063 293
1356 1313 1500
1357 881 544
1358 2247 919
1359 2063 2033
1360 2437 2376
1361 809 2749
1362 1140 703
1363 801 2282
1364 1216 1406
1365 2107 2479
1366 508 2660
1367 216 1944
1368 352 826
1369 125 125
1370 2519 783
1371 2760 1495
1372 462 1738
1373 1606 2731
1374 932 702
1375 189 505
1376 1764 1789
1377 1615 2050
1378 2221 442
1379 1760 130
1380 332 2439
1381 1897 518
1382 2519 544
1383 1449 468
1384 572 2523
1385 2556 1054
1386 2447 1536
1387 1034 355
1388 208 997
1389 2173 123
1390 1185 833
1391 1770 323
1392 2203 1470
1393 870 1042
1394 435 2126
1395 1535 1650
1396 2375 1498
1397 1276 1689
1398 1314 1842
1399 1621 1417
1400 984 1937
1401 1700 746
1402 1009 754
1403 1361 2127
1404 1509 1049
1405 723 340
1406 280 1406
1407 1403 690
1408 2623 522
1409 1344 604
1410 2106 2723
1411 1149 440
1412 1787 1615
1413 939 1401
1414 995 428
1415 101 568
1416 984 1915
1417 396 2476
1418 2539 184
1419 1310 1062
1420 1819 1220
1421 1092 1661
1422 1814 598
1423 2044 519
1424 1762 1163
1425 2164 2624
1426 238 241
1427 867 2114
1428 1226 414
1429 707 1809
1430 1100 2744
1431 2249 2748
1432 845 1080
1433 2393 1776
1434 423 1844
1435 65 1237
1436 2252 213
1437 1279 1186
1438 2035 996
1439 928 1208
1440 834 1615
1441 1584 62
1442 127 884
1443 388 2468
1444 259 46
1445 1727 1109
1446 328 2375
1447 548 1965
1448 529 809
1449 2050 1931
1450 1340 1632
1451 21 2471
1452 1423 847
1453 13 395
1454 731 490
1455 280 1087
1456 329 2031
1457 185 375
1458 494 1780
1459 430 2564
1460 2702 628
1461 1905 282
1462 2747 1101
1463 811 1460
1464 466 1034
1465 1792 1672
1466 1018 685
1467 223 2696
1468 8 2131
1469 533 1957
1470 2055 786
1471 2164 2568
1472 1617 1531
1473 1050 2090
1474 45 2100
1475 2737 2172
1476 2718 1244
1477 1653 1314
1478 469 1562
1479 1945 1220
1480 774 654
1481 1990 2103
1482 1737 2362
1483 1150 557
1484 2339 1037
1485 2020 1799
1486 1985 1674
1487 1919 1205
1488 788 2166
1489 1839 959
1490 2626 1465
1491 554 587
1492 909 2726
1493 2112 228
1494 1090 1878
1495 1282 1713
1496 1859 911
1497 373 1372
1498 1569 1361
1499 1707 1149
1500 1912 1252
1501 2605 1413
1502 2051 1200
1503 2061 1608
1504 1556 1586
1505 942 2083
1506 355 947
1507 453 1962
1508 938 1681
1509 1186 1205
1510 2258 2212
1511 2560 2344
1512 1808 415
1513 1549 2188
1514 170 752
1515 2234 936
1516 2031 1058
1517 2333 1112
1518 2171 2236
1519 2167 936
1520 2356 1553
1521 1437 37
1522 1610 2066
1523 2281 632
1524 2377 843
1525 466 1279
1526 1197 2585
1527 2377 2404
1528 589 119
1529 2101 2114
1530 2332 504
1531 2498 1058
1532 2500 481
1533 791 1803
1534 67 1360
1535 649 1618
1536 904 20
1537 2164 1113
1538 1445 45
1539 2355 1169
1540 1298 1498
1541 1089 2453
1542 87 1689
1543 1549 1305
1544 230 2131
1545 1942 495
1546 1715 1625
1547 511 2364
1548 1631 886
1549 1257 1618
1550 1374 562
1551 314 1233
1552 167 1655
1553 1508 1492
1554 1650 1086
1555 2570 1289
1556 1806 2719
1557 1547 2771
1558 684 2036
1559 2509 2131
1560 854 2147
1561 1299 2649
1562 2083 1607
1563 870 2629
1564 1572 2013
1565 2584 1886
1566 1187 1692
1567 1031 1625
1568 2395 1933
1569 356 2325
1570 1220 2311
1571 1883 13
1572 539 2726
1573 646 874
1574 2544 2030
1575 1557 2115
1576 91 2579
1577 1721 594
1578 33 578
1579 855 2118
1580 791 382
1581 574 154
1582 152 300
1583 1503 1567
1584 2371 2456
1585 2514 984
1586 2691 1293
1587 274 444
1588 2350 895
1589 2301 373
1590 2432 522
1591 984 2572
1592 2596 2026
1593 1519 250
1594 1079 1301
1595 365 801
1596 408 1005
1597 687 1130
1598 676 727
1599 2643 2729
1600 132 598
1601 1983 225
1602 1251 2616
1603 522 2202
1604 1255 1129
1605 622 1513
1606 650 6
1607 142 743
1608 1778 425
1609 918 795
1610 198 245
1611 2693 1140
1612 644 2301
1613 178 594
1614 1371 2612
1615 1239 1705
1616 2328 2048
1617 1837 1213
1618 596 191
1619 1284 2248
1620 2083 2517
1621 2754 1760
1622 1868 2416
1623 593 2327
1624 79 1648
1625 870 2007
1626 283 1482
1627 1446 1931
1628 1589 1247
1629 404 2671
1630 837 1077
1631 250 2363
1632 2408 1114
1633 2092 2335
1634 1630 1688
1635 643 1805
1636 1192 928
1637 2076 776
1638 804 1025
1639 2730 1200
1640 1000 787
1641 1458 2482
1642 2024 1192
1643 1373 80
1644 1433 943
1645 1261 368
1646 2218 2216
1647 1292 1714
1648 2624 1008
1649 1716 208
1650 1461 1733
1651 1079 1213
1652 1380 2316
1653 1037 1004
1654 688 1856
1655 1232 290
1656 2173 2018
1657 122 818
1658 543 379
1659 1502 2141
1660 834 1861
1661 592 2194
1662 306 1866
1663 1626 2038
1664 544 2313
1665 2179 383
1666 1149 1555
1667 1542 1525
1668 757 2261
1669 1216 337
1670 770 1267
1671 729 46
1672 2699 144
1673 1184 1181
1674 1655 2682
1675 880 474
1676 918 1845
1677 2529 2760
1678 589 275
1679 2728 2543
1680 1177 2395
1681 124 1672
1682 1150 1646
1683 1590 900
1684 501 281
1685 2734 1226
1686 2068 1620
1687 1317 31
1688 1960 58
1689 1349 995
1690 43 2667
1691 2180 1045
1692 1316 1078
1693 1998 2242
1694 204 1331
1695 2129 370
1696 2245 1548
1697 665 1887
1698 2680 166
1699 31 990
1700 1067 2194
1701 2474 1571
1702 2393 580
1703 745 701
1704 1993 2428
1705 1428 466
1706 1681 904
1707 937 1784
1708 2123 1494
1709 208 2416
1710 829 437
1711 1166 294
1712 574 1817
1713 303 1445
1714 200 1694
1715 662 1972
1716 414 2261
1717 2605 2649
1718 1733 815
1719 1749 1037
1720 563 738
1721 767 400
1722 2412 1606
1723 868 326
1724 349 207
1725 1882 687
1726 1945 2379
1727 602 55
1728 2202 2026
1729 1233 1357
1730 1644 732
1731 966 1129
1732 1344 1458
1733 2651 1183
1734 1248 1889
1735 1344 2506
1736 2049 2524
1737 2222 2016
1738 1028 2276
1739 560 580
1740 621 1049
1741 1937 434
1742 2017 1679
1743 1042 2070
1744 2515 1742
1745 819 451
1746 2221 1570
1747 1229 833
1748 788 1505
1749 675 1237
1750 1082 1626
1751 943 724
1752 2182 389
1753 1630 2755
1754 273 1872
1755 810 189
1756 1699 258
1757 2176 73
1758 2275 1058
1759 742 122
1760 372 1691
1761 1711 1344
1762 2096 609
1763 2756 2161
1764 1110 1494
1765 1621 1139
1766 2551 1077
1767 793 540
1768 2540 1583
1769 523 472
1770 99 1392
1771 65 2477
1772 1623 1969
1773 1161 1397
1774 157 904
1775 1349 599
1776 1840 559
1777 2727 2279
1778 2192 1852
1779 1729 1931
1780 994 1672
1781 635 998
1782 1399 1563
1783 983 1952
1784 1790 1200
1785 156 955
1786 2222 1694
1787 578 1132
1788 2089 353
1789 552 2237
1790 2017 868
1791 2576 1669
1792 1973 1563
1793 223 1916
1794 2236 229
1795 320 637
1796 1776 252
1797 742 2521
1798 694 476
1799 436 295
1800 1664 2237
1801 1921 884
1802 598 1300
1803 2253 2267
1804 701 2039
1805 1554 1433
1806 2077 2648
1807 1966 205
1808 842 1919
1809 1812 696
1810 942 1642
1811 129 2263
1812 2296 2754
1813 2509 1861
1814 1896 2220
1815 2473 2730
1816 1398 1690
1817 2380 1500
1818 1476 778
1819 45 1765
1820 315 1503
1821 2315 790
1822 696 46
1823 2464 2130
1824 1403 1774
1825 1341 2254
1826 2157 1917
1827 407 1156
1828 2271 358
1829 2670 2328
1830 2077 527
1831 1914 1819
1832 2288 78
1833 2190 674
1834 1746 2150
1835 283 1783
1836 880 529
1837 2714 750
1838 1594 2219
1839 289 361
1840 2108 246
1841 724 294
1842 192 2704
1843 2022 716
1844 695 484
1845 1057 2272
1846 1078 1108
1847 1938 1953
1848 1538 1858
1849 1146 658
1850 1069 134
1851 2750 2588
1852 2034 1644
1853 760 1944
1854 1915 2091
1855 1026 237
1856 1101 2753
1857 2598 1832
1858 57 543
1859 123 267
1860 2409 767
1861 2607 1641
1862 501 2376
1863 1602 2265
1864 1604 2707
1865 1954 929
1866 870 2024
1867 327 784
1868 2698 1378
1869 1160 2041
1870 2163 782
1871 2350 834
1872 182 1972
1873 1993 2177
1874 2371 1356
1875 406 2626
1876 2010 2189
1877 2456 1570
1878 936 2008
1879 2761 1001
1880 850 227
1881 302 1558
1882 371 1658
1883 1409 1615
1884 2077 193
1885 7 495
1886 1826 271
1887 774 164
1888 432 2443
1889 225 1016
1890 586 209
1891 658 380
1892 1120 2508
1893 2619 239
1894 2365 905
1895 2736 2272
1896 1888 1930
1897 355 845
1898 2158 2668
1899 2109 510
1900 1433 2670
1901 273 545
1902 380 799
1903 2174 1688
1904 433 2114
1905 2709 2598
1906 1450 960
1907 284 1913
1908 1649 821
1909 873 980
1910 1570 242
1911 1466 959
1912 458 1762
1913 1033 467
1914 641 796
1915 2342 2128
1916 1132 645
1917 2285 468
1918 1845 275
1919 1737 1829
1920 2426 1272
1921 94 2062
1922 168 2351
1923 2491 1418
1924 2595 2348
1925 689 2573
1926 2061 634
1927 1100 588
1928 333 1978
1929 207 919
1930 158 2757
1931 1866 1313
1932 2592 598
1933 2723 2326
1934 293 1841
1935 2420 1096
1936 2371 951
1937 2032 884
1938 2046 1799
1939 1988 542
1940 2060 1932
1941 2484 431
1942 1188 776
1943 2030 1018
1944 1783 17
1945 442 513
1946 2432 38
1947 454 2141
1948 2371 1824
1949 592 1033
1950 904 337
1951 1458 1479
1952 1481 557
1953 626 1960
1954 1261 2727
1955 1250 1825
1956 795 130
1957 657 1090
1958 2026 1409
1959 1707 1817
1960 398 1220
1961 653 1942
1962 2431 1256
1963 2692 2245
1964 1452 1584
1965 1364 2033
1966 686 1401
1967 484 1308
1968 246 2431
1969 420 31
1970 909 1673
1971 406 180
1972 2023 843
1973 2049 560
1974 2079 2125
1975 2571 2262
1976 388 2739
1977 1489 153
1978 1442 983
1979 2064 561
1980 923 1666
1981 2718 657
1982 1012 1771
1983 2153 215
1984 36 133
1985 536 780
1986 883 1179
1987 1792 933
1988 2690 965
1989 2104 2015
1990 615 596
1991 2527 1336
1992 279 101
1993 1725 34
1994 151 211
1995 2421 2475
1996 739 1230
1997 463 2357
1998 640 644
1999 1806 2094
2000 2502 1274
2001 1411 2147
2002 1061 274
2003 1431 1195
2004 615 1920
2005 777 1886
2006 1858 2098
2007 2099 1103
2008 473 700
2009 1278 917
2010 1005 1563
2011 2076 2557
2012 2738 1776
2013 1662 2473
2014 508 2220
2015 775 1027
2016 235 1316
2017 2620 2669
2018 309 622
2019 927 1743
2020 54 2506
2021 2717 2762
2022 2452 1826
2023 1830 1560
2024 656 366
2025 2568 1547
2026 1472 777
2027 1369 1646
2028 1883 1583
2029 208 1910
2030 1126 439
2031 411 1329
2032 13 837
2033 1088 1889
2034 849 963
2035 1726 2475
2036 2767 485
2037 2771 1673
2038 625 2581
2039 2105 813
2040 2571 1648
2041 994 671
2042 192 1191
2043 1251 883
2044 166 1273
2045 1841 1574
2046 808 217
2047 1315 2649
2048 2331 1162
2049 626 2727
2050 2707 2081
2051 733 214
2052 2046 1523
2053 2668 626
2054 2521 275
2055 2144 53
2056 910 90
2057 433 2010
2058 1946 1626
2059 738 1706
2060 2052 1024
2061 904 604
2062 1225 1357
2063 142 1562
2064 1817 1399
2065 208 1364
2066 514 1243
2067 2627 425
2068 1995 906
2069 1491 442
2070 1556 200
2071 1006 1177
2072 2541 1916
2073 1112 946
2074 560 2353
2075 51 1894
2076 1347 577
2077 2406 2693
2078 252 148
2079 2321 916
2080 719 395
2081 130 727
2082 1605 1726
2083 210 1534
2084 2627 639
2085 2425 2543
2086 1662 760
2087 551 1419
2088 2312 14
2089 616 618
2090 2567 2318
2091 846 1708
2092 2080 2604
2093 2146 1427
2094 2499 2079
2095 2179 75
2096 1569 1348
2097 2009 788
2098 1182 1102
2099 798 83
2100 2640 689
2101 2225 2200
2102 1380 806
2103 292 498
2104 2099 319
2105 628 199
2106 2364 2095
2107 2610 1122
2108 1407 996
2109 2213 2105
2110 1441 1551
2111 2225 1304
2112 619 2224
2113 441 1111
2114 2360 583
2115 2024 2256
2116 1019 2774
2117 2752 2437
2118 2016 51
2119 2361 2219
2120 2466 992
2121 1965 2243
2122 1077 934
2123 116 2595
2124 1917 327
2125 454 2696
2126 1250 987
2127 2618 2198
2128 2153 964
2129 93 2269
2130 1499 825
2131 948 636
2132 1589 420
2133 30 723
2134 492 2619
2135 1161 156
2136 2073 2121
2137 19 1557
2138 1599 717
2139 460 1551
2140 1924 1947
2141 414 2355
2142 2714 474
2143 167 62
2144 1395 2404
2145 1574 1465
2146 687 2159
2147 1805 1415
2148 2304 24
2149 746 1685
2150 1050 186
2151 281 312
2152 456 394
2153 2621 1705
2154 1251 2593
2155 1645 1051
2156 2398 617
2157 1988 1246
2158 637 547
2159 452 247
2160 5 1416
2161 1071 2652
2162 1408 398
2163 332 1561
2164 402 1982
2165 193 2207
2166 2364 964
2167 1732 1236
2168 808 579
2169 1059 1288
2170 1304 2005
2171 511 2086
2172 1809 773
2173 833 721
2174 2707 1007
2175 1736 1069
2176 520 771
2177 2245 1857
2178 2534 2330
2179 32 1715
2180 1741 1874
2181 2138 1958
2182 2088 1309
2183 1215 6
2184 2227 1855
2185 839 1097
2186 2013 407
2187 2671 1984
2188 1283 1854
2189 1081 953
2190 924 326
2191 1120 2328
2192 1382 1799
2193 2328 1264
2194 146 699
2195 878 2635
2196 343 2587
2197 550 1613
2198 1240 212
2199 1606 2337
2200 1910 363
2201 1446 2520
2202 844 109
2203 2637 2338
2204 450 1858
2205 435 933
2206 2541 796
2207 2287 1757
2208 729 1422
2209 875 873
2210 1430 229
2211 81 1600
2212 1631 1011
2213 1837 2444
2214 2007 2082
2215 652 345
2216 1302 2743
2217 319 205
2218 2584 1092
2219 2508 2671
2220 1596 527
2221 1704 1434
2222 304 600
2223 2610 167
2224 2127 1685
2225 2726 1693
2226 2623 1715
2227 846 2747
2228 1376 2524
2229 2014 167
2230 2189 63
2231 1090 759
2232 2129 883
2233 2363 1521
2234 1481 412
2235 2629 619
2236 2320 1542
2237 263 862
2238 2034 560
2239 72 1450
2240 1682 1412
2241 1147 2547
2242 2730 663
2243 2433 1586
2244 1788 355
2245 605 2627
2246 1350 2651
2247 527 2266
2248 2029 1727
2249 2097 1715
2250 2479 1133
2251 583 1274
2252 1098 2171
2253 377 1003
2254 44 1942
2255 1430 2463
2256 748 170
2257 243 487
2258 2517 359
2259 569 1672
2260 2578 1192
2261 1235 2176
2262 638 2701
2263 2563 1666
2264 1701 1842
2265 1507 2012
2266 986 1026
2267 1543 505
2268 654 838
2269 2249 273
2270 1716 1907
2271 2160 361
2272 2743 2057
2273 1481 2094
2274 2742 1580
2275 2714 710
2276 550 1346
2277 1100 512
2278 2553 83
2279 1888 2031
2280 1716 1142
2281 1533 2043
2282 918 1685
2283 1176 1223
2284 624 1086
2285 1664 2650
2286 1708 843
2287 537 348
2288 1430 1795
2289 1490 2239
2290 363 582
2291 1678 1671
2292 540 1659
2293 1907 1117
2294 2247 2267
2295 1368 2358
2296 2340 1465
2297 653 2448
2298 1211 1776
2299 1735 901
2300 1108 461
2301 282 2596
2302 815 2777
2303 2425 1184
2304 1385 413
2305 2189 766
2306 1262 40
2307 814 1083
2308 2700 1937
2309 713 1734
2310 600 1678
2311 519 1763
2312 2524 248
2313 256 1683
2314 789 2012
2315 1528 682
2316 714 29
2317 1494 1319
2318 1004 2251
2319 2590 2522
2320 1495 687
2321 2256 1900
2322 1961 1484
2323 1133 1334
2324 1494 545
2325 1273 1887
2326 1260 1536
2327 1478 252
2328 2096 2235
2329 277 989
2330 1524 181
2331 1482 826
2332 1294 2015
2333 668 441
2334 449 815
2335 1193 1945
2336 342 576
2337 2283 2712
2338 2346 2332
2339 1293 1149
2340 2198 2563
2341 2692 2109
2342 1300 1133
2343 249 1507
2344 2352 197
2345 1373 2613
2346 1312 1082
2347 2546 2485
2348 1612 1046
2349 1650 2776
2350 681 470
2351 2205 710
2352 753 1386
2353 219 1874
2354 692 2049
2355 2754 143
2356 2625 918
2357 246 747
2358 1150 1804
2359 1607 987
2360 2092 780
2361 2155 1060
2362 998 29
2363 2135 2556
2364 1901 1840
2365 669 1615
2366 440 704
2367 680 1968
2368 1464 2383
2369 2076 251
2370 1415 2735
2371 665 2017
2372 457 1588
2373 2242 529
2374 1823 1370
2375 232 605
2376 2176 842
2377 953 1956
2378 2004 940
2379 2062 422
2380 487 331
2381 840 1967
2382 822 448
2383 2042 831
2384 2088 208
2385 101 1489
2386 2355 1377
2387 1314 1245
2388 819 2771
2389 1036 2000
2390 1128 879
2391 762 2571
2392 968 1772
2393 611 1411
2394 184 2624
2395 786 735
2396 539 357
2397 1033 1507
2398 1315 2276
2399 616 2055
2400 331 1589
2401 579 311
2402 2524 1385
2403 1304 1537
2404 1964 632
2405 2017 1743
2406 2419 2239
2407 2110 879
2408 1080 1738
2409 1510 1689
2410 1492 1557
2411 1576 2296
2412 1546 936
2413 848 1879
2414 1395 1458
2415 2278 2357
2416 2526 1102
2417 1769 370
2418 330 2237
2419 1224 157
2420 2014 239
2421 1777 1906
2422 2478 58
2423 2031 529
2424 441 1247
2425 794 500
2426 342 1818
2427 976 1424
2428 679 2244
2429 1206 767
2430 2302 1875
2431 2215 1532
2432 977 810
2433 884 772
2434 2689 2086
2435 2505 2415
2436 975 840
2437 2191 1862
2438 852 2699
2439 483 488
2440 41 961
2441 298 118
2442 477 601
2443 517 1303
2444 2549 1831
2445 975 828
2446 296 699
2447 2200 88
2448 1581 2751
2449 1012 1808
2450 2605 536
2451 1632 2213
2452 910 1655
2453 2492 2582
2454 1632 2708
2455 46 1800
2456 746 1098
2457 2587 2638
2458 840 1696
2459 979 450
2460 2710 2364
2461 342 1941
2462 1741 2706
2463 1244 610
2464 580 1363
2465 2004 1406
2466 407 1011
2467 488 1498
2468 1978 459
2469 1044 74
2470 1744 2007
2471 953 1253
2472 2518 1439
2473 2612 225
2474 365 2008
2475 2572 872
2476 369 1102
2477 2411 1210
2478 2462 224
2479 2576 241
2480 1248 1767
2481 2252 1463
2482 2561 1230
2483 1982 1335
2484 1845 1153
2485 1314 287
2486 2063 2377
2487 84 904
2488 227 1324
2489 2206 2318
2490 1935 1669
2491 965 501
2492 1169 426
2493 2264 120
2494 1641 2708
2495 1103 2577
2496 2171 303
2497 1470 1098
2498 2216 2554
2499 2298 899
2500 826 1225
2501 934 832
2502 673 898
2503 902 1924
2504 2331 2432
2505 1740 1501
2506 1266 1671
2507 1197 1354
2508 1696 1092
2509 1679 750
2510 227 11
2511 506 1991
2512 35 1802
2513 687 439
2514 437 1824
2515 1423 78
2516 1709 1507
2517 453 2105
2518 794 1249
2519 1744 225
2520 1488 445
2521 2315 1070
2522 214 2449
2523 2582 185
2524 413 1819
2525 564 1813
2526 341 709
2527 2117 1494
2528 147 1726
2529 482 211
2530 1054 109
2531 2558 1841
2532 2598 1387
2533 2331 542
2534 74 224
2535 2561 359
2536 2349 2313
2537 791 1958
2538 1807 1337
2539 1084 1209
2540 624 2073
2541 560 247
2542 1901 1522
2543 1135 2622
2544 2126 1245
2545 2336 549
2546 733 2304
2547 2178 2298
2548 1469 224
2549 823 1516
2550 705 1213
2551 366 2623
2552 1097 649
2553 315 132
2554 309 669
2555 2624 3
2556 2133 696
2557 250 926
2558 2629 2398
2559 940 56
2560 2506 500
2561 536 1001
2562 89 260
2563 564 2652
2564 958 2087
2565 2626 878
2566 491 721
2567 1122 1461
2568 1950 933
2569 1984 2093
2570 2096 270
2571 1250 789
2572 1656 2425
2573 543 205
2574 2600 2548
2575 2153 307
2576 2066 2563
2577 208 1712
2578 317 768
2579 1207 2212
2580 793 2264
2581 2447 45
2582 4 76
2583 518 547
2584 1659 1049
2585 465 444
2586 996 412
2587 2149 1342
2588 158 848
2589 2663 1189
2590 1286 1041
2591 678 1847
2592 274 2317
2593 1648 1053
2594 2191 953
2595 876 1184
2596 394 2167
2597 99 435
2598 1581 1053
2599 1006 1491
2600 1816 37
2601 2275 1101
2602 1354 1814
2603 2009 1334
2604 2257 1417
2605 633 833
2606 1106 1769
2607 2555 76
2608 2442 1364
2609 1505 180
2610 910 2763
2611 2330 2671
2612 1242 1764
2613 678 102
2614 388 2506
2615 913 640
2616 1517 1052
2617 757 1052
2618 344 1090
2619 1916 1330
2620 2330 804
2621 506 473
2622 1098 140
2623 1358 631
2624 2042 2638
2625 347 1438
2626 1186 846
2627 2198 2329
2628 2319 2770
2629 483 2070
2630 1106 1365
2631 776 795
2632 734 1663
2633 1104 2258
2634 1876 266
2635 1195 417
2636 2373 208
2637 129 2042
2638 2061 1946
2639 622 1699
2640 578 1300
2641 833 2617
2642 563 234
2643 320 2267
2644 1890 1495
2645 507 433
2646 64 1755
2647 2154 2686
2648 907 1958
2649 2080 1714
2650 2688 1227
2651 2389 764
2652 1295 1574
2653 2455 1914
2654 407 118
2655 2713 2181
2656 1614 2186
2657 20 332
2658 2725 1850
2659 1935 1340
2660 692 2145
2661 281 1005
2662 1504 912
2663 1480 1787
2664 2165 2589
2665 988 1388
2666 694 2341
2667 1904 1465
2668 2250 2442
2669 2412 2444
2670 1468 2350
2671 1500 271
2672 1843 2356
2673 2023 1904
2674 2592 1508
2675 1776 480
2676 2111 1745
2677 65 78
2678 1912 1488
2679 173 1618
2680 1546 988
2681 236 2069
2682 2132 2424
2683 1548 734
2684 2116 1688
2685 1215 13
2686 628 100
2687 1990 1443
2688 2615 797
2689 1571 2771
2690 40 434
2691 2162 1924
2692 889 2026
2693 1441 2286
2694 1131 2618
2695 2274 2626
2696 1523 1482
2697 1365 2360
2698 1700 1743
2699 2558 2642
2700 832 1532
2701 2404 1951
2702 596 773
2703 99 529
2704 2375 2623
2705 864 740
2706 2269 1309
2707 1470 2055
2708 981 2506
2709 2751 1151
2710 176 516
2711 131 2187
2712 2073 32
2713 1675 2465
2714 825 423
2715 450 2630
2716 1401 2157
2717 904 685
2718 1286 508
2719 1701 1412
2720 1036 2568
2721 641 187
2722 971 2292
2723 1287 929
2724 654 71
2725 2655 2321
2726 1829 2368
2727 2019 2353
2728 1266 86
2729 1974 404
2730 330 2408
2731 1287 2409
2732 2737 1121
2733 707 771
2734 1599 271
2735 974 940
2736 388 2677
2737 1778 2121
2738 723 217
2739 442 1503
2740 650 694
2741 2730 2102
2742 517 727
2743 1742 2697
2744 832 688
2745 1608 1358
2746 617 198
2747 2042 207
2748 843 2694
2749 380 1802
2750 423 2064
2751 2466 817
2752 2097 2366
2753 913 2585
2754 2123 110
2755 2571 468
2756 396 1979
2757 2500 2780
2758 1364 2493
2759 873 2498
2760 1185 1034
2761 64 2763
2762 477 229
2763 890 1117
2764 1351 181
2765 1588 2189
2766 2375 2601
2767 1814 1271
2768 362 18
2769 1559 2596
2770 973 1296
2771 1213 788
2772 2384 1270
2773 620 1674
2774 1142 2709
2775 2420 2340
2776 1431 2659
2777 1516 281
2778 1470 865
2779 1820 1006
2780 2017 345
