4570 4570
1 3146 2053
2 3394 284
3 4312 2444
4 1712 4376
5 970 4221
6 1155 1076
7 4138 2632
8 157 1369
9 761 238
10 1029 379
11 1082 2940
12 1170 798
13 2800 2035
14 451 1279
15 3426 595
16 251 1444
17 742 2053
18 4258 995
19 4140 3273
20 205 4103
21 448 2126
22 2669 2793
23 2438 128
24 2983 1642
25 1769 4232
26 1394 230
27 2886 4237
28 1927 1011
29 2621 1093
30 4109 273
31 3235 2065
32 3866 1660
33 1903 3314
34 4179 577
35 3280 2550
36 2819 2112
37 473 842
38 4305 2405
39 2347 3215
40 465 378
41 3708 2081
42 3503 4566
43 389 196
44 186 4057
45 4127 2768
46 4331 898
47 2894 558
48 2188 826
49 4293 2849
50 2813 3688
51 4210 2497
52 3496 1237
53 4522 4162
54 2977 4432
55 4531 587
56 3506 2810
57 1304 1075
58 2818 1550
59 4434 1591
60 3809 2909
61 3719 2412
62 2639 3764
63 2634 2117
64 641 101
65 4268 3738
66 2903 371
67 169 368
68 386 2191
69 1149 1331
70 3259 1786
71 2657 3388
72 575 3688
73 3241 85
74 1780 2064
75 4373 519
76 4346 1449
77 3398 3779
78 3645 116
79 256 3928
80 3509 3089
81 4557 639
82 4255 956
83 2588 604
84 515 2784
85 2003 2151
86 1439 864
87 4009 2526
88 1174 1760
89 1720 256
90 575 1495
91 3176 831
92 4463 3667
93 836 1426
94 3675 3140
95 1831 544
96 1881 1352
97 3564 1186
98 4417 3390
99 628 2676
100 2963 1035
101 701 1198
102 3021 249
103 4305 3781
104 3064 2015
105 2126 4233
106 4032 4145
107 1386 3745
108 3447 3070
109 79 546
110 2146 4401
111 4195 4398
112 1747 4163
113 2272 2256
114 2569 3159
115 2420 2645
116 3435 1204
117 2578 2131
118 2890 1313
119 4512 1836
120 2187 2747
121 4057 1669
122 1111 3486
123 229 1622
124 4114 958
125 2406 4040
126 104 3699
127 977 1564
128 1932 393
129 1133 4560
130 1759 2323
131 4522 2977
132 1161 853
133 3299 965
134 1352 2960
135 3175 118
136 249 903
137 1233 3552
138 4379 4141
139 1516 3244
140 2112 1076
141 3215 2594
142 1688 4394
143 201 2903
144 3233 2652
145 3181 1164
146 4333 1259
147 3400 1174
148 1917 771
149 4121 562
150 3362 856
151 198 1654
152 1706 449
153 3665 1754
154 2168 4476
155 160 956
156 3423 1256
157 483 2106
158 2751 481
159 1338 4388
160 3846 2466
161 995 4138
162 4351 3907
163 2233 3478
164 4307 3414
165 3535 713
166 3255 1811
167 3075 3726
168 3846 3223
169 3329 1898
170 2627 2629
171 3812 409
172 3847 994
173 2353 52
174 2233 214
175 750 39
176 151 3627
177 4228 406
178 4312 1824
179 3327 2021
180 4341 1529
181 1055 3483
182 788 2589
183 51 3218
184 2137 1358
185 3142 4199
186 1826 301
187 4085 3069
188 378 3013
189 4280 752
190 4502 243
191 1510 2537
192 4207 2552
193 4494 461
194 2218 830
195 3545 695
196 776 230
197 1788 962
198 1142 2742
199 2904 409
200 3159 1586
201 143 2009
202 4274 2080
203 3095 2319
204 344 4119
205 1189 1666
206 289 1560
207 1251 535
208 3403 1121
209 2017 3363
210 4513 1165
211 1894 755
212 1925 169
213 1170 3561
214 2673 3147
215 4259 4318
216 198 1709
217 853 97
218 843 1626
219 2863 4175
220 2448 2786
221 501 971
222 1695 3372
223 4317 4361
224 3827 3656
225 1158 530
226 4003 1386
227 2633 3740
228 1352 2989
229 2567 3351
230 796 661
231 4232 717
232 3779 419
233 4359 3950
234 765 3070
235 2983 448
236 4250 711
237 4537 2914
238 384 3980
239 469 3430
240 1382 204
241 3411 3159
242 2714 1279
243 2247 3205
244 716 1304
245 3460 2264
246 2378 1833
247 513 1623
248 532 4201
249 172 2274
250 3426 1952
251 2179 3941
252 3049 3595
253 3709 4098
254 2483 4470
255 2225 369
256 3084 759
257 1473 315
258 3522 1277
259 1695 3004
260 537 2426
261 124 1495
262 3767 3065
263 612 373
264 4148 4486
265 3137 540
266 3722 4279
267 3646 1876
268 1908 3541
269 1606 3403
270 4376 2686
271 2174 520
272 4211 4050
273 4235 3176
274 1701 2268
275 4080 1925
276 1071 846
277 1229 1400
278 2064 2864
279 4265 2840
280 4426 3512
281 4036 4159
282 414 567
283 2031 3928
284 2067 1220
285 607 1208
286 2425 1592
287 3408 3479
288 2013 3671
289 316 3804
290 280 4228
291 3270 2249
292 754 2644
293 525 1602
294 573 4082
295 1975 786
296 2274 3727
297 2258 1761
298 2257 936
299 3355 1870
300 2172 1311
301 1779 2401
302 2306 3923
303 562 1541
304 282 4020
305 1433 1108
306 808 1560
307 4414 2745
308 2230 4188
309 4163 1660
310 3452 977
311 1651 3081
312 4368 3121
313 551 3311
314 4375 3905
315 4313 10
316 1282 239
317 4201 2775
318 533 34
319 1111 2645
320 1768 2804
321 2823 842
322 3357 2926
323 4207 2564
324 3309 3517
325 2593 3414
326 4239 1292
327 3428 1470
328 3407 4463
329 354 434
330 409 1638
331 3057 4495
332 4318 3001
333 2626 1851
334 600 2123
335 182 2860
336 497 2509
337 4541 1116
338 488 3828
339 4498 1235
340 2995 1115
341 220 1059
342 341 1165
343 2776 2470
344 869 2274
345 4129 742
346 3135 1336
347 3675 1334
348 576 1776
349 2751 653
350 729 1644
351 1950 2424
352 1608 1940
353 3873 764
354 3119 4110
355 3252 3918
356 3043 2245
357 2474 3221
358 4504 4090
359 4210 44
360 2537 424
361 3208 413
362 1777 1613
363 1022 447
364 2713 1884
365 1377 3256
366 3789 2755
367 4369 1959
368 1611 1573
369 2920 115
370 852 1151
371 574 3221
372 1829 3145
373 2101 4079
374 577 1957
375 4471 1468
376 903 4451
377 2099 916
378 3915 851
379 2012 3773
380 1731 2729
381 901 746
382 2804 2579
383 4520 909
384 4241 2868
385 1017 2554
386 965 1244
387 1825 1273
388 1261 259
389 3562 1544
390 4474 137
391 3996 1369
392 346 3281
393 3325 646
394 3495 3333
395 2768 1376
396 3536 813
397 173 3210
398 17 1028
399 2406 2110
400 815 3608
401 1535 2265
402 3908 535
403 3811 1261
404 3659 64
405 96 375
406 196 4553
407 2352 1655
408 3426 3551
409 3524 276
410 2901 181
411 2335 3541
412 3852 1209
413 3636 2493
414 2317 894
415 1726 3434
416 4357 229
417 1287 1060
418 4082 1068
419 3243 2961
420 1165 106
421 2005 2256
422 3807 3397
423 2803 2285
424 965 1415
425 3473 1196
426 802 3583
427 1218 4105
428 375 743
429 3827 1759
430 2178 3188
431 4530 1575
432 211 4545
433 1900 691
434 2865 1645
435 531 404
436 1599 2613
437 1559 2789
438 3253 2913
439 2392 1258
440 2481 3053
441 1081 2506
442 4302 1968
443 3524 1082
444 357 4031
445 1889 3435
446 2072 1107
447 2080 1967
448 2332 1159
449 1457 1393
450 158 839
451 4354 931
452 1047 1660
453 1193 2085
454 263 1533
455 305 1528
456 4297 1148
457 3742 4024
458 1526 1042
459 1889 1225
460 2424 2192
461 769 3082
462 2988 2111
463 3042 1288
464 5 2987
465 4412 3344
466 4300 1567
467 1904 1568
468 1356 576
469 573 1755
470 1990 2030
471 983 1856
472 2371 3759
473 3832 3273
474 3525 931
475 4022 1750
476 270 3957
477 644 4566
478 2977 1274
479 1502 2622
480 3548 3315
481 976 636
482 3187 3503
483 3129 3513
484 3331 3677
485 2624 1892
486 4192 3938
487 1868 2842
488 762 2336
489 3887 3845
490 3921 3870
491 3051 2490
492 258 768
493 1939 1098
494 2405 1029
495 3607 1069
496 64 4004
497 2221 3348
498 3755 1523
499 4171 2219
500 4404 903
501 699 1754
502 3478 1211
503 3321 119
504 152 1467
505 3677 1690
506 208 3503
507 374 642
508 802 3233
509 754 1873
510 2489 2122
511 143 2711
512 3813 2456
513 1186 1663
514 2414 1749
515 2541 1880
516 184 1462
517 549 4432
518 1882 2844
519 263 4186
520 182 606
521 3997 4174
522 2107 2385
523 1082 2827
524 3070 3893
525 338 2319
526 731 2737
527 3873 1853
528 3607 1630
529 1073 4085
530 1682 3170
531 4013 1720
532 1963 2520
533 589 25
534 736 878
535 1230 3753
536 1684 3107
537 1316 326
538 3469 3624
539 2496 3111
540 1058 3762
541 3410 918
542 3071 928
543 3061 3002
544 3162 30
545 759 780
546 2692 2314
547 4351 4361
548 155 2910
549 257 2981
550 670 3853
551 2411 3177
552 2118 4174
553 2269 4300
554 4252 956
555 3393 514
556 656 1050
557 779 665
558 4051 548
559 4159 2680
560 582 936
561 2481 3249
562 2763 2381
563 2241 2884
564 1634 1677
565 3806 2604
566 1612 4131
567 4472 289
568 3247 681
569 2360 534
570 3029 144
571 2364 1239
572 3596 3996
573 2560 3037
574 1401 2988
575 1268 808
576 4305 159
577 1817 83
578 2405 3234
579 840 3683
580 759 3325
581 4360 1851
582 1330 2989
583 1082 107
584 1902 1084
585 352 2388
586 3700 3610
587 235 397
588 2210 438
589 1610 1093
590 4303 1048
591 2889 695
592 1113 1303
593 2272 431
594 3659 3827
595 882 1281
596 2998 2650
597 3652 2161
598 2918 2253
599 303 1224
600 1 4135
601 1382 1089
602 4213 3727
603 4546 4173
604 3731 492
605 174 3097
606 3735 1788
607 602 687
608 375 499
609 2250 1228
610 1059 2885
611 671 1275
612 4418 1463
613 1424 1125
614 4296 4299
615 3198 1735
616 4445 4124
617 233 3074
618 258 227
619 1352 2311
620 2877 1457
621 3075 2092
622 670 2122
623 4175 3299
624 2733 1675
625 2736 908
626 2925 1922
627 751 3518
628 723 3246
629 677 3955
630 3362 3691
631 3834 2450
632 480 1680
633 1756 4122
634 2089 292
635 241 3216
636 2464 63
637 896 3989
638 3738 1847
639 4225 1509
640 2442 3617
641 4182 959
642 3165 1540
643 695 558
644 4078 1769
645 2424 1321
646 2759 2348
647 1530 2225
648 508 556
649 2783 4525
650 978 3975
651 788 4197
652 2709 834
653 3523 256
654 4146 3549
655 2650 3844
656 1077 2212
657 4271 1256
658 3348 560
659 1539 4385
660 1975 1613
661 338 1433
662 535 4297
663 1541 3311
664 3637 2482
665 1849 2281
666 1983 502
667 3934 2944
668 456 821
669 571 580
670 1539 1220
671 475 2485
672 1404 4154
673 1712 2490
674 2880 3700
675 3448 2961
676 2940 2220
677 1272 3301
678 944 4196
679 1442 3767
680 2585 3170
681 2404 1457
682 320 1721
683 2162 2097
684 4437 4093
685 3975 3215
686 205 101
687 1647 592
688 4373 2637
689 807 2962
690 3482 1739
691 2602 1350
692 2202 130
693 3962 3645
694 728 2601
695 3966 4270
696 2738 101
697 4256 3046
698 1200 193
699 3809 9
700 3282 4232
701 3842 4122
702 720 634
703 1655 1706
704 3763 884
705 754 1010
706 3158 1275
707 1212 1208
708 3088 4246
709 4375 1459
710 2737 4410
711 2611 1305
712 3772 7
713 3760 1178
714 767 4298
715 1851 3093
716 528 3392
717 1223 3772
718 1399 2254
719 368 4398
720 3687 775
721 322 266
722 4559 1770
723 2855 4470
724 982 2291
725 3296 247
726 1532 4374
727 2934 3892
728 1307 3704
729 4329 3636
730 2829 112
731 2101 4335
732 2461 3839
733 2761 343
734 1411 1934
735 671 4508
736 3427 4396
737 757 510
738 4283 1003
739 1872 2855
740 3155 478
741 3310 2001
742 2446 908
743 482 2373
744 2076 2299
745 1254 3753
746 2126 128
747 1917 3228
748 3630 3478
749 1637 3429
750 782 1767
751 3703 4382
752 1900 4030
753 1318 3796
754 1342 1872
755 96 2072
756 571 558
757 3458 1068
758 2431 3574
759 2860 3417
760 3307 2280
761 2330 3167
762 3396 4456
763 3037 1879
764 4345 1885
765 1973 1273
766 2625 2059
767 688 4413
768 2330 530
769 2286 748
770 848 920
771 3056 4419
772 654 706
773 2247 101
774 2402 1190
775 3093 361
776 2745 3437
777 327 2001
778 1531 45
779 3308 1221
780 3877 1856
781 3566 338
782 990 1432
783 159 3038
784 3787 4102
785 398 210
786 409 2147
787 3937 2657
788 2103 3775
789 1544 2569
790 239 626
791 1694 4425
792 3121 425
793 3529 1874
794 643 1039
795 4281 2564
796 3469 4066
797 1891 1003
798 4491 2074
799 2973 632
800 4299 1432
801 219 368
802 720 3973
803 1955 1300
804 2579 2910
805 2682 1966
806 3038 940
807 2876 2804
808 774 2498
809 3743 556
810 4139 56
811 4295 1476
812 985 3273
813 1127 573
814 1982 2927
815 3765 3198
816 3866 3048
817 2868 3924
818 317 801
819 3037 4469
820 1709 2844
821 2672 1646
822 1247 3975
823 3853 4365
824 3155 61
825 1383 3442
826 2571 3199
827 3157 1487
828 1613 472
829 3367 2422
830 673 2709
831 3884 396
832 2904 1306
833 1248 4477
834 3840 2071
835 1544 2171
836 1874 3171
837 1882 434
838 2892 750
839 1744 76
840 1410 4248
841 3234 2935
842 2512 3410
843 1255 2713
844 4148 4454
845 3364 1504
846 266 1462
847 3027 2782
848 1565 2485
849 762 2376
850 3072 2507
851 881 1522
852 1300 3597
853 147 1665
854 31 335
855 1160 1802
856 3142 1993
857 3397 1299
858 16 3320
859 4233 986
860 4010 4384
861 1467 398
862 1997 2795
863 2355 679
864 418 1598
865 2488 2578
866 4363 3509
867 3583 1653
868 2519 4038
869 2120 4048
870 65 1654
871 1268 3506
872 3438 181
873 1565 3074
874 1030 1543
875 1598 197
876 3160 1788
877 603 1623
878 372 2503
879 3613 3846
880 4335 4469
881 165 65
882 4218 122
883 1393 2756
884 3132 1507
885 2100 982
886 2884 1166
887 3379 1768
888 916 3572
889 2249 2145
890 980 1031
891 264 729
892 2520 2876
893 1614 1614
894 1350 1504
895 3884 1809
896 327 2640
897 2267 3569
898 1456 3987
899 1130 834
900 473 1591
901 1440 1075
902 3789 453
903 4138 2688
904 3747 3426
905 4177 4491
906 2175 2275
907 924 1787
908 4203 1138
909 333 2093
910 3379 484
911 3170 3533
912 227 3034
913 3028 2707
914 3429 2888
915 2712 1408
916 2214 1626
917 1057 3737
918 2047 3879
919 3112 2051
920 1559 1032
921 3210 2423
922 2427 3203
923 4179 721
924 2377 91
925 428 1714
926 4209 2238
927 600 1539
928 335 1309
929 3828 3080
930 4538 3439
931 2850 3476
932 493 2950
933 1338 3071
934 3804 1193
935 2786 4382
936 1120 127
937 124 1901
938 405 57
939 2852 3525
940 3878 2684
941 3575 627
942 884 2428
943 2017 1661
944 4275 1695
945 947 1871
946 815 3664
947 398 1069
948 1578 207
949 3692 704
950 1576 2431
951 205 100
952 1350 88
953 2748 2025
954 2437 3338
955 3384 628
956 13 4396
957 1777 2034
958 446 4170
959 236 974
960 3152 1727
961 3164 92
962 2079 2136
963 3257 750
964 3107 3418
965 637 3652
966 2439 1454
967 4473 4309
968 1586 1178
969 3988 2613
970 1996 4264
971 2203 3353
972 4 3929
973 3329 3735
974 3105 1989
975 3148 3737
976 4531 610
977 4236 1715
978 2956 1772
979 953 1101
980 1582 745
981 198 4385
982 2853 1816
983 971 2064
984 1578 2320
985 787 1965
986 2546 4517
987 3226 3569
988 4450 2430
989 2283 2790
990 3123 2339
991 268 880
992 3464 773
993 502 2388
994 3499 3802
995 3434 1765
996 3156 2530
997 3845 664
998 129 1491
999 852 3880
1000 2371 1087
1001 1032 2119
1002 3741 206
1003 3373 1884
1004 655 4273
1005 4410 4561
1006 863 66
1007 1535 438
1008 3098 4074
1009 1478 4505
1010 3837 1546
1011 4508 3540
1012 4481 1048
1013 1818 3999
1014 17 562
1015 685 1599
1016 78 512
1017 3715 581
1018 835 241
1019 4042 3082
1020 4538 2564
1021 2018 744
1022 2113 487
1023 3861 3920
1024 3205 4123
1025 979 1364
1026 3395 348
1027 3242 2261
1028 1167 3950
1029 1424 2990
1030 3772 2675
1031 739 3386
1032 1921 48
1033 489 3159
1034 2774 1051
1035 1184 1629
1036 4331 1998
1037 1372 476
1038 4375 1786
1039 173 284
1040 181 1548
1041 1430 691
1042 896 753
1043 62 165
1044 714 42
1045 1078 4463
1046 3588 3664
1047 1867 285
1048 374 3829
1049 2312 4231
1050 2631 1952
1051 1260 1509
1052 3952 1353
1053 2176 1462
1054 2893 1238
1055 3142 162
1056 76 2531
1057 3264 1012
1058 490 67
1059 1428 652
1060 2676 1866
1061 4010 1571
1062 94 4482
1063 3372 3459
1064 2033 1711
1065 1331 449
1066 2695 2028
1067 3047 3978
1068 3161 1853
1069 3601 2903
1070 4461 2699
1071 3951 79
1072 216 3452
1073 2592 119
1074 1830 3726
1075 677 595
1076 3231 3897
1077 1541 343
1078 3136 1287
1079 4364 3155
1080 302 484
1081 2190 2115
1082 3000 138
1083 2122 1530
1084 4472 1820
1085 1274 1707
1086 3697 4543
1087 2831 2966
1088 2913 897
1089 339 1091
1090 3868 4009
1091 191 2597
1092 2863 1499
1093 505 719
1094 4357 701
1095 3858 599
1096 373 4035
1097 4430 517
1098 1417 1816
1099 1547 747
1100 214 563
1101 3318 72
1102 2977 3363
1103 2153 3774
1104 1075 3040
1105 12 3159
1106 284 3662
1107 701 1956
1108 2472 2400
1109 1857 3364
1110 43 3773
1111 4568 411
1112 372 419
1113 4048 592
1114 2700 1671
1115 4292 1691
1116 1412 519
1117 2838 1695
1118 863 93
1119 3418 1623
1120 4071 2223
1121 15 4036
1122 3114 1410
1123 2068 3494
1124 1917 50
1125 769 2073
1126 3283 4516
1127 2989 8
1128 296 750
1129 2633 415
1130 3317 213
1131 3316 3245
1132 4342 2098
1133 3102 2629
1134 3675 3899
1135 3462 2823
1136 3403 1593
1137 1331 2156
1138 3176 323
1139 2502 937
1140 1470 2498
1141 1798 506
1142 2155 4302
1143 3105 2436
1144 2213 1766
1145 4356 3348
1146 4382 54
1147 2081 104
1148 1901 1252
1149 39 2760
1150 1766 1548
1151 484 4144
1152 2466 3729
1153 4413 2799
1154 1962 3239
1155 3910 2877
1156 364 3517
1157 4401 26
1158 4552 2813
1159 3458 1979
1160 2481 1193
1161 2158 1324
1162 1737 1247
1163 3954 273
1164 2669 949
1165 3535 4153
1166 3842 3307
1167 952 1956
1168 2057 726
1169 1596 1270
1170 3374 1395
1171 1980 2246
1172 4374 3117
1173 2252 3495
1174 1716 4077
1175 938 2445
1176 986 3772
1177 2259 1478
1178 4232 2158
1179 3070 4456
1180 474 3588
1181 3207 549
1182 1965 2392
1183 3657 1375
1184 1150 56
1185 1507 2830
1186 694 3301
1187 669 716
1188 2186 4532
1189 2980 1564
1190 2471 1972
1191 1486 4129
1192 364 1427
1193 1202 3308
1194 278 147
1195 3288 805
1196 3270 306
1197 2627 2356
1198 4215 4043
1199 1071 991
1200 695 3274
1201 3877 2766
1202 990 514
1203 1505 3351
1204 4298 510
1205 751 3882
1206 2003 1624
1207 4040 902
1208 653 4568
1209 1129 4015
1210 1889 3041
1211 13 2939
1212 3481 2966
1213 4056 1743
1214 472 3354
1215 3171 4342
1216 2055 4466
1217 3337 2430
1218 1489 3424
1219 2129 1111
1220 4119 4524
1221 4466 4095
1222 148 2585
1223 1320 1402
1224 1529 2426
1225 634 743
1226 1420 3954
1227 4501 2783
1228 851 3023
1229 961 2973
1230 524 539
1231 1464 862
1232 2537 938
1233 3223 884
1234 1047 3131
1235 770 4392
1236 2378 4298
1237 1977 3474
1238 606 1940
1239 4234 941
1240 3182 387
1241 112 2053
1242 2678 3450
1243 1271 4020
1244 1667 4302
1245 3778 1210
1246 2765 931
1247 1072 879
1248 4437 3141
1249 4004 3256
1250 836 1206
1251 2465 242
1252 1001 694
1253 4231 1674
1254 2587 338
1255 2977 4349
1256 3205 2490
1257 3220 1278
1258 403 1090
1259 2849 3806
1260 4267 3930
1261 1116 4493
1262 1870 2053
1263 896 1389
1264 3658 343
1265 1924 1682
1266 2878 547
1267 2143 2055
1268 869 1593
1269 1907 2961
1270 26 4328
1271 1366 3804
1272 4174 1512
1273 247 56
1274 111 4568
1275 375 459
1276 1380 1480
1277 889 1841
1278 1731 1199
1279 522 2008
1280 1090 2538
1281 280 1274
1282 135 3045
1283 2319 2988
1284 3280 3610
1285 2652 2403
1286 2201 1950
1287 784 3342
1288 2279 3372
1289 690 3080
1290 4279 1611
1291 3072 259
1292 639 529
1293 4452 3510
1294 968 783
1295 3915 2729
1296 2707 94
1297 378 958
1298 3921 3560
1299 1526 2608
1300 3920 1239
1301 2985 1137
1302 2422 74
1303 1748 3487
1304 1804 388
1305 1457 2829
1306 4084 1793
1307 337 4516
1308 3284 973
1309 2709 2294
1310 2847 2213
1311 2791 3149
1312 411 3326
1313 4548 4268
1314 1224 3526
1315 1994 2416
1316 447 1334
1317 4239 1796
1318 3993 1549
1319 106 1349
1320 2883 3370
1321 1159 2421
1322 3714 3080
1323 3441 2672
1324 1835 2140
1325 2075 3084
1326 2348 640
1327 147 130
1328 3342 3703
1329 1654 196
1330 3511 4250
1331 510 2738
1332 1631 4058
1333 411 1707
1334 1154 1414
1335 1434 450
1336 3826 2726
1337 989 1125
1338 526 879
1339 3051 591
1340 3033 1233
1341 2407 891
1342 555 3921
1343 3458 1615
1344 3554 487
1345 647 3635
1346 1712 3698
1347 1353 1168
1348 3726 3657
1349 4023 1151
1350 1931 2063
1351 3631 1676
1352 349 447
1353 3940 1261
1354 4206 2620
1355 333 625
1356 4117 1696
1357 2250 4380
1358 2518 1404
1359 2503 4447
1360 1199 2970
1361 801 2780
1362 2877 2720
1363 4136 1807
1364 1945 615
1365 1200 3464
1366 2952 4204
1367 1389 2401
1368 55 970
1369 4113 526
1370 3902 1794
1371 3945 162
1372 1287 2609
1373 2731 1640
1374 333 3601
1375 3013 3520
1376 1416 818
1377 180 2588
1378 1880 1938
1379 698 2230
1380 2610 3988
1381 1943 548
1382 4033 2969
1383 3793 1939
1384 3379 2040
1385 423 3457
1386 2548 807
1387 380 2315
1388 1852 3945
1389 652 539
1390 1438 960
1391 2164 231
1392 3729 630
1393 109 2611
1394 575 1745
1395 1062 3407
1396 4100 1649
1397 4343 1750
1398 1955 3958
1399 2236 661
1400 3591 55
1401 1951 3940
1402 3154 375
1403 344 2897
1404 606 4330
1405 2978 2081
1406 3430 2758
1407 829 1608
1408 497 3092
1409 700 885
1410 114 72
1411 4463 1341
1412 2974 3755
1413 2169 3523
1414 4268 1846
1415 3281 1654
1416 4292 4554
1417 2854 3384
1418 4236 1669
1419 4530 2669
1420 4233 1043
1421 197 2643
1422 965 1323
1423 566 2906
1424 2775 1414
1425 4546 2293
1426 3961 1427
1427 123 1553
1428 3108 2295
1429 3922 4499
1430 3336 4112
1431 1147 3715
1432 3472 2341
1433 4343 4017
1434 4386 1937
1435 4399 439
1436 3887 2174
1437 546 1654
1438 3169 3239
1439 3521 438
1440 3849 1173
1441 876 3296
1442 488 270
1443 2255 2263
1444 4228 3952
1445 849 3351
1446 2291 2740
1447 3668 3008
1448 1093 2498
1449 1846 1106
1450 716 435
1451 2692 1521
1452 1056 2309
1453 353 42
1454 280 1155
1455 3379 2372
1456 439 1250
1457 3472 299
1458 2452 3765
1459 3685 3628
1460 1222 3373
1461 4278 2484
1462 2011 182
1463 2539 2105
1464 2882 3624
1465 3968 3666
1466 1111 2316
1467 502 2372
1468 756 719
1469 2318 3248
1470 1576 1200
1471 543 3449
1472 4264 3753
1473 2053 4232
1474 2167 567
1475 840 2293
1476 3108 2217
1477 1376 3566
1478 432 3232
1479 3072 945
1480 4381 2193
1481 2838 2376
1482 2833 354
1483 3397 1383
1484 3071 676
1485 245 2263
1486 1239 2472
1487 3678 4136
1488 3053 2536
1489 295 9
1490 2624 3511
1491 2304 4424
1492 3371 19
1493 1727 2860
1494 3932 1731
1495 3582 4317
1496 1551 917
1497 4539 106
1498 4002 3815
1499 1584 341
1500 3252 4106
1501 1899 1731
1502 337 3059
1503 2303 4503
1504 1776 2362
1505 2899 2336
1506 84 3131
1507 3536 2858
1508 2817 318
1509 675 459
1510 4474 2797
1511 2289 1446
1512 3798 2717
1513 3248 3464
1514 1254 1224
1515 1123 3646
1516 2311 1670
1517 118 3224
1518 3803 3158
1519 2562 3444
1520 2802 1979
1521 2657 3689
1522 3035 4221
1523 3695 2964
1524 3445 2972
1525 2167 1747
1526 3237 1940
1527 4124 1672
1528 1887 1489
1529 3304 816
1530 2001 3727
1531 4189 2372
1532 221 3202
1533 3934 3007
1534 701 1181
1535 4381 3248
1536 1333 1123
1537 1746 2714
1538 1765 1429
1539 1845 2810
1540 867 2701
1541 582 3689
1542 2257 3585
1543 4008 231
1544 26 4267
1545 932 2540
1546 3031 1725
1547 610 903
1548 1163 1240
1549 2110 300
1550 687 1438
1551 2246 1234
1552 669 1976
1553 1813 1011
1554 1123 4440
1555 2983 1622
1556 1804 2018
1557 2694 953
1558 1309 2787
1559 1337 1877
1560 3621 3810
1561 964 3014
1562 1212 1340
1563 3747 2445
1564 689 2925
1565 3490 3501
1566 4352 1205
1567 2698 3465
1568 3748 3817
1569 277 4010
1570 3700 2198
1571 3651 3577
1572 1240 4328
1573 3371 4198
1574 2579 502
1575 1439 4060
1576 1766 2906
1577 1671 2681
1578 2625 2434
1579 907 4462
1580 3133 4132
1581 2675 1118
1582 213 543
1583 2271 1116
1584 4104 3803
1585 833 4155
1586 12 3153
1587 2534 200
1588 702 3328
1589 3076 1947
1590 1425 2802
1591 4205 822
1592 19 2218
1593 2350 470
1594 4288 3866
1595 2152 3240
1596 1865 949
1597 1418 3768
1598 1165 65
1599 1195 3245
1600 1035 3092
1601 614 2969
1602 2720 1918
1603 2014 2456
1604 3686 506
1605 3295 1728
1606 3977 268
1607 1065 3307
1608 558 2622
1609 2542 3612
1610 2516 1252
1611 2183 791
1612 2927 268
1613 160 717
1614 3459 1712
1615 1842 232
1616 381 718
1617 3127 1239
1618 2490 4253
1619 2044 1851
1620 4287 2034
1621 1189 1966
1622 398 1630
1623 1540 2423
1624 4523 1310
1625 3592 4113
1626 3621 4467
1627 3192 2525
1628 3634 735
1629 2702 232
1630 4199 4179
1631 1141 3354
1632 1593 2731
1633 1428 1248
1634 662 521
1635 4041 3208
1636 29 2142
1637 1070 3265
1638 1538 3138
1639 3679 3172
1640 4327 4049
1641 1741 48
1642 3292 4103
1643 2708 1977
1644 4052 1202
1645 3950 3714
1646 2801 3605
1647 498 1416
1648 743 3138
1649 1848 652
1650 1764 1376
1651 89 250
1652 1883 4308
1653 1372 922
1654 2282 3926
1655 2327 1793
1656 1260 3785
1657 1160 3919
1658 1865 1994
1659 4193 3760
1660 2427 2969
1661 3625 4146
1662 3328 4357
1663 2684 328
1664 2004 729
1665 270 161
1666 3496 2850
1667 1235 1573
1668 3731 1528
1669 3882 1648
1670 2939 1343
1671 4387 157
1672 820 2814
1673 916 3088
1674 1309 4319
1675 2652 613
1676 3547 644
1677 3251 1354
1678 2332 656
1679 1235 1811
1680 1603 528
1681 3517 1206
1682 620 2986
1683 153 3898
1684 2987 3728
1685 721 2957
1686 3113 194
1687 2960 2069
1688 3671 529
1689 324 123
1690 1332 3318
1691 582 3936
1692 3476 1195
1693 30 1236
1694 4028 3999
1695 1746 1060
1696 3085 90
1697 380 2922
1698 3920 2710
1699 3036 535
1700 2047 1211
1701 295 70
1702 2487 3499
1703 3205 241
1704 2531 3342
1705 1278 3659
1706 1721 2477
1707 1064 1881
1708 3362 3344
1709 2101 1268
1710 3567 2124
1711 3594 1235
1712 1271 1748
1713 4300 4388
1714 2185 2719
1715 36 1899
1716 713 3448
1717 562 2636
1718 1598 2674
1719 271 697
1720 452 2605
1721 2125 980
1722 3116 3497
1723 1837 2719
1724 199 2227
1725 353 1978
1726 4536 3057
1727 2268 1307
1728 639 4158
1729 3102 150
1730 2557 2707
1731 948 2739
1732 3867 1065
1733 2061 509
1734 4071 3395
1735 4380 2938
1736 222 1259
1737 682 4496
1738 1664 1048
1739 3461 3723
1740 1315 2235
1741 403 48
1742 2236 3997
1743 2207 4417
1744 4523 834
1745 801 1424
1746 3117 678
1747 987 2755
1748 767 1618
1749 1006 3322
1750 3689 4205
1751 3587 3829
1752 1253 897
1753 1914 3710
1754 1169 3278
1755 3387 1672
1756 3856 3397
1757 2772 2796
1758 409 361
1759 948 2613
1760 3065 1449
1761 1758 4198
1762 1244 1217
1763 2856 1249
1764 4032 4416
1765 760 1590
1766 1218 4297
1767 2579 1296
1768 3374 991
1769 1894 1095
1770 945 608
1771 1987 2182
1772 3149 2065
1773 1416 756
1774 2870 2604
1775 1186 2034
1776 530 4411
1777 4453 2164
1778 3531 2652
1779 3818 140
1780 56 4407
1781 3378 357
1782 511 3315
1783 4391 4342
1784 2355 3455
1785 1509 2859
1786 1156 3066
1787 2554 460
1788 282 3159
1789 457 452
1790 4371 3448
1791 1729 3071
1792 3934 656
1793 3819 2670
1794 2937 3082
1795 262 1725
1796 55 2777
1797 561 2276
1798 3164 3787
1799 2048 3970
1800 3526 3512
1801 4228 4555
1802 2046 615
1803 2938 4339
1804 2111 4130
1805 4264 4555
1806 3531 737
1807 3526 370
1808 3985 4180
1809 1163 1628
1810 84 381
1811 639 2557
1812 3507 3157
1813 204 898
1814 251 4221
1815 4425 3816
1816 475 386
1817 833 3232
1818 1598 3607
1819 3908 645
1820 1514 1860
1821 727 4304
1822 2840 2785
1823 2085 1889
1824 2503 4004
1825 3384 1794
1826 1793 3665
1827 2609 2581
1828 3500 2487
1829 1405 3427
1830 4216 2119
1831 2803 4007
1832 4032 3331
1833 3645 2008
1834 3997 90
1835 15 2444
1836 929 4039
1837 53 796
1838 2625 1630
1839 406 1479
1840 3280 2973
1841 3141 2078
1842 1251 1211
1843 2181 2901
1844 442 2483
1845 1173 285
1846 3173 880
1847 4314 478
1848 2589 3531
1849 924 151
1850 4367 737
1851 3995 337
1852 970 3301
1853 2099 1975
1854 179 2116
1855 612 1731
1856 4496 349
1857 1020 3663
1858 2322 3237
1859 620 1889
1860 3519 406
1861 2890 4007
1862 2134 663
1863 4521 921
1864 1002 1421
1865 4028 3776
1866 919 3060
1867 3305 2801
1868 4227 3865
1869 1619 4351
1870 2786 3507
1871 3182 4062
1872 3970 2410
1873 1644 3106
1874 2915 4467
1875 4345 2090
1876 4151 2088
1877 3379 2662
1878 1519 620
1879 450 4269
1880 2304 3775
1881 1706 2992
1882 1859 4342
1883 2811 2654
1884 2327 4036
1885 2751 3599
1886 4099 272
1887 3148 3362
1888 32 2614
1889 743 794
1890 4030 953
1891 2181 1079
1892 3315 2874
1893 1944 1085
1894 1144 4245
1895 3425 693
1896 3139 2209
1897 4351 2340
1898 981 183
1899 1160 2232
1900 2580 3786
1901 3078 3794
1902 2416 2694
1903 3034 1031
1904 4363 3768
1905 2754 1627
1906 1395 3006
1907 4151 1382
1908 3957 4350
1909 1246 2592
1910 3138 4205
1911 1821 4275
1912 3580 3039
1913 1205 2509
1914 1295 1119
1915 696 1915
1916 3571 2519
1917 424 592
1918 681 1773
1919 4493 305
1920 182 431
1921 107 3641
1922 732 2431
1923 350 2794
1924 3414 2182
1925 402 4319
1926 563 1304
1927 2205 2836
1928 1203 1319
1929 136 2673
1930 1317 3071
1931 3668 3245
1932 4402 529
1933 3558 1066
1934 359 3543
1935 2957 4020
1936 3889 1082
1937 2299 1801
1938 1713 1500
1939 2849 918
1940 217 2847
1941 3343 2662
1942 270 684
1943 2585 2076
1944 1581 2908
1945 3133 3504
1946 4209 1731
1947 3773 459
1948 18 3667
1949 2435 3089
1950 3766 103
1951 1347 908
1952 4204 598
1953 795 1708
1954 1073 2257
1955 3014 101
1956 4006 99
1957 538 83
1958 3838 4248
1959 1655 1176
1960 106 3179
1961 276 1825
1962 3292 147
1963 4530 1108
1964 270 396
1965 3301 3019
1966 4158 3159
1967 3270 2151
1968 2413 3212
1969 3348 1322
1970 3204 2726
1971 1252 2733
1972 4325 4527
1973 3315 3560
1974 4557 738
1975 1030 4261
1976 2505 4523
1977 170 1303
1978 322 4250
1979 3240 188
1980 1810 2918
1981 3510 3283
1982 3225 561
1983 2999 4043
1984 320 1889
1985 1915 3894
1986 4215 1480
1987 1673 3226
1988 1049 1847
1989 397 1051
1990 367 2295
1991 674 4367
1992 4320 3414
1993 4084 1757
1994 2482 2244
1995 3915 4455
1996 153 3129
1997 658 2456
1998 1959 4336
1999 841 1706
2000 3934 402
2001 950 2795
2002 3305 1436
2003 609 3175
2004 2929 3747
2005 4383 4082
2006 657 1777
2007 4248 3269
2008 1512 4120
2009 599 1487
2010 3321 3395
2011 2888 429
2012 467 621
2013 271 1390
2014 2981 422
2015 21 4349
2016 1498 1958
2017 582 480
2018 524 3046
2019 4215 3001
2020 3869 834
2021 696 1275
2022 2738 4062
2023 55 3901
2024 3487 2658
2025 2172 2531
2026 253 798
2027 1649 3207
2028 2210 544
2029 1218 2436
2030 2863 389
2031 2116 1727
2032 2968 2291
2033 1965 121
2034 572 1186
2035 2510 3503
2036 2854 2106
2037 969 2583
2038 4000 2329
2039 2166 1118
2040 1788 3620
2041 2446 1617
2042 3704 1029
2043 817 3083
2044 1563 575
2045 1154 4093
2046 2822 4206
2047 2482 697
2048 4323 359
2049 3487 4156
2050 2873 4214
2051 3698 3527
2052 3856 3061
2053 1813 2735
2054 1128 1780
2055 2488 849
2056 4415 330
2057 3772 1539
2058 2101 3629
2059 916 649
2060 2704 61
2061 1775 2567
2062 4154 3251
2063 172 3927
2064 3515 2135
2065 2999 2030
2066 2361 521
2067 2858 3855
2068 4457 3878
2069 865 3984
2070 3816 2819
2071 2652 944
2072 3064 3049
2073 1063 467
2074 2227 232
2075 819 2906
2076 411 3128
2077 2782 910
2078 2880 1605
2079 1731 2214
2080 468 3109
2081 160 1412
2082 1627 3359
2083 1880 204
2084 4211 379
2085 2910 3276
2086 3554 1051
2087 405 412
2088 539 1633
2089 2511 3414
2090 4040 1396
2091 1543 1967
2092 570 304
2093 4127 2895
2094 446 888
2095 3690 1998
2096 92 1213
2097 995 91
2098 1880 2218
2099 4019 1699
2100 852 746
2101 3063 2847
2102 2604 1774
2103 204 2432
2104 2398 1315
2105 1283 169
2106 1543 632
2107 4010 1800
2108 347 2162
2109 1436 81
2110 2166 1710
2111 1710 2421
2112 4019 2176
2113 1863 1147
2114 518 2309
2115 1739 3261
2116 3226 4136
2117 3588 1862
2118 192 2470
2119 1845 3660
2120 1680 2193
2121 3827 2533
2122 3984 2696
2123 2921 1307
2124 433 4124
2125 1277 15
2126 2735 1442
2127 2732 2225
2128 2824 2698
2129 920 3811
2130 1138 1808
2131 1119 1745
2132 2316 1553
2133 1646 1760
2134 1746 396
2135 1913 355
2136 4092 1459
2137 13 1734
2138 3185 2975
2139 1246 2105
2140 3492 3374
2141 1323 1044
2142 33 2574
2143 3687 531
2144 525 2023
2145 1918 1226
2146 2844 3232
2147 1242 1193
2148 3326 2392
2149 772 132
2150 2853 1719
2151 2252 2086
2152 2828 1088
2153 2127 1972
2154 184 2757
2155 306 3078
2156 1227 2559
2157 2606 4570
2158 1839 2798
2159 632 4425
2160 3893 2520
2161 1273 966
2162 4038 1289
2163 1096 1457
2164 1183 2551
2165 175 1412
2166 4521 1005
2167 2276 4315
2168 2969 3166
2169 2863 486
2170 665 2320
2171 3563 3488
2172 4040 1423
2173 3293 561
2174 61 355
2175 2464 759
2176 1835 2978
2177 3226 2963
2178 3198 4165
2179 1809 436
2180 1246 370
2181 868 1619
2182 1711 950
2183 526 550
2184 873 71
2185 2070 4471
2186 470 4051
2187 1452 1425
2188 3786 697
2189 1894 1000
2190 3408 3178
2191 1941 4186
2192 493 3853
2193 893 286
2194 3449 763
2195 3642 977
2196 3161 4222
2197 316 3612
2198 3948 1012
2199 3035 3738
2200 1774 336
2201 4408 2008
2202 87 968
2203 1040 2940
2204 1099 2005
2205 3970 2642
2206 3160 1469
2207 3880 1539
2208 1859 2699
2209 2900 432
2210 1863 2705
2211 1409 3974
2212 1744 617
2213 1580 3391
2214 994 417
2215 2031 1242
2216 2960 2788
2217 2632 1732
2218 80 3363
2219 2394 756
2220 1697 273
2221 3954 727
2222 2831 3482
2223 74 548
2224 3865 1850
2225 3631 4035
2226 1717 3006
2227 2765 2340
2228 1363 2818
2229 3395 1465
2230 2527 2736
2231 245 3657
2232 3691 1017
2233 2673 67
2234 312 1561
2235 141 3919
2236 1796 3572
2237 1871 1814
2238 2993 1297
2239 2736 1740
2240 3307 738
2241 3063 2532
2242 1793 4472
2243 3017 4534
2244 778 3007
2245 1731 4412
2246 3031 712
2247 1093 2898
2248 629 297
2249 3903 4075
2250 1497 3942
2251 1745 3579
2252 1141 2582
2253 2564 4138
2254 1964 4268
2255 359 574
2256 506 462
2257 3754 1108
2258 2408 3551
2259 1950 1116
2260 718 2614
2261 1939 4362
2262 2418 2809
2263 217 3415
2264 3105 666
2265 1372 245
2266 2095 3388
2267 87 3418
2268 668 1903
2269 4314 1307
2270 4261 3240
2271 1079 572
2272 3881 3111
2273 3161 4114
2274 2494 258
2275 3823 4320
2276 2328 2504
2277 1259 2528
2278 3687 2091
2279 3078 3912
2280 3361 2372
2281 289 3204
2282 2972 238
2283 3123 2149
2284 4066 2454
2285 3316 2138
2286 4560 1084
2287 783 2524
2288 3990 967
2289 542 3686
2290 3299 3617
2291 551 3911
2292 2700 639
2293 4079 842
2294 1552 537
2295 2797 3474
2296 3976 1982
2297 3101 2436
2298 3518 3742
2299 1992 1880
2300 4064 796
2301 678 3233
2302 1404 3456
2303 1293 2253
2304 2500 232
2305 4540 4158
2306 2351 254
2307 1455 631
2308 3131 2775
2309 4336 496
2310 721 2911
2311 1535 3022
2312 1917 67
2313 1800 1856
2314 3195 849
2315 2906 3543
2316 3722 3520
2317 3781 3475
2318 4111 2852
2319 4338 3544
2320 3829 413
2321 1974 2219
2322 1828 3306
2323 1276 948
2324 85 4181
2325 3897 1850
2326 2087 3929
2327 587 1622
2328 4482 3435
2329 1656 3083
2330 1545 1133
2331 2064 89
2332 3506 1380
2333 1293 3239
2334 4472 3014
2335 856 1424
2336 2213 2688
2337 521 2864
2338 2425 2834
2339 3022 1018
2340 2596 2575
2341 3318 4523
2342 2150 1870
2343 3385 3193
2344 4221 824
2345 2060 3887
2346 1975 1004
2347 3935 3807
2348 2058 3622
2349 410 2847
2350 3593 2107
2351 3762 2674
2352 4458 3871
2353 2758 1986
2354 1900 1602
2355 3480 388
2356 2710 2687
2357 386 3508
2358 2734 3927
2359 2573 3670
2360 3236 142
2361 412 522
2362 4177 3551
2363 1419 1503
2364 4566 2104
2365 2443 2658
2366 2558 3418
2367 4487 746
2368 4174 2447
2369 3144 4561
2370 322 4480
2371 1581 2000
2372 2030 2556
2373 39 641
2374 2723 1119
2375 620 2383
2376 2591 3380
2377 1941 2895
2378 1792 160
2379 1809 880
2380 4477 1822
2381 3705 1419
2382 291 1643
2383 4284 848
2384 736 2360
2385 1734 3354
2386 173 1622
2387 1508 815
2388 3350 3444
2389 1336 3053
2390 302 957
2391 1358 3613
2392 749 1267
2393 2304 337
2394 2250 3380
2395 53 100
2396 1780 4095
2397 4542 1706
2398 363 1946
2399 2758 3999
2400 58 3971
2401 1162 2543
2402 1674 3568
2403 448 2770
2404 3855 696
2405 1345 3421
2406 2093 132
2407 162 4336
2408 1160 687
2409 4208 2737
2410 900 2685
2411 3938 4516
2412 773 1311
2413 1756 2249
2414 4084 3915
2415 3211 1678
2416 111 172
2417 2751 3239
2418 553 1571
2419 3076 474
2420 3479 4260
2421 1171 1953
2422 1862 3465
2423 2135 1913
2424 2440 3386
2425 10 2422
2426 752 249
2427 2876 2353
2428 3833 2014
2429 3092 3274
2430 1467 3895
2431 1168 1691
2432 3950 3799
2433 488 2697
2434 3311 2702
2435 265 4415
2436 2573 662
2437 709 2686
2438 2592 1839
2439 3922 2441
2440 4398 3638
2441 592 2358
2442 3337 1911
2443 2130 3515
2444 142 1150
2445 2052 1155
2446 2339 2576
2447 1979 2307
2448 3569 4273
2449 78 1231
2450 478 2329
2451 2530 4073
2452 3457 3283
2453 3113 2016
2454 1213 1955
2455 1298 2484
2456 4248 2732
2457 3371 3217
2458 2675 1029
2459 1523 3017
2460 3704 4570
2461 3079 673
2462 1432 1972
2463 3997 2173
2464 1398 2600
2465 570 3664
2466 1721 4052
2467 4348 2
2468 4399 2765
2469 4198 1630
2470 3875 367
2471 541 441
2472 1952 1392
2473 3775 1044
2474 2783 3763
2475 3796 3840
2476 2297 738
2477 3280 1975
2478 4156 3872
2479 910 1775
2480 279 3010
2481 577 3386
2482 3072 547
2483 3795 4510
2484 1746 2892
2485 804 3933
2486 76 305
2487 4042 441
2488 4012 2006
2489 494 1062
2490 71 4570
2491 1680 3994
2492 159 2632
2493 6 2140
2494 3061 2251
2495 2258 3536
2496 460 704
2497 2752 634
2498 4432 4097
2499 408 535
2500 2277 1531
2501 714 2231
2502 4480 3215
2503 1847 864
2504 625 1049
2505 3933 1533
2506 1722 794
2507 743 1874
2508 2722 593
2509 774 523
2510 695 3013
2511 3775 1797
2512 4158 2570
2513 1630 155
2514 427 895
2515 438 1146
2516 3272 2789
2517 2816 1149
2518 612 3508
2519 2189 4266
2520 1461 1232
2521 3454 1538
2522 1282 3257
2523 3346 3833
2524 667 1116
2525 413 2546
2526 3471 1232
2527 2564 1198
2528 2630 338
2529 1134 1389
2530 1806 2769
2531 900 638
2532 188 286
2533 1673 1558
2534 4063 4510
2535 3288 2107
2536 2994 131
2537 1595 3890
2538 739 4276
2539 4173 4357
2540 354 3227
2541 3918 639
2542 2612 897
2543 199 634
2544 3596 4231
2545 3974 2941
2546 2572 803
2547 953 1366
2548 373 3798
2549 3570 3494
2550 2305 953
2551 935 4506
2552 4351 2334
2553 1140 4539
2554 1375 1287
2555 3065 643
2556 3992 3824
2557 3597 3222
2558 116 420
2559 2732 2392
2560 2257 275
2561 2409 2676
2562 2150 341
2563 3453 1398
2564 4007 3475
2565 548 129
2566 1163 1832
2567 4539 2905
2568 600 1169
2569 4438 934
2570 1538 2193
2571 546 89
2572 4386 3810
2573 1143 2708
2574 1846 1097
2575 3870 3792
2576 357 2027
2577 4212 2194
2578 41 1151
2579 465 4531
2580 3324 275
2581 162 3636
2582 1191 2980
2583 2799 1280
2584 1717 1546
2585 2611 1938
2586 1107 184
2587 837 1334
2588 102 1963
2589 830 594
2590 3046 2440
2591 239 2534
2592 3168 1963
2593 4468 1580
2594 395 536
2595 1463 451
2596 3226 4505
2597 1849 2598
2598 3797 5
2599 1046 1654
2600 2144 3239
2601 3850 2647
2602 3149 4262
2603 4177 2617
2604 44 4077
2605 2610 651
2606 1370 718
2607 3636 2727
2608 1890 1807
2609 3858 3193
2610 2087 3935
2611 562 4315
2612 669 4514
2613 2280 3044
2614 547 3549
2615 1502 3414
2616 2091 1566
2617 547 434
2618 3906 354
2619 2348 1002
2620 3709 3904
2621 1328 4357
2622 2132 1892
2623 4374 496
2624 1169 1162
2625 294 195
2626 4069 4404
2627 144 4234
2628 4499 236
2629 1385 4137
2630 1363 1179
2631 1626 2438
2632 4515 1191
2633 2939 1072
2634 4263 800
2635 3761 1518
2636 2648 4545
2637 541 978
2638 26 3333
2639 4046 2946
2640 3054 618
2641 4087 957
2642 799 3911
2643 1718 80
2644 1906 177
2645 2451 2747
2646 1755 3861
2647 4133 332
2648 4427 866
2649 3231 3373
2650 612 1765
2651 3024 432
2652 2541 1631
2653 2491 1795
2654 1297 2180
2655 1139 57
2656 1645 98
2657 1487 177
2658 521 1959
2659 4367 2020
2660 1888 1579
2661 4443 1812
2662 3435 261
2663 1724 1319
2664 1147 1007
2665 2234 1619
2666 3909 4537
2667 4472 1976
2668 439 1600
2669 2084 625
2670 1567 698
2671 73 2709
2672 2935 4308
2673 1841 3098
2674 859 62
2675 1730 3780
2676 928 3351
2677 2000 421
2678 4302 1667
2679 2176 1638
2680 1992 3701
2681 3341 3745
2682 2 1032
2683 3983 66
2684 2172 1960
2685 3613 4160
2686 329 3254
2687 4395 3880
2688 401 2116
2689 1809 2843
2690 291 2614
2691 286 245
2692 1270 44
2693 4497 3729
2694 2426 3192
2695 238 3938
2696 1862 2103
2697 1828 1680
2698 4569 1221
2699 354 1931
2700 3388 1887
2701 4032 2311
2702 2500 2513
2703 3072 3732
2704 963 2341
2705 2866 3858
2706 2719 74
2707 293 1846
2708 1106 30
2709 1037 1666
2710 429 2737
2711 1165 2106
2712 4435 179
2713 800 2563
2714 2832 2692
2715 652 690
2716 2485 2224
2717 1318 973
2718 3152 3166
2719 1699 2811
2720 2821 301
2721 4499 1486
2722 647 1730
2723 1136 1115
2724 2054 2751
2725 3043 3163
2726 3339 1086
2727 1754 2564
2728 2429 545
2729 3707 2096
2730 704 4361
2731 374 1220
2732 2069 4026
2733 2836 3749
2734 2785 4327
2735 430 485
2736 1573 566
2737 313 153
2738 1143 2931
2739 4344 105
2740 1680 177
2741 889 3381
2742 1776 1031
2743 1724 2196
2744 4244 2140
2745 2772 4290
2746 3393 3359
2747 4065 1192
2748 690 875
2749 3263 471
2750 415 1868
2751 1563 292
2752 141 2567
2753 205 1992
2754 2990 4149
2755 2988 1927
2756 976 1211
2757 3474 2092
2758 3934 4456
2759 2157 1281
2760 2750 320
2761 381 4050
2762 142 3496
2763 131 3908
2764 1106 2509
2765 636 753
2766 4278 1350
2767 2728 3820
2768 4194 600
2769 2163 714
2770 2710 2610
2771 645 3267
2772 2230 3494
2773 3220 2803
2774 585 2320
2775 248 476
2776 1152 471
2777 3055 20
2778 1662 3780
2779 4303 118
2780 464 3610
2781 3834 536
2782 611 2761
2783 685 102
2784 2315 2779
2785 3642 2225
2786 3031 4455
2787 796 1872
2788 2017 3321
2789 1937 3711
2790 76 622
2791 684 2278
2792 1610 1284
2793 4533 3813
2794 2693 2994
2795 2465 691
2796 3228 1305
2797 2246 2511
2798 2369 3621
2799 2699 3639
2800 3342 4499
2801 3122 3234
2802 2183 2664
2803 704 436
2804 441 2443
2805 3232 1400
2806 913 562
2807 1930 1199
2808 2911 1663
2809 3467 3357
2810 1847 2804
2811 3258 150
2812 571 518
2813 772 267
2814 2750 447
2815 2230 334
2816 580 488
2817 1665 2724
2818 712 4477
2819 550 482
2820 1134 3605
2821 1824 857
2822 3233 3890
2823 803 497
2824 1244 620
2825 2546 4122
2826 143 2313
2827 2976 3219
2828 126 2489
2829 3001 268
2830 1929 1778
2831 1783 99
2832 3017 171
2833 3588 1955
2834 14 2417
2835 4215 3907
2836 2018 1298
2837 3369 202
2838 4140 4544
2839 3942 4488
2840 3907 1950
2841 136 1603
2842 134 3511
2843 3944 2849
2844 3911 309
2845 616 2893
2846 3172 3676
2847 4450 1753
2848 3333 934
2849 2084 2130
2850 3121 1811
2851 219 2297
2852 2307 1599
2853 61 2072
2854 3923 804
2855 294 1920
2856 3450 1975
2857 1754 3488
2858 2216 2030
2859 713 3745
2860 654 890
2861 1588 876
2862 4473 1292
2863 299 2936
2864 1528 3383
2865 4297 3712
2866 1664 75
2867 4407 4339
2868 75 101
2869 3399 678
2870 4406 639
2871 1561 1663
2872 2753 4032
2873 3244 1459
2874 4524 3973
2875 671 4089
2876 3901 2991
2877 3440 1386
2878 110 1703
2879 593 1672
2880 4144 4447
2881 1673 981
2882 1061 2857
2883 1222 3836
2884 2272 968
2885 3833 3986
2886 4475 3430
2887 292 2269
2888 1324 975
2889 3029 1632
2890 1478 3838
2891 415 4000
2892 4088 3930
2893 925 1708
2894 1161 1162
2895 2019 3947
2896 638 2042
2897 2629 2746
2898 3014 311
2899 973 4108
2900 4110 114
2901 1198 843
2902 3093 2981
2903 1097 3446
2904 2974 2588
2905 3572 1700
2906 2062 2700
2907 241 85
2908 426 3565
2909 518 1310
2910 2835 3277
2911 2623 860
2912 1494 4113
2913 4450 2489
2914 3953 2199
2915 3083 3511
2916 1218 469
2917 924 653
2918 1532 550
2919 2368 3730
2920 2791 2046
2921 774 1634
2922 3084 4521
2923 352 28
2924 1003 1869
2925 2812 475
2926 1872 3843
2927 1137 2171
2928 1669 2774
2929 100 1321
2930 3398 4344
2931 851 2237
2932 1890 1380
2933 327 609
2934 2699 958
2935 2398 3492
2936 3183 317
2937 2938 3679
2938 4540 2335
2939 1536 4211
2940 4405 2816
2941 1064 3999
2942 1217 3000
2943 3784 1976
2944 2662 3277
2945 2620 2623
2946 4057 107
2947 1874 1634
2948 3463 752
2949 3090 178
2950 437 4231
2951 850 471
2952 3960 1593
2953 4221 2439
2954 4168 1981
2955 1472 4257
2956 592 2129
2957 4042 3689
2958 3113 2212
2959 1426 3114
2960 1815 3405
2961 1675 4375
2962 254 3914
2963 4513 2656
2964 4468 3603
2965 4008 3340
2966 1594 4135
2967 2636 3382
2968 2334 2593
2969 1264 822
2970 4352 1387
2971 2997 4321
2972 2012 4106
2973 1701 4322
2974 4528 3496
2975 1554 4232
2976 1558 4164
2977 3992 3816
2978 2433 307
2979 911 3523
2980 57 4367
2981 3465 3420
2982 3180 1017
2983 1102 3819
2984 3615 3262
2985 3205 2555
2986 3760 1365
2987 1268 3592
2988 1013 3333
2989 288 700
2990 4066 4070
2991 2427 1246
2992 3177 4436
2993 1284 2698
2994 1279 1020
2995 618 2833
2996 4180 3814
2997 2093 3601
2998 2277 1899
2999 2433 562
3000 3611 1421
3001 369 1387
3002 359 2498
3003 1948 81
3004 3389 3651
3005 2502 4390
3006 2639 924
3007 4444 1149
3008 114 1756
3009 771 2036
3010 2038 56
3011 1615 3360
3012 1446 2825
3013 3883 981
3014 1395 642
3015 2023 356
3016 3214 3459
3017 2387 1706
3018 551 1352
3019 1465 542
3020 84 3762
3021 594 1035
3022 2795 3071
3023 2564 2852
3024 2170 4470
3025 2337 2007
3026 3909 332
3027 2569 2908
3028 607 938
3029 2375 963
3030 1560 800
3031 3533 1184
3032 2176 2951
3033 3188 1037
3034 2456 3401
3035 2958 1413
3036 58 244
3037 3881 4419
3038 250 2477
3039 12 2633
3040 2158 2072
3041 1543 1273
3042 2375 2300
3043 3509 1895
3044 1690 2467
3045 2050 2862
3046 86 4139
3047 3627 632
3048 763 1262
3049 1519 2971
3050 3488 2518
3051 4125 4083
3052 4326 2816
3053 3648 3183
3054 2274 114
3055 2157 3178
3056 894 215
3057 3335 3009
3058 2910 58
3059 3594 345
3060 2905 2701
3061 3845 3700
3062 2722 2380
3063 433 2695
3064 4228 3759
3065 163 4236
3066 363 3723
3067 1793 3415
3068 2940 3809
3069 1343 1952
3070 944 4313
3071 563 2206
3072 483 870
3073 2306 1288
3074 3386 2742
3075 1888 3229
3076 2875 151
3077 579 4234
3078 1584 3739
3079 1023 3384
3080 3069 2991
3081 4485 725
3082 4357 2765
3083 1056 1
3084 859 3348
3085 4007 4516
3086 1346 326
3087 3423 1606
3088 1113 2429
3089 103 1502
3090 3304 3314
3091 3388 634
3092 4530 1903
3093 4377 689
3094 2574 4050
3095 223 2884
3096 1914 78
3097 2593 2079
3098 3198 418
3099 3801 3856
3100 2000 208
3101 1427 217
3102 280 2930
3103 3572 3649
3104 2708 4170
3105 2507 4514
3106 3019 2091
3107 844 2763
3108 3632 2219
3109 967 2165
3110 2530 4266
3111 3364 3215
3112 3567 2378
3113 1120 3394
3114 3745 2670
3115 4239 1065
3116 2332 186
3117 1914 2746
3118 2984 3827
3119 2889 3302
3120 4150 4029
3121 281 2765
3122 1409 4512
3123 525 4254
3124 151 144
3125 4520 2536
3126 602 4337
3127 2749 2989
3128 654 3749
3129 3933 2821
3130 2238 2254
3131 1736 1624
3132 4366 3159
3133 2651 2884
3134 1062 3627
3135 3841 1261
3136 3181 2384
3137 3490 3905
3138 1217 4411
3139 1021 805
3140 4489 960
3141 2034 189
3142 3698 1745
3143 409 3431
3144 3716 1952
3145 1433 7
3146 4132 134
3147 133 2200
3148 4226 754
3149 287 3608
3150 4474 479
3151 1993 60
3152 1850 2839
3153 2709 2594
3154 2249 2978
3155 3841 2983
3156 3837 3255
3157 590 1911
3158 2758 3665
3159 614 800
3160 180 308
3161 3327 3682
3162 1251 1615
3163 3178 2852
3164 783 3090
3165 2415 250
3166 406 665
3167 2638 4170
3168 4175 1528
3169 134 1117
3170 2053 4286
3171 2720 1119
3172 1843 3493
3173 3722 4515
3174 1730 2555
3175 2093 873
3176 2298 3805
3177 3620 3558
3178 4550 1081
3179 1496 3242
3180 1687 3673
3181 3162 1798
3182 1207 2655
3183 1833 62
3184 2439 3932
3185 1318 2477
3186 587 1487
3187 1215 4205
3188 3352 1361
3189 2277 3295
3190 1625 562
3191 2025 2904
3192 4455 1597
3193 4149 3000
3194 4447 1922
3195 883 1856
3196 1391 3803
3197 15 2012
3198 4131 3134
3199 3905 550
3200 3829 1934
3201 2144 2815
3202 121 3545
3203 1235 222
3204 13 550
3205 1060 395
3206 3527 1941
3207 2743 402
3208 4565 550
3209 3981 3855
3210 2911 4191
3211 3928 2131
3212 3907 2656
3213 1304 1497
3214 4177 3229
3215 834 451
3216 777 1339
3217 1073 2004
3218 3001 141
3219 3038 1935
3220 612 4084
3221 2884 1691
3222 917 801
3223 1918 1741
3224 3292 3850
3225 195 2566
3226 3442 906
3227 3988 978
3228 2284 1853
3229 1214 801
3230 990 4518
3231 3563 308
3232 1401 479
3233 4398 736
3234 3287 563
3235 661 1098
3236 2979 3821
3237 114 2401
3238 3396 938
3239 3154 4206
3240 938 404
3241 1491 183
3242 2813 3915
3243 1130 260
3244 4476 1672
3245 2540 1970
3246 3428 3879
3247 3107 267
3248 521 910
3249 3488 2659
3250 3478 160
3251 981 3556
3252 884 3885
3253 1404 801
3254 2358 2909
3255 2376 3900
3256 2889 4417
3257 2424 716
3258 1664 2765
3259 677 4454
3260 4464 263
3261 737 1743
3262 1371 198
3263 1761 1535
3264 2615 1285
3265 3670 1544
3266 1576 960
3267 1639 266
3268 4463 247
3269 2721 1913
3270 653 915
3271 2222 1881
3272 1237 549
3273 811 4421
3274 3726 4280
3275 3189 138
3276 434 3572
3277 1426 590
3278 38 3607
3279 2506 4239
3280 1878 469
3281 597 242
3282 4024 3203
3283 863 68
3284 735 4259
3285 1058 3213
3286 3538 2740
3287 2125 2598
3288 4535 3326
3289 1617 3812
3290 4441 4454
3291 3103 3926
3292 4021 157
3293 1332 484
3294 3168 1937
3295 4337 4219
3296 2159 2009
3297 3201 3103
3298 4409 3890
3299 3693 1487
3300 1542 2295
3301 2014 567
3302 4095 2906
3303 4535 963
3304 4247 3855
3305 137 2143
3306 3123 1292
3307 3805 823
3308 3647 3189
3309 3554 3432
3310 91 295
3311 3143 3822
3312 3156 519
3313 41 3822
3314 3976 571
3315 485 2648
3316 2417 2236
3317 838 476
3318 2385 3392
3319 1013 3645
3320 4508 3276
3321 4162 1052
3322 714 252
3323 226 3632
3324 1959 767
3325 1518 4484
3326 3060 545
3327 1524 1882
3328 1966 1423
3329 4333 1382
3330 254 1264
3331 2117 1279
3332 868 697
3333 1385 343
3334 2340 2156
3335 4420 189
3336 1507 2935
3337 1117 1437
3338 472 1215
3339 3148 2589
3340 1239 2594
3341 1147 3297
3342 3111 1309
3343 4221 3744
3344 4563 439
3345 4451 835
3346 4561 3062
3347 4108 2294
3348 1720 2090
3349 3966 525
3350 1061 1498
3351 4 259
3352 4098 4293
3353 64 3364
3354 1936 1601
3355 408 563
3356 3509 2440
3357 2486 3264
3358 3510 3995
3359 2951 3653
3360 2071 2533
3361 1946 370
3362 3882 596
3363 2562 1848
3364 1853 3351
3365 774 4434
3366 4186 475
3367 2672 968
3368 1719 658
3369 1948 1589
3370 3943 1612
3371 4059 703
3372 1285 1189
3373 4366 2468
3374 1473 3754
3375 711 3823
3376 4408 4522
3377 3965 1908
3378 544 2756
3379 4184 266
3380 1676 74
3381 294 2492
3382 3621 932
3383 498 2821
3384 4155 4507
3385 1835 4518
3386 839 3559
3387 195 2747
3388 533 4406
3389 4310 4283
3390 1196 3095
3391 4198 2275
3392 3629 3335
3393 1954 3619
3394 4537 3716
3395 4112 1269
3396 2011 213
3397 560 1886
3398 2822 2250
3399 3535 578
3400 1771 4124
3401 2721 765
3402 1531 4176
3403 3693 1466
3404 3840 2603
3405 2419 3663
3406 47 2062
3407 177 426
3408 3676 2233
3409 3550 2059
3410 2296 4326
3411 1184 2051
3412 1863 460
3413 1407 603
3414 751 565
3415 2683 756
3416 1395 3167
3417 2495 955
3418 3529 2302
3419 361 4163
3420 2055 2444
3421 3612 1631
3422 2374 471
3423 1963 3862
3424 548 3039
3425 2247 1409
3426 947 4430
3427 2502 1747
3428 2986 4525
3429 4474 3478
3430 4031 149
3431 1679 3444
3432 3462 1715
3433 2410 2823
3434 2183 343
3435 3334 2478
3436 3268 888
3437 121 3818
3438 4142 2480
3439 2940 2509
3440 4467 3211
3441 148 1998
3442 788 629
3443 2824 546
3444 745 280
3445 2504 3909
3446 1078 1256
3447 2612 4444
3448 2018 3750
3449 848 1709
3450 503 2807
3451 1246 2141
3452 1494 353
3453 4259 3547
3454 4501 4434
3455 3981 381
3456 888 3435
3457 1157 2641
3458 2193 4564
3459 2163 578
3460 3850 1675
3461 2976 4381
3462 223 116
3463 1349 716
3464 665 4323
3465 1107 2138
3466 19 3281
3467 138 123
3468 403 2688
3469 388 4096
3470 1124 4009
3471 1296 1092
3472 3197 2269
3473 4075 2093
3474 1042 2463
3475 3450 460
3476 2471 3030
3477 1459 1287
3478 2191 1874
3479 2027 1755
3480 1185 934
3481 606 3223
3482 101 2027
3483 3625 579
3484 3303 3051
3485 2871 4119
3486 122 885
3487 3156 1736
3488 3128 3734
3489 1145 2164
3490 3210 1718
3491 3398 4538
3492 1678 335
3493 2132 885
3494 196 848
3495 3339 3724
3496 4318 2665
3497 3135 2566
3498 2432 2871
3499 738 1142
3500 2542 4390
3501 4244 3766
3502 95 2977
3503 2471 563
3504 2745 3697
3505 3912 36
3506 3171 353
3507 1639 3051
3508 155 1168
3509 2612 2566
3510 2020 2504
3511 1552 3848
3512 1302 2767
3513 4367 3056
3514 1962 3382
3515 3266 1379
3516 3136 628
3517 302 891
3518 1181 2704
3519 3432 2229
3520 3852 3488
3521 4333 4308
3522 1604 2289
3523 1502 2562
3524 3902 4174
3525 4557 1872
3526 3266 704
3527 1200 2064
3528 2169 1506
3529 4015 1497
3530 3540 3140
3531 2289 2696
3532 2156 1941
3533 3910 3212
3534 2133 3734
3535 1776 2634
3536 3318 2309
3537 3070 3781
3538 3834 1303
3539 1654 97
3540 281 4318
3541 3060 1191
3542 1169 3569
3543 2152 148
3544 2879 3150
3545 578 4554
3546 2271 35
3547 946 2309
3548 2434 3351
3549 758 3218
3550 4016 4155
3551 729 291
3552 3097 2589
3553 252 3923
3554 3785 861
3555 1346 646
3556 15 3583
3557 2605 4410
3558 2961 3729
3559 1073 3270
3560 2921 703
3561 1943 552
3562 3153 94
3563 1505 829
3564 1971 867
3565 409 1704
3566 2626 3386
3567 1866 221
3568 4002 2396
3569 825 1103
3570 1587 1965
3571 515 1996
3572 4326 3383
3573 3350 2425
3574 681 2820
3575 4450 4049
3576 2975 1768
3577 2531 4499
3578 3680 4545
3579 1571 3037
3580 2976 531
3581 519 3295
3582 736 617
3583 543 141
3584 2015 2924
3585 3177 770
3586 2012 3055
3587 2795 2214
3588 4254 2230
3589 3462 2894
3590 3947 2933
3591 1078 2288
3592 1904 450
3593 2359 912
3594 2197 4567
3595 890 3399
3596 2043 3243
3597 2005 4197
3598 4210 158
3599 4177 1163
3600 4227 2563
3601 1367 732
3602 3786 1663
3603 4043 527
3604 2729 2637
3605 1356 3503
3606 4173 1457
3607 270 1185
3608 1321 2439
3609 3245 890
3610 3931 934
3611 1349 554
3612 3090 2434
3613 1 2115
3614 2944 3077
3615 1810 987
3616 644 592
3617 4194 1852
3618 1916 2676
3619 801 4124
3620 3875 3440
3621 262 2753
3622 4323 3140
3623 2787 527
3624 4030 605
3625 3460 2641
3626 2034 4204
3627 1729 1881
3628 2085 3897
3629 3596 41
3630 4510 1073
3631 4461 3722
3632 2302 4086
3633 3196 363
3634 4417 3949
3635 116 1517
3636 3870 3681
3637 641 1325
3638 3547 3358
3639 3947 1937
3640 1101 2516
3641 1522 1982
3642 1107 2540
3643 2174 3666
3644 1542 2942
3645 3847 234
3646 4304 3900
3647 1665 923
3648 138 4285
3649 77 123
3650 1103 1552
3651 578 3670
3652 3198 3295
3653 3979 3729
3654 2627 374
3655 3543 2849
3656 61 2141
3657 2323 3129
3658 3592 1476
3659 1177 2576
3660 2151 1113
3661 3529 319
3662 2368 4356
3663 363 4265
3664 4560 223
3665 1358 4154
3666 141 2801
3667 2918 1314
3668 2759 869
3669 3647 1490
3670 2421 4376
3671 3512 3314
3672 1270 2801
3673 1078 3439
3674 533 969
3675 1708 4018
3676 2008 3182
3677 4109 3216
3678 376 361
3679 4390 4507
3680 531 2520
3681 2429 1809
3682 4427 2629
3683 1649 3838
3684 1634 3565
3685 3179 2891
3686 3863 4030
3687 347 747
3688 2489 344
3689 936 3997
3690 2108 2307
3691 1296 2306
3692 400 3431
3693 2049 1964
3694 1537 3319
3695 2900 2609
3696 3183 613
3697 2717 4453
3698 4001 2550
3699 328 1176
3700 1651 1151
3701 1006 1674
3702 1059 2262
3703 2603 2764
3704 4232 1426
3705 3731 4377
3706 291 1198
3707 3403 497
3708 1699 1604
3709 862 3255
3710 3105 1553
3711 218 689
3712 2201 3210
3713 4230 2879
3714 1911 1610
3715 864 1145
3716 1265 1111
3717 4267 3772
3718 444 2547
3719 459 4429
3720 4412 3773
3721 947 1078
3722 64 3821
3723 3034 2803
3724 3789 3005
3725 2072 2348
3726 3871 4550
3727 3590 4260
3728 3727 69
3729 3098 72
3730 4296 964
3731 2737 2022
3732 903 4231
3733 510 2907
3734 844 3564
3735 4518 3423
3736 1359 2208
3737 261 2016
3738 2693 3972
3739 1130 1569
3740 498 115
3741 3658 568
3742 4258 1735
3743 334 3947
3744 1391 219
3745 4152 3530
3746 1422 3774
3747 762 3924
3748 4517 3050
3749 1156 3440
3750 2721 749
3751 1659 1597
3752 3057 3921
3753 4345 562
3754 2616 3581
3755 92 1668
3756 558 1571
3757 52 739
3758 3984 2140
3759 4311 3688
3760 709 3659
3761 223 3191
3762 358 1597
3763 1816 539
3764 3547 233
3765 371 1310
3766 483 2242
3767 3755 406
3768 4196 4056
3769 850 3835
3770 474 557
3771 2131 4566
3772 185 956
3773 3433 1836
3774 2069 859
3775 4110 2454
3776 3825 1461
3777 3539 1966
3778 2900 253
3779 2762 4121
3780 542 116
3781 250 859
3782 3106 9
3783 1290 904
3784 661 1762
3785 3636 4410
3786 1551 2502
3787 1778 4424
3788 679 4216
3789 1920 1316
3790 3732 3453
3791 1931 1829
3792 2698 71
3793 4406 3484
3794 2559 4552
3795 3384 1437
3796 801 337
3797 21 246
3798 581 3289
3799 2835 2196
3800 2558 1646
3801 1627 1705
3802 515 840
3803 279 1910
3804 1423 684
3805 2157 1927
3806 2016 770
3807 3674 768
3808 4192 22
3809 1059 2955
3810 503 3133
3811 1818 152
3812 1680 205
3813 2269 2238
3814 2033 4371
3815 145 3761
3816 576 166
3817 1589 2766
3818 2024 2716
3819 2573 4101
3820 2311 1978
3821 1115 3346
3822 2295 248
3823 2116 3072
3824 3432 4292
3825 2674 2436
3826 314 1908
3827 4464 2961
3828 3282 3808
3829 2243 4197
3830 1400 663
3831 825 115
3832 4197 2250
3833 3632 91
3834 120 4448
3835 2814 3964
3836 4434 3100
3837 2916 2954
3838 3112 2974
3839 2190 1551
3840 3644 25
3841 4184 1688
3842 3312 4325
3843 2364 2244
3844 3891 3192
3845 3020 1969
3846 1833 2277
3847 1692 2097
3848 3484 885
3849 2863 3718
3850 391 2125
3851 3422 2431
3852 2493 2279
3853 2789 3423
3854 2309 2222
3855 3292 4560
3856 105 439
3857 1548 415
3858 979 4463
3859 177 3693
3860 2985 2766
3861 1119 2039
3862 2768 3929
3863 4037 1869
3864 3499 2101
3865 2217 3
3866 1601 4543
3867 4388 815
3868 1520 189
3869 2334 561
3870 138 177
3871 927 1000
3872 2997 2917
3873 887 598
3874 136 3759
3875 133 4241
3876 2792 3262
3877 2443 2470
3878 2939 3121
3879 2155 1114
3880 4376 2220
3881 2642 1203
3882 2587 528
3883 1041 29
3884 3953 4520
3885 4174 37
3886 3733 355
3887 4221 3778
3888 3180 2720
3889 1764 2700
3890 3111 3519
3891 3589 3435
3892 2164 1826
3893 211 2825
3894 378 3252
3895 3956 4129
3896 3648 2344
3897 3771 4351
3898 2263 4545
3899 1547 2825
3900 2823 3336
3901 1262 654
3902 1246 2248
3903 34 998
3904 2627 3680
3905 3208 1779
3906 55 1709
3907 335 3440
3908 3481 289
3909 3931 1927
3910 2333 3703
3911 1211 1104
3912 3154 2130
3913 238 4086
3914 396 1174
3915 1724 182
3916 3731 856
3917 2839 2715
3918 2297 4345
3919 4108 3216
3920 4502 1379
3921 4496 517
3922 3368 4527
3923 3697 4563
3924 1178 691
3925 2742 1556
3926 3196 4404
3927 2322 111
3928 4374 3782
3929 3645 436
3930 4416 2186
3931 3427 1639
3932 2877 733
3933 114 3449
3934 2774 1892
3935 780 2311
3936 1790 4541
3937 3692 2317
3938 3353 2677
3939 1718 2824
3940 799 1391
3941 3631 1976
3942 450 4279
3943 2666 3477
3944 3951 4264
3945 4546 1734
3946 3546 847
3947 3744 1948
3948 3778 1383
3949 3599 1584
3950 2531 4394
3951 2492 1916
3952 3157 1485
3953 2897 4494
3954 1864 1122
3955 4425 749
3956 2279 961
3957 3133 1158
3958 1569 4357
3959 3553 3990
3960 2737 4544
3961 3657 1084
3962 796 887
3963 2006 1492
3964 450 3766
3965 2757 1916
3966 2957 4407
3967 1757 2253
3968 3976 480
3969 1446 3529
3970 3068 1585
3971 1132 3481
3972 1399 3429
3973 365 2361
3974 396 1650
3975 851 3178
3976 2876 3468
3977 1945 2232
3978 31 2019
3979 3476 1031
3980 355 3606
3981 1008 1600
3982 2500 1839
3983 3147 813
3984 3145 865
3985 1932 511
3986 3621 990
3987 119 2053
3988 1257 2340
3989 36 1203
3990 2226 1300
3991 250 1397
3992 24 3881
3993 2174 3516
3994 2855 2949
3995 2629 3946
3996 3009 1406
3997 2798 65
3998 2702 2499
3999 443 813
4000 1538 2865
4001 2724 4056
4002 4050 2937
4003 1891 33
4004 3135 3602
4005 977 3941
4006 1051 640
4007 2683 3172
4008 3283 378
4009 4342 4091
4010 3367 4489
4011 2984 1060
4012 1538 3131
4013 4452 2031
4014 607 591
4015 266 4295
4016 2775 795
4017 3893 3762
4018 4179 3894
4019 2288 592
4020 1143 1080
4021 806 826
4022 3097 1344
4023 622 2714
4024 1655 698
4025 2569 2277
4026 3325 1874
4027 1064 4097
4028 180 4260
4029 2547 785
4030 4035 2245
4031 1 1430
4032 2534 1330
4033 508 2880
4034 117 2434
4035 69 1153
4036 4299 2562
4037 2734 1888
4038 952 2621
4039 157 2195
4040 2838 537
4041 3468 2462
4042 1550 2366
4043 3214 752
4044 4367 478
4045 1582 3264
4046 4056 1986
4047 2969 3381
4048 3032 3673
4049 37 129
4050 200 3030
4051 2263 298
4052 1518 2234
4053 301 4168
4054 1772 1899
4055 4174 379
4056 3570 3385
4057 194 2171
4058 4520 1521
4059 2657 2729
4060 4001 1298
4061 182 2736
4062 4072 1698
4063 2477 4092
4064 875 2669
4065 2609 199
4066 689 8
4067 4329 3017
4068 1967 2857
4069 2561 1633
4070 534 3278
4071 194 2436
4072 3340 2245
4073 2866 425
4074 4305 796
4075 1661 721
4076 875 1173
4077 3339 4565
4078 3668 797
4079 102 2458
4080 2224 1636
4081 1016 237
4082 157 1954
4083 1634 193
4084 64 1275
4085 2085 1223
4086 752 715
4087 3848 204
4088 3606 1709
4089 4451 2314
4090 3743 3753
4091 3177 4079
4092 3321 3906
4093 4139 3460
4094 270 3822
4095 1896 1543
4096 3061 1088
4097 1229 344
4098 3377 502
4099 2382 1368
4100 4350 570
4101 3850 3694
4102 1347 3982
4103 913 3408
4104 2453 3463
4105 3407 717
4106 4196 3029
4107 826 3477
4108 3367 3496
4109 3499 975
4110 4312 2151
4111 786 3240
4112 1337 2429
4113 3436 4454
4114 710 768
4115 1652 4210
4116 2489 2477
4117 3254 3717
4118 1417 4343
4119 2942 1533
4120 1494 3280
4121 1552 3719
4122 3307 2510
4123 2621 1346
4124 2593 4069
4125 1123 3952
4126 3454 4435
4127 302 3690
4128 4560 368
4129 388 1956
4130 98 3847
4131 1334 2979
4132 3953 2818
4133 3527 3586
4134 35 1195
4135 3109 2728
4136 2756 1712
4137 2507 3402
4138 1031 502
4139 1995 4287
4140 3875 1501
4141 1530 1677
4142 2156 2376
4143 4562 3989
4144 1694 1202
4145 4240 4349
4146 1194 1468
4147 3905 674
4148 1906 3649
4149 4354 3979
4150 3255 614
4151 524 256
4152 4210 3214
4153 4012 1708
4154 514 1212
4155 3661 1780
4156 3597 239
4157 1125 975
4158 1940 1932
4159 861 3276
4160 1178 2297
4161 1430 1003
4162 2950 1175
4163 3385 1355
4164 3639 1113
4165 3429 270
4166 1942 82
4167 330 4483
4168 1912 4092
4169 1816 2856
4170 1863 4048
4171 1544 2646
4172 4009 1831
4173 1127 2488
4174 2848 474
4175 714 1849
4176 488 1909
4177 33 288
4178 3616 4158
4179 4297 2657
4180 2466 3716
4181 3261 3816
4182 2300 648
4183 4463 3303
4184 1569 760
4185 1056 1866
4186 2248 1383
4187 3962 3152
4188 1648 2683
4189 4559 3107
4190 1984 4284
4191 271 1067
4192 2089 1518
4193 3023 4489
4194 2296 2
4195 1932 4051
4196 2038 2573
4197 2036 1511
4198 4486 896
4199 4068 940
4200 1720 3555
4201 3321 1380
4202 1929 2089
4203 3094 2960
4204 1928 872
4205 1757 2677
4206 2556 2692
4207 1716 431
4208 4389 479
4209 2245 2899
4210 1962 1695
4211 4417 42
4212 3407 3500
4213 3536 3140
4214 2606 2973
4215 3908 2773
4216 2101 2409
4217 3642 1750
4218 1242 2652
4219 2403 557
4220 3095 1490
4221 2360 3321
4222 1043 2301
4223 4028 4296
4224 87 595
4225 1943 21
4226 1092 2157
4227 2965 3014
4228 458 3281
4229 1186 148
4230 3873 439
4231 2524 1533
4232 625 3410
4233 309 4045
4234 2155 889
4235 1464 3948
4236 3811 4490
4237 2544 1851
4238 1581 3460
4239 2979 670
4240 673 3878
4241 1356 2631
4242 2810 2543
4243 3960 551
4244 3533 2705
4245 3831 745
4246 987 3444
4247 1379 1803
4248 192 603
4249 2553 137
4250 4378 2750
4251 1996 127
4252 2474 2356
4253 289 1831
4254 24 3956
4255 1928 3031
4256 3569 3312
4257 2207 3742
4258 398 2223
4259 1439 451
4260 2100 1214
4261 1597 3944
4262 536 4313
4263 1063 3879
4264 424 1177
4265 3128 4011
4266 3906 1803
4267 274 96
4268 2468 3724
4269 2956 3849
4270 4452 3678
4271 4044 2385
4272 581 4245
4273 4227 971
4274 924 1894
4275 2278 3208
4276 1306 3709
4277 3138 1892
4278 720 588
4279 1293 853
4280 2817 1056
4281 4175 2950
4282 599 527
4283 843 750
4284 2343 2955
4285 2212 751
4286 1731 3849
4287 4038 714
4288 4549 2317
4289 4381 3258
4290 1615 1250
4291 2565 3574
4292 4478 816
4293 3645 1945
4294 2153 180
4295 3929 2144
4296 2576 3180
4297 496 225
4298 3536 1954
4299 470 820
4300 287 647
4301 2118 693
4302 93 3904
4303 3335 1940
4304 1306 183
4305 2893 2078
4306 1327 2087
4307 2081 2026
4308 2430 91
4309 110 3818
4310 3187 177
4311 820 3061
4312 1347 3795
4313 3862 3616
4314 4370 2078
4315 1178 3988
4316 1808 622
4317 181 4089
4318 3280 814
4319 2486 1902
4320 3064 1390
4321 3344 1003
4322 2010 1406
4323 519 881
4324 2433 1621
4325 2702 4152
4326 3810 449
4327 2000 3087
4328 1293 3149
4329 2762 1111
4330 1633 3474
4331 4117 4399
4332 3011 3799
4333 275 3807
4334 619 4256
4335 394 2947
4336 379 554
4337 4215 2868
4338 338 2105
4339 2723 4390
4340 3813 3368
4341 2100 2643
4342 2527 4531
4343 586 526
4344 1201 3157
4345 3432 474
4346 841 2460
4347 2660 368
4348 4206 2170
4349 4188 245
4350 2128 3162
4351 4229 118
4352 266 3099
4353 439 2086
4354 2983 728
4355 1291 3377
4356 284 1948
4357 2159 1944
4358 2490 4255
4359 3313 2428
4360 2605 3612
4361 3213 1047
4362 4471 3487
4363 3020 1968
4364 3886 2323
4365 4135 2200
4366 301 4516
4367 2786 2549
4368 3353 170
4369 2462 3709
4370 2979 1272
4371 3896 521
4372 1242 2549
4373 3190 176
4374 3913 1921
4375 1555 177
4376 3667 2960
4377 2027 4452
4378 4478 3197
4379 2174 591
4380 3294 363
4381 938 3147
4382 2974 1364
4383 3728 4488
4384 763 2085
4385 3476 578
4386 1024 2160
4387 3628 336
4388 3567 2108
4389 3513 751
4390 182 1156
4391 3314 801
4392 725 2871
4393 3835 3888
4394 2716 3348
4395 21 1723
4396 295 187
4397 1012 1947
4398 1335 1011
4399 1690 3578
4400 2415 4102
4401 1485 739
4402 4015 3143
4403 2622 3151
4404 2319 788
4405 3929 3231
4406 3039 13
4407 3571 4030
4408 1233 1335
4409 1467 180
4410 432 125
4411 3170 4323
4412 852 2793
4413 3436 418
4414 1038 3730
4415 2591 3188
4416 1139 136
4417 867 809
4418 3660 2184
4419 4378 1987
4420 3670 1197
4421 236 315
4422 2230 2443
4423 2458 3846
4424 903 1899
4425 930 3233
4426 3422 180
4427 636 2384
4428 2985 4037
4429 2186 4210
4430 1785 2661
4431 3892 3957
4432 102 1035
4433 899 3467
4434 883 1692
4435 3164 1724
4436 2054 805
4437 633 3700
4438 509 3026
4439 16 4527
4440 2771 3654
4441 1673 3157
4442 3168 2353
4443 299 3209
4444 2113 1447
4445 3734 1414
4446 1020 3746
4447 3642 1554
4448 650 1035
4449 4215 2977
4450 1254 4524
4451 2289 2951
4452 3 2541
4453 2188 719
4454 706 3020
4455 4552 3831
4456 2702 4344
4457 2611 3714
4458 1826 685
4459 2360 4564
4460 975 341
4461 315 4467
4462 833 1225
4463 1350 1947
4464 2310 2165
4465 3776 4238
4466 1279 4267
4467 306 2846
4468 3480 4199
4469 2992 2272
4470 4172 1901
4471 4445 2907
4472 2326 1923
4473 671 1803
4474 2406 1923
4475 24 2262
4476 4285 123
4477 2685 3677
4478 377 1361
4479 1684 2246
4480 1230 3554
4481 2708 717
4482 1332 310
4483 2573 3538
4484 2235 1445
4485 606 3259
4486 955 469
4487 132 4064
4488 1453 2819
4489 609 1945
4490 3424 1987
4491 2346 1634
4492 446 311
4493 1333 1547
4494 1114 274
4495 73 3054
4496 881 4540
4497 593 1864
4498 2641 1051
4499 2104 2866
4500 2384 1534
4501 3531 2312
4502 2476 855
4503 320 3085
4504 3421 1515
4505 1398 4035
4506 3472 4153
4507 787 2266
4508 1906 2963
4509 702 2076
4510 793 4548
4511 1775 1462
4512 2136 781
4513 2602 4144
4514 384 3186
4515 182 2162
4516 1413 456
4517 3792 2671
4518 396 4183
4519 2924 2940
4520 2066 971
4521 1480 4116
4522 440 93
4523 2658 3346
4524 3347 4127
4525 912 66
4526 1809 2262
4527 1936 2526
4528 4046 299
4529 2004 3958
4530 4304 169
4531 1787 3819
4532 1020 2773
4533 2799 2952
4534 2494 2987
4535 419 173
4536 3892 561
4537 1100 2064
4538 1435 4101
4539 4482 2887
4540 2104 57
4541 1651 3292
4542 1283 323
4543 3289 307
4544 730 629
4545 2227 2322
4546 4381 491
4547 1108 1468
4548 2636 1004
4549 2985 4045
4550 581 1047
4551 2687 4543
4552 4443 4344
4553 2304 2267
4554 3719 2822
4555 3464 3850
4556 1371 3944
4557 3529 1189
4558 204 843
4559 3807 2077
4560 1312 977
4561 821 191
4562 2148 943
4563 4396 497
4564 4316 3826
4565 3239 3766
4566 1035 1136
4567 3471 1879
4568 4249 2878
4569 479 3028
4570 64 2511
