1170 1170
1 121 634
2 1109 735
3 771 182
4 614 1125
5 765 724
6 438 953
7 520 662
8 733 982
9 1138 460
10 317 491
11 1127 348
12 768 891
13 181 25
14 812 758
15 598 841
16 936 313
17 321 362
18 330 522
19 819 850
20 178 834
21 512 436
22 289 608
23 365 230
24 504 51
25 544 926
26 1013 1042
27 806 993
28 240 153
29 1076 376
30 551 1134
31 658 862
32 782 627
33 915 21
34 1047 66
35 486 134
36 974 975
37 608 1109
38 604 501
39 419 1043
40 322 448
41 852 385
42 799 1005
43 577 620
44 452 738
45 244 286
46 870 798
47 851 579
48 97 1096
49 697 898
50 592 393
51 221 172
52 76 959
53 537 772
54 275 455
55 73 232
56 610 941
57 1087 630
58 129 156
59 1101 697
60 463 798
61 911 642
62 310 672
63 799 1128
64 107 399
65 70 621
66 233 25
67 936 624
68 860 16
69 219 823
70 969 138
71 335 646
72 1041 154
73 685 958
74 1086 451
75 1158 229
76 925 678
77 881 989
78 160 332
79 552 20
80 113 598
81 1042 172
82 503 862
83 433 1002
84 116 763
85 33 163
86 129 224
87 297 278
88 566 77
89 720 539
90 335 216
91 1125 409
92 621 564
93 726 768
94 1014 404
95 604 456
96 1046 109
97 207 410
98 43 1138
99 503 653
100 927 978
101 765 1068
102 290 102
103 676 524
104 904 200
105 337 724
106 810 1119
107 672 1104
108 1086 514
109 323 410
110 359 177
111 722 809
112 751 699
113 468 856
114 262 126
115 1000 1153
116 950 634
117 163 975
118 941 156
119 284 253
120 711 1063
121 306 391
122 70 13
123 1039 883
124 784 425
125 1109 203
126 826 1156
127 1095 478
128 1027 462
129 455 892
130 684 442
131 1075 400
132 642 733
133 1063 699
134 820 641
135 708 554
136 259 690
137 667 602
138 770 616
139 427 491
140 981 53
141 316 316
142 793 5
143 31 1063
144 602 893
145 432 914
146 93 1063
147 310 819
148 891 968
149 914 904
150 285 494
151 472 20
152 251 495
153 722 1094
154 142 672
155 966 537
156 1018 186
157 284 737
158 251 265
159 946 491
160 990 970
161 1086 31
162 37 810
163 1043 24
164 667 858
165 1109 924
166 137 841
167 864 618
168 648 555
169 212 314
170 572 77
171 558 320
172 688 280
173 270 160
174 800 650
175 672 78
176 626 706
177 36 679
178 188 709
179 241 162
180 581 985
181 1116 1142
182 423 323
183 117 649
184 696 816
185 490 48
186 177 967
187 1042 141
188 224 828
189 1164 634
190 961 896
191 1164 963
192 721 1145
193 37 495
194 640 448
195 1132 888
196 478 580
197 883 592
198 495 943
199 401 602
200 72 1068
201 1008 780
202 1032 626
203 31 178
204 270 1000
205 762 554
206 877 599
207 143 660
208 585 827
209 754 462
210 773 765
211 360 532
212 667 1077
213 758 541
214 108 1052
215 819 835
216 67 953
217 480 489
218 968 870
219 238 446
220 782 984
221 825 508
222 1114 369
223 430 22
224 1137 500
225 1120 265
226 375 1068
227 878 802
228 722 273
229 382 902
230 643 15
231 921 389
232 71 1143
233 408 553
234 596 1035
235 153 824
236 958 841
237 31 936
238 361 685
239 622 944
240 246 764
241 512 587
242 874 606
243 212 925
244 635 474
245 992 302
246 414 586
247 673 476
248 1067 1001
249 393 989
250 970 317
251 1036 1035
252 440 469
253 1012 967
254 50 689
255 928 470
256 860 894
257 1087 829
258 611 852
259 1016 1139
260 874 344
261 770 718
262 501 656
263 512 1018
264 988 900
265 462 544
266 60 104
267 1067 674
268 482 796
269 985 757
270 918 564
271 803 217
272 556 29
273 764 204
274 711 770
275 525 353
276 1133 739
277 646 461
278 103 349
279 108 608
280 538 1072
281 1090 113
282 975 451
283 52 342
284 426 262
285 1124 295
286 608 344
287 154 439
288 832 677
289 241 162
290 399 359
291 1096 878
292 418 19
293 860 54
294 1167 771
295 769 39
296 852 432
297 856 483
298 228 116
299 568 496
300 66 661
301 694 616
302 724 1078
303 504 115
304 119 495
305 632 808
306 497 633
307 845 161
308 471 1084
309 881 1034
310 250 580
311 720 1122
312 6 92
313 1109 1095
314 617 45
315 947 284
316 792 162
317 565 263
318 957 170
319 301 385
320 806 523
321 21 937
322 1108 118
323 660 197
324 1170 852
325 653 115
326 199 602
327 965 848
328 13 1012
329 124 104
330 711 1032
331 1127 1047
332 944 260
333 897 1133
334 268 714
335 769 1104
336 1045 487
337 401 370
338 434 718
339 723 513
340 463 742
341 524 880
342 778 361
343 600 729
344 994 498
345 142 177
346 681 217
347 336 455
348 452 1155
349 1099 315
350 417 997
351 49 789
352 569 1131
353 713 1120
354 617 671
355 446 456
356 267 892
357 131 922
358 1039 403
359 346 972
360 1165 392
361 304 324
362 1133 455
363 553 730
364 850 552
365 1011 584
366 65 304
367 247 149
368 761 699
369 345 376
370 737 416
371 890 415
372 591 110
373 719 30
374 445 1118
375 173 474
376 355 52
377 222 586
378 792 935
379 701 441
380 621 701
381 936 1070
382 669 147
383 399 935
384 1059 834
385 271 1037
386 299 225
387 1170 640
388 710 546
389 458 177
390 85 408
391 510 303
392 1164 1025
393 1102 867
394 1139 693
395 139 325
396 1012 190
397 434 752
398 611 685
399 1142 47
400 205 652
401 743 1162
402 445 241
403 888 48
404 330 736
405 294 852
406 322 740
407 1047 237
408 781 31
409 1063 903
410 588 978
411 1006 1000
412 203 957
413 671 800
414 1048 784
415 38 120
416 879 322
417 128 1011
418 379 475
419 38 929
420 789 202
421 455 234
422 772 880
423 728 1065
424 357 661
425 1031 295
426 335 528
427 33 576
428 327 140
429 916 1074
430 66 340
431 942 102
432 331 1031
433 730 697
434 934 755
435 271 749
436 338 678
437 419 1030
438 335 652
439 130 1080
440 289 528
441 12 852
442 849 297
443 225 552
444 431 560
445 877 109
446 878 247
447 1144 1153
448 966 293
449 593 188
450 1043 789
451 123 326
452 4 252
453 114 1128
454 675 882
455 257 788
456 271 576
457 973 698
458 691 1083
459 367 1078
460 21 219
461 694 992
462 105 97
463 674 772
464 909 170
465 568 470
466 82 141
467 938 350
468 84 338
469 1080 601
470 394 1098
471 209 535
472 407 471
473 284 170
474 36 18
475 828 1019
476 200 480
477 946 789
478 673 520
479 49 998
480 1091 244
481 758 54
482 186 555
483 969 180
484 156 1085
485 597 539
486 880 669
487 691 530
488 99 869
489 612 626
490 669 1138
491 104 250
492 162 229
493 331 1114
494 65 804
495 181 192
496 533 1103
497 547 805
498 436 122
499 93 205
500 224 107
501 1085 750
502 434 1164
503 530 827
504 331 1140
505 395 936
506 122 102
507 621 838
508 734 533
509 307 1100
510 927 106
511 110 101
512 1033 872
513 917 943
514 340 295
515 955 662
516 736 752
517 720 843
518 141 489
519 126 163
520 189 475
521 831 985
522 1057 648
523 560 18
524 823 1158
525 419 899
526 450 942
527 473 1159
528 145 1010
529 954 853
530 1034 58
531 807 479
532 236 370
533 445 335
534 356 1087
535 347 665
536 396 286
537 59 538
538 721 495
539 897 743
540 945 528
541 683 504
542 969 1003
543 6 122
544 553 511
545 179 819
546 555 560
547 817 769
548 50 827
549 479 900
550 707 582
551 157 754
552 913 654
553 151 350
554 319 740
555 700 1142
556 885 462
557 360 938
558 582 172
559 225 629
560 688 562
561 891 936
562 914 487
563 283 177
564 762 356
565 306 559
566 87 1122
567 110 1095
568 975 357
569 133 1056
570 297 1151
571 638 343
572 880 263
573 324 764
574 146 529
575 753 338
576 599 1029
577 1169 2
578 1040 709
579 89 686
580 1076 532
581 1032 718
582 168 27
583 41 1012
584 264 350
585 616 788
586 406 198
587 653 869
588 420 295
589 723 697
590 974 500
591 453 254
592 771 464
593 662 190
594 294 786
595 413 641
596 122 457
597 672 278
598 712 335
599 231 844
600 78 283
601 314 1056
602 813 864
603 1138 394
604 612 727
605 978 162
606 118 691
607 1015 60
608 950 769
609 656 1169
610 836 114
611 679 580
612 975 248
613 28 345
614 767 240
615 218 801
616 960 825
617 741 865
618 958 142
619 569 1128
620 658 463
621 925 768
622 947 418
623 1011 477
624 150 216
625 533 124
626 556 314
627 757 877
628 130 1057
629 350 696
630 976 152
631 1154 948
632 403 158
633 312 271
634 716 746
635 202 474
636 203 555
637 863 471
638 226 1154
639 639 912
640 188 412
641 101 1112
642 143 492
643 963 619
644 376 382
645 972 968
646 93 302
647 1108 17
648 1012 1011
649 237 325
650 417 535
651 578 343
652 502 773
653 356 602
654 1021 755
655 553 609
656 953 509
657 796 1043
658 726 795
659 867 1066
660 261 225
661 505 655
662 800 810
663 952 127
664 1139 94
665 995 776
666 814 755
667 309 179
668 889 727
669 574 1149
670 975 407
671 651 1029
672 441 648
673 957 162
674 351 36
675 487 987
676 1103 144
677 342 277
678 396 458
679 804 881
680 764 1002
681 1144 59
682 756 156
683 814 436
684 3 1037
685 782 814
686 510 2
687 107 1117
688 597 858
689 557 929
690 1025 411
691 289 197
692 1165 691
693 1137 193
694 98 232
695 67 596
696 295 179
697 880 1133
698 717 850
699 425 261
700 392 1041
701 676 460
702 511 446
703 883 872
704 300 989
705 1165 976
706 507 454
707 1154 683
708 300 1104
709 474 639
710 428 958
711 911 931
712 584 917
713 810 972
714 432 129
715 246 994
716 395 1063
717 424 838
718 1105 165
719 693 116
720 39 775
721 109 112
722 493 887
723 911 790
724 1157 494
725 1057 510
726 1133 986
727 92 1066
728 577 518
729 834 1087
730 64 979
731 674 318
732 1111 138
733 585 188
734 526 939
735 23 907
736 722 956
737 1007 358
738 806 1118
739 168 1051
740 954 149
741 179 913
742 100 870
743 675 42
744 834 832
745 113 476
746 239 404
747 185 443
748 585 656
749 1023 120
750 957 898
751 976 425
752 205 954
753 896 69
754 515 412
755 1127 682
756 877 46
757 255 459
758 315 997
759 289 258
760 1165 43
761 575 360
762 819 1102
763 47 1103
764 783 179
765 868 941
766 336 372
767 239 426
768 289 52
769 766 974
770 294 227
771 595 1100
772 208 10
773 621 1125
774 518 444
775 533 447
776 684 867
777 1082 623
778 968 952
779 770 712
780 627 801
781 831 451
782 570 706
783 796 165
784 875 899
785 865 1137
786 114 702
787 486 51
788 989 897
789 1069 60
790 1062 491
791 1090 383
792 78 31
793 947 1030
794 259 6
795 999 1042
796 629 958
797 932 995
798 464 754
799 213 1081
800 1122 145
801 722 806
802 353 661
803 818 995
804 1040 1075
805 629 127
806 409 1105
807 923 850
808 498 1115
809 1084 1166
810 1072 535
811 963 210
812 583 124
813 420 98
814 445 412
815 5 968
816 652 143
817 305 104
818 682 1125
819 875 221
820 957 1097
821 1142 523
822 955 904
823 589 150
824 13 567
825 499 496
826 355 1144
827 164 881
828 717 1119
829 181 967
830 225 578
831 968 987
832 656 755
833 1167 173
834 30 620
835 384 914
836 594 226
837 188 302
838 870 746
839 1089 1129
840 641 509
841 977 669
842 187 287
843 896 873
844 524 782
845 359 835
846 1092 844
847 792 964
848 468 529
849 656 818
850 97 1042
851 680 217
852 263 1054
853 479 699
854 1087 139
855 368 622
856 159 595
857 81 835
858 730 970
859 31 217
860 1115 473
861 363 293
862 125 666
863 1161 609
864 1003 209
865 42 558
866 690 638
867 23 1023
868 695 200
869 466 493
870 650 791
871 300 5
872 289 319
873 470 25
874 269 174
875 718 1119
876 519 237
877 57 946
878 673 502
879 660 624
880 106 395
881 1046 77
882 889 1006
883 619 208
884 729 1152
885 224 619
886 200 777
887 871 507
888 863 209
889 576 608
890 1011 599
891 718 981
892 714 1156
893 890 754
894 675 683
895 652 409
896 753 374
897 1140 1117
898 209 89
899 446 338
900 818 226
901 263 726
902 834 321
903 163 865
904 971 641
905 427 145
906 946 132
907 559 537
908 615 647
909 90 1036
910 853 215
911 611 401
912 497 448
913 575 555
914 945 369
915 249 357
916 668 614
917 375 311
918 559 720
919 187 846
920 148 678
921 509 721
922 827 1
923 35 413
924 742 649
925 1163 622
926 24 295
927 447 870
928 848 770
929 61 995
930 1148 679
931 42 204
932 431 684
933 764 1047
934 169 751
935 1092 73
936 708 414
937 550 767
938 673 121
939 562 1054
940 887 638
941 1038 550
942 971 813
943 506 773
944 253 187
945 712 214
946 470 855
947 287 847
948 714 1000
949 924 961
950 896 226
951 1082 361
952 715 940
953 746 906
954 959 284
955 457 446
956 108 1095
957 585 517
958 1030 330
959 399 105
960 1081 901
961 591 517
962 195 613
963 707 782
964 204 812
965 775 288
966 918 1153
967 7 1033
968 1020 895
969 535 447
970 247 102
971 856 1095
972 232 24
973 1130 100
974 351 787
975 183 1032
976 306 302
977 556 558
978 845 663
979 297 683
980 368 373
981 687 274
982 1153 708
983 477 102
984 570 1096
985 983 899
986 1051 241
987 955 675
988 31 1135
989 904 1053
990 681 456
991 342 920
992 29 288
993 695 5
994 1066 425
995 823 1085
996 776 991
997 296 836
998 649 603
999 865 110
1000 1091 1030
1001 72 102
1002 470 26
1003 405 235
1004 1047 959
1005 937 302
1006 681 974
1007 650 479
1008 431 301
1009 397 728
1010 1104 322
1011 981 30
1012 262 292
1013 836 605
1014 55 75
1015 1145 1108
1016 76 67
1017 916 441
1018 715 987
1019 477 676
1020 581 568
1021 355 490
1022 641 327
1023 131 275
1024 986 789
1025 640 939
1026 474 654
1027 1100 103
1028 452 442
1029 483 368
1030 456 530
1031 569 690
1032 117 916
1033 45 627
1034 947 1007
1035 533 415
1036 1058 902
1037 1051 591
1038 108 1033
1039 593 737
1040 405 890
1041 514 1049
1042 297 378
1043 742 240
1044 1052 1143
1045 180 812
1046 1037 902
1047 1168 942
1048 755 292
1049 259 429
1050 750 152
1051 359 45
1052 646 381
1053 685 614
1054 247 783
1055 777 977
1056 207 749
1057 714 140
1058 972 670
1059 1099 368
1060 1048 747
1061 154 93
1062 256 1162
1063 727 317
1064 793 643
1065 137 598
1066 154 681
1067 189 48
1068 324 827
1069 866 420
1070 319 627
1071 1024 1122
1072 1164 392
1073 26 669
1074 969 207
1075 289 310
1076 1039 984
1077 1059 928
1078 516 1112
1079 980 634
1080 631 720
1081 1028 595
1082 783 22
1083 713 714
1084 305 381
1085 136 872
1086 8 309
1087 948 1146
1088 976 855
1089 23 256
1090 410 1021
1091 375 879
1092 886 1105
1093 475 27
1094 1141 419
1095 591 47
1096 1128 317
1097 52 903
1098 45 147
1099 695 1058
1100 87 558
1101 967 385
1102 638 583
1103 607 911
1104 138 682
1105 381 1077
1106 998 332
1107 348 420
1108 886 209
1109 1113 971
1110 740 944
1111 1003 73
1112 57 262
1113 607 684
1114 442 545
1115 515 1102
1116 784 376
1117 440 708
1118 431 905
1119 494 88
1120 727 613
1121 34 449
1122 188 1063
1123 812 632
1124 605 756
1125 265 194
1126 682 887
1127 600 930
1128 315 45
1129 668 127
1130 244 549
1131 1009 705
1132 415 1054
1133 755 1118
1134 397 572
1135 371 580
1136 612 90
1137 699 257
1138 575 136
1139 467 738
1140 56 379
1141 343 983
1142 459 643
1143 510 319
1144 558 199
1145 1013 434
1146 509 517
1147 1081 784
1148 969 166
1149 1017 733
1150 830 1066
1151 432 605
1152 405 719
1153 1022 1037
1154 506 170
1155 797 976
1156 858 86
1157 681 635
1158 1140 466
1159 5 498
1160 1050 1094
1161 496 327
1162 385 656
1163 99 914
1164 187 968
1165 798 876
1166 107 242
1167 148 593
1168 14 477
1169 89 861
1170 1103 149
