1010 1010
1 978 434
2 283 40
3 776 515
4 221 603
5 811 603
6 806 328
7 401 976
8 899 504
9 718 865
10 617 174
11 722 507
12 383 157
13 116 406
14 741 521
15 93 616
16 65 784
17 810 401
18 790 897
19 153 537
20 229 697
21 491 844
22 599 81
23 469 722
24 724 473
25 879 14
26 713 412
27 541 530
28 451 333
29 442 740
30 211 700
31 399 483
32 50 48
33 741 887
34 663 430
35 809 189
36 606 241
37 379 175
38 593 193
39 728 357
40 500 166
41 346 772
42 554 835
43 201 736
44 739 349
45 986 871
46 850 300
47 175 1001
48 343 709
49 842 891
50 662 412
51 685 931
52 888 847
53 582 981
54 818 572
55 890 410
56 440 958
57 598 42
58 116 837
59 174 603
60 792 112
61 680 300
62 338 667
63 992 373
64 492 311
65 863 605
66 208 327
67 431 259
68 740 604
69 654 777
70 759 75
71 682 690
72 436 818
73 776 742
74 516 105
75 614 130
76 840 50
77 937 169
78 297 77
79 283 691
80 733 276
81 453 403
82 873 67
83 482 675
84 400 256
85 52 405
86 248 324
87 406 184
88 58 815
89 930 255
90 74 642
91 1008 730
92 232 95
93 832 345
94 792 464
95 658 76
96 304 307
97 400 956
98 311 266
99 506 483
100 909 613
101 44 776
102 481 201
103 263 75
104 347 65
105 674 518
106 494 818
107 415 746
108 577 929
109 683 426
110 221 805
111 24 86
112 817 510
113 832 981
114 346 955
115 73 645
116 849 538
117 118 65
118 84 571
119 22 275
120 789 786
121 89 621
122 14 869
123 485 496
124 463 156
125 600 644
126 922 146
127 9 218
128 304 613
129 95 55
130 570 1003
131 334 841
132 838 983
133 1005 670
134 57 457
135 588 426
136 657 332
137 389 399
138 590 649
139 864 822
140 628 54
141 36 963
142 645 185
143 684 935
144 68 975
145 925 403
146 363 20
147 326 935
148 272 502
149 202 122
150 288 417
151 186 243
152 139 498
153 109 543
154 712 647
155 651 387
156 140 953
157 587 632
158 857 669
159 1009 78
160 525 8
161 575 393
162 693 44
163 218 525
164 249 187
165 40 734
166 571 61
167 646 293
168 894 233
169 492 241
170 120 411
171 978 958
172 437 220
173 160 427
174 124 293
175 185 45
176 201 678
177 799 147
178 296 939
179 199 851
180 304 303
181 64 514
182 599 648
183 333 768
184 892 578
185 101 998
186 139 455
187 970 552
188 278 904
189 494 524
190 278 69
191 231 728
192 774 78
193 1010 980
194 841 729
195 467 527
196 775 63
197 500 569
198 978 472
199 658 133
200 25 623
201 321 459
202 311 132
203 892 851
204 569 514
205 420 158
206 138 851
207 377 737
208 126 306
209 971 461
210 866 989
211 560 35
212 105 769
213 22 841
214 530 817
215 462 401
216 1003 89
217 191 492
218 642 545
219 907 352
220 770 220
221 809 878
222 776 761
223 648 438
224 187 613
225 8 830
226 835 560
227 373 488
228 792 429
229 459 449
230 789 793
231 621 514
232 606 228
233 1010 231
234 30 740
235 746 90
236 19 699
237 520 262
238 816 345
239 750 941
240 549 323
241 497 470
242 996 482
243 482 825
244 73 36
245 847 146
246 829 251
247 7 831
248 225 338
249 950 899
250 753 387
251 39 497
252 48 795
253 338 339
254 124 893
255 290 843
256 479 284
257 332 526
258 721 745
259 132 503
260 362 656
261 125 424
262 864 462
263 646 323
264 34 800
265 888 983
266 389 691
267 115 953
268 361 314
269 722 622
270 606 513
271 574 721
272 829 969
273 343 306
274 958 174
275 156 844
276 45 391
277 502 48
278 896 970
279 426 160
280 105 720
281 483 726
282 572 120
283 746 349
284 922 707
285 18 473
286 923 747
287 673 212
288 222 338
289 27 425
290 321 921
291 275 212
292 779 112
293 718 320
294 381 717
295 280 688
296 415 618
297 78 998
298 818 466
299 147 448
300 29 578
301 283 333
302 200 853
303 350 142
304 774 574
305 241 106
306 125 826
307 226 856
308 866 531
309 91 933
310 21 845
311 706 526
312 394 74
313 370 387
314 318 785
315 586 57
316 928 507
317 225 937
318 945 493
319 390 66
320 798 341
321 397 213
322 244 274
323 883 45
324 195 76
325 984 636
326 649 435
327 195 945
328 157 423
329 386 691
330 858 540
331 980 406
332 149 134
333 474 735
334 515 74
335 918 390
336 193 389
337 482 1010
338 788 277
339 999 505
340 352 722
341 609 496
342 187 323
343 731 32
344 509 938
345 737 410
346 89 52
347 482 105
348 295 292
349 325 265
350 658 971
351 280 358
352 667 645
353 946 810
354 311 348
355 915 319
356 468 476
357 459 187
358 731 291
359 836 318
360 806 961
361 927 250
362 500 831
363 57 302
364 166 762
365 437 476
366 108 254
367 761 294
368 351 429
369 235 126
370 299 183
371 984 670
372 359 559
373 805 693
374 121 304
375 51 367
376 199 466
377 697 87
378 1001 869
379 572 81
380 150 946
381 134 249
382 979 333
383 621 479
384 197 255
385 511 331
386 568 444
387 564 4
388 85 125
389 24 33
390 591 285
391 967 607
392 318 507
393 589 653
394 856 358
395 773 956
396 757 430
397 101 897
398 571 551
399 603 143
400 159 820
401 18 730
402 388 966
403 487 880
404 724 982
405 997 116
406 795 340
407 10 529
408 566 749
409 261 618
410 238 459
411 657 919
412 159 214
413 700 769
414 802 430
415 681 380
416 432 646
417 501 591
418 389 85
419 699 201
420 6 970
421 223 449
422 751 531
423 920 476
424 803 815
425 394 70
426 794 48
427 9 386
428 243 471
429 65 83
430 463 462
431 52 337
432 324 455
433 908 822
434 541 805
435 600 1003
436 834 15
437 497 274
438 938 207
439 268 302
440 236 511
441 675 735
442 370 311
443 874 745
444 440 437
445 717 135
446 598 422
447 625 575
448 731 708
449 876 380
450 269 477
451 53 1003
452 291 698
453 366 26
454 614 20
455 584 268
456 104 723
457 242 485
458 417 377
459 35 871
460 872 424
461 257 946
462 698 830
463 281 604
464 765 697
465 840 88
466 917 455
467 57 122
468 973 57
469 186 320
470 511 468
471 37 705
472 312 273
473 379 515
474 155 115
475 575 495
476 212 816
477 672 249
478 270 590
479 957 341
480 116 345
481 16 952
482 590 249
483 56 594
484 215 364
485 998 48
486 253 885
487 738 665
488 891 300
489 255 632
490 726 253
491 877 428
492 966 49
493 267 562
494 512 27
495 449 335
496 617 324
497 442 121
498 1001 228
499 961 124
500 977 703
501 270 190
502 262 898
503 436 397
504 991 330
505 620 823
506 592 351
507 908 316
508 40 780
509 382 994
510 174 655
511 158 304
512 863 134
513 350 536
514 953 605
515 338 412
516 399 569
517 980 3
518 528 544
519 708 439
520 447 517
521 221 362
522 251 267
523 651 887
524 192 458
525 919 834
526 258 355
527 157 714
528 360 586
529 680 719
530 951 432
531 139 90
532 683 311
533 173 496
534 715 601
535 341 958
536 231 640
537 398 725
538 437 711
539 664 132
540 714 424
541 333 678
542 328 897
543 303 752
544 537 426
545 257 499
546 615 623
547 872 214
548 231 909
549 856 280
550 55 235
551 940 835
552 431 433
553 263 989
554 443 221
555 956 714
556 14 402
557 460 295
558 181 301
559 21 685
560 254 489
561 162 333
562 254 256
563 28 339
564 40 945
565 103 165
566 36 364
567 311 600
568 813 937
569 847 77
570 243 661
571 542 92
572 219 748
573 791 643
574 527 476
575 882 740
576 517 225
577 145 975
578 747 499
579 277 427
580 782 81
581 946 813
582 705 855
583 85 176
584 259 7
585 281 459
586 392 707
587 21 283
588 997 429
589 161 399
590 634 594
591 319 986
592 552 160
593 865 217
594 76 120
595 598 960
596 228 964
597 490 484
598 770 747
599 117 904
600 245 284
601 521 414
602 223 905
603 904 119
604 801 391
605 223 884
606 902 235
607 379 555
608 273 893
609 528 302
610 48 317
611 545 807
612 877 34
613 337 535
614 531 49
615 160 40
616 19 884
617 285 869
618 988 71
619 788 524
620 116 302
621 736 690
622 289 282
623 543 1005
624 617 62
625 386 509
626 915 110
627 247 813
628 749 525
629 534 714
630 634 70
631 993 977
632 299 433
633 102 580
634 367 909
635 316 809
636 112 799
637 914 46
638 123 342
639 867 823
640 176 425
641 690 749
642 697 837
643 297 324
644 576 474
645 806 389
646 955 847
647 377 886
648 585 325
649 176 278
650 426 921
651 29 803
652 517 568
653 542 489
654 62 992
655 972 472
656 815 883
657 139 331
658 909 648
659 852 551
660 764 455
661 218 120
662 38 801
663 129 941
664 952 897
665 52 654
666 555 930
667 151 628
668 285 499
669 320 705
670 228 632
671 829 823
672 818 296
673 137 91
674 945 572
675 513 193
676 277 435
677 991 764
678 593 333
679 621 813
680 588 88
681 525 896
682 43 33
683 239 592
684 520 541
685 177 14
686 645 874
687 649 796
688 282 620
689 305 265
690 104 920
691 923 376
692 784 795
693 646 663
694 293 360
695 666 18
696 383 397
697 158 489
698 664 319
699 545 734
700 991 601
701 279 50
702 677 710
703 879 617
704 885 406
705 169 34
706 950 280
707 825 841
708 40 186
709 88 587
710 192 976
711 664 165
712 901 466
713 222 108
714 501 578
715 657 716
716 918 207
717 19 608
718 487 546
719 748 134
720 509 408
721 839 559
722 566 226
723 319 46
724 531 470
725 345 930
726 350 769
727 916 685
728 702 16
729 318 163
730 10 904
731 852 490
732 884 643
733 716 94
734 813 971
735 397 47
736 523 211
737 294 488
738 984 47
739 194 566
740 264 103
741 776 245
742 501 421
743 392 72
744 602 185
745 849 684
746 670 340
747 747 646
748 477 453
749 781 802
750 727 513
751 428 456
752 182 711
753 349 224
754 884 897
755 578 326
756 403 529
757 980 861
758 957 793
759 991 705
760 537 385
761 321 426
762 157 580
763 648 605
764 532 50
765 437 45
766 543 14
767 1008 634
768 548 736
769 917 16
770 82 632
771 271 244
772 446 456
773 344 798
774 246 126
775 140 430
776 118 549
777 735 458
778 203 358
779 760 758
780 439 254
781 706 479
782 709 48
783 862 482
784 680 759
785 249 630
786 654 660
787 998 297
788 237 906
789 515 169
790 56 546
791 215 86
792 541 679
793 626 461
794 309 611
795 855 441
796 277 493
797 941 907
798 448 700
799 185 199
800 546 760
801 421 547
802 649 996
803 16 194
804 984 727
805 346 501
806 625 319
807 241 912
808 546 733
809 3 295
810 437 100
811 720 525
812 696 382
813 59 308
814 229 217
815 646 163
816 240 454
817 157 114
818 372 721
819 89 837
820 878 632
821 54 250
822 415 253
823 154 70
824 799 519
825 459 569
826 454 913
827 603 709
828 569 949
829 919 430
830 206 170
831 1010 824
832 210 411
833 668 757
834 709 1001
835 519 842
836 929 620
837 92 861
838 479 887
839 467 289
840 292 134
841 459 48
842 577 44
843 317 207
844 914 375
845 112 618
846 652 628
847 954 571
848 802 485
849 592 606
850 759 494
851 175 467
852 590 87
853 143 818
854 987 26
855 134 666
856 391 423
857 728 266
858 922 731
859 701 208
860 742 506
861 973 67
862 399 274
863 843 779
864 696 489
865 156 1004
866 86 620
867 855 375
868 678 629
869 689 808
870 891 484
871 256 815
872 454 842
873 770 468
874 500 556
875 25 402
876 873 110
877 569 58
878 649 329
879 382 763
880 42 867
881 161 1006
882 738 624
883 330 178
884 895 885
885 429 240
886 51 205
887 826 647
888 527 241
889 212 978
890 692 990
891 278 210
892 799 610
893 805 35
894 372 174
895 413 242
896 802 561
897 748 413
898 959 609
899 541 342
900 739 11
901 884 726
902 701 571
903 839 701
904 897 236
905 720 959
906 311 204
907 654 809
908 916 20
909 796 862
910 126 610
911 219 352
912 911 716
913 278 664
914 467 971
915 859 396
916 392 825
917 333 697
918 37 790
919 430 469
920 288 940
921 942 202
922 540 934
923 142 639
924 968 463
925 456 890
926 143 711
927 557 395
928 561 978
929 379 913
930 7 494
931 109 386
932 52 154
933 773 556
934 545 363
935 643 742
936 697 518
937 435 253
938 447 928
939 660 567
940 821 991
941 384 784
942 224 407
943 404 862
944 522 49
945 562 496
946 1005 276
947 272 93
948 154 62
949 64 107
950 684 97
951 629 364
952 321 234
953 10 820
954 457 479
955 547 520
956 357 388
957 637 831
958 965 483
959 993 856
960 790 744
961 463 618
962 866 136
963 763 488
964 697 431
965 229 232
966 274 196
967 899 720
968 844 526
969 262 336
970 2 173
971 740 832
972 257 989
973 270 601
974 399 449
975 767 897
976 367 1
977 968 416
978 937 866
979 448 819
980 351 434
981 614 652
982 47 710
983 184 903
984 154 216
985 10 892
986 208 890
987 730 337
988 205 148
989 826 298
990 949 333
991 539 454
992 511 773
993 394 896
994 330 966
995 788 403
996 939 209
997 242 145
998 523 858
999 32 755
1000 864 891
1001 326 389
1002 873 325
1003 472 744
1004 125 339
1005 44 420
1006 897 794
1007 239 410
1008 142 26
1009 666 779
1010 759 357
