4200 4200
1 373 3798
2 249 1937
3 3119 2063
4 3330 3956
5 2297 86
6 3891 1481
7 3074 1145
8 2440 2811
9 1025 346
10 1416 1510
11 554 959
12 2447 948
13 8 703
14 3532 2032
15 3179 3593
16 1342 816
17 1874 471
18 3258 3128
19 186 2260
20 3096 253
21 1487 2857
22 4120 991
23 410 1846
24 2959 2994
25 3229 839
26 1214 190
27 2083 2892
28 2916 2558
29 451 1950
30 3299 1143
31 1118 1727
32 2649 74
33 3446 3930
34 2752 2939
35 250 307
36 2183 1426
37 191 4159
38 3314 2330
39 2810 1111
40 2744 3776
41 947 265
42 780 2254
43 3980 768
44 3295 3393
45 2955 2797
46 3795 512
47 1203 749
48 2011 3006
49 2098 237
50 33 1450
51 326 3284
52 183 92
53 3553 80
54 1195 1931
55 3967 3340
56 117 4085
57 518 2904
58 3074 3606
59 2317 1169
60 2958 2621
61 3944 2827
62 3446 2043
63 803 3316
64 484 2909
65 3429 2618
66 2254 3860
67 2239 1312
68 1289 3636
69 108 1309
70 2497 2177
71 2388 214
72 2197 3353
73 68 1525
74 1809 1941
75 472 2993
76 4179 4113
77 1699 2792
78 1530 199
79 390 3563
80 2020 319
81 631 225
82 584 2859
83 2516 358
84 4187 1479
85 417 325
86 1006 1342
87 2214 1756
88 3903 1515
89 453 2663
90 2407 2573
91 2426 4144
92 397 2975
93 3092 2037
94 1473 430
95 3579 1370
96 35 3804
97 2186 137
98 2973 2117
99 4198 2903
100 1270 3680
101 928 4168
102 553 280
103 4000 1902
104 3053 676
105 2682 3878
106 214 2500
107 174 1572
108 2252 717
109 50 1865
110 2482 2366
111 1995 2361
112 1818 604
113 2500 1330
114 3886 363
115 1661 2033
116 2090 1502
117 816 2543
118 2457 2472
119 504 332
120 1230 3444
121 3755 3027
122 2284 2179
123 578 2175
124 3111 1852
125 1494 2212
126 3749 4064
127 2965 273
128 4079 3662
129 333 540
130 308 2276
131 4192 1654
132 3168 2640
133 1945 3913
134 2080 3046
135 3558 1639
136 1250 331
137 3399 3293
138 3891 2113
139 1878 960
140 3480 2995
141 1399 2438
142 3577 2796
143 1826 1321
144 3971 2891
145 542 4031
146 934 1690
147 3184 1310
148 1422 1863
149 3836 238
150 3205 3122
151 2940 1895
152 2961 816
153 2327 1420
154 290 2896
155 387 3712
156 894 2100
157 2334 536
158 256 2658
159 1257 2329
160 3207 1307
161 3934 4100
162 2675 923
163 3236 2959
164 3406 3675
165 3705 2239
166 1160 500
167 4127 1210
168 2411 1453
169 3146 1185
170 984 174
171 3961 2661
172 2521 157
173 1154 2322
174 3825 2761
175 3675 3370
176 2233 3262
177 614 2531
178 1597 3217
179 1989 3371
180 102 484
181 3951 4130
182 3857 2339
183 609 2114
184 3576 1792
185 2753 755
186 2863 580
187 2559 818
188 1626 2823
189 1644 3842
190 3268 2307
191 2871 2691
192 1027 1012
193 1006 2274
194 443 1794
195 1058 3394
196 2192 2833
197 471 1257
198 4056 4080
199 3282 278
200 2472 226
201 3267 3626
202 2758 3266
203 181 2732
204 2807 1994
205 2708 3938
206 154 1414
207 815 3452
208 836 748
209 3957 2339
210 237 2567
211 132 1218
212 1459 2436
213 248 2692
214 2901 2956
215 3482 2982
216 1339 683
217 2801 1822
218 2557 4104
219 3141 1069
220 3497 3502
221 1777 1745
222 233 1955
223 2576 1126
224 3268 1599
225 2644 3733
226 3691 3135
227 3707 4149
228 982 2443
229 3723 2666
230 4017 3812
231 719 2291
232 322 2522
233 491 3632
234 724 4085
235 684 140
236 3192 1915
237 636 895
238 3338 2521
239 404 296
240 1098 4029
241 2994 3521
242 861 3684
243 86 34
244 875 1439
245 1464 3275
246 2610 2355
247 2644 3540
248 795 3113
249 2360 4167
250 2443 1755
251 3669 3265
252 1789 1536
253 2964 3613
254 885 962
255 1419 2890
256 1768 3142
257 1896 4134
258 1955 284
259 846 1802
260 817 216
261 158 175
262 3105 1904
263 1583 2713
264 1167 1158
265 1193 1372
266 3610 4144
267 894 1877
268 414 2142
269 2530 4018
270 2739 2740
271 4116 612
272 3053 2906
273 630 692
274 3693 3360
275 538 388
276 3384 2565
277 2485 3583
278 4007 2
279 2201 4075
280 2743 2562
281 3397 182
282 3473 3237
283 1895 719
284 2261 1478
285 3357 726
286 1946 809
287 32 1015
288 3089 1096
289 2331 3747
290 1115 2424
291 3555 2576
292 3152 1016
293 2918 1346
294 3802 1810
295 1369 3329
296 1361 3669
297 1269 797
298 2928 3706
299 1721 1879
300 856 2821
301 430 2714
302 3268 1639
303 3143 594
304 1284 1858
305 223 3980
306 141 1340
307 3128 726
308 2665 367
309 1985 904
310 1796 2512
311 4136 2795
312 3327 3823
313 4096 2009
314 3688 3574
315 188 3958
316 1025 1558
317 3189 2453
318 2215 22
319 2832 1590
320 1606 2270
321 3692 2430
322 3308 1523
323 1498 3047
324 3163 2555
325 1237 3258
326 3139 1540
327 189 3802
328 3576 1207
329 3727 2075
330 1543 2619
331 2791 2067
332 422 1976
333 1097 3607
334 149 1736
335 2523 2753
336 2560 749
337 1311 433
338 2198 3647
339 2344 786
340 2087 3284
341 3251 3007
342 369 117
343 2489 2525
344 1643 2039
345 3929 1210
346 670 4071
347 2163 430
348 473 2962
349 1442 3441
350 2612 2580
351 2050 3550
352 512 3782
353 1147 454
354 981 2566
355 1555 208
356 2307 2962
357 4059 3407
358 2765 3716
359 3603 2548
360 1666 2141
361 264 758
362 1030 1979
363 1647 2280
364 3833 2245
365 3306 3674
366 2494 937
367 1850 1618
368 631 2395
369 3053 1884
370 1271 1625
371 659 1551
372 2896 1668
373 2420 2979
374 3662 266
375 3444 3136
376 3108 338
377 1913 3192
378 861 1415
379 124 664
380 3454 3921
381 886 1290
382 1938 1144
383 1270 2047
384 1749 3210
385 1176 1875
386 2134 1719
387 1791 3233
388 1623 3316
389 1446 537
390 542 2981
391 2492 64
392 3337 990
393 1454 2047
394 53 2467
395 449 3606
396 3624 4190
397 3713 1970
398 3864 3425
399 1963 532
400 3931 3293
401 786 1244
402 1784 466
403 128 1054
404 2558 1424
405 2778 2724
406 3468 4125
407 2706 3252
408 3449 3096
409 2551 2051
410 1845 278
411 2719 3874
412 3959 1419
413 2168 1585
414 1112 3892
415 1124 1049
416 1775 1874
417 611 2766
418 1751 3968
419 4053 716
420 1735 913
421 1512 1377
422 2320 1956
423 1582 2332
424 3276 1922
425 4027 661
426 2724 978
427 2606 3349
428 1147 2049
429 262 503
430 2434 1240
431 3287 3255
432 2011 2889
433 2068 1113
434 3546 4115
435 3223 277
436 1488 3006
437 2167 362
438 2058 2344
439 594 1913
440 1346 1674
441 3195 3196
442 828 1549
443 2253 1254
444 1468 1257
445 3857 3588
446 3134 118
447 2660 2445
448 2534 2380
449 1733 2982
450 1097 1281
451 3869 1833
452 3683 1865
453 2720 3006
454 2594 2851
455 1819 1450
456 4155 289
457 1759 968
458 140 728
459 1045 3430
460 1538 585
461 1377 865
462 164 3599
463 1628 531
464 2471 3585
465 1405 3636
466 1748 1795
467 232 3158
468 519 552
469 1338 1998
470 2120 2787
471 1212 1944
472 3463 3815
473 1614 2385
474 428 4034
475 2341 3787
476 2573 1249
477 736 285
478 524 1368
479 1479 1801
480 2184 1018
481 541 1963
482 2722 3672
483 2256 206
484 3891 3469
485 1414 3752
486 3013 721
487 2899 2569
488 4031 3627
489 3144 3552
490 1444 277
491 2542 3687
492 1118 1603
493 1635 1697
494 2798 3372
495 1612 2856
496 4096 2293
497 2988 3011
498 1229 1650
499 2028 3944
500 897 3750
501 3996 2382
502 895 2836
503 680 3215
504 913 879
505 2726 3364
506 2052 1887
507 319 1834
508 3387 2165
509 605 2707
510 3019 1138
511 1996 1840
512 967 395
513 2683 1229
514 2861 1447
515 2309 4181
516 3400 3435
517 1091 1528
518 607 1974
519 1564 2818
520 3038 3089
521 1960 182
522 1932 2010
523 1689 1843
524 4189 3129
525 227 389
526 3897 3913
527 4078 1807
528 1053 1411
529 1322 3920
530 552 472
531 2266 3204
532 2624 2534
533 3363 2589
534 238 1125
535 567 3520
536 3727 3978
537 3469 2725
538 3284 3980
539 3172 474
540 437 1821
541 3280 3839
542 1434 3402
543 643 2327
544 410 167
545 1624 221
546 1527 1253
547 1676 4013
548 3665 3261
549 3998 3061
550 2058 834
551 1712 3979
552 3434 3674
553 3334 3209
554 685 285
555 231 2767
556 337 1938
557 1794 3983
558 804 3125
559 219 311
560 526 1221
561 597 2226
562 354 3038
563 2586 1920
564 2747 730
565 609 1568
566 1589 901
567 3728 3563
568 3849 1105
569 1194 10
570 2997 1135
571 666 170
572 3267 2647
573 3961 2111
574 1305 1658
575 1005 1784
576 4121 1238
577 3010 2993
578 2521 2626
579 3453 3014
580 4062 659
581 1031 1231
582 197 342
583 86 1518
584 3691 3270
585 210 201
586 2229 2520
587 1991 4180
588 2266 254
589 3862 1471
590 511 3529
591 2641 1712
592 1715 1586
593 3719 2610
594 29 1107
595 3340 1494
596 2098 2537
597 3221 392
598 3436 796
599 2499 302
600 3743 3371
601 2902 3581
602 1310 3890
603 3987 2637
604 3373 1629
605 801 573
606 1016 2417
607 1176 3345
608 2692 1601
609 307 587
610 1660 2151
611 1920 4041
612 2680 1323
613 1134 3598
614 1704 3121
615 3950 3083
616 3527 2678
617 3581 3510
618 2278 2243
619 3681 1723
620 2094 4085
621 2673 3259
622 363 492
623 834 539
624 3405 1122
625 2279 934
626 216 287
627 305 2077
628 1926 3379
629 640 1382
630 3851 2395
631 2232 2843
632 1258 2968
633 3447 2045
634 2127 3068
635 2071 4136
636 2732 3734
637 2431 192
638 239 840
639 3910 2164
640 2268 2159
641 1699 2923
642 1911 194
643 2710 2836
644 3925 2135
645 2771 3042
646 244 2979
647 3313 2472
648 584 617
649 526 1537
650 327 2668
651 3261 1515
652 1591 1392
653 1618 5
654 2318 4102
655 1541 135
656 3130 526
657 2550 1048
658 3675 4106
659 2232 2534
660 2230 1592
661 2016 3073
662 3027 1793
663 2832 1409
664 521 3440
665 1431 2098
666 536 805
667 2732 2181
668 2071 3410
669 2803 3185
670 3223 3437
671 1438 1377
672 2672 904
673 2312 1039
674 755 1741
675 102 593
676 23 1222
677 1455 1260
678 1664 2540
679 1238 3135
680 2149 1254
681 2037 1601
682 489 1525
683 772 29
684 1276 3214
685 3674 452
686 3722 1327
687 1818 3427
688 1341 2613
689 1154 3016
690 2646 2205
691 1529 2183
692 890 2665
693 1823 3586
694 4067 3942
695 3786 2608
696 3580 348
697 2606 749
698 1273 3893
699 3308 2267
700 870 1426
701 2982 2950
702 2903 338
703 3209 334
704 1648 2940
705 1100 3193
706 326 3792
707 1392 3120
708 1246 3865
709 4049 2027
710 3828 1477
711 2037 535
712 3326 4144
713 1058 3870
714 2258 2861
715 1740 3383
716 2085 2543
717 3831 288
718 2334 1423
719 1674 1994
720 3971 3047
721 165 3116
722 722 1479
723 1916 2426
724 2106 4101
725 3348 623
726 1259 3274
727 2462 2529
728 1963 603
729 3074 2156
730 3627 2701
731 3214 242
732 1522 629
733 1118 3369
734 200 2254
735 622 1341
736 3221 2060
737 1590 424
738 642 2097
739 29 3207
740 3184 3990
741 2697 2007
742 3352 1581
743 2870 2320
744 3004 20
745 1886 528
746 2180 3572
747 343 3851
748 339 1187
749 2531 690
750 531 591
751 1532 2129
752 2237 1276
753 406 582
754 1910 800
755 834 878
756 2927 3820
757 1896 706
758 2780 502
759 3380 3579
760 1087 3965
761 1021 1665
762 3933 652
763 3154 2434
764 969 955
765 813 1209
766 2312 146
767 3125 3749
768 1765 4199
769 3566 2652
770 2966 2058
771 2476 1632
772 2679 2679
773 3432 4145
774 3965 1692
775 3017 2290
776 3853 1036
777 3327 144
778 3950 139
779 2941 1688
780 1173 539
781 2333 3248
782 3640 518
783 2232 3810
784 2076 533
785 3950 925
786 3066 2864
787 338 2308
788 3352 2695
789 1585 706
790 3748 160
791 1413 182
792 1711 3042
793 1782 68
794 1479 2418
795 2544 1324
796 2477 1052
797 1050 2887
798 1761 3892
799 1286 2295
800 3842 3149
801 1325 918
802 1451 2794
803 3013 2954
804 354 1427
805 2597 1735
806 1450 3602
807 3839 526
808 3931 2959
809 1279 2469
810 2449 1225
811 3708 3430
812 907 1574
813 2013 3237
814 1436 4140
815 4198 732
816 3935 1928
817 3219 2545
818 1503 680
819 3732 130
820 1261 3676
821 257 408
822 1405 1298
823 2744 610
824 851 131
825 1877 1939
826 170 1319
827 2921 2407
828 3821 2520
829 2062 1801
830 1546 1086
831 353 529
832 459 2351
833 3049 3477
834 1559 2137
835 536 2045
836 2281 2978
837 3688 1091
838 3735 2784
839 415 2595
840 3374 1141
841 2118 103
842 2203 2478
843 606 1766
844 1309 3148
845 1596 1414
846 82 2210
847 2407 1271
848 1151 3663
849 3655 3386
850 3308 3639
851 472 2482
852 854 2605
853 2864 50
854 1807 2548
855 2245 3488
856 2635 2974
857 4106 1376
858 125 1196
859 3700 2363
860 2362 2344
861 2000 1001
862 3419 775
863 959 1589
864 2377 3123
865 3036 1369
866 1644 40
867 1093 1802
868 4052 2965
869 1385 3908
870 3236 1029
871 2506 1841
872 3604 3119
873 2570 3734
874 3126 1626
875 1242 1567
876 2067 2037
877 689 1452
878 1119 198
879 1482 4156
880 906 986
881 2713 1849
882 4088 3917
883 2263 3611
884 3380 1602
885 3044 2786
886 3024 2956
887 237 286
888 712 3766
889 4158 418
890 216 2936
891 2217 1657
892 1778 2123
893 263 2287
894 3685 3151
895 3319 626
896 3971 3043
897 2733 314
898 1305 1901
899 1917 463
900 2508 763
901 2552 1363
902 2018 2209
903 1822 3000
904 559 43
905 613 1763
906 513 2718
907 2744 3089
908 750 3002
909 2684 3280
910 3141 1458
911 3095 3497
912 2402 2159
913 1633 3445
914 2406 842
915 1096 4086
916 438 3201
917 1551 2951
918 2714 324
919 1654 566
920 2577 1016
921 4000 1561
922 1395 1979
923 1256 1999
924 2799 3873
925 1702 3673
926 1559 1295
927 3033 4145
928 864 2598
929 3173 3953
930 2222 3474
931 3151 3422
932 3304 404
933 166 2719
934 2560 3085
935 2261 2785
936 694 283
937 542 4005
938 1845 2649
939 3489 1100
940 2909 1114
941 1325 3001
942 2659 526
943 2638 3888
944 222 3264
945 2072 2374
946 2267 855
947 1107 4057
948 2508 3660
949 1255 2033
950 1484 2099
951 3450 832
952 3542 3718
953 984 1814
954 3367 878
955 3186 1319
956 4032 795
957 4050 2761
958 2577 2966
959 318 3928
960 3403 1029
961 771 3741
962 2332 927
963 2027 3055
964 3280 1264
965 3626 1688
966 1062 3327
967 3934 27
968 2481 3391
969 1165 3932
970 712 1267
971 3100 2593
972 3617 1133
973 1669 1375
974 2465 4120
975 120 3641
976 1134 2500
977 1069 780
978 529 3283
979 152 2390
980 2022 1314
981 1247 1937
982 2854 1881
983 3864 3906
984 1039 2814
985 3814 1135
986 1218 2639
987 2390 3033
988 342 2472
989 2925 1765
990 923 2076
991 836 2281
992 2177 3022
993 2423 4150
994 2482 74
995 394 552
996 2229 3176
997 1708 798
998 1668 1361
999 4001 710
1000 609 101
1001 1747 3792
1002 2932 3868
1003 1657 3167
1004 856 1499
1005 2491 1243
1006 735 2578
1007 164 1482
1008 3923 979
1009 280 1264
1010 367 302
1011 704 2604
1012 2765 819
1013 1028 1614
1014 4065 2919
1015 1513 430
1016 2981 1435
1017 3107 4102
1018 3886 584
1019 404 867
1020 1271 2104
1021 1926 3320
1022 1302 1353
1023 605 2755
1024 796 2787
1025 345 836
1026 2272 453
1027 2179 891
1028 1190 483
1029 445 2993
1030 3947 226
1031 2575 1130
1032 2780 2567
1033 1095 2090
1034 2096 1901
1035 3816 1414
1036 3132 1941
1037 2983 4196
1038 1966 2619
1039 3610 757
1040 3588 1102
1041 113 105
1042 2005 2136
1043 618 1900
1044 3032 1343
1045 3056 2136
1046 2771 3844
1047 3035 2459
1048 63 3122
1049 3366 1443
1050 1427 3585
1051 13 735
1052 3349 2539
1053 37 1239
1054 2928 3110
1055 2793 87
1056 787 4180
1057 3969 1639
1058 886 3679
1059 4198 1063
1060 1619 3081
1061 380 738
1062 2810 1715
1063 3550 3072
1064 3684 2356
1065 137 3609
1066 4021 1492
1067 2090 3870
1068 2564 1730
1069 1921 474
1070 133 2147
1071 1650 1025
1072 3113 3148
1073 3057 1567
1074 219 130
1075 2366 2924
1076 1575 2511
1077 97 1623
1078 414 2872
1079 1184 4001
1080 2733 69
1081 1943 2764
1082 3607 3296
1083 3583 2268
1084 152 345
1085 858 1524
1086 2107 2506
1087 46 1195
1088 2390 3071
1089 2976 3880
1090 2957 888
1091 1147 2676
1092 356 3650
1093 4177 1176
1094 321 466
1095 3672 3663
1096 961 2388
1097 1049 949
1098 2297 2491
1099 3670 3224
1100 920 2258
1101 3529 3437
1102 2228 1146
1103 157 598
1104 34 1949
1105 1951 1931
1106 266 3675
1107 3804 382
1108 1722 122
1109 3010 2812
1110 3882 2003
1111 895 3681
1112 1687 18
1113 4175 2163
1114 484 191
1115 2132 2978
1116 4174 907
1117 6 2190
1118 2255 1853
1119 1398 2481
1120 3765 2486
1121 2597 2798
1122 100 2097
1123 3274 2723
1124 1393 319
1125 3148 1803
1126 2328 3305
1127 2637 3855
1128 2729 2632
1129 3096 598
1130 3574 1794
1131 2732 146
1132 3753 3669
1133 2384 789
1134 563 57
1135 2089 3236
1136 3200 1153
1137 987 1259
1138 289 4115
1139 669 1122
1140 2226 1368
1141 2064 3822
1142 2013 285
1143 2489 2202
1144 638 1899
1145 3212 1679
1146 993 189
1147 563 793
1148 3961 2456
1149 248 837
1150 3874 3879
1151 2864 800
1152 3489 2496
1153 3448 2450
1154 315 2640
1155 1076 1979
1156 1571 2566
1157 790 532
1158 1664 671
1159 1387 3313
1160 3262 3470
1161 1716 189
1162 612 2615
1163 1436 758
1164 1934 1452
1165 2709 859
1166 2963 3895
1167 4089 3052
1168 1746 625
1169 3069 3401
1170 2176 2442
1171 1752 1510
1172 1381 1218
1173 2213 1525
1174 865 1383
1175 836 724
1176 1217 856
1177 192 440
1178 1054 2098
1179 2493 4162
1180 3608 1977
1181 1400 513
1182 1150 1665
1183 44 952
1184 553 2757
1185 4026 3106
1186 2786 3303
1187 1432 804
1188 3177 3490
1189 1013 4089
1190 4176 2757
1191 452 1283
1192 1447 3208
1193 375 2841
1194 57 3516
1195 2358 700
1196 1015 3318
1197 3281 3118
1198 907 1332
1199 2378 3805
1200 2856 644
1201 1454 852
1202 3240 65
1203 1957 3364
1204 2974 1790
1205 1296 3273
1206 2709 1848
1207 2122 4151
1208 3768 1679
1209 1698 2191
1210 3740 70
1211 1057 1780
1212 1723 1068
1213 2031 2187
1214 3818 434
1215 2386 1458
1216 2765 2509
1217 746 424
1218 3746 1086
1219 1574 1638
1220 1387 1632
1221 1451 1988
1222 992 833
1223 3311 1631
1224 3324 2229
1225 2081 1154
1226 3071 3512
1227 91 1890
1228 2764 555
1229 3290 4127
1230 2219 3289
1231 1165 439
1232 2362 3610
1233 4117 829
1234 2000 511
1235 4172 2218
1236 3634 3126
1237 3433 2571
1238 1001 1977
1239 1218 2708
1240 1523 2882
1241 3835 154
1242 769 1314
1243 3239 2927
1244 1570 1747
1245 1955 506
1246 1862 2
1247 2123 1253
1248 3254 1409
1249 3040 3075
1250 2377 971
1251 815 641
1252 1026 1857
1253 2648 956
1254 496 1725
1255 2924 1940
1256 1046 3870
1257 2728 3280
1258 332 3699
1259 3946 1634
1260 2669 1707
1261 1514 3356
1262 3412 933
1263 1707 915
1264 1584 1403
1265 1778 3395
1266 4167 1820
1267 1638 723
1268 1242 3145
1269 3928 906
1270 1382 3352
1271 2645 3001
1272 1563 24
1273 3953 1443
1274 1080 3349
1275 3839 500
1276 926 1413
1277 574 2302
1278 1651 1393
1279 2838 3889
1280 1426 3728
1281 588 2515
1282 4146 2496
1283 586 2790
1284 596 1878
1285 3898 2274
1286 2217 2609
1287 3604 2707
1288 651 3482
1289 294 988
1290 3939 558
1291 948 187
1292 1667 3967
1293 3008 2399
1294 2244 983
1295 3179 2712
1296 555 2287
1297 3245 1461
1298 2400 2488
1299 1442 2812
1300 4199 184
1301 1870 1846
1302 1506 1239
1303 3770 1120
1304 2983 1682
1305 4022 1818
1306 3958 2447
1307 3977 409
1308 3886 2082
1309 240 3927
1310 4104 1056
1311 131 4102
1312 475 3258
1313 2822 3217
1314 3202 3076
1315 3567 2540
1316 3259 3190
1317 715 901
1318 1938 2739
1319 846 1514
1320 1861 1033
1321 738 1597
1322 2033 2752
1323 1239 3254
1324 1941 2406
1325 1517 3263
1326 1925 514
1327 2638 1190
1328 1426 679
1329 943 2662
1330 4072 556
1331 1024 1903
1332 1152 3930
1333 130 2679
1334 3647 1421
1335 4080 3673
1336 1095 2582
1337 561 2485
1338 708 2864
1339 2654 3120
1340 4026 323
1341 2015 446
1342 2989 3382
1343 83 413
1344 2344 1735
1345 2791 836
1346 3346 3079
1347 254 3203
1348 2487 3506
1349 3330 2317
1350 2555 1789
1351 3994 3059
1352 1484 3643
1353 372 2739
1354 2512 2561
1355 2781 153
1356 2764 952
1357 431 3340
1358 2750 339
1359 90 3893
1360 3398 642
1361 1143 3275
1362 1841 3751
1363 4104 3594
1364 502 2655
1365 3660 278
1366 1261 2530
1367 114 882
1368 2563 2902
1369 3107 2574
1370 3219 1705
1371 1821 1944
1372 1242 1518
1373 4053 2474
1374 890 1451
1375 2492 157
1376 3490 520
1377 1526 4044
1378 2059 2458
1379 895 1772
1380 3102 120
1381 3887 4018
1382 2348 718
1383 144 726
1384 70 2880
1385 125 3334
1386 255 1081
1387 581 2494
1388 2118 2245
1389 192 2103
1390 2896 900
1391 161 1981
1392 221 1625
1393 1301 3366
1394 2250 881
1395 3923 3840
1396 127 2679
1397 1900 2825
1398 818 3615
1399 3957 1021
1400 1868 1569
1401 1443 2460
1402 3626 3225
1403 478 1546
1404 879 533
1405 1553 3411
1406 3344 2191
1407 3376 3518
1408 824 1348
1409 475 929
1410 1476 1579
1411 3555 1518
1412 1114 3346
1413 1683 548
1414 1718 2566
1415 3673 2577
1416 293 2497
1417 3004 3551
1418 622 2361
1419 999 1260
1420 3477 3478
1421 2527 310
1422 954 2180
1423 2858 2999
1424 329 122
1425 2657 2582
1426 2155 1338
1427 3368 670
1428 29 1506
1429 2339 2994
1430 3344 3306
1431 3747 2713
1432 1473 2128
1433 72 2935
1434 2049 3696
1435 577 2805
1436 3664 2752
1437 1899 441
1438 333 1179
1439 2535 200
1440 2570 2211
1441 671 2700
1442 2446 2892
1443 2513 1137
1444 2178 1247
1445 3996 2836
1446 3976 2389
1447 843 3662
1448 208 2461
1449 705 3973
1450 1861 4128
1451 1580 491
1452 624 1426
1453 308 803
1454 1835 2083
1455 206 642
1456 1673 2319
1457 1836 987
1458 1364 667
1459 4079 2638
1460 623 425
1461 1944 3105
1462 3542 4022
1463 4003 798
1464 58 969
1465 1381 2711
1466 1561 639
1467 1119 3648
1468 2341 541
1469 1123 1229
1470 764 3677
1471 1015 1324
1472 3104 3182
1473 192 1643
1474 3735 901
1475 865 3069
1476 3966 1600
1477 1724 3761
1478 1954 1564
1479 168 2812
1480 3319 1492
1481 3804 568
1482 933 1198
1483 1115 444
1484 2895 3345
1485 3664 974
1486 3302 3130
1487 1443 2454
1488 2621 511
1489 909 3261
1490 3470 4059
1491 544 3574
1492 206 1971
1493 2339 1692
1494 1604 3560
1495 1261 2301
1496 1751 4174
1497 2303 1749
1498 3113 1260
1499 2391 4126
1500 2670 118
1501 2410 2958
1502 3850 1064
1503 3650 3289
1504 1418 3915
1505 72 2232
1506 1993 588
1507 3828 3474
1508 1238 3403
1509 2979 1651
1510 1500 178
1511 3840 2643
1512 115 3759
1513 630 656
1514 1117 3067
1515 2180 86
1516 1579 1812
1517 434 3661
1518 160 4055
1519 1131 3796
1520 3622 2546
1521 700 237
1522 4080 3690
1523 3636 2801
1524 2560 3232
1525 3860 245
1526 1466 1801
1527 41 2893
1528 1033 566
1529 3560 2088
1530 545 3913
1531 857 2164
1532 4132 3082
1533 127 4060
1534 1696 3633
1535 1423 2951
1536 3657 3652
1537 1759 955
1538 1019 3987
1539 2729 3961
1540 67 2666
1541 2023 3651
1542 1311 439
1543 1905 3651
1544 1666 413
1545 925 1038
1546 1909 2016
1547 1903 3041
1548 2643 2417
1549 2410 2890
1550 1939 3180
1551 1773 3810
1552 1379 3257
1553 3281 1626
1554 3418 3920
1555 3642 3380
1556 119 881
1557 564 667
1558 3321 4114
1559 248 1198
1560 3735 2090
1561 2919 2024
1562 4041 3206
1563 1838 2844
1564 3254 3881
1565 2490 2551
1566 1919 1097
1567 3366 1742
1568 1244 2048
1569 1251 618
1570 4198 1817
1571 2784 1521
1572 1076 2588
1573 2770 2223
1574 2202 4139
1575 4125 3421
1576 2662 3190
1577 1419 1465
1578 4053 3339
1579 325 2413
1580 2407 2770
1581 4168 4036
1582 1782 72
1583 2129 1226
1584 3908 2923
1585 1077 2460
1586 461 1126
1587 1370 1265
1588 2530 1236
1589 1186 1911
1590 1872 1146
1591 2201 456
1592 969 2640
1593 1932 1934
1594 4073 857
1595 3500 2429
1596 2844 2452
1597 500 3600
1598 822 2049
1599 1295 1551
1600 323 3376
1601 1662 2743
1602 3560 3678
1603 2889 1130
1604 1105 2545
1605 1147 3681
1606 2869 2551
1607 1379 784
1608 1575 4074
1609 88 2105
1610 2014 2686
1611 2140 123
1612 1807 62
1613 701 1123
1614 1649 3988
1615 3872 3588
1616 2009 576
1617 3727 3220
1618 3832 1331
1619 1372 2055
1620 2226 1803
1621 614 847
1622 2343 761
1623 2436 3492
1624 3599 3226
1625 903 2609
1626 4130 708
1627 229 1799
1628 1135 809
1629 707 2686
1630 990 2936
1631 43 481
1632 718 2258
1633 4023 1737
1634 2491 1123
1635 1524 3981
1636 779 4034
1637 2770 2985
1638 4128 1666
1639 59 852
1640 659 2201
1641 2890 3542
1642 1567 1153
1643 3191 1042
1644 1363 302
1645 16 1192
1646 3084 1895
1647 1561 1222
1648 2035 3232
1649 287 3136
1650 1570 3447
1651 257 2534
1652 3821 501
1653 1720 629
1654 2807 344
1655 441 944
1656 2738 2775
1657 2217 2761
1658 547 278
1659 3624 3914
1660 1765 1386
1661 4177 777
1662 389 3951
1663 657 3748
1664 174 2136
1665 550 3321
1666 2254 382
1667 954 3281
1668 1137 3102
1669 1032 2245
1670 476 324
1671 2814 793
1672 884 1324
1673 1939 913
1674 544 2786
1675 603 1226
1676 2844 1512
1677 2137 1634
1678 1312 513
1679 236 2506
1680 3185 4019
1681 397 3522
1682 4006 898
1683 1744 4102
1684 581 2403
1685 3593 3160
1686 919 2726
1687 1985 670
1688 1681 1464
1689 2809 4014
1690 1013 3407
1691 2206 3791
1692 2968 1167
1693 661 922
1694 4141 2372
1695 2105 1056
1696 2714 3497
1697 1508 2733
1698 369 577
1699 3026 3590
1700 2803 2909
1701 1548 2327
1702 1128 1149
1703 2603 688
1704 2841 578
1705 2362 2369
1706 3889 283
1707 1153 3011
1708 1737 470
1709 808 257
1710 412 2778
1711 1153 303
1712 43 1554
1713 682 3609
1714 841 2661
1715 3273 2712
1716 1321 1228
1717 2368 1529
1718 3151 2755
1719 2355 1710
1720 2476 1587
1721 31 1712
1722 1862 3415
1723 2542 3557
1724 3351 1750
1725 2160 4087
1726 2645 1761
1727 404 3526
1728 1882 1382
1729 4143 3199
1730 3133 2908
1731 3268 2316
1732 2617 335
1733 246 1974
1734 580 2150
1735 3738 2736
1736 2466 3715
1737 2135 510
1738 2699 2723
1739 2802 3285
1740 4010 2767
1741 3621 3685
1742 4008 2810
1743 3489 3821
1744 3577 3268
1745 4044 3878
1746 2405 3863
1747 2700 595
1748 2673 2880
1749 1333 3502
1750 2959 2431
1751 1455 3518
1752 3387 4154
1753 3419 3384
1754 2384 4143
1755 4047 3260
1756 2811 121
1757 89 1554
1758 1853 229
1759 1217 2525
1760 871 3846
1761 1089 2454
1762 497 3957
1763 1865 651
1764 1203 245
1765 1038 3714
1766 480 3414
1767 1715 2817
1768 2016 3136
1769 3019 3488
1770 1917 2802
1771 3925 1889
1772 1784 1812
1773 2617 1326
1774 212 3546
1775 99 3388
1776 804 210
1777 2078 3559
1778 1769 1712
1779 3330 2103
1780 854 3615
1781 3360 1337
1782 951 803
1783 1269 3472
1784 559 3060
1785 1926 1837
1786 2282 1446
1787 692 1661
1788 1658 2911
1789 1416 1858
1790 3102 3873
1791 560 773
1792 3287 1728
1793 2193 3722
1794 461 3262
1795 3576 3572
1796 3802 2014
1797 2388 427
1798 2061 1285
1799 1678 3131
1800 1626 927
1801 1325 2240
1802 207 369
1803 3315 742
1804 194 659
1805 1187 637
1806 3585 2473
1807 2759 1517
1808 1858 1474
1809 1053 3966
1810 1693 1400
1811 2186 1068
1812 1727 2601
1813 4170 1969
1814 648 4069
1815 38 1859
1816 4023 3514
1817 887 1231
1818 2508 1660
1819 1994 2174
1820 2286 3736
1821 1757 480
1822 3943 4067
1823 2433 1406
1824 3092 3087
1825 88 3076
1826 3873 3270
1827 1017 3038
1828 2637 1274
1829 4009 3874
1830 234 51
1831 788 3759
1832 1888 1258
1833 3845 2380
1834 1681 4087
1835 3546 1349
1836 3960 2822
1837 2308 1961
1838 3902 3359
1839 125 1967
1840 2157 2310
1841 2627 131
1842 1985 3504
1843 3404 1843
1844 2340 295
1845 2434 150
1846 3489 2879
1847 3945 1919
1848 691 242
1849 1854 1111
1850 1103 641
1851 2755 2729
1852 806 2533
1853 3880 2586
1854 3176 3541
1855 2852 409
1856 3894 2960
1857 1253 371
1858 1934 2685
1859 652 2321
1860 3780 1601
1861 996 2734
1862 3799 1921
1863 1692 2700
1864 3770 313
1865 1859 3247
1866 2468 2036
1867 1748 596
1868 1418 2956
1869 970 155
1870 3123 325
1871 1438 3050
1872 69 917
1873 3006 932
1874 3702 3983
1875 4008 1627
1876 1861 3432
1877 1440 321
1878 2930 65
1879 294 2277
1880 1428 1822
1881 1764 1436
1882 2385 2230
1883 1558 6
1884 1315 2149
1885 3402 2826
1886 1721 3774
1887 3282 3452
1888 3851 1837
1889 2520 79
1890 2227 3956
1891 1793 950
1892 2824 1996
1893 629 2903
1894 3468 1950
1895 718 34
1896 296 1426
1897 2160 390
1898 2479 344
1899 1328 2525
1900 2321 2870
1901 151 2257
1902 2793 3873
1903 1257 959
1904 2776 1775
1905 480 1403
1906 787 2581
1907 2271 2236
1908 2371 4068
1909 1524 1433
1910 412 2241
1911 1173 1972
1912 1544 2149
1913 2167 2582
1914 3524 3946
1915 4139 3699
1916 1588 816
1917 3922 2999
1918 1746 4126
1919 2274 2322
1920 1541 2325
1921 1137 2056
1922 984 1585
1923 1673 3900
1924 807 2665
1925 2205 3958
1926 3842 682
1927 3843 2162
1928 3371 3319
1929 1058 2379
1930 378 2228
1931 246 1487
1932 2571 3954
1933 706 3997
1934 670 557
1935 1254 1573
1936 1080 549
1937 3025 2855
1938 2696 1954
1939 1080 3406
1940 3869 540
1941 943 2022
1942 2822 3841
1943 3951 460
1944 2673 1400
1945 833 1141
1946 2144 1229
1947 682 2090
1948 1520 2254
1949 224 1122
1950 804 2710
1951 1292 152
1952 155 4080
1953 2336 2375
1954 2421 1390
1955 2971 595
1956 2555 3442
1957 1235 2561
1958 4032 3238
1959 1530 4130
1960 114 2591
1961 315 2228
1962 1941 1215
1963 247 1522
1964 154 2986
1965 580 1478
1966 2500 881
1967 189 1084
1968 2164 886
1969 1359 320
1970 838 1015
1971 2907 3586
1972 35 3366
1973 32 3576
1974 3200 3080
1975 3915 149
1976 958 165
1977 1849 25
1978 443 4200
1979 2788 674
1980 3090 1327
1981 941 3193
1982 1062 2253
1983 553 3864
1984 2469 2974
1985 3366 1722
1986 1107 3739
1987 383 211
1988 1540 2039
1989 1215 826
1990 238 1760
1991 3955 1404
1992 4133 2162
1993 2107 1812
1994 801 521
1995 122 1183
1996 2742 2189
1997 3163 3860
1998 2674 3163
1999 567 2004
2000 3565 1818
2001 924 2678
2002 2172 755
2003 1408 2511
2004 3469 4188
2005 1247 3800
2006 2570 2790
2007 1801 1328
2008 2232 1158
2009 3816 27
2010 247 4097
2011 4008 331
2012 1991 3420
2013 3391 3030
2014 73 1699
2015 687 3992
2016 3275 2864
2017 1058 2907
2018 1256 1014
2019 3326 573
2020 920 782
2021 1857 2113
2022 4172 1370
2023 1582 799
2024 3381 2001
2025 2328 3376
2026 2733 2074
2027 2447 3677
2028 3285 2540
2029 497 1384
2030 2737 2773
2031 1146 3061
2032 1529 3625
2033 1711 1594
2034 3969 1750
2035 3256 1997
2036 2820 1757
2037 4092 1645
2038 668 1188
2039 1298 1371
2040 973 3306
2041 3252 1522
2042 2091 1810
2043 1678 1525
2044 3569 900
2045 240 4096
2046 3 2944
2047 1080 4091
2048 1150 2989
2049 1892 2418
2050 4135 2817
2051 3127 791
2052 33 753
2053 793 2668
2054 1099 2611
2055 3756 1980
2056 3897 826
2057 3988 1226
2058 2201 1523
2059 982 2524
2060 2721 2893
2061 3541 672
2062 3816 2230
2063 2769 3400
2064 1994 308
2065 1593 83
2066 592 792
2067 2938 3444
2068 2287 1146
2069 3456 2383
2070 1887 1937
2071 3972 568
2072 1311 3417
2073 2127 3638
2074 2727 2011
2075 247 3433
2076 151 1647
2077 2239 2744
2078 2606 1565
2079 2363 3926
2080 3485 3005
2081 2701 1357
2082 3061 4067
2083 1634 3723
2084 1206 3447
2085 2768 2485
2086 3601 540
2087 2603 3361
2088 369 3639
2089 2150 976
2090 3317 4162
2091 2504 60
2092 2401 26
2093 3503 2070
2094 719 2806
2095 1657 2580
2096 3743 1377
2097 2224 705
2098 1078 2658
2099 2094 2805
2100 3950 1106
2101 3874 766
2102 930 2421
2103 1745 1327
2104 1925 420
2105 1160 2552
2106 196 2218
2107 3785 654
2108 2113 1398
2109 389 1604
2110 1649 2825
2111 1385 1186
2112 1288 2152
2113 732 2118
2114 131 1764
2115 1111 1745
2116 2943 3209
2117 2877 2011
2118 2809 1563
2119 2437 3776
2120 501 760
2121 4022 1133
2122 3042 2273
2123 1603 4110
2124 3261 2898
2125 3776 2098
2126 2974 1117
2127 1188 3113
2128 2608 1666
2129 646 612
2130 3989 3307
2131 3612 2311
2132 3609 1677
2133 3602 2067
2134 3021 1272
2135 2088 3102
2136 248 1226
2137 1488 3255
2138 3017 1241
2139 4142 3300
2140 119 2168
2141 3737 2894
2142 2252 2300
2143 2145 4040
2144 288 87
2145 1216 2436
2146 1266 893
2147 38 3615
2148 836 4069
2149 4200 3774
2150 3736 1570
2151 3786 2472
2152 2349 3923
2153 2133 3110
2154 2991 320
2155 25 209
2156 790 1550
2157 3967 266
2158 3725 1804
2159 3448 360
2160 4110 623
2161 1882 2365
2162 1564 3315
2163 1565 2114
2164 2513 779
2165 2144 1036
2166 2033 1738
2167 1954 735
2168 822 3059
2169 1294 1923
2170 4158 799
2171 2853 900
2172 346 1357
2173 1618 846
2174 3216 1886
2175 659 2607
2176 4091 1081
2177 1404 1335
2178 161 1820
2179 680 3375
2180 958 1205
2181 1834 2318
2182 880 1104
2183 2560 2482
2184 1018 1746
2185 1194 2045
2186 956 2349
2187 3298 1213
2188 123 2404
2189 2436 664
2190 1565 4018
2191 47 1863
2192 3248 2310
2193 437 579
2194 2427 3674
2195 2208 246
2196 1493 116
2197 2789 3780
2198 3188 2452
2199 1245 1249
2200 1081 231
2201 882 1052
2202 2075 532
2203 2703 1900
2204 3521 981
2205 2251 1042
2206 2092 528
2207 1759 856
2208 3291 3126
2209 2325 3288
2210 2737 1131
2211 1516 552
2212 3100 2848
2213 3890 3540
2214 87 254
2215 2657 3053
2216 3795 100
2217 3797 2720
2218 3586 1890
2219 3892 226
2220 3444 1406
2221 3823 1099
2222 2237 3127
2223 2345 1320
2224 3838 1145
2225 501 3718
2226 2186 4129
2227 445 228
2228 965 1809
2229 1672 16
2230 2024 797
2231 1115 316
2232 3904 71
2233 2636 1850
2234 672 2160
2235 1026 3398
2236 1556 2641
2237 1 1916
2238 216 953
2239 1461 1505
2240 663 3759
2241 2061 3950
2242 2688 26
2243 610 1786
2244 734 3342
2245 1264 1151
2246 2592 1227
2247 1652 3848
2248 752 201
2249 2886 1106
2250 3639 2990
2251 2305 2537
2252 2457 1612
2253 2289 2331
2254 3501 4188
2255 244 3739
2256 48 1191
2257 3316 3863
2258 3602 2303
2259 1700 923
2260 2593 2529
2261 417 3417
2262 2933 438
2263 635 4129
2264 820 3586
2265 2660 78
2266 70 1956
2267 1440 2073
2268 211 4151
2269 3918 1482
2270 3540 1273
2271 3766 3492
2272 2768 970
2273 1643 3593
2274 1736 1823
2275 4011 2406
2276 2053 4184
2277 404 1047
2278 1640 2446
2279 3441 3286
2280 2546 354
2281 2758 320
2282 3565 1713
2283 1112 416
2284 1883 3996
2285 1641 3001
2286 3533 3400
2287 906 1982
2288 2431 2728
2289 2137 1076
2290 3114 2140
2291 878 2483
2292 1762 1028
2293 192 1168
2294 3985 3789
2295 1790 4159
2296 3107 1304
2297 3339 3679
2298 4172 4175
2299 2113 54
2300 3999 1249
2301 4169 1543
2302 2465 848
2303 1321 1968
2304 613 3233
2305 2519 2073
2306 1976 156
2307 2214 1482
2308 3896 3085
2309 2270 1973
2310 961 2754
2311 3105 196
2312 912 941
2313 2219 1364
2314 323 3772
2315 3306 4186
2316 3488 1552
2317 1071 2164
2318 2630 2451
2319 970 1059
2320 1785 589
2321 3237 3407
2322 946 1264
2323 34 2108
2324 966 1546
2325 3454 1908
2326 2838 1084
2327 3650 3230
2328 3999 137
2329 1608 845
2330 498 889
2331 4163 1588
2332 1879 1815
2333 3938 112
2334 2109 1159
2335 3158 70
2336 1589 1803
2337 1522 3863
2338 929 3376
2339 2099 2744
2340 150 709
2341 711 1423
2342 537 3940
2343 2835 1396
2344 1474 1100
2345 2199 3988
2346 1394 1030
2347 2229 1916
2348 2762 286
2349 187 164
2350 3999 3445
2351 861 3065
2352 1929 2621
2353 4070 2519
2354 275 1956
2355 1640 783
2356 3992 2004
2357 1306 390
2358 1763 3138
2359 2337 1214
2360 3839 1510
2361 3219 353
2362 1353 1386
2363 3224 402
2364 2563 2415
2365 3457 4023
2366 442 733
2367 262 516
2368 75 3489
2369 98 1249
2370 689 3451
2371 1730 3600
2372 1962 4000
2373 3422 2343
2374 3267 646
2375 1079 3181
2376 168 382
2377 3210 795
2378 2904 1735
2379 1707 3095
2380 1473 2425
2381 2382 1089
2382 1200 2166
2383 585 2944
2384 396 3656
2385 14 3925
2386 1324 3503
2387 184 3275
2388 4101 737
2389 1236 3548
2390 2616 183
2391 2786 104
2392 60 3102
2393 76 1330
2394 1824 1939
2395 415 747
2396 2579 35
2397 879 2891
2398 48 3546
2399 1663 2244
2400 2628 1210
2401 3481 1242
2402 2978 1166
2403 2955 1040
2404 4049 1023
2405 2548 1397
2406 2396 527
2407 29 3967
2408 3450 2956
2409 2810 3302
2410 3935 3615
2411 2651 828
2412 139 542
2413 2230 1083
2414 4178 4087
2415 568 257
2416 171 606
2417 1956 1824
2418 3900 3985
2419 1507 3000
2420 879 2401
2421 2749 272
2422 2638 3036
2423 1950 3970
2424 572 1305
2425 2964 4152
2426 2447 67
2427 3968 3916
2428 3072 1306
2429 4003 1884
2430 1429 3094
2431 11 1237
2432 258 1773
2433 1351 1159
2434 1491 1087
2435 3839 874
2436 1589 2921
2437 4119 2359
2438 4190 1591
2439 2333 1754
2440 1393 3341
2441 2345 3278
2442 614 2319
2443 3853 402
2444 3066 1063
2445 3957 3403
2446 2291 4159
2447 1649 1714
2448 1287 72
2449 3569 895
2450 3198 1858
2451 96 1358
2452 1020 1133
2453 731 865
2454 3683 1928
2455 2268 3038
2456 3641 495
2457 418 379
2458 3342 2146
2459 1571 3223
2460 569 2380
2461 877 682
2462 3803 1690
2463 2674 4000
2464 3724 1469
2465 3138 3809
2466 2148 632
2467 3693 2629
2468 3605 1958
2469 281 1063
2470 1895 1430
2471 1784 1655
2472 2116 1505
2473 206 1308
2474 1254 2310
2475 2858 1658
2476 669 763
2477 2139 1656
2478 1285 1118
2479 3421 2677
2480 1695 1500
2481 643 1205
2482 4055 235
2483 2623 2702
2484 742 1587
2485 3088 3448
2486 457 107
2487 1523 548
2488 378 2137
2489 2390 2987
2490 2550 3161
2491 1457 3331
2492 3782 3154
2493 1006 254
2494 3473 2892
2495 2298 1483
2496 4034 2903
2497 1060 2313
2498 2846 2705
2499 3949 1177
2500 201 46
2501 2929 2116
2502 945 3917
2503 1861 837
2504 4091 2032
2505 273 927
2506 1149 68
2507 121 3146
2508 3988 1866
2509 166 2467
2510 3119 1685
2511 2522 1457
2512 3964 1388
2513 3652 4063
2514 1665 939
2515 2744 31
2516 45 2933
2517 1339 1523
2518 1552 3773
2519 454 154
2520 816 3870
2521 784 3537
2522 1853 1918
2523 1377 1752
2524 2504 2314
2525 1668 2815
2526 3023 3983
2527 3717 1024
2528 180 1533
2529 2012 310
2530 1104 1352
2531 3920 3615
2532 2938 2882
2533 1711 1350
2534 1284 3275
2535 2261 212
2536 1175 3226
2537 107 2720
2538 213 889
2539 3290 1340
2540 2608 1148
2541 1848 2810
2542 2602 3762
2543 3578 1815
2544 2676 2552
2545 1651 3671
2546 3403 346
2547 3764 3561
2548 175 1427
2549 1725 2444
2550 2502 3574
2551 1914 66
2552 1097 422
2553 3017 1572
2554 125 139
2555 3699 3982
2556 413 3958
2557 1433 2597
2558 1254 952
2559 2946 1974
2560 2507 1630
2561 2410 1857
2562 2386 1143
2563 836 613
2564 254 3976
2565 956 1709
2566 2478 1712
2567 558 1148
2568 239 440
2569 1883 2653
2570 2973 1254
2571 1053 695
2572 832 834
2573 2176 1743
2574 28 2303
2575 1564 2894
2576 2065 654
2577 3448 508
2578 1925 1984
2579 2706 1260
2580 1966 2971
2581 4164 3914
2582 2669 1511
2583 2441 3939
2584 2855 3737
2585 992 2084
2586 854 1664
2587 2808 1670
2588 2439 38
2589 3485 1816
2590 1621 2848
2591 3985 2437
2592 1606 2850
2593 3286 3024
2594 2508 1197
2595 1579 101
2596 2839 1459
2597 374 2354
2598 2809 2684
2599 4018 2894
2600 1835 2041
2601 2329 1312
2602 3478 1425
2603 1891 3547
2604 12 1899
2605 759 441
2606 1975 243
2607 2768 3422
2608 3450 3544
2609 3132 3870
2610 1239 3062
2611 2874 2513
2612 2465 1287
2613 3962 3221
2614 1788 831
2615 3186 2413
2616 2233 144
2617 3829 1250
2618 374 3179
2619 238 1143
2620 2157 1384
2621 3022 2273
2622 388 1464
2623 3682 1766
2624 1085 233
2625 2721 3669
2626 239 3546
2627 845 319
2628 1669 3976
2629 2631 3732
2630 972 3368
2631 1816 1745
2632 2771 13
2633 2789 1400
2634 2886 2084
2635 1226 1753
2636 1084 2367
2637 155 2160
2638 2003 3471
2639 2167 2543
2640 1831 2685
2641 1110 4173
2642 4106 371
2643 2124 319
2644 2505 1446
2645 206 3102
2646 1715 166
2647 4053 3345
2648 32 2418
2649 1729 2396
2650 3007 958
2651 3807 3281
2652 3664 4150
2653 3230 1983
2654 1843 3311
2655 1838 3096
2656 3305 1004
2657 1746 4063
2658 3994 3943
2659 3848 1625
2660 2398 1256
2661 3239 4171
2662 1984 3019
2663 2048 317
2664 2767 1061
2665 4192 134
2666 1111 2663
2667 804 1848
2668 369 4046
2669 806 3877
2670 2486 3154
2671 184 4017
2672 1025 893
2673 4070 3146
2674 2765 2055
2675 2929 4062
2676 2500 1368
2677 4169 1676
2678 3059 1101
2679 1162 742
2680 794 1919
2681 3810 1700
2682 3424 920
2683 2450 149
2684 534 2367
2685 140 3578
2686 587 1886
2687 3700 2411
2688 2640 1866
2689 1809 694
2690 1605 3586
2691 1918 1429
2692 1868 3612
2693 660 2416
2694 339 477
2695 627 811
2696 1128 536
2697 312 1048
2698 1017 2136
2699 3617 3256
2700 3833 4129
2701 239 3814
2702 354 980
2703 1859 1125
2704 2767 3065
2705 4020 2972
2706 808 1538
2707 3976 2542
2708 3284 2757
2709 4001 15
2710 106 3931
2711 3650 1628
2712 2785 2191
2713 2810 3322
2714 2577 1873
2715 3152 1857
2716 233 2251
2717 304 42
2718 1739 1163
2719 4036 1183
2720 2284 1643
2721 3111 571
2722 1488 2429
2723 270 90
2724 702 4139
2725 3840 161
2726 1055 1734
2727 2279 2473
2728 3477 2606
2729 1312 528
2730 3346 2473
2731 3007 3281
2732 2766 223
2733 3926 613
2734 2182 4085
2735 2584 2658
2736 2473 3616
2737 2617 1179
2738 3076 1933
2739 2705 944
2740 1904 3534
2741 1744 1271
2742 2698 1008
2743 2604 2507
2744 484 2163
2745 280 3436
2746 2707 1337
2747 4079 1303
2748 1368 1203
2749 3954 2408
2750 3267 2208
2751 527 3797
2752 1644 407
2753 363 1013
2754 1580 840
2755 2832 2584
2756 3308 3918
2757 2842 3720
2758 1995 2263
2759 2918 1601
2760 1550 3455
2761 2669 2109
2762 3396 1817
2763 1968 3844
2764 2304 1288
2765 1828 66
2766 1530 3221
2767 3200 3560
2768 3543 2410
2769 1932 1616
2770 560 863
2771 1172 4035
2772 3393 370
2773 1517 3149
2774 923 196
2775 2960 1172
2776 1388 2010
2777 2389 2004
2778 1396 3985
2779 3817 3567
2780 3004 3774
2781 1675 291
2782 3555 596
2783 539 788
2784 3081 351
2785 2165 1460
2786 3559 433
2787 3053 3368
2788 3574 1075
2789 1578 2189
2790 1440 3855
2791 3072 4178
2792 1804 555
2793 2776 3008
2794 1077 433
2795 2243 1416
2796 3797 2396
2797 1952 4179
2798 4142 1325
2799 4130 1728
2800 3098 3095
2801 1957 145
2802 635 3104
2803 3514 1031
2804 3965 2953
2805 2825 3768
2806 419 544
2807 838 861
2808 4175 1492
2809 623 2769
2810 1718 2304
2811 3902 711
2812 3748 628
2813 434 3891
2814 3939 3256
2815 922 3276
2816 970 3210
2817 2397 1768
2818 2828 746
2819 2363 2385
2820 1709 892
2821 3545 2710
2822 1452 1150
2823 2851 637
2824 3542 155
2825 2978 1727
2826 920 3199
2827 2624 1285
2828 3983 3276
2829 2658 2778
2830 211 3452
2831 1182 1336
2832 1169 2168
2833 1396 616
2834 160 3784
2835 2554 900
2836 1086 1220
2837 554 832
2838 2212 4050
2839 1175 1032
2840 2911 4153
2841 1984 3155
2842 2961 134
2843 3748 3681
2844 2663 517
2845 47 3656
2846 1972 3266
2847 2308 2629
2848 3535 2776
2849 2091 2210
2850 2768 2562
2851 76 827
2852 1704 664
2853 2589 3613
2854 2849 973
2855 3617 288
2856 620 3094
2857 2 3052
2858 1170 1981
2859 1488 755
2860 2549 3199
2861 186 2070
2862 2216 1602
2863 3180 282
2864 740 1611
2865 242 3092
2866 2308 944
2867 764 1259
2868 2739 657
2869 1778 861
2870 1837 532
2871 3458 725
2872 1307 522
2873 3824 1043
2874 1459 2564
2875 4061 3708
2876 896 2505
2877 4115 555
2878 653 820
2879 4079 736
2880 3488 3322
2881 1864 2640
2882 2980 2881
2883 2656 3670
2884 1231 3136
2885 3872 1145
2886 126 1330
2887 449 3669
2888 4110 3020
2889 3592 3782
2890 2989 1658
2891 994 83
2892 2095 2725
2893 1297 279
2894 2013 1664
2895 2565 2742
2896 3547 1291
2897 566 3854
2898 3105 2311
2899 1032 2675
2900 3021 2970
2901 3048 1560
2902 3686 1222
2903 855 2762
2904 996 3374
2905 2245 2255
2906 1534 2496
2907 888 3336
2908 836 1913
2909 3220 1835
2910 71 1597
2911 3501 2396
2912 653 3670
2913 211 3332
2914 113 2488
2915 181 338
2916 1747 570
2917 2074 3698
2918 3332 1479
2919 1443 3291
2920 1132 3270
2921 2909 2838
2922 2088 2494
2923 3718 1603
2924 3142 3662
2925 2230 246
2926 3682 2372
2927 3128 3242
2928 806 2317
2929 4024 2964
2930 2358 1725
2931 1631 1932
2932 1514 1879
2933 2205 1880
2934 2463 966
2935 422 1985
2936 2320 4069
2937 3001 2137
2938 2057 4188
2939 4165 2197
2940 1133 2004
2941 1796 896
2942 4056 4126
2943 4157 1097
2944 2839 526
2945 1116 774
2946 1334 918
2947 2485 8
2948 2626 3280
2949 4057 3320
2950 1929 3627
2951 4176 2187
2952 2759 1730
2953 3496 386
2954 1331 1802
2955 3420 1373
2956 761 3203
2957 513 1898
2958 1616 2048
2959 677 1760
2960 118 2058
2961 2624 72
2962 291 1882
2963 3784 430
2964 3252 1622
2965 2535 2061
2966 3393 2598
2967 3728 2049
2968 3545 1119
2969 3859 1481
2970 3148 3911
2971 3244 2836
2972 4178 3962
2973 2194 3322
2974 98 2317
2975 2479 807
2976 3173 1113
2977 3076 2804
2978 2460 3155
2979 479 3039
2980 1958 993
2981 1135 3372
2982 1767 1999
2983 4143 2972
2984 3678 34
2985 2913 1212
2986 1462 3213
2987 2677 65
2988 1336 3155
2989 1618 1339
2990 2390 3628
2991 668 3759
2992 266 1627
2993 3055 3642
2994 3448 4191
2995 3227 4186
2996 1914 1785
2997 176 1887
2998 347 3501
2999 2692 1162
3000 2518 3517
3001 1339 3197
3002 1144 1722
3003 494 684
3004 1883 988
3005 3815 810
3006 3796 564
3007 2883 47
3008 1063 472
3009 3337 48
3010 3921 1999
3011 627 3471
3012 3319 2357
3013 1835 1765
3014 4077 3833
3015 1456 1109
3016 2361 270
3017 1672 1283
3018 1978 4039
3019 280 3797
3020 1603 1542
3021 3074 3529
3022 2100 2062
3023 3110 1647
3024 2987 55
3025 2356 2384
3026 286 1243
3027 1184 335
3028 868 2407
3029 2615 3263
3030 2749 3139
3031 1418 2981
3032 3368 2206
3033 1609 3879
3034 2900 3955
3035 3730 2485
3036 3376 3497
3037 2274 1479
3038 102 346
3039 1802 2784
3040 3901 2457
3041 2933 2841
3042 1535 1602
3043 578 1665
3044 595 2133
3045 5 195
3046 3772 3355
3047 1675 2585
3048 1897 2404
3049 1534 3720
3050 2790 344
3051 1341 1475
3052 2082 3540
3053 1119 2908
3054 587 2824
3055 25 1721
3056 2863 991
3057 519 3100
3058 3212 2014
3059 128 3293
3060 2195 1408
3061 957 3475
3062 1936 3097
3063 226 3177
3064 3941 314
3065 2022 3902
3066 1384 2268
3067 1888 304
3068 2234 3857
3069 339 1225
3070 3785 191
3071 3651 3338
3072 1864 2942
3073 2480 1807
3074 1637 3165
3075 3426 2596
3076 2396 568
3077 3342 775
3078 2082 3604
3079 3249 325
3080 757 2622
3081 3841 1953
3082 3394 377
3083 1284 1754
3084 3710 2974
3085 2515 1901
3086 2345 865
3087 4023 3123
3088 760 3465
3089 1280 2069
3090 4050 2464
3091 3778 1860
3092 2526 1324
3093 1856 229
3094 1467 3670
3095 3221 3742
3096 3335 2217
3097 2881 2394
3098 3452 501
3099 1952 2587
3100 1720 4084
3101 2026 601
3102 3164 2412
3103 662 645
3104 2343 1583
3105 3840 1419
3106 1708 3271
3107 1789 3256
3108 945 4190
3109 3989 1000
3110 657 2173
3111 4168 3683
3112 2029 59
3113 1956 2472
3114 3702 1864
3115 1854 1939
3116 2806 819
3117 3502 1683
3118 1352 3321
3119 2928 1215
3120 1365 191
3121 3800 187
3122 945 4002
3123 342 389
3124 2277 1780
3125 1450 877
3126 1078 1410
3127 3986 348
3128 1061 2644
3129 2370 564
3130 1240 372
3131 2091 528
3132 3810 1579
3133 2535 3069
3134 1239 2168
3135 620 2458
3136 3914 986
3137 895 2364
3138 514 1456
3139 427 1885
3140 1482 1479
3141 3778 445
3142 1560 2932
3143 3714 554
3144 4185 1835
3145 1420 2908
3146 3211 1287
3147 1841 2284
3148 307 2667
3149 2438 1311
3150 3767 112
3151 1778 2709
3152 510 1136
3153 1750 1302
3154 4183 1755
3155 1108 1111
3156 2280 1943
3157 2194 3121
3158 1793 4181
3159 761 3388
3160 2952 2601
3161 1625 1738
3162 2437 1523
3163 56 910
3164 832 2556
3165 851 783
3166 3130 1771
3167 788 2680
3168 538 809
3169 2244 3250
3170 3105 3537
3171 3722 2211
3172 1264 3164
3173 3253 3345
3174 2240 2643
3175 3247 1954
3176 2745 351
3177 2330 2182
3178 2664 1446
3179 2991 927
3180 1763 2758
3181 3133 1959
3182 3567 1743
3183 167 3795
3184 1180 4044
3185 1818 447
3186 3510 1331
3187 981 4178
3188 2952 3101
3189 225 883
3190 1684 2632
3191 3931 132
3192 118 3555
3193 1367 2926
3194 3378 641
3195 3247 1662
3196 1499 217
3197 573 1406
3198 3438 3949
3199 550 2327
3200 21 1955
3201 935 1397
3202 4048 649
3203 3004 1643
3204 3865 2756
3205 1710 1705
3206 1391 1809
3207 1213 3347
3208 3750 2725
3209 3495 1292
3210 1557 1315
3211 4096 3155
3212 3912 2485
3213 578 1853
3214 1046 3997
3215 2302 1955
3216 1742 2084
3217 3580 3133
3218 4182 2890
3219 1184 3422
3220 1756 1927
3221 2197 3634
3222 1776 2961
3223 4166 2638
3224 57 2311
3225 3563 2424
3226 2520 3230
3227 1017 295
3228 3170 4146
3229 685 2955
3230 3081 2615
3231 1370 2039
3232 1357 3248
3233 3865 446
3234 3359 2808
3235 120 1372
3236 3175 1751
3237 1398 3959
3238 4031 1391
3239 4006 2318
3240 2719 527
3241 1642 3360
3242 3170 3696
3243 2698 408
3244 2241 2823
3245 1950 3832
3246 246 3946
3247 1872 948
3248 980 567
3249 1125 192
3250 141 3641
3251 821 3196
3252 4140 1371
3253 48 1927
3254 972 3386
3255 2620 714
3256 616 2831
3257 1365 2270
3258 1229 114
3259 4132 2304
3260 1957 3341
3261 588 3028
3262 861 1328
3263 1800 2833
3264 2290 3928
3265 2416 252
3266 1471 1982
3267 1534 2174
3268 233 397
3269 2444 1282
3270 3823 1060
3271 2505 3562
3272 1492 877
3273 1484 985
3274 264 1700
3275 2623 3839
3276 2718 2628
3277 3071 1088
3278 1463 743
3279 1419 3286
3280 1462 1893
3281 4092 504
3282 1677 2911
3283 1948 699
3284 872 2307
3285 433 1864
3286 1128 2539
3287 3396 2214
3288 892 3625
3289 941 762
3290 2995 1830
3291 1946 2708
3292 3620 652
3293 96 3011
3294 1898 2400
3295 4137 2812
3296 2642 3652
3297 2654 1087
3298 1767 2323
3299 1527 1874
3300 2400 1855
3301 360 2938
3302 3248 2607
3303 1438 1295
3304 3990 373
3305 1411 2320
3306 3686 3160
3307 582 687
3308 2496 1212
3309 3551 4030
3310 3703 691
3311 2201 961
3312 2805 2974
3313 1537 4134
3314 2733 2940
3315 2838 1947
3316 3265 1823
3317 2857 1567
3318 2853 3666
3319 2615 1980
3320 395 1087
3321 1348 3307
3322 3321 33
3323 2691 264
3324 3440 214
3325 1979 2167
3326 3326 3527
3327 2732 1328
3328 991 1659
3329 1827 2807
3330 3847 832
3331 3193 1247
3332 3979 3003
3333 2011 2639
3334 3536 1507
3335 1750 2749
3336 284 1937
3337 2769 3331
3338 1164 2018
3339 3767 1272
3340 846 2464
3341 1749 3312
3342 3064 2942
3343 857 1518
3344 3376 2010
3345 2268 2329
3346 165 3056
3347 1346 2476
3348 2086 1621
3349 3039 2939
3350 434 369
3351 1011 2835
3352 759 2129
3353 2017 1465
3354 1495 2763
3355 3285 54
3356 3808 675
3357 1852 1881
3358 163 3654
3359 4081 1517
3360 3896 2637
3361 1797 1484
3362 159 2492
3363 3350 653
3364 562 1971
3365 2908 3746
3366 2969 3749
3367 3136 2973
3368 1862 504
3369 1453 3772
3370 1010 2740
3371 2155 2066
3372 4152 2327
3373 1473 3480
3374 2753 1200
3375 1180 2020
3376 1959 3482
3377 374 185
3378 1349 3836
3379 776 4103
3380 3615 455
3381 482 4101
3382 343 95
3383 3106 451
3384 1495 3141
3385 3668 3181
3386 2254 3341
3387 1898 1709
3388 836 3636
3389 2484 583
3390 2144 2140
3391 2537 1900
3392 1533 794
3393 3182 2007
3394 2072 2639
3395 894 1700
3396 2421 3207
3397 2347 4170
3398 3610 3143
3399 1508 798
3400 2996 658
3401 3839 3810
3402 3553 973
3403 2105 4158
3404 4118 3857
3405 2748 3590
3406 530 3017
3407 3176 3275
3408 1954 2221
3409 1293 719
3410 1478 2071
3411 2352 4027
3412 2820 2564
3413 1845 3587
3414 3604 644
3415 403 1021
3416 1700 2637
3417 3238 845
3418 1516 2237
3419 1313 205
3420 3653 1047
3421 3690 3859
3422 2621 465
3423 2930 2243
3424 2126 819
3425 277 3815
3426 1201 2890
3427 2703 2212
3428 948 1469
3429 3408 575
3430 2908 3976
3431 1594 3872
3432 2575 1535
3433 3288 4030
3434 3672 1181
3435 1993 650
3436 2928 2999
3437 3517 2280
3438 1307 2098
3439 3903 3180
3440 482 1876
3441 820 625
3442 1191 2537
3443 1811 3232
3444 2614 1668
3445 2429 2055
3446 721 1065
3447 2455 216
3448 3420 1208
3449 3109 2403
3450 1523 3709
3451 530 3574
3452 801 374
3453 669 2572
3454 3763 2189
3455 2110 1069
3456 52 1951
3457 1266 2565
3458 1346 244
3459 2643 1302
3460 1384 1207
3461 1187 106
3462 2093 3424
3463 138 2627
3464 3269 3520
3465 311 3766
3466 1695 677
3467 3979 201
3468 3223 1975
3469 2972 312
3470 3677 1794
3471 2536 1710
3472 2605 3141
3473 1856 385
3474 712 1194
3475 3744 3119
3476 2996 3671
3477 2156 3072
3478 287 4189
3479 4132 860
3480 1553 1567
3481 2755 3615
3482 4059 660
3483 669 97
3484 578 1969
3485 808 2307
3486 3121 1225
3487 708 1511
3488 1038 3846
3489 3813 2727
3490 3355 1389
3491 2561 1825
3492 984 1380
3493 3797 1090
3494 3647 4111
3495 1037 512
3496 3968 716
3497 868 2772
3498 1734 3924
3499 3072 944
3500 450 3427
3501 2385 525
3502 783 9
3503 1163 1793
3504 1245 434
3505 1027 3430
3506 2386 3651
3507 3887 3838
3508 182 2294
3509 3064 558
3510 2037 4032
3511 1556 1993
3512 4010 3472
3513 359 655
3514 3794 715
3515 731 301
3516 759 694
3517 3504 663
3518 2031 299
3519 1477 2922
3520 1124 1545
3521 967 4159
3522 1797 789
3523 2185 357
3524 788 2237
3525 2133 607
3526 1233 1510
3527 1034 558
3528 3976 1907
3529 2935 2879
3530 2454 3202
3531 599 3136
3532 1449 2882
3533 3485 311
3534 3817 3464
3535 2329 1741
3536 634 1186
3537 403 1841
3538 3899 1667
3539 96 2591
3540 3404 2608
3541 2540 3986
3542 1963 3426
3543 1327 3071
3544 4024 2901
3545 2090 1885
3546 850 1808
3547 2667 866
3548 2073 271
3549 175 4055
3550 3077 2558
3551 2512 871
3552 3503 3102
3553 2159 2932
3554 886 1764
3555 1700 1459
3556 589 1072
3557 3475 2017
3558 4068 1612
3559 3193 2013
3560 1347 1198
3561 2408 2176
3562 398 2975
3563 3336 4082
3564 3373 3813
3565 1679 3343
3566 891 3325
3567 3089 1114
3568 2922 1477
3569 4179 3249
3570 3397 18
3571 1580 1193
3572 2143 2533
3573 1789 3075
3574 3170 587
3575 1267 2303
3576 1937 2981
3577 267 2648
3578 3330 3997
3579 1277 2257
3580 630 3963
3581 1156 2518
3582 28 1495
3583 3197 1445
3584 885 3559
3585 2101 3934
3586 1057 1315
3587 1664 2538
3588 1425 1463
3589 2920 2400
3590 3278 3257
3591 891 3710
3592 3787 4004
3593 1464 1661
3594 3462 3924
3595 1675 669
3596 3789 1746
3597 359 1980
3598 2366 1282
3599 83 3257
3600 2279 1172
3601 1824 1397
3602 1104 3896
3603 290 213
3604 3965 3774
3605 1565 561
3606 2481 2548
3607 2946 4176
3608 2751 3889
3609 1057 368
3610 2122 3554
3611 1881 1984
3612 1360 354
3613 2895 3297
3614 2202 3624
3615 3332 3581
3616 2328 2571
3617 162 2406
3618 1491 225
3619 3095 586
3620 554 3241
3621 179 3453
3622 3881 4037
3623 3055 695
3624 951 1061
3625 1030 1920
3626 3158 2943
3627 2392 1970
3628 2385 155
3629 3333 2430
3630 3049 3639
3631 1303 2697
3632 2520 3086
3633 3395 2256
3634 1858 446
3635 2066 633
3636 2553 49
3637 538 2132
3638 2168 4156
3639 2482 1867
3640 3441 351
3641 151 1326
3642 1963 533
3643 112 1345
3644 2038 2813
3645 3960 2330
3646 2 735
3647 597 3261
3648 1375 211
3649 1989 2403
3650 1789 3062
3651 689 1411
3652 3216 4118
3653 2948 551
3654 3740 3625
3655 565 202
3656 543 2857
3657 3283 2288
3658 4015 4082
3659 2616 671
3660 929 431
3661 2226 3749
3662 3236 1978
3663 3390 3610
3664 2846 3715
3665 1733 2935
3666 21 3259
3667 1396 3855
3668 2936 4000
3669 1999 2125
3670 719 2379
3671 3982 4062
3672 608 945
3673 346 2944
3674 2140 1272
3675 1289 1219
3676 2561 2419
3677 4168 2664
3678 2745 2710
3679 2361 2791
3680 1219 3701
3681 1878 4197
3682 1968 2211
3683 492 341
3684 801 2223
3685 875 2126
3686 303 444
3687 2349 646
3688 1452 2624
3689 4117 2518
3690 912 37
3691 1554 3310
3692 4142 2719
3693 2548 3745
3694 1936 2605
3695 1735 3061
3696 375 1675
3697 2693 3500
3698 432 311
3699 3289 3294
3700 499 1779
3701 1249 2859
3702 2942 1298
3703 195 571
3704 2994 398
3705 3196 1400
3706 2357 794
3707 212 2071
3708 3240 2476
3709 2918 3563
3710 832 3877
3711 439 2354
3712 1266 1347
3713 445 3444
3714 2459 2239
3715 570 4017
3716 3583 2835
3717 3321 187
3718 4035 70
3719 952 1692
3720 1316 3283
3721 2342 2776
3722 1745 4086
3723 535 1742
3724 358 1673
3725 1789 4011
3726 275 471
3727 1378 1856
3728 3541 199
3729 2484 230
3730 2483 994
3731 3896 2887
3732 1939 2656
3733 1578 2038
3734 2294 3744
3735 2795 81
3736 465 2255
3737 604 3389
3738 3566 3771
3739 3034 1412
3740 2266 2464
3741 2562 547
3742 2752 2346
3743 495 3423
3744 3046 2909
3745 2922 417
3746 1615 3098
3747 234 1030
3748 2953 4082
3749 764 3164
3750 615 2591
3751 268 2586
3752 689 601
3753 1421 280
3754 3059 3895
3755 2965 839
3756 3531 3303
3757 2093 2354
3758 631 1048
3759 2743 2925
3760 1895 397
3761 3592 757
3762 1782 853
3763 4025 248
3764 2639 353
3765 3321 1982
3766 1878 2901
3767 1165 4168
3768 100 2074
3769 2522 2552
3770 439 3523
3771 3721 538
3772 3322 3151
3773 3333 2113
3774 3936 2511
3775 1914 1980
3776 2599 1721
3777 3190 2
3778 698 2620
3779 916 557
3780 1615 2012
3781 70 2235
3782 3875 1816
3783 411 1330
3784 579 1698
3785 994 1101
3786 148 143
3787 3438 1690
3788 333 3968
3789 2650 2031
3790 4131 3488
3791 1639 3748
3792 3037 1303
3793 2227 1361
3794 2754 1711
3795 3196 147
3796 64 773
3797 534 396
3798 2718 1601
3799 1945 521
3800 164 33
3801 2518 1384
3802 665 3891
3803 1691 329
3804 397 2354
3805 845 1244
3806 1937 819
3807 1958 1163
3808 1451 809
3809 2280 1641
3810 3926 4125
3811 1097 2956
3812 2730 3986
3813 951 2463
3814 2863 3736
3815 2741 2204
3816 1536 2343
3817 326 3288
3818 1326 2327
3819 2865 2430
3820 1346 1277
3821 3070 16
3822 552 2328
3823 2689 1347
3824 2384 1533
3825 44 1275
3826 1006 2480
3827 2218 1031
3828 3028 1004
3829 1121 2966
3830 2887 3925
3831 2919 4147
3832 3535 3459
3833 2145 1093
3834 579 1562
3835 1847 2081
3836 1373 840
3837 1236 3108
3838 1457 1663
3839 3381 3691
3840 3212 3612
3841 1640 990
3842 834 1246
3843 3871 2269
3844 3136 2683
3845 2701 2593
3846 476 3823
3847 2336 4038
3848 1202 2087
3849 1592 1975
3850 1888 1061
3851 870 3315
3852 3308 1652
3853 2544 2103
3854 252 3455
3855 2533 1604
3856 839 949
3857 3316 1810
3858 3498 1616
3859 610 2637
3860 597 3582
3861 3339 663
3862 39 2639
3863 3992 1070
3864 1743 3297
3865 1706 1639
3866 301 1208
3867 3606 2475
3868 2777 1457
3869 954 4017
3870 882 2321
3871 79 101
3872 3505 1386
3873 1471 2519
3874 1503 1502
3875 2688 3055
3876 923 3799
3877 2 120
3878 1729 3870
3879 558 1882
3880 2664 898
3881 2352 1116
3882 1747 3307
3883 2566 1649
3884 2538 2703
3885 681 3563
3886 1409 3069
3887 763 4078
3888 3050 4033
3889 265 3030
3890 3303 2232
3891 844 1747
3892 754 564
3893 4155 3372
3894 648 993
3895 1283 394
3896 1867 137
3897 3585 2566
3898 2904 350
3899 103 2806
3900 2385 774
3901 2765 4108
3902 2379 1323
3903 3202 3175
3904 3442 1771
3905 683 2718
3906 499 2725
3907 3180 2722
3908 3866 14
3909 1381 1356
3910 1118 3547
3911 886 2135
3912 1026 864
3913 3950 1710
3914 397 3880
3915 3376 1889
3916 3340 1621
3917 871 1788
3918 951 2027
3919 2420 3713
3920 3185 1416
3921 533 3752
3922 4011 1119
3923 776 595
3924 132 2053
3925 1825 399
3926 1538 1819
3927 3096 4111
3928 1340 893
3929 518 467
3930 939 1994
3931 3354 3954
3932 93 806
3933 1455 1396
3934 3500 2644
3935 1616 1787
3936 2847 1056
3937 3678 194
3938 2040 4036
3939 1289 1631
3940 822 2889
3941 1518 1261
3942 3659 448
3943 480 677
3944 2745 3617
3945 2282 1846
3946 1952 3876
3947 844 1338
3948 3699 3583
3949 1892 2987
3950 1252 4095
3951 2894 3437
3952 3397 946
3953 1575 670
3954 400 3053
3955 2879 2700
3956 809 2601
3957 53 2462
3958 779 3331
3959 2183 2862
3960 3872 1124
3961 1626 3285
3962 1678 3662
3963 1463 2184
3964 1246 3153
3965 1455 3545
3966 2214 3149
3967 3936 1152
3968 297 2680
3969 136 668
3970 1525 3266
3971 2649 1388
3972 1230 70
3973 3910 283
3974 3849 980
3975 2821 3908
3976 2923 3678
3977 357 3354
3978 2539 3976
3979 1330 1916
3980 2886 2411
3981 3767 1182
3982 3442 3395
3983 3028 2395
3984 3716 2488
3985 432 2666
3986 1094 626
3987 808 2727
3988 3619 2249
3989 2128 3899
3990 229 4163
3991 1817 302
3992 3529 175
3993 1308 2580
3994 1041 793
3995 3078 870
3996 3203 1431
3997 1749 3539
3998 3640 1780
3999 1562 2743
4000 2351 1267
4001 2855 3578
4002 4002 3735
4003 707 3187
4004 1514 2288
4005 3235 1783
4006 3335 200
4007 868 2677
4008 3818 182
4009 3302 1788
4010 1239 243
4011 4043 95
4012 3917 3283
4013 240 2583
4014 2328 2031
4015 3243 3514
4016 2097 1289
4017 2958 571
4018 2531 2815
4019 1235 1658
4020 3945 3947
4021 3353 1998
4022 1327 2530
4023 3981 3040
4024 654 2004
4025 3652 3761
4026 2101 3508
4027 1336 3014
4028 1244 608
4029 905 3179
4030 2378 2099
4031 3110 2542
4032 849 1089
4033 1517 382
4034 3208 3275
4035 3591 3604
4036 2714 2220
4037 3823 3672
4038 4181 1146
4039 2301 1679
4040 534 1913
4041 3230 1515
4042 2578 1757
4043 1910 332
4044 1032 854
4045 568 382
4046 2406 3353
4047 180 2570
4048 1937 1413
4049 1995 2434
4050 3273 2211
4051 2848 3431
4052 3452 169
4053 2816 3693
4054 3393 2096
4055 3547 2962
4056 248 2589
4057 2227 923
4058 2440 3877
4059 2388 1927
4060 1961 2701
4061 2940 1312
4062 180 2217
4063 1645 2855
4064 1520 1803
4065 2185 583
4066 822 1838
4067 3918 3829
4068 422 2195
4069 354 3446
4070 3003 1412
4071 3448 1866
4072 357 2976
4073 2731 2288
4074 2270 1214
4075 2539 761
4076 1448 3669
4077 3526 2449
4078 2684 1067
4079 1000 1660
4080 1189 1476
4081 2566 1581
4082 3127 1926
4083 3920 1461
4084 2554 602
4085 21 2074
4086 2836 246
4087 835 2478
4088 2653 857
4089 2783 3674
4090 932 1126
4091 202 3106
4092 635 909
4093 3053 3938
4094 2583 4030
4095 750 3865
4096 3770 2648
4097 443 2373
4098 4012 3993
4099 582 1272
4100 1543 3294
4101 3890 3218
4102 2698 4037
4103 1885 3734
4104 1761 3753
4105 3151 3441
4106 4010 2663
4107 3058 1640
4108 235 2182
4109 4106 1146
4110 923 2724
4111 3174 4127
4112 3254 1343
4113 2544 1030
4114 3149 3784
4115 2306 1349
4116 2917 3583
4117 2457 4076
4118 1510 4011
4119 782 211
4120 1935 353
4121 2258 2742
4122 233 1591
4123 2594 4061
4124 3025 1449
4125 1060 673
4126 3769 3115
4127 1057 2844
4128 1561 2448
4129 3188 3489
4130 194 2123
4131 465 492
4132 836 2812
4133 2377 1314
4134 1545 3246
4135 4045 1500
4136 3633 14
4137 385 2192
4138 3511 2998
4139 2675 273
4140 2947 739
4141 1084 2680
4142 2034 2028
4143 2927 1131
4144 3547 1292
4145 2751 1677
4146 2315 794
4147 478 3245
4148 756 1999
4149 1227 2788
4150 1689 4039
4151 339 233
4152 141 835
4153 2203 3535
4154 2541 1126
4155 2701 1058
4156 1875 887
4157 3098 886
4158 876 535
4159 2783 809
4160 2700 2940
4161 3466 2954
4162 2401 796
4163 1631 3097
4164 1005 3494
4165 2678 4048
4166 4144 2909
4167 3303 3227
4168 245 3079
4169 809 2076
4170 267 2901
4171 183 1946
4172 2952 2396
4173 2885 1907
4174 1241 2332
4175 3633 216
4176 2973 357
4177 1061 2336
4178 18 4051
4179 1324 983
4180 271 1754
4181 2987 944
4182 1029 2330
4183 1946 1169
4184 2232 2481
4185 3755 1814
4186 1282 205
4187 2474 3377
4188 1281 2073
4189 581 56
4190 688 266
4191 1526 3431
4192 1148 1282
4193 1479 1872
4194 584 797
4195 1726 1048
4196 1843 1802
4197 305 515
4198 375 3156
4199 187 3131
4200 3086 314
