3290 3290
1 3196 1603
2 797 2668
3 2515 2717
4 2602 2519
5 193 2712
6 1058 519
7 915 3215
8 660 1591
9 2641 1817
10 37 2142
11 802 1513
12 1499 368
13 2053 1022
14 1472 1563
15 3198 916
16 1126 1767
17 1867 2535
18 2624 2453
19 2439 2218
20 2689 121
21 1409 1775
22 2718 1487
23 2953 2220
24 686 1332
25 1120 3256
26 810 529
27 2157 1065
28 1307 2755
29 3271 1229
30 319 2400
31 1736 3156
32 1273 1408
33 2745 1655
34 1393 984
35 1233 2684
36 192 2714
37 3046 505
38 605 1770
39 2521 2338
40 882 46
41 1462 1167
42 990 808
43 791 1105
44 566 1672
45 894 671
46 982 2906
47 771 1173
48 2020 2699
49 2153 1863
50 2640 2999
51 3008 630
52 199 2962
53 2010 2694
54 1537 2399
55 1562 1713
56 1842 592
57 265 1579
58 549 1516
59 2175 2889
60 279 2042
61 1903 2517
62 1623 1268
63 1041 944
64 3230 681
65 3148 2713
66 640 1099
67 1828 1788
68 3180 1198
69 2332 1412
70 1199 2006
71 2898 1261
72 2699 334
73 593 196
74 1355 2348
75 2390 439
76 119 3165
77 404 3
78 1768 3275
79 213 1476
80 283 1493
81 2224 2375
82 1301 2071
83 1977 1762
84 1565 2268
85 1485 2565
86 201 246
87 2461 1109
88 1393 1018
89 2376 1740
90 195 864
91 762 283
92 1724 1876
93 790 1703
94 2973 2318
95 2883 861
96 123 2224
97 3007 2385
98 2557 696
99 1378 1818
100 2641 1844
101 381 1601
102 913 958
103 2982 730
104 848 1928
105 2535 739
106 2598 2095
107 257 1979
108 1978 2681
109 628 2704
110 2376 3077
111 175 88
112 1657 1323
113 2428 3159
114 947 2387
115 1460 2832
116 2895 105
117 353 2854
118 1288 2688
119 1356 2500
120 2531 143
121 1698 608
122 2696 2227
123 902 1009
124 2756 1571
125 1456 795
126 1637 1121
127 545 2651
128 2331 1086
129 1126 1635
130 1357 683
131 450 1472
132 3141 1484
133 2748 596
134 910 1451
135 486 1294
136 3290 417
137 382 1013
138 2965 1761
139 2412 2071
140 1314 1546
141 1411 2654
142 1554 2915
143 2398 1784
144 1552 2007
145 2916 212
146 695 3045
147 212 596
148 235 1629
149 2754 1408
150 1258 1263
151 861 1600
152 1670 1880
153 2808 1167
154 1460 2353
155 2092 2629
156 28 511
157 2202 1736
158 1131 3050
159 937 2831
160 560 2117
161 2424 1098
162 1058 1902
163 2833 2409
164 2205 438
165 2024 1410
166 2420 189
167 2661 276
168 1603 1594
169 191 2720
170 1029 3128
171 356 3179
172 78 753
173 2533 383
174 1403 37
175 1847 1272
176 2289 404
177 745 2491
178 3016 183
179 478 1879
180 2854 2190
181 2628 2717
182 2954 607
183 232 634
184 2003 472
185 213 419
186 3122 1211
187 998 3168
188 655 1829
189 1128 349
190 1877 518
191 766 1275
192 1900 235
193 2546 1736
194 2455 2236
195 2249 35
196 844 2383
197 341 276
198 27 3156
199 771 1647
200 459 1046
201 1238 1052
202 1482 1329
203 1712 1518
204 3178 1362
205 550 2800
206 669 1628
207 262 170
208 2831 2647
209 2777 2569
210 578 3034
211 1013 410
212 217 630
213 826 1603
214 2571 2261
215 2085 2027
216 2969 3253
217 1516 1481
218 1089 2391
219 276 55
220 1157 1353
221 3248 1734
222 945 2187
223 3122 949
224 480 159
225 3120 1160
226 3248 2394
227 2620 2722
228 4 1058
229 161 206
230 1542 346
231 2069 2861
232 1174 1407
233 3001 871
234 2635 1435
235 1402 3105
236 2696 1473
237 2087 299
238 1322 1513
239 2611 3057
240 2076 2436
241 2516 2959
242 2169 891
243 507 2881
244 1461 2170
245 1289 2426
246 2951 725
247 2255 1423
248 1444 913
249 1223 1089
250 1863 2706
251 3042 1184
252 1807 2086
253 3242 1319
254 2048 339
255 1951 1860
256 99 492
257 3082 67
258 547 126
259 1223 2588
260 697 139
261 591 724
262 1416 1293
263 975 914
264 2105 1556
265 1599 391
266 2862 1869
267 602 733
268 515 2015
269 145 186
270 2109 296
271 897 1680
272 2147 2748
273 508 3076
274 458 2854
275 1402 3022
276 2761 2096
277 1313 4
278 291 832
279 67 984
280 158 919
281 358 2758
282 2011 2059
283 2342 959
284 2809 251
285 2698 1443
286 2122 611
287 212 261
288 1333 2398
289 771 2647
290 2055 2986
291 1582 1421
292 712 3104
293 405 1421
294 1143 2441
295 1585 105
296 1145 703
297 63 1582
298 607 1121
299 683 418
300 1611 955
301 1348 2726
302 1709 1805
303 86 749
304 2205 308
305 3286 1746
306 1206 1772
307 2256 946
308 3256 2341
309 1682 2121
310 853 503
311 1225 3067
312 2303 671
313 140 2959
314 1717 816
315 1030 299
316 1147 1876
317 3274 690
318 1724 1732
319 1324 2738
320 1402 1191
321 1438 3018
322 1855 1881
323 975 947
324 927 338
325 2133 1820
326 1623 297
327 1479 850
328 2966 1282
329 696 2526
330 562 1037
331 2820 1402
332 1157 2643
333 2252 1668
334 2158 3090
335 1789 1618
336 950 1514
337 1525 1676
338 107 296
339 1958 252
340 2541 1744
341 2851 42
342 835 1280
343 1897 95
344 1004 926
345 1723 1784
346 707 2303
347 2155 319
348 53 3185
349 2873 1269
350 1211 2626
351 2325 2388
352 1147 1590
353 527 2344
354 674 1338
355 3192 61
356 2422 2294
357 1525 1775
358 929 909
359 1723 474
360 2568 2240
361 80 1772
362 1035 3265
363 1935 3254
364 1102 1758
365 2770 962
366 2268 1664
367 1101 2550
368 702 2960
369 2022 2086
370 3055 748
371 2751 1052
372 3176 2237
373 2577 1681
374 2947 953
375 1076 873
376 2610 2373
377 2774 2681
378 2324 43
379 1989 2069
380 3087 337
381 3283 1763
382 743 2287
383 2950 2373
384 813 1670
385 3290 1061
386 2595 2001
387 2217 223
388 2787 2514
389 843 678
390 224 917
391 3057 2945
392 1202 2720
393 651 955
394 536 3072
395 2494 1924
396 3198 2517
397 2615 807
398 654 1156
399 3054 1607
400 557 1438
401 1635 1999
402 2587 2622
403 101 366
404 1204 2396
405 1314 1727
406 489 1065
407 1377 1112
408 246 2478
409 1024 2188
410 3267 651
411 293 86
412 587 2847
413 2541 1089
414 942 2666
415 235 2503
416 1108 3255
417 1618 329
418 1901 1554
419 1578 461
420 3098 1450
421 2419 1410
422 606 3080
423 3126 2431
424 315 1800
425 1885 1517
426 532 2105
427 2579 141
428 2683 3152
429 1699 1729
430 2707 2104
431 3008 343
432 2440 3281
433 846 765
434 1173 1925
435 2569 1729
436 2473 863
437 3004 1512
438 2489 2958
439 2188 3173
440 392 1931
441 1115 332
442 298 1071
443 3208 1866
444 2562 29
445 2169 1256
446 1969 2756
447 628 2652
448 2674 1263
449 762 850
450 2673 1170
451 2104 2236
452 1079 2647
453 1936 336
454 81 747
455 2800 2638
456 1289 1783
457 167 2201
458 2557 2342
459 72 698
460 1442 1169
461 3158 902
462 461 1955
463 2310 244
464 2156 1858
465 2962 830
466 958 1175
467 2593 2028
468 3027 3059
469 1786 2042
470 2248 1333
471 2571 2633
472 2622 1489
473 647 494
474 3013 1471
475 624 1815
476 2506 1663
477 469 1047
478 1154 1481
479 1034 2626
480 2798 545
481 2614 99
482 2351 1558
483 610 1021
484 965 3002
485 1856 336
486 3170 98
487 2884 1152
488 2283 2009
489 1288 1025
490 1896 2009
491 2927 3033
492 1160 1116
493 325 1879
494 2599 981
495 2898 2596
496 1893 343
497 1751 1282
498 1385 2960
499 2287 1507
500 2267 1045
501 1733 1493
502 2344 821
503 1915 1852
504 257 1972
505 709 2700
506 1595 1822
507 1841 1246
508 823 354
509 2254 2603
510 1949 861
511 1320 2037
512 1857 2466
513 2556 2331
514 1728 468
515 1082 1962
516 346 3033
517 1154 1198
518 1165 931
519 1088 1681
520 1387 1228
521 1368 3181
522 3240 2953
523 2578 2964
524 431 896
525 2915 2097
526 1285 2946
527 3094 2307
528 616 2109
529 918 1273
530 1571 3220
531 407 344
532 2948 3267
533 141 999
534 2528 2701
535 2571 2988
536 2871 717
537 2454 199
538 2745 2158
539 171 880
540 614 2195
541 2271 1416
542 1554 3243
543 1812 824
544 691 2138
545 2613 1730
546 1532 2033
547 600 402
548 301 3060
549 2159 2117
550 1747 2847
551 1640 1548
552 51 2071
553 147 372
554 1609 505
555 268 194
556 941 1634
557 838 1687
558 1781 2072
559 1416 928
560 512 195
561 545 289
562 435 1381
563 2353 1942
564 916 1920
565 1085 1896
566 2350 2002
567 637 1954
568 233 1701
569 522 3150
570 2961 2847
571 1757 2029
572 2414 318
573 2175 2786
574 259 908
575 2510 2151
576 3100 1191
577 1192 2552
578 2557 711
579 3019 1222
580 1973 48
581 687 3144
582 2919 2221
583 1988 1565
584 2814 261
585 62 815
586 1959 2695
587 722 409
588 1417 1100
589 652 1111
590 2964 2119
591 2762 3236
592 545 1395
593 1048 509
594 646 97
595 435 162
596 2349 2159
597 1727 1897
598 1166 3159
599 1755 775
600 2180 2523
601 2251 1511
602 2233 635
603 2936 2125
604 2875 685
605 134 2206
606 1714 2518
607 56 2404
608 2949 1186
609 317 2140
610 2506 636
611 2260 28
612 2886 764
613 2094 315
614 2623 2207
615 3066 2215
616 1387 1454
617 720 2924
618 2600 1698
619 1760 23
620 386 553
621 2138 897
622 3251 205
623 2230 647
624 2903 2171
625 2643 1285
626 1255 1689
627 3212 1696
628 2962 2758
629 2985 2600
630 1950 1068
631 2156 1811
632 1770 584
633 2546 1888
634 614 2070
635 244 2614
636 2270 2745
637 962 1684
638 3052 487
639 1158 1458
640 1011 198
641 1950 1327
642 1908 2847
643 1913 1834
644 630 2436
645 2461 3024
646 2021 2339
647 2456 1019
648 309 1374
649 1531 1625
650 1909 2384
651 1529 1566
652 2626 1051
653 1850 1507
654 1650 91
655 1693 1361
656 3260 2341
657 2188 1771
658 1244 2229
659 3124 142
660 2352 2293
661 2154 1720
662 896 166
663 901 773
664 2129 3087
665 2163 1084
666 1251 874
667 2916 924
668 671 2852
669 2959 137
670 1473 56
671 2592 2410
672 1020 3209
673 1272 1141
674 1623 1739
675 2612 1982
676 3128 2095
677 694 1388
678 2214 2482
679 1225 1617
680 1028 2521
681 1972 2045
682 1485 87
683 1269 1052
684 481 432
685 2993 3206
686 133 2447
687 2827 85
688 515 1922
689 165 1056
690 61 1146
691 2283 2325
692 3077 2829
693 3177 589
694 980 1928
695 536 19
696 2764 985
697 2456 2413
698 774 438
699 775 1529
700 1642 325
701 806 2730
702 428 349
703 1197 1844
704 328 1979
705 376 2284
706 2446 1376
707 1500 2329
708 1124 3283
709 2217 1114
710 1073 2169
711 3269 1663
712 1768 747
713 1451 2531
714 2730 3101
715 2286 1277
716 2152 3177
717 2120 7
718 603 1298
719 663 1727
720 343 863
721 13 1715
722 3137 958
723 2736 1974
724 1181 3072
725 190 477
726 1555 1184
727 387 1709
728 484 1612
729 1025 2415
730 2595 667
731 293 2122
732 1967 1255
733 2804 1931
734 406 161
735 327 2727
736 2670 1095
737 1022 2363
738 1813 2734
739 2235 1242
740 2410 3032
741 3044 2188
742 93 1264
743 3077 1507
744 423 1448
745 2736 1365
746 929 3202
747 2663 1678
748 2875 675
749 2303 2044
750 1741 206
751 166 996
752 1378 2338
753 2080 2968
754 3207 963
755 3172 2491
756 2645 1534
757 559 2586
758 2437 2568
759 2869 1490
760 1507 2370
761 2378 1380
762 55 1925
763 1032 463
764 1784 2065
765 475 2906
766 1699 1773
767 3270 1641
768 2239 2318
769 2014 2078
770 652 272
771 2226 841
772 1418 1595
773 2147 712
774 175 2724
775 1385 1830
776 1930 609
777 1947 317
778 773 2238
779 283 1627
780 1115 433
781 228 3199
782 2556 3067
783 3078 2667
784 2849 3008
785 3227 680
786 2675 391
787 2743 896
788 222 345
789 1448 1602
790 2848 647
791 727 1917
792 2115 592
793 959 2292
794 2881 960
795 2489 958
796 1433 2006
797 1858 1150
798 1507 557
799 221 1686
800 2769 628
801 1823 2460
802 2981 1545
803 1840 2917
804 2250 2715
805 1858 2989
806 2548 2857
807 2553 219
808 892 730
809 1848 960
810 836 1988
811 3098 431
812 2109 419
813 2389 711
814 1463 812
815 1469 1844
816 231 2624
817 510 649
818 593 1826
819 8 460
820 3050 1435
821 349 2019
822 2605 317
823 2955 1662
824 2342 522
825 1145 2153
826 1123 1031
827 1198 1236
828 921 657
829 2159 2092
830 255 1953
831 1047 2604
832 1612 813
833 2410 1050
834 3012 747
835 1379 2745
836 2762 64
837 1018 1830
838 1929 1463
839 871 248
840 2245 691
841 1851 1641
842 2388 876
843 2544 883
844 1031 1825
845 1788 1489
846 765 98
847 3266 2907
848 2226 1268
849 793 2031
850 2788 1474
851 433 1756
852 594 92
853 1272 1814
854 1193 2727
855 2299 3017
856 1761 2653
857 801 922
858 1615 2438
859 3237 2544
860 454 955
861 2442 1226
862 1325 1862
863 2654 1043
864 2635 1144
865 2377 1772
866 1343 2144
867 1607 2115
868 609 544
869 2221 379
870 2836 1563
871 431 2796
872 461 2861
873 1431 774
874 713 814
875 3020 2289
876 2855 2487
877 1889 2771
878 2165 1858
879 538 1093
880 1548 1982
881 870 756
882 1730 1656
883 2974 1474
884 2254 1669
885 1710 2189
886 1322 2770
887 1438 1893
888 141 1358
889 1013 1651
890 724 1994
891 1852 2378
892 304 2082
893 1337 560
894 1986 2169
895 1750 37
896 3057 3118
897 396 2300
898 2321 63
899 2827 3015
900 93 1250
901 1152 1450
902 3013 2692
903 2105 1830
904 609 3093
905 130 3288
906 636 3253
907 2937 863
908 3019 44
909 2408 1598
910 1385 3010
911 1475 781
912 55 1558
913 1285 2424
914 3248 1866
915 3097 3082
916 522 1452
917 2117 1255
918 2743 1857
919 2591 449
920 609 683
921 2805 1407
922 1861 3024
923 3117 1854
924 414 660
925 168 2168
926 2725 1932
927 1690 2551
928 296 1847
929 1650 111
930 3252 2191
931 2380 655
932 2029 2371
933 8 1212
934 531 1554
935 116 1254
936 450 597
937 450 1015
938 466 366
939 3139 2360
940 51 2465
941 3124 1654
942 262 1066
943 1305 365
944 200 3039
945 2256 3231
946 3101 1137
947 2780 509
948 1509 1638
949 3277 212
950 1585 1069
951 1988 911
952 2801 1054
953 816 83
954 1656 2340
955 280 2155
956 1187 2320
957 329 1611
958 413 11
959 2603 2011
960 1310 2119
961 1388 2748
962 1772 2854
963 436 182
964 1112 1133
965 1185 2742
966 3003 843
967 2178 1748
968 1762 966
969 2066 2175
970 1870 315
971 2038 3257
972 2149 1072
973 726 113
974 964 2946
975 1638 1331
976 682 3216
977 642 2198
978 405 2383
979 1177 248
980 1260 538
981 2619 66
982 624 2079
983 1981 2413
984 3265 202
985 2516 797
986 3257 110
987 2706 842
988 2697 393
989 251 830
990 1989 1781
991 1263 1515
992 360 2073
993 1766 1107
994 1768 2764
995 1049 227
996 1446 884
997 433 2340
998 1919 423
999 2516 637
1000 2308 3144
1001 1031 1759
1002 3024 1723
1003 611 2596
1004 1263 18
1005 1572 661
1006 2039 2609
1007 993 1678
1008 663 1841
1009 81 1703
1010 922 1349
1011 135 2543
1012 2463 480
1013 794 2415
1014 2966 2678
1015 1959 470
1016 1770 1973
1017 2678 549
1018 270 3017
1019 351 2387
1020 1663 641
1021 1194 2098
1022 1428 2811
1023 959 674
1024 1113 180
1025 1060 2600
1026 1007 3092
1027 1364 2514
1028 753 2141
1029 149 2688
1030 1603 90
1031 1866 1757
1032 310 3119
1033 45 1538
1034 2306 3012
1035 295 13
1036 2698 757
1037 2352 468
1038 2366 658
1039 979 2891
1040 2398 2155
1041 724 1165
1042 479 816
1043 1832 1256
1044 900 3198
1045 1678 1681
1046 1253 1116
1047 983 663
1048 1442 677
1049 2191 2458
1050 2287 1358
1051 2450 1195
1052 1844 2844
1053 1591 643
1054 2378 2159
1055 1621 2717
1056 855 1158
1057 1559 1414
1058 3243 1391
1059 1747 2518
1060 3269 1935
1061 2529 351
1062 126 2604
1063 1298 2566
1064 640 3126
1065 1875 3214
1066 1447 2542
1067 2462 1262
1068 1561 863
1069 2713 64
1070 624 921
1071 115 74
1072 1230 882
1073 3049 2960
1074 1547 3107
1075 1800 3080
1076 2814 1018
1077 2897 2490
1078 1882 2029
1079 1731 2192
1080 1788 162
1081 2143 100
1082 2916 1815
1083 2380 1472
1084 3248 2895
1085 2832 2029
1086 1710 1711
1087 355 938
1088 228 3215
1089 1670 1802
1090 2955 1857
1091 2767 2094
1092 137 519
1093 101 1432
1094 1943 1182
1095 1550 322
1096 1125 2310
1097 2771 1715
1098 1849 2159
1099 1574 2558
1100 3024 1660
1101 2766 2936
1102 2139 581
1103 9 897
1104 2967 1132
1105 628 2954
1106 84 1269
1107 2218 1479
1108 828 2123
1109 1616 2819
1110 916 3272
1111 107 505
1112 2775 1314
1113 530 3175
1114 1879 1134
1115 2927 1310
1116 2659 572
1117 3219 1617
1118 45 658
1119 250 1462
1120 3231 1464
1121 3285 1240
1122 737 2308
1123 1499 2900
1124 2304 1634
1125 1775 2099
1126 1438 2268
1127 266 2217
1128 56 3169
1129 2079 2035
1130 1955 483
1131 2558 180
1132 2195 850
1133 2157 3164
1134 2169 43
1135 2471 465
1136 3085 2657
1137 257 366
1138 1456 913
1139 1907 254
1140 920 2260
1141 1908 580
1142 1329 3031
1143 1948 1251
1144 883 1535
1145 1599 1971
1146 2655 2840
1147 495 1362
1148 349 1772
1149 986 1679
1150 833 1017
1151 1437 1135
1152 371 692
1153 1786 560
1154 675 229
1155 1800 344
1156 913 1983
1157 3233 2140
1158 173 1974
1159 1740 2353
1160 2104 1295
1161 2630 2520
1162 7 2256
1163 3165 3107
1164 957 3049
1165 998 946
1166 3015 175
1167 2398 130
1168 680 2379
1169 2216 1063
1170 1886 1401
1171 2913 2738
1172 2294 3164
1173 1069 332
1174 2608 2717
1175 3157 141
1176 2264 1580
1177 3081 3026
1178 1807 255
1179 1292 2877
1180 3105 2718
1181 747 736
1182 1274 1714
1183 821 2925
1184 2094 2459
1185 2488 661
1186 471 3175
1187 881 2928
1188 66 2279
1189 359 1146
1190 2271 297
1191 195 1343
1192 2005 2478
1193 479 1718
1194 1029 2809
1195 1609 1037
1196 1261 2802
1197 2094 101
1198 3224 1119
1199 1862 1446
1200 1099 52
1201 407 710
1202 290 2030
1203 901 2465
1204 1060 317
1205 3173 3275
1206 1014 383
1207 3122 2691
1208 241 2140
1209 2906 3078
1210 2549 327
1211 1591 324
1212 1196 3122
1213 738 927
1214 1793 1477
1215 1557 3284
1216 2594 1815
1217 640 2242
1218 653 2182
1219 2465 2507
1220 909 2646
1221 1996 1930
1222 2581 60
1223 2949 3157
1224 1273 2570
1225 1747 1002
1226 3265 698
1227 2222 3214
1228 1303 1169
1229 2266 1090
1230 1674 321
1231 2342 2477
1232 15 2205
1233 1427 2015
1234 2498 2161
1235 1205 7
1236 3262 2299
1237 2359 942
1238 2745 597
1239 905 1455
1240 1097 547
1241 2096 2086
1242 1710 3092
1243 1283 1266
1244 1408 2234
1245 2680 1168
1246 2747 2787
1247 422 2018
1248 2184 189
1249 1292 3043
1250 2215 1516
1251 341 1134
1252 965 113
1253 472 792
1254 2331 995
1255 1201 1830
1256 1224 519
1257 2488 2208
1258 1601 861
1259 3219 2363
1260 3167 2566
1261 1292 1151
1262 204 1610
1263 2223 1351
1264 3038 2142
1265 2334 776
1266 1112 958
1267 2781 1795
1268 1590 1171
1269 2568 980
1270 641 1413
1271 2343 1818
1272 1312 1047
1273 1740 208
1274 2238 1938
1275 3088 176
1276 460 2925
1277 1253 177
1278 1006 949
1279 965 2293
1280 1637 2368
1281 90 342
1282 2396 2084
1283 1785 533
1284 1510 1646
1285 1606 546
1286 2423 2768
1287 2399 1198
1288 3241 1916
1289 2244 526
1290 1259 1855
1291 2615 1278
1292 2024 1606
1293 2310 350
1294 848 2167
1295 89 2978
1296 2421 2972
1297 121 2727
1298 1694 1205
1299 831 1688
1300 1956 2089
1301 1096 1368
1302 1032 951
1303 181 2781
1304 590 841
1305 2990 563
1306 1227 457
1307 319 1457
1308 1846 1418
1309 1469 3187
1310 482 1601
1311 3120 758
1312 1529 306
1313 1953 1882
1314 2320 1703
1315 455 2495
1316 3227 853
1317 1015 1047
1318 1192 1954
1319 901 2010
1320 2191 2813
1321 359 555
1322 152 2037
1323 1518 2556
1324 2850 2704
1325 1941 2770
1326 2552 2530
1327 774 2065
1328 483 1551
1329 1715 641
1330 138 1934
1331 1151 2958
1332 473 538
1333 1886 151
1334 3207 424
1335 255 254
1336 2123 883
1337 356 18
1338 1494 2040
1339 2143 2739
1340 2682 451
1341 1299 2599
1342 1467 181
1343 436 181
1344 2370 1817
1345 2394 1650
1346 2517 1015
1347 338 2426
1348 678 1543
1349 1095 1686
1350 2697 1508
1351 735 1521
1352 2878 2222
1353 2956 1038
1354 210 3253
1355 1367 2410
1356 1082 472
1357 31 2028
1358 507 14
1359 2863 231
1360 2636 857
1361 554 119
1362 2139 2640
1363 2367 2887
1364 2920 1804
1365 2496 1754
1366 335 1373
1367 1759 2846
1368 2194 1798
1369 1440 1823
1370 3290 144
1371 2004 1847
1372 2778 2828
1373 2464 223
1374 1030 2196
1375 2715 634
1376 1447 2146
1377 3173 544
1378 426 1260
1379 1803 2250
1380 1523 613
1381 754 2185
1382 1850 898
1383 2835 346
1384 3196 2380
1385 2798 125
1386 2902 704
1387 242 146
1388 1563 2485
1389 2941 1942
1390 106 1603
1391 1318 2052
1392 1198 906
1393 540 381
1394 432 2486
1395 10 1458
1396 2251 1241
1397 290 931
1398 1838 1721
1399 528 3043
1400 704 1117
1401 880 2714
1402 3247 1449
1403 2622 2989
1404 2668 1550
1405 3066 1621
1406 2884 57
1407 217 1728
1408 2691 2790
1409 3094 2818
1410 394 3214
1411 1992 533
1412 3220 1739
1413 2521 2069
1414 2975 55
1415 1493 2456
1416 1370 2562
1417 2717 2744
1418 23 2682
1419 2609 1848
1420 3151 195
1421 778 2975
1422 94 1191
1423 1305 2568
1424 1845 1514
1425 1691 714
1426 579 966
1427 2970 2136
1428 957 847
1429 2433 2241
1430 491 3008
1431 2599 3139
1432 648 2622
1433 2858 2652
1434 1221 2703
1435 336 833
1436 2164 2710
1437 1274 2288
1438 676 2560
1439 3009 244
1440 3256 1887
1441 629 2659
1442 3017 1137
1443 1539 2221
1444 397 1819
1445 1880 926
1446 853 1999
1447 1066 1884
1448 2137 1714
1449 2189 730
1450 3043 967
1451 3127 243
1452 820 1310
1453 3192 2099
1454 2440 2738
1455 1078 3066
1456 186 2699
1457 1198 204
1458 1764 403
1459 3225 2008
1460 1728 2420
1461 2998 305
1462 2688 3026
1463 648 2069
1464 1794 819
1465 2013 1661
1466 557 981
1467 1550 2878
1468 1669 2334
1469 2033 940
1470 1540 1721
1471 1086 2240
1472 626 1067
1473 1158 765
1474 2510 2783
1475 613 2724
1476 516 1372
1477 1493 1704
1478 3097 2976
1479 2160 2600
1480 299 2270
1481 625 2432
1482 336 826
1483 3235 1281
1484 3035 310
1485 291 3200
1486 2735 134
1487 2377 1742
1488 1632 1120
1489 2368 1297
1490 3102 290
1491 3086 1253
1492 608 1512
1493 2833 2971
1494 1205 26
1495 317 2126
1496 426 2649
1497 2790 2993
1498 1110 2899
1499 2472 237
1500 1389 200
1501 221 2943
1502 2414 21
1503 1224 1209
1504 1826 1759
1505 3155 1459
1506 3021 2280
1507 110 673
1508 1232 585
1509 136 834
1510 1065 2849
1511 2553 1797
1512 463 19
1513 658 2842
1514 82 618
1515 881 980
1516 1743 1609
1517 1594 94
1518 2682 631
1519 564 17
1520 1791 3109
1521 2259 55
1522 353 3081
1523 1242 114
1524 288 186
1525 2460 1571
1526 2174 1800
1527 863 2376
1528 3157 2616
1529 2853 358
1530 2934 1848
1531 2928 672
1532 1200 2073
1533 520 435
1534 563 2635
1535 132 181
1536 785 2566
1537 1998 2148
1538 1924 803
1539 69 1214
1540 399 3134
1541 71 867
1542 2635 1153
1543 3116 286
1544 719 552
1545 1830 308
1546 658 2188
1547 663 2266
1548 2118 3111
1549 498 2979
1550 1425 1146
1551 274 2798
1552 3050 2037
1553 1286 2210
1554 2768 1558
1555 3 1928
1556 3259 176
1557 2728 531
1558 2053 3179
1559 1611 1691
1560 3111 1214
1561 68 30
1562 2727 1417
1563 2412 1877
1564 1573 1018
1565 1230 2200
1566 2793 2041
1567 1162 2124
1568 1633 1362
1569 2874 441
1570 79 2349
1571 1385 2716
1572 2254 2627
1573 604 1655
1574 2192 1040
1575 1494 1971
1576 2649 3079
1577 328 2983
1578 373 604
1579 530 1153
1580 2424 2783
1581 73 2383
1582 669 2481
1583 158 1635
1584 1016 1208
1585 2954 272
1586 2684 1465
1587 1350 489
1588 2473 257
1589 868 1450
1590 132 2348
1591 1685 2428
1592 3217 2555
1593 2234 2169
1594 412 1576
1595 620 1613
1596 2515 3195
1597 586 378
1598 2817 521
1599 1156 464
1600 1326 41
1601 1160 593
1602 1568 1512
1603 938 849
1604 1096 2873
1605 708 2856
1606 1164 2178
1607 1715 688
1608 790 165
1609 2140 2898
1610 893 870
1611 1921 305
1612 1520 1553
1613 297 2189
1614 2450 1818
1615 1956 1040
1616 1101 574
1617 833 3264
1618 2639 2429
1619 879 2557
1620 422 2294
1621 887 1909
1622 2740 453
1623 543 300
1624 20 813
1625 239 154
1626 2424 2493
1627 469 863
1628 1074 1406
1629 45 200
1630 1256 28
1631 177 1455
1632 705 3190
1633 2042 3105
1634 673 2290
1635 2518 431
1636 1293 901
1637 2581 637
1638 782 1008
1639 1426 605
1640 145 492
1641 164 1493
1642 397 1608
1643 2652 2449
1644 1091 679
1645 951 2661
1646 2422 2854
1647 634 2698
1648 2335 3045
1649 1851 668
1650 1815 59
1651 704 1663
1652 3087 1903
1653 278 84
1654 2717 2260
1655 600 689
1656 3028 3128
1657 2148 591
1658 2237 981
1659 1653 677
1660 417 1680
1661 1131 649
1662 1560 2842
1663 1514 1683
1664 279 2568
1665 898 2494
1666 1213 2436
1667 244 160
1668 435 123
1669 1908 1103
1670 1945 355
1671 1496 2139
1672 1963 180
1673 390 407
1674 682 1243
1675 873 245
1676 2889 1222
1677 2012 1103
1678 2358 3034
1679 1223 1514
1680 392 2253
1681 3000 1509
1682 2487 430
1683 2871 1540
1684 3221 950
1685 2788 402
1686 3104 2467
1687 1049 2731
1688 2207 649
1689 2138 151
1690 3261 497
1691 511 2172
1692 880 371
1693 2013 375
1694 797 1180
1695 1939 955
1696 492 3157
1697 2783 2814
1698 1022 2921
1699 931 1824
1700 3023 991
1701 1282 816
1702 2857 82
1703 2861 2877
1704 1112 1465
1705 2160 1606
1706 3084 1422
1707 1113 3134
1708 2152 1281
1709 3260 1070
1710 1201 2632
1711 2241 1934
1712 619 1242
1713 1207 1583
1714 678 2836
1715 3042 2298
1716 224 1235
1717 2750 906
1718 3187 2419
1719 1146 2203
1720 750 514
1721 1561 2281
1722 1865 1143
1723 158 2974
1724 2737 351
1725 1055 1520
1726 2814 611
1727 1452 2303
1728 2118 3033
1729 3206 1609
1730 630 1233
1731 1855 833
1732 3223 470
1733 2835 2460
1734 1260 3144
1735 3233 3236
1736 2132 67
1737 1860 3044
1738 2953 833
1739 1521 617
1740 765 1652
1741 1119 3023
1742 723 2385
1743 2141 2418
1744 2111 3251
1745 175 178
1746 1952 3219
1747 3265 827
1748 3168 1731
1749 752 2864
1750 2586 235
1751 217 1266
1752 1518 58
1753 1439 361
1754 1590 2955
1755 3248 1043
1756 2640 738
1757 2875 2735
1758 1387 3221
1759 249 2245
1760 2312 599
1761 641 3066
1762 898 1899
1763 226 2266
1764 2247 2301
1765 2317 2466
1766 1675 2696
1767 3284 670
1768 23 1646
1769 2123 108
1770 1625 992
1771 3204 1870
1772 413 436
1773 2214 778
1774 3158 2698
1775 2466 1097
1776 344 1584
1777 3278 2961
1778 2201 1006
1779 2361 660
1780 1584 815
1781 735 766
1782 985 550
1783 677 2144
1784 991 234
1785 2729 997
1786 2094 2746
1787 2895 454
1788 859 1506
1789 2417 3002
1790 3258 1420
1791 1748 656
1792 1715 510
1793 468 1438
1794 2619 2273
1795 3059 1399
1796 975 158
1797 2257 359
1798 1975 1691
1799 727 2309
1800 2748 2187
1801 2359 885
1802 767 588
1803 887 3107
1804 2980 2114
1805 3100 1510
1806 541 885
1807 1668 2482
1808 995 2772
1809 1061 2639
1810 674 1875
1811 2508 2108
1812 1517 750
1813 127 2592
1814 1158 1482
1815 1851 551
1816 2163 1666
1817 135 727
1818 339 814
1819 2281 2456
1820 892 1775
1821 1269 974
1822 2337 452
1823 2461 633
1824 903 1300
1825 1162 647
1826 3231 171
1827 983 155
1828 219 810
1829 1429 2307
1830 100 3153
1831 2945 2318
1832 1620 636
1833 2044 497
1834 2110 1268
1835 2657 345
1836 546 968
1837 267 2191
1838 1553 642
1839 1555 1677
1840 2961 117
1841 319 1721
1842 2867 1965
1843 2396 1859
1844 2235 3202
1845 3002 3097
1846 2527 955
1847 2995 2134
1848 1779 1886
1849 1064 3000
1850 2696 421
1851 837 1386
1852 2878 1124
1853 825 1948
1854 2468 2731
1855 2781 1918
1856 518 1045
1857 1390 1791
1858 371 3082
1859 1012 256
1860 1257 1483
1861 2231 1388
1862 636 167
1863 1070 1113
1864 1707 2717
1865 589 584
1866 608 1456
1867 2973 2824
1868 1312 1612
1869 273 3285
1870 1518 2705
1871 448 36
1872 1916 151
1873 1202 2651
1874 1583 504
1875 1046 357
1876 3073 433
1877 3235 3284
1878 1551 378
1879 13 2606
1880 2567 1519
1881 351 1327
1882 2572 1735
1883 1612 1649
1884 443 2490
1885 2674 1550
1886 457 469
1887 2508 1030
1888 1005 1306
1889 3180 2213
1890 1213 1977
1891 488 468
1892 1744 2499
1893 413 613
1894 1392 2335
1895 2487 2863
1896 771 929
1897 759 2849
1898 1020 3065
1899 3209 247
1900 514 1882
1901 2767 1897
1902 2539 769
1903 153 2402
1904 3206 2758
1905 900 1227
1906 2317 80
1907 569 1135
1908 7 1086
1909 1609 1197
1910 940 1095
1911 1900 901
1912 1141 1254
1913 2243 2183
1914 21 1566
1915 1010 876
1916 308 2029
1917 1760 1788
1918 17 2530
1919 1772 1131
1920 2873 422
1921 1647 2878
1922 105 1186
1923 2872 2514
1924 2560 689
1925 1659 2533
1926 241 2743
1927 1617 1534
1928 459 863
1929 1964 2351
1930 1853 1227
1931 1512 1721
1932 170 2971
1933 1278 1780
1934 70 2149
1935 2414 257
1936 2637 1174
1937 2853 25
1938 1160 55
1939 2879 950
1940 2375 315
1941 2264 1527
1942 312 1227
1943 1664 2471
1944 495 1979
1945 1183 2368
1946 1347 84
1947 1818 312
1948 2545 2547
1949 2831 1447
1950 1638 995
1951 638 1899
1952 382 3243
1953 2107 1260
1954 1064 1683
1955 2346 1737
1956 1362 3086
1957 1721 552
1958 1571 1124
1959 2422 900
1960 1954 1729
1961 523 792
1962 1417 882
1963 2280 105
1964 1834 2714
1965 2034 39
1966 2531 803
1967 2195 1603
1968 2398 2129
1969 698 1556
1970 453 2881
1971 351 44
1972 2996 185
1973 2298 1921
1974 2510 1985
1975 1458 3226
1976 529 1094
1977 1548 1910
1978 289 548
1979 439 745
1980 848 69
1981 832 2665
1982 2323 1305
1983 2525 50
1984 490 1265
1985 72 1615
1986 1595 1087
1987 2636 3282
1988 2583 204
1989 2862 644
1990 230 565
1991 2746 1773
1992 322 2407
1993 2292 2970
1994 1246 454
1995 503 1352
1996 940 2171
1997 1723 557
1998 2351 362
1999 1236 1346
2000 1452 2018
2001 1428 1683
2002 2469 1342
2003 1742 2019
2004 941 2692
2005 2562 621
2006 439 1489
2007 737 1902
2008 817 2513
2009 1203 636
2010 3018 3127
2011 3213 132
2012 1870 822
2013 510 807
2014 2561 2648
2015 917 1838
2016 616 2893
2017 463 1286
2018 2425 239
2019 820 2491
2020 589 2103
2021 832 2398
2022 607 666
2023 3261 1475
2024 38 2240
2025 169 719
2026 2941 1985
2027 448 1609
2028 2334 2469
2029 126 179
2030 1369 1363
2031 1347 1036
2032 1987 857
2033 1969 2784
2034 3233 1445
2035 2583 406
2036 2452 33
2037 549 2119
2038 363 1215
2039 1917 1123
2040 1128 479
2041 1366 1994
2042 3140 1473
2043 3254 2813
2044 2594 1094
2045 231 1168
2046 2512 332
2047 2392 559
2048 1269 3044
2049 1949 1237
2050 1190 47
2051 620 1088
2052 2840 2588
2053 1318 2181
2054 707 1093
2055 1680 556
2056 2614 239
2057 275 2387
2058 1454 479
2059 262 249
2060 1583 1640
2061 509 2786
2062 1619 1251
2063 847 1897
2064 2836 1755
2065 2604 988
2066 1727 2156
2067 1633 2228
2068 21 519
2069 3 971
2070 1637 2309
2071 1032 2783
2072 1298 2327
2073 2929 2787
2074 643 2204
2075 3217 3060
2076 3225 269
2077 1190 2797
2078 2798 3284
2079 435 2600
2080 2893 3146
2081 3266 2367
2082 1908 1617
2083 2670 995
2084 676 1980
2085 3227 2871
2086 1496 1579
2087 2096 3051
2088 2788 2062
2089 1955 3100
2090 1941 1005
2091 1185 3288
2092 242 680
2093 2655 2196
2094 1915 435
2095 1544 2454
2096 3028 1436
2097 258 1829
2098 557 3168
2099 1001 751
2100 3049 2925
2101 1709 1802
2102 522 2958
2103 631 2795
2104 1098 2168
2105 399 2776
2106 1898 1999
2107 3058 2056
2108 481 1084
2109 1884 991
2110 290 495
2111 1755 991
2112 3104 1539
2113 3084 1953
2114 1951 2568
2115 823 911
2116 1426 531
2117 2375 836
2118 980 1921
2119 2353 2796
2120 2074 142
2121 1460 941
2122 2382 1987
2123 1365 230
2124 325 780
2125 3117 2028
2126 871 2674
2127 1891 508
2128 1527 3010
2129 1793 1305
2130 2128 155
2131 2999 3131
2132 1001 2670
2133 2961 2457
2134 58 1281
2135 3195 26
2136 231 756
2137 1642 2317
2138 444 1290
2139 2275 784
2140 1280 3185
2141 481 1113
2142 1924 495
2143 3126 2384
2144 2215 3074
2145 3166 1157
2146 2180 451
2147 2028 2493
2148 2877 1985
2149 1092 2113
2150 390 1719
2151 2992 670
2152 1786 135
2153 1292 1168
2154 1481 1915
2155 2043 250
2156 98 3067
2157 1809 2942
2158 587 1928
2159 141 1031
2160 521 3203
2161 977 2058
2162 2069 2549
2163 2894 2899
2164 3013 1817
2165 1387 1112
2166 2955 1649
2167 1402 258
2168 1757 2073
2169 1035 1172
2170 2783 3206
2171 562 426
2172 2208 2599
2173 1663 2014
2174 1810 2410
2175 1125 3232
2176 867 2668
2177 2181 679
2178 230 2886
2179 401 1149
2180 2752 15
2181 1775 3201
2182 1021 772
2183 1856 378
2184 18 1319
2185 1257 1865
2186 510 2504
2187 1102 2852
2188 1576 2020
2189 1733 1846
2190 2969 2090
2191 1326 2089
2192 2264 1831
2193 1251 2976
2194 3180 2736
2195 2864 102
2196 1841 2100
2197 730 2062
2198 2251 2444
2199 1024 2228
2200 2090 294
2201 2889 2591
2202 2192 1466
2203 835 1834
2204 578 2393
2205 440 2344
2206 3200 1875
2207 2658 3210
2208 2926 1881
2209 2155 1286
2210 3145 977
2211 2628 1960
2212 2127 1522
2213 40 266
2214 549 1968
2215 2907 2798
2216 1639 2507
2217 567 1711
2218 1068 2507
2219 46 763
2220 3288 2319
2221 2935 2559
2222 248 408
2223 674 1811
2224 2365 2070
2225 2829 123
2226 959 406
2227 1863 1826
2228 307 2426
2229 1775 60
2230 789 1590
2231 1452 1714
2232 1001 2689
2233 1844 285
2234 2013 2620
2235 2790 2769
2236 2713 1751
2237 1627 1087
2238 200 777
2239 1145 2192
2240 2322 2475
2241 1494 519
2242 2246 1949
2243 2958 333
2244 1752 179
2245 1575 2836
2246 270 1685
2247 699 1634
2248 1187 2976
2249 1923 2079
2250 1795 3242
2251 49 198
2252 272 1602
2253 1971 2252
2254 1040 645
2255 3218 1683
2256 3077 711
2257 2969 2654
2258 1365 1107
2259 2070 1407
2260 769 1238
2261 1948 2954
2262 1344 364
2263 1745 1140
2264 1615 145
2265 2344 529
2266 2236 256
2267 2764 1188
2268 2503 451
2269 101 184
2270 2776 1594
2271 3097 119
2272 3186 2325
2273 2357 2698
2274 1285 591
2275 1760 1348
2276 2836 3017
2277 2130 630
2278 1415 3076
2279 2484 1186
2280 374 1803
2281 1642 1515
2282 738 306
2283 2352 199
2284 1192 1127
2285 1909 1321
2286 735 3205
2287 631 3258
2288 8 796
2289 1755 2945
2290 26 976
2291 2042 2510
2292 2629 732
2293 1771 2208
2294 178 242
2295 1293 2469
2296 412 63
2297 1924 323
2298 2782 1189
2299 451 1167
2300 3247 968
2301 544 1643
2302 1745 2924
2303 2197 3179
2304 2473 166
2305 3281 1811
2306 1058 705
2307 2756 281
2308 3101 423
2309 677 3175
2310 1857 2518
2311 2817 1739
2312 319 1422
2313 2292 1657
2314 2851 1727
2315 1812 402
2316 1087 1823
2317 2597 97
2318 1370 2378
2319 1367 1177
2320 1861 2276
2321 2757 283
2322 2903 2533
2323 931 2156
2324 2194 2774
2325 2093 2116
2326 68 2371
2327 2446 1676
2328 386 3067
2329 2001 2786
2330 350 2032
2331 1928 533
2332 1859 3079
2333 1389 1091
2334 623 666
2335 1666 1444
2336 1023 452
2337 2738 2179
2338 2556 239
2339 3158 2212
2340 72 2584
2341 2838 189
2342 2826 3031
2343 2237 880
2344 2601 647
2345 323 788
2346 3156 2839
2347 2959 114
2348 1775 1921
2349 524 2264
2350 1756 1596
2351 390 546
2352 1217 1743
2353 2903 598
2354 2333 1917
2355 586 455
2356 1758 2717
2357 277 855
2358 697 1778
2359 1305 987
2360 1176 109
2361 109 1495
2362 1440 3019
2363 572 466
2364 1771 2942
2365 736 535
2366 2861 3287
2367 1501 1236
2368 2504 1523
2369 2820 1343
2370 3152 102
2371 241 2550
2372 1339 18
2373 1270 1068
2374 2196 861
2375 2010 2447
2376 1890 2176
2377 1462 545
2378 29 2198
2379 519 2127
2380 1851 2217
2381 2381 1838
2382 507 1593
2383 2732 2455
2384 198 2439
2385 2606 2914
2386 986 1515
2387 3184 877
2388 919 2557
2389 198 2982
2390 1551 3031
2391 351 2430
2392 2748 1816
2393 824 2858
2394 2620 1028
2395 2327 1820
2396 31 3229
2397 45 2049
2398 2632 3263
2399 1901 2361
2400 1045 1782
2401 2132 3227
2402 283 1003
2403 821 3216
2404 1403 2782
2405 1329 2111
2406 1198 2452
2407 2677 475
2408 3056 1666
2409 1894 2764
2410 1648 1318
2411 2313 2327
2412 3000 680
2413 1234 2504
2414 2883 2909
2415 464 1877
2416 992 1090
2417 1950 3028
2418 1070 887
2419 1099 375
2420 2236 938
2421 2507 2987
2422 2314 762
2423 2264 2048
2424 1320 2165
2425 1813 453
2426 785 2610
2427 307 2486
2428 3093 231
2429 840 1061
2430 96 2746
2431 2993 1405
2432 577 2726
2433 2501 2347
2434 1455 956
2435 2307 2512
2436 1273 1524
2437 2122 2975
2438 995 888
2439 2081 2223
2440 902 1418
2441 1161 2371
2442 2969 2047
2443 3066 350
2444 658 1790
2445 353 1303
2446 1183 2725
2447 1511 429
2448 2431 670
2449 1350 491
2450 1834 2289
2451 2957 2550
2452 1620 3148
2453 1609 2139
2454 2340 3093
2455 2682 2000
2456 282 1912
2457 938 821
2458 2372 1351
2459 852 159
2460 1427 41
2461 1419 3068
2462 2191 529
2463 1289 1333
2464 1412 2625
2465 2663 2628
2466 816 539
2467 1776 2625
2468 1764 2880
2469 2688 3248
2470 2817 2351
2471 1026 1725
2472 3191 642
2473 2030 1071
2474 2301 3006
2475 860 2080
2476 3091 95
2477 2807 2052
2478 666 1579
2479 1234 2689
2480 388 1197
2481 1152 706
2482 2327 1991
2483 1000 932
2484 1893 1379
2485 1047 1903
2486 1182 1235
2487 1128 1090
2488 2296 2011
2489 2579 696
2490 853 777
2491 367 2468
2492 1752 2107
2493 18 75
2494 2762 2184
2495 472 2151
2496 1034 2977
2497 1288 1875
2498 2318 925
2499 3084 1856
2500 863 789
2501 2133 2588
2502 1248 58
2503 514 2819
2504 1699 1640
2505 619 501
2506 1310 2619
2507 291 311
2508 2314 77
2509 1863 1791
2510 78 3233
2511 1373 273
2512 274 2620
2513 1376 2959
2514 1797 2382
2515 697 2413
2516 2389 789
2517 1805 3151
2518 1879 151
2519 83 1874
2520 884 2954
2521 1310 172
2522 2534 924
2523 1637 527
2524 1116 2653
2525 1252 868
2526 2165 3216
2527 342 113
2528 20 2185
2529 7 590
2530 374 2955
2531 19 2259
2532 2541 2018
2533 2787 584
2534 677 453
2535 1085 2830
2536 1033 333
2537 2986 2365
2538 1597 2402
2539 2468 1060
2540 12 2728
2541 721 916
2542 1258 1778
2543 316 1182
2544 987 1533
2545 2502 22
2546 2716 3021
2547 737 524
2548 2377 19
2549 1244 901
2550 429 922
2551 1963 3157
2552 2131 2274
2553 1375 2301
2554 1020 1892
2555 1066 2098
2556 2685 1128
2557 197 1007
2558 826 2616
2559 1029 1806
2560 2301 1614
2561 1043 3027
2562 2225 957
2563 2886 2268
2564 1362 505
2565 335 51
2566 2399 2938
2567 716 2568
2568 2573 2180
2569 1961 1590
2570 1537 1176
2571 2380 277
2572 1359 2794
2573 2519 21
2574 3214 843
2575 2830 321
2576 1492 1177
2577 1388 787
2578 779 2874
2579 140 2155
2580 1190 935
2581 3240 2869
2582 3163 1798
2583 2670 650
2584 2583 726
2585 640 857
2586 2748 429
2587 1705 1453
2588 86 466
2589 1601 2434
2590 2393 2336
2591 2730 457
2592 1609 2956
2593 2868 347
2594 2019 2617
2595 2578 515
2596 1695 3018
2597 395 709
2598 1064 798
2599 78 2517
2600 1057 3101
2601 176 142
2602 2598 456
2603 1267 823
2604 1593 1268
2605 588 2529
2606 1074 1098
2607 1117 2532
2608 818 1302
2609 1674 1317
2610 1746 1502
2611 887 839
2612 1518 2576
2613 1997 388
2614 3051 703
2615 1727 3159
2616 2011 2423
2617 192 2184
2618 1058 58
2619 3115 3065
2620 302 3276
2621 277 578
2622 576 1500
2623 2020 2388
2624 2140 1129
2625 730 2854
2626 683 2000
2627 2555 2279
2628 1129 3232
2629 1943 1952
2630 1126 278
2631 173 67
2632 1421 2241
2633 597 2687
2634 3156 2088
2635 172 2069
2636 2467 2632
2637 1355 2717
2638 427 3016
2639 3236 2457
2640 955 1992
2641 219 501
2642 1445 1292
2643 1864 175
2644 2695 3253
2645 1260 1305
2646 2739 2468
2647 1483 3238
2648 250 1275
2649 1186 3083
2650 2652 816
2651 1634 1337
2652 3275 2621
2653 1236 1066
2654 2315 2193
2655 2385 828
2656 917 984
2657 78 1975
2658 2101 343
2659 27 2637
2660 610 1598
2661 861 343
2662 526 1242
2663 1806 2410
2664 1557 1966
2665 2435 1058
2666 1521 1273
2667 729 163
2668 2640 1432
2669 1176 585
2670 3244 554
2671 992 1781
2672 1065 2999
2673 793 1113
2674 2480 1672
2675 1895 407
2676 700 1872
2677 1944 242
2678 2043 1593
2679 1064 3114
2680 228 1528
2681 1418 290
2682 739 2935
2683 378 609
2684 2698 1372
2685 2580 2353
2686 1585 3274
2687 534 2229
2688 2003 728
2689 2739 1433
2690 753 1712
2691 2273 155
2692 1150 1660
2693 2701 1855
2694 426 3092
2695 2555 358
2696 2849 1290
2697 2074 316
2698 2650 3013
2699 692 925
2700 574 2283
2701 163 149
2702 1425 764
2703 2839 1856
2704 3270 1113
2705 125 2308
2706 543 1872
2707 3025 1581
2708 1578 167
2709 1477 1890
2710 315 2911
2711 3216 1788
2712 1649 515
2713 1912 346
2714 2020 3163
2715 2002 1997
2716 2066 1938
2717 2478 63
2718 1902 379
2719 3241 2979
2720 2552 2053
2721 605 2392
2722 524 633
2723 2947 178
2724 538 580
2725 3215 2918
2726 1927 2403
2727 200 1104
2728 296 2580
2729 2016 2031
2730 1562 2642
2731 1564 636
2732 1377 2756
2733 1385 1542
2734 628 1026
2735 583 814
2736 3179 2800
2737 1983 3172
2738 1266 1188
2739 919 916
2740 1439 466
2741 247 738
2742 531 1053
2743 618 1354
2744 1126 2216
2745 465 118
2746 2993 1601
2747 3040 3130
2748 1386 1004
2749 2453 2918
2750 401 2238
2751 504 2952
2752 3206 3167
2753 2348 2128
2754 2077 1041
2755 2618 1270
2756 2942 1771
2757 1376 3190
2758 3032 2262
2759 1927 1774
2760 1728 1691
2761 1936 1395
2762 3081 1609
2763 1098 1824
2764 90 885
2765 1530 2199
2766 2625 1680
2767 2415 141
2768 3045 1297
2769 3229 2861
2770 738 2141
2771 912 1615
2772 2643 1082
2773 2527 1344
2774 2044 851
2775 2199 946
2776 1652 940
2777 1521 2592
2778 490 1707
2779 3254 1701
2780 867 979
2781 805 3121
2782 729 1066
2783 2388 2086
2784 1252 2341
2785 3151 1673
2786 3245 751
2787 1915 1801
2788 2862 2394
2789 2936 2128
2790 1683 2269
2791 2354 89
2792 2145 990
2793 1045 3137
2794 2360 1959
2795 928 639
2796 2084 955
2797 115 2384
2798 2936 107
2799 271 1387
2800 1766 3068
2801 921 727
2802 1168 868
2803 1958 764
2804 1433 788
2805 2256 1752
2806 1248 227
2807 637 2923
2808 2997 534
2809 2747 1610
2810 1012 294
2811 2074 2314
2812 910 1573
2813 2348 2548
2814 3178 2434
2815 2312 3283
2816 621 1072
2817 1815 1727
2818 1267 803
2819 1009 469
2820 1310 2571
2821 290 2679
2822 2200 2090
2823 2089 2911
2824 2666 2778
2825 2307 2580
2826 800 1983
2827 1966 3165
2828 2531 998
2829 671 2560
2830 309 68
2831 2343 2486
2832 1729 1484
2833 1787 2370
2834 1934 3179
2835 2681 1963
2836 564 1714
2837 152 3230
2838 1052 460
2839 1836 2864
2840 1575 1886
2841 2138 159
2842 1126 687
2843 2548 2532
2844 1327 2170
2845 1828 248
2846 1658 1978
2847 470 3060
2848 1625 920
2849 234 3186
2850 296 1907
2851 665 2484
2852 2388 3018
2853 2215 1141
2854 2790 1590
2855 2199 1251
2856 1712 2978
2857 1777 1162
2858 133 303
2859 2557 2126
2860 3117 2142
2861 2846 3121
2862 3 2101
2863 569 1831
2864 1699 3139
2865 3019 564
2866 1956 1791
2867 2035 1903
2868 2330 2371
2869 289 269
2870 874 3024
2871 1897 2995
2872 447 2264
2873 782 1685
2874 884 2988
2875 1082 3271
2876 2521 2349
2877 902 1386
2878 3042 1716
2879 20 1423
2880 1880 225
2881 104 304
2882 991 1946
2883 1184 2992
2884 662 304
2885 1369 462
2886 1060 302
2887 132 2234
2888 401 599
2889 2153 787
2890 2025 1923
2891 586 186
2892 2437 2025
2893 3196 1109
2894 764 99
2895 3137 777
2896 772 1273
2897 1344 910
2898 349 2645
2899 2199 1025
2900 3040 1466
2901 3122 848
2902 334 2751
2903 3037 2451
2904 2605 2557
2905 2859 2992
2906 276 917
2907 593 2623
2908 1276 1625
2909 895 1456
2910 1239 707
2911 1158 1206
2912 1831 416
2913 294 426
2914 1056 1761
2915 2935 624
2916 499 1724
2917 3240 231
2918 1531 1248
2919 247 3185
2920 313 1301
2921 2913 2763
2922 1365 1911
2923 581 72
2924 2439 2035
2925 1634 474
2926 1272 1310
2927 1987 610
2928 872 2482
2929 532 2760
2930 3007 1615
2931 1862 2731
2932 2092 1063
2933 2986 2880
2934 2274 853
2935 1356 34
2936 1373 163
2937 3010 552
2938 2514 1025
2939 643 1373
2940 1155 2602
2941 305 2598
2942 2989 968
2943 590 2548
2944 1987 3254
2945 2631 1227
2946 1284 2128
2947 166 658
2948 2647 820
2949 355 3263
2950 2342 937
2951 3280 1363
2952 2831 937
2953 308 2542
2954 3107 2246
2955 560 1156
2956 1456 3234
2957 1427 1544
2958 406 2786
2959 2018 3082
2960 1227 3160
2961 734 1978
2962 2467 1353
2963 3202 619
2964 1848 3028
2965 335 1051
2966 3020 2028
2967 2758 1460
2968 3035 2421
2969 2388 1167
2970 1004 189
2971 861 506
2972 2230 1770
2973 327 307
2974 2334 1425
2975 1672 1570
2976 3056 297
2977 2297 313
2978 2139 996
2979 2985 1463
2980 1605 1203
2981 1490 2566
2982 1168 2257
2983 299 803
2984 2690 1743
2985 263 1566
2986 2405 1153
2987 2026 2877
2988 1303 167
2989 2223 1295
2990 3 1907
2991 1748 2900
2992 736 167
2993 2164 943
2994 1068 1024
2995 1752 1514
2996 1971 2714
2997 2666 3277
2998 1862 1042
2999 3080 2374
3000 779 148
3001 1949 1443
3002 2250 1801
3003 1204 1334
3004 1353 1734
3005 2615 3170
3006 2856 938
3007 1375 1700
3008 2258 2913
3009 1516 1544
3010 1521 2429
3011 1955 1735
3012 1674 3125
3013 2595 1220
3014 2464 1718
3015 2044 2185
3016 1404 2995
3017 2187 1472
3018 661 478
3019 2600 1316
3020 575 606
3021 710 320
3022 2231 2433
3023 2920 1550
3024 1388 3058
3025 1948 2230
3026 1216 252
3027 2978 2435
3028 1532 2249
3029 561 691
3030 1971 2462
3031 1513 1779
3032 759 681
3033 2847 1603
3034 2816 2739
3035 904 1421
3036 2019 2008
3037 2181 101
3038 1492 1724
3039 2657 2615
3040 170 2793
3041 2051 2527
3042 3185 691
3043 999 3266
3044 642 592
3045 2578 1972
3046 1142 2209
3047 2869 2702
3048 290 482
3049 2398 806
3050 2763 2133
3051 627 2491
3052 1091 2387
3053 91 2305
3054 2348 1614
3055 497 585
3056 2345 1979
3057 302 1637
3058 2225 1229
3059 2282 204
3060 61 145
3061 1518 1339
3062 2635 1184
3063 737 1899
3064 2876 1421
3065 2881 1277
3066 2891 2974
3067 51 1817
3068 1211 2173
3069 417 3110
3070 2087 2642
3071 2754 765
3072 591 1698
3073 2439 1069
3074 1476 243
3075 417 1464
3076 2679 305
3077 543 1057
3078 1394 239
3079 356 3033
3080 728 3085
3081 174 1074
3082 641 989
3083 570 2484
3084 1312 3281
3085 79 1132
3086 2655 53
3087 2933 1226
3088 2572 303
3089 796 1741
3090 3080 291
3091 1973 1711
3092 52 1690
3093 2700 3068
3094 314 1645
3095 3234 1870
3096 386 2991
3097 3203 822
3098 2328 2804
3099 1167 346
3100 2160 1610
3101 2201 1112
3102 1578 2750
3103 1335 2672
3104 1071 924
3105 1416 960
3106 544 1796
3107 843 1407
3108 2151 2585
3109 1980 1617
3110 1159 1986
3111 1888 502
3112 878 12
3113 1703 691
3114 2474 2511
3115 514 602
3116 3057 1123
3117 586 488
3118 1567 1314
3119 1902 1735
3120 834 938
3121 358 1761
3122 2830 3048
3123 742 489
3124 1036 2234
3125 1734 498
3126 1009 2162
3127 1683 363
3128 2798 3188
3129 1613 131
3130 1051 2069
3131 921 1218
3132 1980 31
3133 2215 2561
3134 519 644
3135 1951 1366
3136 1856 2101
3137 810 8
3138 1052 3098
3139 2710 1531
3140 203 1236
3141 2704 2914
3142 1734 802
3143 1887 2369
3144 2254 146
3145 2974 1294
3146 3084 1437
3147 1630 2928
3148 1760 527
3149 1458 702
3150 1252 2844
3151 2569 440
3152 2675 678
3153 2691 851
3154 855 2284
3155 898 137
3156 2084 619
3157 2362 1611
3158 915 723
3159 1855 3225
3160 77 2370
3161 2423 2454
3162 2337 1201
3163 2098 2258
3164 613 3134
3165 2312 3217
3166 2428 1831
3167 1376 207
3168 365 342
3169 2648 2136
3170 436 1835
3171 3096 731
3172 938 3028
3173 1755 1643
3174 1057 2735
3175 1158 2668
3176 2748 2695
3177 172 1297
3178 914 3234
3179 2002 2188
3180 2135 2488
3181 2608 2170
3182 523 1889
3183 3187 1788
3184 545 2697
3185 1299 1389
3186 2785 716
3187 999 767
3188 2859 2066
3189 2080 1029
3190 3138 1830
3191 3008 2810
3192 1731 1493
3193 139 1369
3194 2818 168
3195 1102 1358
3196 1753 894
3197 462 1798
3198 1016 2144
3199 3030 2097
3200 529 302
3201 2177 1728
3202 2914 2204
3203 2568 599
3204 2211 1898
3205 1530 355
3206 162 869
3207 701 1948
3208 586 225
3209 2709 2338
3210 918 2770
3211 2803 1176
3212 3039 1749
3213 591 2197
3214 1282 2213
3215 2340 948
3216 3146 231
3217 3045 2661
3218 1157 732
3219 65 2689
3220 2430 1729
3221 1606 3176
3222 453 446
3223 1044 1280
3224 1148 1312
3225 2365 3285
3226 2614 2430
3227 852 2528
3228 2053 2562
3229 1546 244
3230 195 245
3231 134 395
3232 2924 383
3233 1423 2973
3234 2634 1890
3235 1757 3058
3236 1676 1457
3237 936 2192
3238 410 1782
3239 1322 1086
3240 505 1551
3241 191 2700
3242 1276 1827
3243 2247 2488
3244 2869 2462
3245 1899 1177
3246 2211 1064
3247 1704 2366
3248 2929 3168
3249 1828 598
3250 1599 1893
3251 76 2858
3252 332 1805
3253 1590 2808
3254 2281 939
3255 1934 992
3256 1125 2253
3257 582 1778
3258 1516 1376
3259 1041 503
3260 1784 1138
3261 506 565
3262 258 1574
3263 2819 1423
3264 1480 2083
3265 2214 3148
3266 520 1667
3267 833 92
3268 347 1825
3269 2501 3258
3270 2966 1585
3271 469 367
3272 465 2528
3273 1767 994
3274 364 2383
3275 1508 2339
3276 217 2661
3277 2956 2864
3278 2187 2334
3279 2889 1212
3280 2015 1587
3281 956 933
3282 204 3163
3283 53 1451
3284 2344 1001
3285 2620 1192
3286 1528 1695
3287 1447 949
3288 1497 2179
3289 2129 100
3290 2933 597
