2850 2850
1 1296 1894
2 2775 1822
3 1184 1060
4 117 2716
5 1787 435
6 2460 963
7 1226 998
8 14 1486
9 332 2658
10 954 2452
11 2702 2327
12 543 841
13 1498 2144
14 1299 1572
15 2319 408
16 759 1233
17 1370 2816
18 2463 2062
19 1066 1080
20 2305 1447
21 763 2042
22 49 1232
23 2044 139
24 1179 2142
25 1877 693
26 348 442
27 1666 1096
28 2765 585
29 2636 193
30 771 1215
31 1378 1493
32 1775 2342
33 1540 2168
34 651 2584
35 1375 1709
36 1217 1438
37 202 2341
38 2742 1119
39 1975 900
40 1990 1651
41 2116 2657
42 2264 2143
43 1238 1208
44 1513 2027
45 2041 500
46 2296 2307
47 1700 1852
48 65 2116
49 93 507
50 1049 465
51 544 203
52 502 2845
53 716 1973
54 1177 1263
55 185 2584
56 1389 2830
57 806 1773
58 1027 3
59 2396 761
60 662 303
61 2526 1368
62 2111 130
63 30 928
64 1227 489
65 1123 819
66 1429 2009
67 679 2660
68 2840 1489
69 1649 1145
70 39 108
71 963 504
72 231 1311
73 2122 822
74 723 2786
75 2702 2470
76 311 1916
77 2789 679
78 497 583
79 2500 1321
80 1386 209
81 1756 12
82 777 1358
83 484 1255
84 24 288
85 1035 1114
86 2339 1057
87 2331 265
88 1295 2675
89 395 789
90 2353 1408
91 1973 2214
92 2458 487
93 1646 1608
94 378 278
95 426 238
96 1414 2542
97 657 267
98 705 435
99 918 1284
100 1435 678
101 1326 1299
102 917 1034
103 1717 660
104 723 2457
105 73 804
106 2440 266
107 895 474
108 2478 2416
109 2320 2681
110 1592 747
111 212 2328
112 2689 168
113 2344 1959
114 2601 439
115 930 2681
116 1257 2627
117 2245 2155
118 1192 507
119 1668 792
120 838 449
121 1458 1048
122 1540 169
123 2406 877
124 506 2671
125 1050 1987
126 2324 1366
127 563 1160
128 2791 2817
129 53 781
130 503 346
131 1767 2812
132 1297 1785
133 2249 2285
134 1259 582
135 1318 85
136 187 2083
137 2124 2700
138 1 1163
139 1749 1670
140 22 1866
141 2764 101
142 1981 731
143 1024 1999
144 2655 1665
145 2841 574
146 2488 2687
147 2647 2224
148 1008 2316
149 1320 2775
150 1811 1641
151 2067 2538
152 648 1352
153 2644 2289
154 786 2525
155 2136 1424
156 705 2001
157 1108 1442
158 1154 2400
159 1991 462
160 847 2074
161 2786 498
162 717 2082
163 792 345
164 1738 1202
165 2454 1438
166 498 436
167 1874 1060
168 1758 2181
169 2297 1624
170 949 1363
171 1917 1853
172 1322 2173
173 1268 1501
174 1641 615
175 1862 2430
176 2114 820
177 2084 753
178 2823 963
179 2814 2609
180 2497 2508
181 218 1395
182 1852 1518
183 2412 1712
184 668 2748
185 483 700
186 1588 1151
187 1725 710
188 1121 12
189 1444 2478
190 755 1685
191 1291 1300
192 309 330
193 1634 2551
194 522 996
195 1937 522
196 2773 292
197 704 2507
198 216 133
199 1913 2300
200 738 1178
201 1034 524
202 2151 1747
203 1615 354
204 1248 1662
205 1392 478
206 1267 2614
207 1783 2165
208 1167 1574
209 2473 2423
210 990 245
211 762 147
212 2546 1370
213 1600 2825
214 1109 746
215 875 954
216 108 1275
217 2190 1707
218 443 839
219 1047 572
220 1940 385
221 2424 1181
222 1463 2493
223 1430 1875
224 932 2612
225 73 793
226 1214 1708
227 2755 724
228 862 2550
229 719 2826
230 1279 1356
231 2084 390
232 263 2497
233 2341 200
234 1166 1049
235 1779 71
236 1062 2239
237 1717 1311
238 822 1093
239 1994 1869
240 2060 46
241 1428 1943
242 2225 1932
243 820 1830
244 109 608
245 1723 1191
246 1521 639
247 2042 770
248 330 2848
249 1430 81
250 1683 2830
251 679 700
252 2661 400
253 838 1475
254 1466 1698
255 406 2492
256 338 400
257 850 1211
258 1983 991
259 1517 1903
260 303 802
261 2696 446
262 988 2209
263 927 1161
264 1336 282
265 2388 2183
266 1983 152
267 2627 1782
268 1308 826
269 88 446
270 2432 1130
271 1551 1517
272 627 1609
273 2769 2076
274 2495 2464
275 871 1134
276 540 1240
277 1843 2736
278 30 1806
279 2649 937
280 546 2685
281 1149 2679
282 1821 1932
283 1912 82
284 619 2307
285 1307 879
286 2533 2574
287 1201 1337
288 2552 1558
289 1754 506
290 1276 628
291 30 10
292 394 2827
293 1803 1249
294 208 108
295 538 2629
296 1392 2226
297 901 1586
298 741 639
299 2241 1253
300 1840 733
301 784 2177
302 361 1359
303 230 1787
304 1965 2367
305 1062 2030
306 2753 391
307 976 770
308 1363 718
309 1055 1599
310 9 1306
311 1598 528
312 682 2421
313 2131 2825
314 919 819
315 2458 2691
316 2430 523
317 2051 480
318 1418 573
319 382 162
320 913 417
321 1249 1814
322 1132 227
323 2263 263
324 2579 1435
325 1074 1869
326 1953 290
327 2281 2077
328 1419 1053
329 2601 2775
330 11 542
331 841 681
332 354 315
333 1668 86
334 2421 2577
335 1371 2628
336 489 2008
337 1561 301
338 1815 690
339 1881 2762
340 2247 1479
341 2031 2590
342 1234 1166
343 2744 765
344 2816 1555
345 205 1691
346 2595 1
347 773 382
348 2594 161
349 574 2050
350 1309 403
351 929 2840
352 863 572
353 1393 1838
354 2847 154
355 1491 46
356 1904 138
357 2825 1058
358 2793 156
359 2548 369
360 299 1607
361 1512 2283
362 199 27
363 2210 1545
364 973 1463
365 1303 2736
366 1473 581
367 1896 1881
368 1281 905
369 1683 1798
370 635 1924
371 2202 1287
372 2147 960
373 1031 1267
374 1379 1280
375 2123 708
376 1175 289
377 1853 2584
378 2644 2134
379 270 1395
380 596 1337
381 797 2395
382 1826 1771
383 842 2572
384 1456 2053
385 665 862
386 1330 17
387 249 296
388 2650 297
389 1522 2564
390 1475 674
391 1301 1908
392 439 896
393 938 1639
394 2445 1381
395 2298 327
396 1391 2517
397 1834 872
398 1046 1867
399 865 926
400 189 162
401 2398 733
402 880 1937
403 1268 1190
404 717 179
405 2146 2455
406 236 2258
407 769 148
408 2103 973
409 1474 961
410 1847 2044
411 2240 1882
412 903 2033
413 1641 466
414 1871 847
415 239 1812
416 1017 1324
417 1108 2722
418 2158 1601
419 1779 2678
420 1279 2573
421 2333 887
422 282 664
423 2051 438
424 705 896
425 2022 225
426 1470 515
427 2026 2790
428 33 2534
429 405 1638
430 2536 2219
431 2333 441
432 2296 1600
433 1124 599
434 2085 2143
435 1975 2361
436 2613 857
437 1635 264
438 2593 1158
439 405 1007
440 1246 2392
441 2713 1560
442 1684 970
443 141 102
444 1581 2366
445 2744 1604
446 1066 190
447 2830 2313
448 2 2698
449 2632 1989
450 239 245
451 68 2428
452 655 1194
453 2589 1180
454 796 1108
455 1895 1795
456 2102 1467
457 2367 989
458 1248 2565
459 1624 1146
460 1723 2688
461 1998 35
462 2370 1016
463 1090 1821
464 2017 2025
465 264 2725
466 216 387
467 804 2528
468 372 2579
469 738 2384
470 2544 1427
471 2050 1646
472 2113 1195
473 2803 1271
474 1519 840
475 2383 742
476 1398 330
477 193 477
478 1164 236
479 1603 2245
480 2451 2638
481 163 1080
482 2569 583
483 1220 2631
484 91 1104
485 324 2223
486 1019 827
487 1507 2560
488 2063 332
489 265 1895
490 784 1997
491 596 1145
492 605 619
493 2340 1788
494 510 1173
495 2596 1460
496 180 1841
497 1503 635
498 495 2364
499 636 150
500 66 2797
501 1415 1509
502 596 1540
503 322 2568
504 349 434
505 2543 537
506 1402 58
507 2411 2074
508 2689 312
509 2174 2441
510 368 2127
511 269 512
512 272 2606
513 730 279
514 2638 806
515 641 2803
516 1032 2232
517 1407 634
518 2548 2206
519 835 18
520 160 1603
521 1870 178
522 2633 2544
523 2010 2133
524 1505 367
525 711 493
526 1920 636
527 224 754
528 1155 720
529 125 1359
530 321 1636
531 2233 1503
532 1366 2515
533 639 1029
534 823 2107
535 1942 700
536 2298 2459
537 596 1961
538 2111 553
539 98 236
540 2803 291
541 493 2151
542 1848 2018
543 364 2417
544 337 484
545 676 558
546 325 1265
547 154 1748
548 1358 971
549 2453 2298
550 534 2648
551 540 732
552 2377 154
553 1207 933
554 1517 89
555 1098 1306
556 2845 2390
557 2808 416
558 877 889
559 2297 367
560 72 466
561 2085 1257
562 2079 2467
563 1359 2197
564 1793 604
565 355 786
566 884 1604
567 1513 2249
568 771 1773
569 2043 1717
570 876 2132
571 1720 619
572 2656 384
573 1920 694
574 2376 1064
575 2751 1163
576 270 2017
577 2761 770
578 505 1582
579 864 415
580 2516 100
581 794 2414
582 841 283
583 583 568
584 2601 112
585 147 1408
586 2842 1214
587 2362 862
588 903 2194
589 792 867
590 2344 1311
591 2173 273
592 1311 753
593 1248 256
594 1721 2716
595 1627 1392
596 2435 2362
597 1817 1307
598 2002 642
599 54 1290
600 679 2156
601 2682 2395
602 2730 2483
603 5 778
604 2434 1438
605 2525 2707
606 855 1106
607 429 620
608 1244 2236
609 1911 1914
610 206 2109
611 1757 1889
612 2384 278
613 164 1166
614 1471 2469
615 1624 1794
616 2533 2036
617 2696 986
618 2749 1803
619 2453 2266
620 2638 252
621 1791 1859
622 598 549
623 1058 1152
624 1422 1982
625 718 1833
626 1633 932
627 217 1812
628 2246 947
629 2703 2433
630 1835 532
631 2154 2612
632 1950 962
633 477 1602
634 619 2819
635 1244 417
636 1636 2136
637 1948 711
638 1187 1866
639 2782 1124
640 867 1171
641 873 1410
642 37 1037
643 2508 2822
644 2410 20
645 2163 887
646 2589 219
647 2193 1722
648 1744 1516
649 2162 1181
650 2374 1307
651 1589 2028
652 58 590
653 803 2673
654 601 2235
655 861 1533
656 1936 961
657 47 1633
658 2064 2091
659 2162 1187
660 883 227
661 1404 436
662 1607 466
663 1712 1707
664 960 1959
665 1195 509
666 2441 826
667 2432 1374
668 447 461
669 556 779
670 2277 932
671 2824 2264
672 1760 1000
673 1704 245
674 1307 148
675 669 614
676 1891 2833
677 1976 327
678 2210 889
679 1533 1189
680 535 531
681 1134 1391
682 2141 1322
683 705 183
684 1556 2279
685 689 1903
686 899 749
687 2787 2094
688 819 929
689 2353 282
690 2534 489
691 1805 2256
692 1581 502
693 2729 830
694 394 339
695 1884 515
696 487 1093
697 1380 976
698 1143 582
699 2741 1908
700 2633 809
701 823 1130
702 2312 2294
703 1403 1525
704 98 1754
705 32 119
706 1760 1916
707 1630 469
708 2288 1531
709 2634 388
710 484 2612
711 2440 342
712 2743 1787
713 51 282
714 1756 1300
715 1449 1775
716 1988 2211
717 2146 264
718 754 1156
719 1612 1380
720 2467 1570
721 57 558
722 444 2507
723 1327 1316
724 1146 1346
725 2232 1320
726 2285 2191
727 2271 1661
728 2594 2120
729 1101 1339
730 1772 2597
731 2017 2438
732 1262 2596
733 1685 2136
734 1628 691
735 1488 1359
736 2755 1314
737 751 2020
738 2706 2411
739 80 1201
740 48 1041
741 753 1267
742 2546 1357
743 2727 45
744 105 146
745 69 1516
746 207 2825
747 475 1168
748 1184 876
749 902 2049
750 145 671
751 1392 1486
752 565 1842
753 1990 238
754 2445 1022
755 761 1105
756 2800 224
757 427 314
758 2073 1636
759 1745 1370
760 1522 987
761 1169 2041
762 1542 2423
763 2269 1236
764 1533 223
765 1363 599
766 2695 1530
767 2508 656
768 235 1142
769 922 1949
770 471 1253
771 1408 2330
772 2317 2739
773 770 1001
774 8 942
775 935 1851
776 753 1165
777 1629 911
778 1484 2495
779 2283 1962
780 2566 2313
781 519 840
782 1183 90
783 1186 2374
784 2344 1417
785 558 666
786 223 997
787 2300 2203
788 1945 2408
789 1419 1191
790 2415 715
791 2759 2280
792 751 31
793 1666 1403
794 2651 1990
795 1938 1558
796 2199 237
797 1628 2578
798 136 967
799 314 1883
800 831 1984
801 1170 893
802 2066 1646
803 1735 1225
804 1275 139
805 732 1205
806 856 201
807 1994 2340
808 693 1137
809 1617 2130
810 308 1910
811 673 2799
812 260 2715
813 2412 931
814 996 911
815 2199 454
816 84 681
817 312 2471
818 444 2425
819 277 1635
820 372 2501
821 1467 2372
822 2385 741
823 2779 2035
824 224 884
825 540 1299
826 896 2537
827 1600 245
828 2758 2752
829 700 2024
830 2134 157
831 20 2511
832 731 2439
833 1391 1984
834 966 1793
835 2180 268
836 1218 1750
837 2239 2779
838 971 89
839 1582 244
840 2344 2755
841 1893 2421
842 2085 1937
843 1565 1581
844 526 1853
845 174 187
846 265 1067
847 639 2806
848 1017 740
849 803 2728
850 495 305
851 2570 1411
852 2018 88
853 379 1535
854 1791 2336
855 1395 1856
856 2001 198
857 723 51
858 1324 306
859 2533 566
860 1978 52
861 1784 2159
862 1879 955
863 342 711
864 2543 1834
865 2211 1928
866 1331 2032
867 1704 1111
868 27 1085
869 475 207
870 1220 2288
871 362 681
872 307 2310
873 762 2599
874 1538 1325
875 1624 2651
876 355 1619
877 2351 1468
878 398 2069
879 1980 141
880 1692 1967
881 867 647
882 2745 314
883 677 2840
884 138 2589
885 1547 1370
886 2558 1114
887 1760 803
888 312 1038
889 1596 2384
890 1149 805
891 2478 2211
892 2194 2234
893 1666 2636
894 423 219
895 2113 1084
896 2457 1617
897 2123 2426
898 2338 568
899 1424 1841
900 579 2370
901 1323 89
902 1751 2068
903 1143 2365
904 1268 1095
905 97 2746
906 2640 940
907 2486 1059
908 1723 1785
909 1091 1222
910 645 417
911 1013 970
912 2208 2630
913 1488 1840
914 1758 1732
915 1045 799
916 86 1040
917 513 2420
918 1642 535
919 627 99
920 1501 1458
921 1822 2336
922 2570 291
923 2712 1318
924 2187 149
925 702 2379
926 953 1237
927 1197 387
928 1645 2534
929 306 1615
930 1014 588
931 314 1273
932 2172 1983
933 1383 1192
934 2000 2531
935 319 1880
936 1247 2503
937 1053 2260
938 1545 950
939 2236 2568
940 1623 2825
941 686 879
942 998 473
943 361 257
944 1963 1672
945 70 1235
946 2740 270
947 870 2296
948 832 12
949 651 1660
950 970 1923
951 1163 1653
952 1226 257
953 768 1798
954 1381 1407
955 2393 428
956 1427 1043
957 1379 2488
958 224 881
959 2711 369
960 1999 1766
961 2384 2628
962 2235 310
963 911 1775
964 552 1287
965 2271 133
966 712 1793
967 2104 2223
968 2663 2126
969 1219 1238
970 809 2236
971 2522 2240
972 612 1648
973 403 1165
974 703 170
975 1932 829
976 1071 209
977 448 191
978 256 906
979 2333 2209
980 599 521
981 1787 1064
982 1764 190
983 1524 987
984 133 1202
985 2796 493
986 2632 409
987 1381 2810
988 1546 50
989 2634 456
990 4 2426
991 2503 636
992 424 58
993 1837 750
994 193 72
995 755 717
996 2150 941
997 589 1378
998 158 1526
999 1475 2812
1000 103 523
1001 322 1913
1002 855 682
1003 2848 125
1004 1382 159
1005 251 2080
1006 1172 1005
1007 2651 513
1008 1781 1467
1009 1457 753
1010 943 770
1011 1197 1847
1012 2609 1439
1013 177 1876
1014 1684 929
1015 2028 25
1016 2417 227
1017 156 1743
1018 2104 1374
1019 253 2454
1020 2029 1567
1021 1254 1650
1022 1331 2743
1023 6 1507
1024 1660 1708
1025 1440 522
1026 1182 2346
1027 966 482
1028 1293 2307
1029 785 1546
1030 1932 1279
1031 1227 2377
1032 267 402
1033 1663 1532
1034 1388 21
1035 2014 1269
1036 209 2398
1037 2361 1501
1038 234 2342
1039 1588 689
1040 1342 850
1041 2649 1416
1042 2201 559
1043 1074 368
1044 2265 2352
1045 2766 1803
1046 536 468
1047 2263 1394
1048 1604 1100
1049 1493 2422
1050 592 1974
1051 300 2616
1052 225 726
1053 1861 726
1054 260 2270
1055 1035 2586
1056 1182 344
1057 372 1523
1058 2231 1785
1059 1935 2721
1060 129 345
1061 909 2251
1062 1188 1304
1063 2036 337
1064 593 2323
1065 2118 2327
1066 1398 1836
1067 952 1450
1068 1203 1708
1069 1027 2290
1070 717 1411
1071 2787 617
1072 2002 1594
1073 1443 1388
1074 2132 1684
1075 564 500
1076 2788 2128
1077 109 2087
1078 1662 1565
1079 1130 2749
1080 472 2606
1081 1891 1571
1082 2413 587
1083 2098 151
1084 2736 494
1085 2675 1620
1086 2109 716
1087 739 2775
1088 2297 265
1089 1407 2593
1090 2529 860
1091 499 2670
1092 1537 686
1093 1128 113
1094 2357 1138
1095 2416 2539
1096 2082 1863
1097 2126 1546
1098 2023 2727
1099 1300 2
1100 655 2141
1101 1231 880
1102 1883 413
1103 2455 1678
1104 1026 523
1105 1657 2015
1106 2405 2005
1107 1862 2821
1108 984 355
1109 2000 1854
1110 602 1981
1111 2484 2448
1112 1084 1393
1113 15 1777
1114 2661 2019
1115 2657 1164
1116 2644 1702
1117 2632 1839
1118 99 2800
1119 2101 247
1120 1925 2216
1121 875 1867
1122 522 1341
1123 2762 1996
1124 1963 2571
1125 908 1029
1126 2038 1032
1127 1612 1283
1128 2171 1013
1129 1425 3
1130 835 1442
1131 1141 2686
1132 1242 1309
1133 132 145
1134 861 2291
1135 381 280
1136 2078 874
1137 2143 2506
1138 2553 70
1139 730 1519
1140 1507 1602
1141 1845 2362
1142 699 177
1143 2361 2415
1144 531 516
1145 2376 647
1146 2818 1794
1147 2554 1077
1148 2284 198
1149 2789 1036
1150 951 1098
1151 268 1035
1152 1942 527
1153 1551 2479
1154 2519 15
1155 2699 1633
1156 5 230
1157 418 1618
1158 1798 536
1159 2433 2418
1160 1846 2481
1161 1873 2065
1162 391 1700
1163 2125 284
1164 686 402
1165 1279 2219
1166 2612 2113
1167 2739 655
1168 2424 2319
1169 1021 1355
1170 1380 858
1171 769 24
1172 1178 1187
1173 2321 2719
1174 341 1045
1175 364 1009
1176 875 2322
1177 492 2190
1178 2232 438
1179 230 296
1180 1841 1082
1181 2081 999
1182 734 330
1183 1058 461
1184 2105 1644
1185 2613 2565
1186 1279 69
1187 2144 1817
1188 675 1456
1189 554 631
1190 1084 1320
1191 1259 1092
1192 1409 2546
1193 359 2845
1194 1112 816
1195 2337 2827
1196 1666 2756
1197 1830 1414
1198 2832 1391
1199 755 2063
1200 29 2397
1201 2825 609
1202 1284 1498
1203 604 2479
1204 1786 2249
1205 2519 1335
1206 23 1629
1207 1077 1585
1208 2045 1328
1209 875 2593
1210 2400 608
1211 529 2794
1212 813 1635
1213 1564 2814
1214 1919 1636
1215 1052 277
1216 20 1316
1217 2556 978
1218 246 1125
1219 773 2066
1220 2567 477
1221 1486 1831
1222 49 1503
1223 900 1723
1224 1861 2496
1225 1590 2441
1226 1273 2522
1227 561 1109
1228 457 2431
1229 1053 2724
1230 784 2340
1231 618 1614
1232 2126 2210
1233 2841 1625
1234 1070 2700
1235 2402 2358
1236 151 105
1237 2265 1601
1238 2400 1122
1239 1240 1069
1240 416 2721
1241 758 165
1242 2669 1396
1243 475 1858
1244 818 1256
1245 1607 1138
1246 559 1173
1247 381 1506
1248 1159 1720
1249 571 121
1250 730 685
1251 1839 2612
1252 2131 2223
1253 2680 2555
1254 974 1335
1255 601 893
1256 624 43
1257 1036 1668
1258 1308 2702
1259 2015 880
1260 2615 1318
1261 389 463
1262 726 756
1263 685 1406
1264 2411 716
1265 2754 2181
1266 1689 176
1267 1942 956
1268 2345 2175
1269 2098 1926
1270 2280 2253
1271 1171 1385
1272 184 2434
1273 937 1060
1274 1671 2610
1275 2063 28
1276 1341 1493
1277 1832 1324
1278 543 1512
1279 2729 1631
1280 1698 36
1281 2270 278
1282 1907 2653
1283 749 1543
1284 2244 951
1285 34 2268
1286 2607 369
1287 1724 1598
1288 133 730
1289 1973 609
1290 911 807
1291 1217 54
1292 134 2039
1293 536 2476
1294 1908 274
1295 1431 1400
1296 1000 1869
1297 2116 2189
1298 1973 309
1299 2821 1714
1300 2339 2345
1301 1828 2850
1302 2305 1378
1303 456 2324
1304 1993 2818
1305 78 752
1306 200 1925
1307 884 574
1308 2581 328
1309 2609 2310
1310 2205 227
1311 2528 1674
1312 2809 2696
1313 1145 2435
1314 820 1668
1315 756 524
1316 2204 1576
1317 1566 1156
1318 1517 1690
1319 2098 408
1320 2091 864
1321 1290 92
1322 1935 1284
1323 517 109
1324 2824 800
1325 1491 1643
1326 40 2389
1327 1211 856
1328 127 1773
1329 1196 859
1330 1442 1674
1331 2236 1644
1332 1921 918
1333 1995 2783
1334 1565 1228
1335 833 108
1336 85 1237
1337 397 2532
1338 2575 1998
1339 364 337
1340 1172 728
1341 2143 900
1342 2317 2741
1343 627 1955
1344 698 2613
1345 2809 2595
1346 2330 215
1347 115 491
1348 2039 1190
1349 1743 1550
1350 718 1999
1351 1666 320
1352 382 288
1353 858 201
1354 2654 2151
1355 135 393
1356 2708 1628
1357 2547 111
1358 1500 781
1359 1936 2587
1360 1336 116
1361 962 968
1362 333 2117
1363 933 1352
1364 764 314
1365 2410 834
1366 1285 993
1367 471 230
1368 791 1447
1369 1988 455
1370 1039 1921
1371 1795 2572
1372 164 2106
1373 2221 315
1374 2632 940
1375 6 2093
1376 806 532
1377 753 1743
1378 629 51
1379 651 260
1380 2480 1873
1381 31 784
1382 1076 1549
1383 2523 766
1384 992 2412
1385 401 318
1386 655 2156
1387 1018 2371
1388 2463 728
1389 2268 2158
1390 2000 2632
1391 1959 138
1392 2595 1539
1393 266 293
1394 1043 1618
1395 1810 701
1396 669 2269
1397 2180 2543
1398 540 569
1399 2538 1747
1400 1188 2245
1401 2801 2093
1402 2774 85
1403 40 1283
1404 1892 1728
1405 2480 194
1406 2771 1666
1407 83 975
1408 2173 2183
1409 2006 1581
1410 594 2242
1411 631 2186
1412 2122 2150
1413 881 1176
1414 2742 1307
1415 1780 1880
1416 642 2826
1417 360 556
1418 1329 736
1419 520 1121
1420 1215 2140
1421 1366 2814
1422 2219 1623
1423 340 603
1424 1167 1460
1425 1496 179
1426 944 2306
1427 2764 1700
1428 1293 669
1429 1129 1321
1430 555 1997
1431 922 1601
1432 1934 1699
1433 1485 1488
1434 1429 2698
1435 2104 2576
1436 2273 1844
1437 1842 2339
1438 218 2493
1439 990 1055
1440 1706 1180
1441 1495 246
1442 2101 1428
1443 447 2234
1444 263 1236
1445 908 75
1446 881 1526
1447 84 245
1448 1035 658
1449 471 1714
1450 830 919
1451 1008 960
1452 1671 2071
1453 2688 659
1454 703 2085
1455 2552 1810
1456 2136 1686
1457 650 1252
1458 1002 2742
1459 2423 2807
1460 1591 82
1461 2633 1275
1462 418 890
1463 210 296
1464 1526 12
1465 1702 513
1466 1348 1020
1467 2849 442
1468 791 2585
1469 2809 690
1470 281 1723
1471 709 1235
1472 2712 1836
1473 1979 856
1474 60 1512
1475 1204 1340
1476 2632 1938
1477 1712 1216
1478 1343 1740
1479 1678 1708
1480 337 1467
1481 2594 1040
1482 296 2157
1483 2698 1232
1484 92 1696
1485 1245 2105
1486 2428 1966
1487 535 2289
1488 2766 455
1489 1550 590
1490 36 772
1491 1536 332
1492 1232 1514
1493 817 97
1494 2773 706
1495 3 460
1496 2024 965
1497 685 341
1498 1881 2707
1499 2149 1000
1500 1929 1932
1501 1453 2750
1502 445 2632
1503 2238 1120
1504 679 2032
1505 2653 1563
1506 49 2832
1507 1888 1170
1508 2839 619
1509 1327 1947
1510 726 785
1511 1522 1419
1512 1670 1544
1513 766 2199
1514 1554 1752
1515 2244 569
1516 2034 1503
1517 2733 1480
1518 1659 1344
1519 1181 1301
1520 2456 1021
1521 1613 1670
1522 415 2090
1523 148 2702
1524 575 998
1525 488 463
1526 2427 1355
1527 2023 2599
1528 522 1910
1529 2081 1426
1530 241 1865
1531 581 1090
1532 2319 1
1533 263 2458
1534 1762 2091
1535 2128 1029
1536 1765 1812
1537 575 2636
1538 1242 2175
1539 2173 2661
1540 886 1508
1541 2785 1737
1542 2031 1046
1543 2414 945
1544 1769 733
1545 1128 1005
1546 54 2016
1547 1296 2585
1548 2341 2668
1549 746 2333
1550 1939 2421
1551 713 225
1552 2737 1624
1553 391 1554
1554 971 1679
1555 425 525
1556 2152 2388
1557 1456 1498
1558 2036 583
1559 173 2219
1560 514 915
1561 272 660
1562 1477 1856
1563 2272 2550
1564 2149 1892
1565 1024 1616
1566 287 538
1567 525 566
1568 27 1908
1569 2059 794
1570 2101 2727
1571 2464 346
1572 1798 980
1573 2689 2200
1574 423 1357
1575 2179 1135
1576 2337 1040
1577 1985 1124
1578 488 1685
1579 786 208
1580 855 2829
1581 967 1840
1582 382 1009
1583 322 2604
1584 157 2650
1585 1002 2317
1586 2642 964
1587 2427 797
1588 623 287
1589 1411 1609
1590 2095 1146
1591 1888 1246
1592 1912 2479
1593 338 1334
1594 1383 2487
1595 680 803
1596 916 618
1597 1956 1296
1598 1325 532
1599 2546 66
1600 1621 2365
1601 1328 573
1602 1801 1276
1603 1016 2293
1604 2740 1831
1605 2652 2806
1606 1752 1255
1607 2182 718
1608 1526 2296
1609 2358 1236
1610 1130 1640
1611 934 1322
1612 2417 1745
1613 1256 716
1614 1965 738
1615 498 1252
1616 530 2355
1617 1567 2438
1618 1411 641
1619 2621 2692
1620 2789 1398
1621 1596 2756
1622 990 2224
1623 1070 887
1624 2526 1805
1625 944 1785
1626 2159 14
1627 2797 522
1628 239 2695
1629 550 1855
1630 944 2509
1631 2608 1967
1632 605 2482
1633 413 125
1634 1652 2428
1635 1083 1605
1636 1591 424
1637 2126 889
1638 1184 2423
1639 1679 1965
1640 1054 2238
1641 542 707
1642 982 2034
1643 1241 288
1644 1154 2739
1645 1625 390
1646 2382 258
1647 2447 1145
1648 391 2544
1649 2353 1127
1650 2497 690
1651 1051 1802
1652 1890 1741
1653 1118 497
1654 2067 2292
1655 2291 217
1656 2283 1959
1657 1454 1021
1658 1019 1363
1659 2068 2843
1660 2450 1124
1661 724 110
1662 1614 1911
1663 141 2323
1664 301 2303
1665 2072 2570
1666 2249 1549
1667 922 2080
1668 2647 999
1669 2712 1629
1670 302 115
1671 604 2171
1672 492 2128
1673 1256 2501
1674 2602 2329
1675 1939 720
1676 474 1301
1677 1340 158
1678 2315 364
1679 946 2230
1680 1271 1471
1681 62 1160
1682 1868 390
1683 2750 139
1684 447 916
1685 2637 2507
1686 864 1960
1687 2303 442
1688 1827 2441
1689 1952 1648
1690 1591 1359
1691 1216 1040
1692 619 2434
1693 2834 685
1694 808 594
1695 977 2169
1696 449 1142
1697 1233 342
1698 632 1829
1699 2353 2522
1700 938 1338
1701 2457 2362
1702 1389 297
1703 1064 770
1704 1543 1109
1705 1390 1717
1706 711 1261
1707 1099 2667
1708 220 2188
1709 1841 32
1710 324 1123
1711 50 917
1712 2582 2375
1713 663 316
1714 1908 1152
1715 2061 428
1716 263 2061
1717 2425 1478
1718 723 2540
1719 1411 2070
1720 2504 604
1721 400 2689
1722 2509 2659
1723 803 1936
1724 2793 2475
1725 2249 1816
1726 2427 1128
1727 250 1826
1728 91 462
1729 655 2277
1730 1679 39
1731 2216 1030
1732 760 1400
1733 97 1137
1734 1759 2505
1735 155 745
1736 941 469
1737 1383 2735
1738 715 2561
1739 369 1191
1740 2367 2306
1741 978 2158
1742 1355 1897
1743 1667 19
1744 1574 644
1745 843 1355
1746 4 822
1747 2583 411
1748 2412 481
1749 1711 2236
1750 1452 1807
1751 648 608
1752 691 1646
1753 2578 1034
1754 1702 1505
1755 703 1668
1756 609 2077
1757 2174 1024
1758 2525 1103
1759 2375 896
1760 414 994
1761 2383 2228
1762 2418 2231
1763 2332 675
1764 2844 398
1765 812 988
1766 2264 1292
1767 1390 1528
1768 390 756
1769 959 656
1770 187 681
1771 685 2056
1772 2489 2131
1773 1596 2267
1774 2552 2768
1775 2721 1630
1776 1914 950
1777 884 2071
1778 2821 813
1779 81 1383
1780 162 2191
1781 2466 1757
1782 708 1072
1783 1736 2249
1784 2015 1503
1785 736 2840
1786 2084 1974
1787 1493 2790
1788 2099 1358
1789 2246 798
1790 2140 1644
1791 2485 2551
1792 444 1350
1793 625 479
1794 2023 910
1795 2390 2406
1796 85 1140
1797 488 2815
1798 219 475
1799 1878 1836
1800 2325 410
1801 1990 1290
1802 250 786
1803 847 326
1804 2562 1435
1805 1558 2504
1806 1744 249
1807 2285 1447
1808 865 115
1809 324 2376
1810 613 1819
1811 1016 1085
1812 288 2482
1813 1650 2013
1814 2565 945
1815 1428 1081
1816 1420 1093
1817 655 2146
1818 153 1752
1819 1600 2844
1820 347 1150
1821 2819 76
1822 191 353
1823 727 2126
1824 1370 844
1825 1695 2284
1826 1806 681
1827 1361 757
1828 345 1422
1829 1442 1103
1830 757 307
1831 849 1099
1832 2749 2839
1833 2783 2589
1834 2758 191
1835 341 315
1836 997 2108
1837 2290 1463
1838 1759 107
1839 1550 145
1840 2093 1375
1841 863 1478
1842 1464 986
1843 2571 811
1844 1743 236
1845 2639 1414
1846 400 2752
1847 26 1880
1848 267 2048
1849 1715 826
1850 1688 635
1851 1614 117
1852 536 149
1853 681 1376
1854 1983 1207
1855 2201 1360
1856 799 939
1857 2652 2228
1858 942 1194
1859 1782 2364
1860 2206 2607
1861 1005 2451
1862 2610 322
1863 1113 885
1864 2664 2203
1865 2345 1800
1866 299 1182
1867 833 2803
1868 1200 2492
1869 224 2695
1870 427 286
1871 2424 537
1872 1445 1554
1873 622 723
1874 2775 427
1875 1238 1153
1876 1347 741
1877 990 487
1878 2568 1404
1879 2834 153
1880 2035 2452
1881 1149 1484
1882 322 579
1883 1395 2132
1884 1435 2039
1885 1886 773
1886 2152 374
1887 1355 2719
1888 2769 2366
1889 2705 2714
1890 2159 2773
1891 1196 1761
1892 713 2504
1893 62 2775
1894 2362 788
1895 1915 625
1896 2356 1911
1897 1846 1156
1898 1832 1089
1899 1824 2137
1900 165 1642
1901 1055 1957
1902 2009 2286
1903 414 1870
1904 1153 1039
1905 2718 738
1906 2633 137
1907 1319 556
1908 904 16
1909 78 505
1910 2445 2494
1911 187 2106
1912 966 1074
1913 2604 1713
1914 401 1376
1915 88 43
1916 2526 1235
1917 1805 2202
1918 318 414
1919 440 2243
1920 606 2319
1921 1748 1176
1922 1798 2204
1923 2138 2749
1924 1579 2475
1925 211 126
1926 178 2658
1927 1768 454
1928 1396 389
1929 294 768
1930 2794 781
1931 682 1931
1932 1300 2166
1933 2645 2799
1934 52 2620
1935 276 2687
1936 1333 934
1937 1003 31
1938 1302 810
1939 2157 2461
1940 1489 497
1941 2577 1994
1942 2687 932
1943 224 1816
1944 1972 264
1945 1894 1252
1946 2705 2134
1947 1834 2806
1948 1161 2
1949 791 1751
1950 2518 1765
1951 2452 2385
1952 2617 112
1953 1827 1450
1954 1153 1258
1955 2164 2697
1956 1266 330
1957 2338 1804
1958 1191 1916
1959 2780 1235
1960 82 1061
1961 1696 4
1962 2175 423
1963 1192 816
1964 163 1688
1965 709 965
1966 248 1355
1967 368 816
1968 2800 196
1969 14 2067
1970 1138 2428
1971 934 1044
1972 2054 1055
1973 463 1946
1974 2370 895
1975 1830 1206
1976 713 1657
1977 1249 1989
1978 167 2660
1979 91 144
1980 1105 2722
1981 2750 1924
1982 1238 2715
1983 2526 2048
1984 2140 1476
1985 1433 957
1986 2252 988
1987 2379 2555
1988 1207 1714
1989 2342 161
1990 2701 949
1991 615 1684
1992 823 2340
1993 2223 394
1994 2545 2315
1995 720 986
1996 164 2831
1997 1672 19
1998 1846 2135
1999 2597 1920
2000 2819 1346
2001 2151 1071
2002 2406 1418
2003 1263 1165
2004 2271 2707
2005 679 902
2006 2719 1559
2007 1757 66
2008 684 1902
2009 2170 814
2010 698 2046
2011 1837 1012
2012 2545 1693
2013 2350 228
2014 1084 854
2015 793 2267
2016 365 24
2017 2611 2114
2018 2137 314
2019 1755 1125
2020 726 140
2021 1121 1094
2022 1307 1440
2023 1636 1219
2024 1066 531
2025 1599 1320
2026 1462 923
2027 1620 1059
2028 2562 368
2029 2666 1406
2030 554 2192
2031 2456 2394
2032 2204 504
2033 1984 535
2034 343 625
2035 325 2700
2036 2512 41
2037 914 1538
2038 2823 1402
2039 309 320
2040 380 2633
2041 2603 1020
2042 1498 100
2043 531 2264
2044 695 1298
2045 648 598
2046 1676 171
2047 951 1929
2048 586 1486
2049 987 923
2050 1400 1709
2051 2830 2208
2052 2675 1266
2053 1694 2640
2054 7 75
2055 1534 1420
2056 382 1178
2057 1697 1463
2058 1497 2830
2059 1274 381
2060 2215 2607
2061 135 139
2062 1336 875
2063 447 2214
2064 1071 192
2065 1915 1789
2066 899 729
2067 1732 542
2068 2445 2625
2069 978 129
2070 2475 1033
2071 2788 327
2072 1877 1918
2073 2647 2360
2074 1930 197
2075 1732 1456
2076 1457 2370
2077 847 540
2078 498 1090
2079 1700 641
2080 1153 2340
2081 39 1220
2082 1353 1242
2083 1727 1755
2084 680 39
2085 675 2146
2086 2519 1388
2087 971 288
2088 476 574
2089 821 1622
2090 207 1068
2091 2032 1862
2092 1816 1473
2093 2626 499
2094 1306 2547
2095 2032 2044
2096 235 2216
2097 778 1194
2098 758 308
2099 1248 252
2100 1012 779
2101 2829 768
2102 2181 347
2103 949 2010
2104 2254 2810
2105 247 1008
2106 2056 712
2107 316 1129
2108 1464 755
2109 1167 2572
2110 1440 497
2111 1038 152
2112 2512 1185
2113 1094 426
2114 1171 2817
2115 983 2134
2116 439 669
2117 1084 498
2118 442 634
2119 1311 2238
2120 2363 2843
2121 831 1895
2122 1581 790
2123 1264 554
2124 489 2437
2125 868 362
2126 2588 856
2127 2000 429
2128 2661 1981
2129 977 92
2130 1575 57
2131 2472 2423
2132 2150 1208
2133 2024 1161
2134 317 2802
2135 1511 2309
2136 2153 540
2137 1186 2404
2138 2644 751
2139 1857 1702
2140 2335 1569
2141 1963 1337
2142 555 235
2143 516 1500
2144 150 1616
2145 1929 2390
2146 2164 1086
2147 988 730
2148 2698 2400
2149 969 744
2150 343 927
2151 1813 1002
2152 616 1429
2153 46 1679
2154 339 2159
2155 1335 786
2156 2360 273
2157 1989 1160
2158 880 166
2159 1558 895
2160 614 2724
2161 2779 1977
2162 1465 2807
2163 2613 2661
2164 546 2795
2165 1924 2552
2166 240 1176
2167 510 284
2168 1504 2442
2169 563 1305
2170 921 109
2171 1218 15
2172 2134 645
2173 22 784
2174 1746 25
2175 981 722
2176 225 2231
2177 2452 250
2178 2077 2790
2179 13 1327
2180 352 893
2181 496 934
2182 952 387
2183 2422 997
2184 517 457
2185 1743 1057
2186 1889 1776
2187 2449 486
2188 2273 1871
2189 987 2188
2190 2561 1258
2191 2612 1974
2192 2757 1267
2193 1454 2479
2194 664 702
2195 2405 1546
2196 1554 845
2197 2367 2648
2198 324 347
2199 1817 8
2200 2383 2302
2201 1309 300
2202 504 2172
2203 2540 756
2204 2481 1665
2205 1397 2687
2206 1065 1723
2207 2565 272
2208 1076 2359
2209 427 707
2210 800 2579
2211 2728 2743
2212 1249 2495
2213 1983 1239
2214 1705 2102
2215 2368 221
2216 922 1920
2217 1390 2274
2218 2370 1240
2219 1273 1121
2220 1500 573
2221 2155 2026
2222 491 1363
2223 2088 1508
2224 1359 849
2225 1553 2238
2226 1556 870
2227 476 385
2228 1280 2776
2229 2448 1260
2230 1078 221
2231 1466 554
2232 434 1769
2233 1387 2695
2234 38 2454
2235 2131 766
2236 9 1910
2237 29 1001
2238 984 2202
2239 1835 484
2240 310 2028
2241 1463 2597
2242 361 1509
2243 1691 213
2244 2567 1448
2245 2747 2572
2246 2765 2770
2247 193 1674
2248 2832 1392
2249 847 1149
2250 1502 1418
2251 2305 2035
2252 2019 420
2253 1907 1403
2254 1050 2679
2255 1893 2293
2256 2231 2573
2257 1194 1168
2258 110 1142
2259 424 2606
2260 811 1058
2261 1989 1794
2262 874 1396
2263 1911 280
2264 2003 1745
2265 2295 1098
2266 1721 1493
2267 1269 1882
2268 2051 779
2269 551 1794
2270 1824 467
2271 1772 949
2272 1951 1972
2273 486 1222
2274 638 1350
2275 1573 2522
2276 755 1264
2277 2268 2267
2278 2135 2645
2279 2260 506
2280 834 867
2281 1270 2761
2282 2544 1045
2283 2199 428
2284 2239 1899
2285 256 1747
2286 1367 2452
2287 384 741
2288 1909 1113
2289 2065 2760
2290 1545 95
2291 878 2386
2292 519 260
2293 100 2658
2294 222 929
2295 2024 2528
2296 1317 1030
2297 565 248
2298 2767 513
2299 545 2376
2300 2375 1238
2301 1171 440
2302 1788 508
2303 1792 2000
2304 2189 2234
2305 1675 1119
2306 805 1722
2307 2063 637
2308 122 1886
2309 701 1225
2310 2827 2694
2311 1395 1131
2312 210 1621
2313 1679 92
2314 2365 2433
2315 1173 1346
2316 1300 486
2317 747 2356
2318 703 1449
2319 900 1095
2320 1938 1855
2321 882 2644
2322 1843 1260
2323 1153 316
2324 1493 2818
2325 872 1531
2326 1764 848
2327 1405 1389
2328 452 542
2329 1978 2734
2330 2524 40
2331 1236 1236
2332 1197 2701
2333 824 158
2334 2628 2763
2335 2027 391
2336 2213 2129
2337 2805 439
2338 2174 1547
2339 2132 491
2340 2802 1111
2341 375 1046
2342 1427 319
2343 2531 1565
2344 2652 1362
2345 382 1073
2346 1373 1468
2347 159 1985
2348 463 938
2349 541 1810
2350 1886 2615
2351 1782 1169
2352 284 905
2353 2165 1463
2354 1942 362
2355 1296 1972
2356 1268 471
2357 1982 2533
2358 1738 1047
2359 1792 217
2360 2187 481
2361 214 1880
2362 2489 1299
2363 1068 1003
2364 2268 1017
2365 580 603
2366 1116 2672
2367 1894 2142
2368 1047 1685
2369 2354 2301
2370 1070 1878
2371 1468 1605
2372 288 300
2373 1458 2646
2374 948 2189
2375 1357 509
2376 2057 2800
2377 2086 102
2378 706 1881
2379 809 1693
2380 284 1593
2381 337 835
2382 2747 1016
2383 2091 2358
2384 2761 2218
2385 1200 560
2386 675 2368
2387 635 814
2388 918 1367
2389 1834 494
2390 2788 719
2391 1354 1640
2392 1464 1781
2393 2474 276
2394 591 1964
2395 1333 664
2396 1507 2703
2397 779 2129
2398 1855 2092
2399 1523 1158
2400 2731 218
2401 948 1990
2402 1653 1635
2403 475 2778
2404 426 126
2405 566 494
2406 811 1423
2407 2804 259
2408 116 2226
2409 829 2262
2410 787 975
2411 1192 517
2412 2025 1495
2413 144 2281
2414 1845 2448
2415 1612 2489
2416 204 1899
2417 1104 563
2418 411 1569
2419 2068 2419
2420 829 97
2421 956 954
2422 1153 1189
2423 1827 1882
2424 1063 361
2425 1019 2661
2426 2580 1843
2427 2608 2759
2428 1260 771
2429 1074 1542
2430 1615 2162
2431 1764 608
2432 605 2039
2433 1334 2643
2434 250 455
2435 245 680
2436 382 508
2437 2149 1205
2438 2611 421
2439 2551 2367
2440 693 916
2441 1333 1949
2442 1320 1062
2443 1540 653
2444 544 1848
2445 661 1175
2446 2709 560
2447 823 92
2448 2708 1052
2449 1429 2816
2450 2818 1513
2451 642 1663
2452 658 526
2453 2007 1603
2454 907 203
2455 1381 731
2456 195 1436
2457 199 1642
2458 2118 1461
2459 484 2008
2460 1715 1739
2461 386 629
2462 733 1902
2463 1317 110
2464 109 2181
2465 1301 961
2466 2437 1511
2467 1197 1244
2468 2317 2117
2469 2810 680
2470 1513 853
2471 1273 1998
2472 1226 2280
2473 1891 2829
2474 2730 2296
2475 1356 718
2476 1381 260
2477 1882 379
2478 2470 1133
2479 929 1559
2480 2539 66
2481 2430 830
2482 312 2178
2483 2103 1289
2484 790 93
2485 1260 837
2486 1127 519
2487 321 113
2488 1653 2342
2489 2244 525
2490 688 625
2491 2655 952
2492 2355 1456
2493 2635 477
2494 1664 2439
2495 1028 2820
2496 285 2118
2497 2163 1498
2498 274 1603
2499 1572 1138
2500 1978 617
2501 1312 2668
2502 506 2270
2503 335 717
2504 1270 477
2505 1524 2150
2506 438 1290
2507 2288 1488
2508 814 2205
2509 1685 608
2510 387 679
2511 2420 2570
2512 1229 1462
2513 821 1647
2514 1666 2845
2515 82 440
2516 2299 2667
2517 1373 643
2518 186 1316
2519 1098 2653
2520 1798 2595
2521 118 1900
2522 501 2695
2523 1863 1428
2524 1963 2185
2525 2476 22
2526 476 2792
2527 1031 1225
2528 902 1152
2529 1710 971
2530 2189 2487
2531 1788 2014
2532 94 2353
2533 1389 238
2534 1899 641
2535 411 2224
2536 2558 1766
2537 2820 710
2538 581 2478
2539 990 163
2540 1534 2456
2541 51 440
2542 708 698
2543 2206 954
2544 1027 1346
2545 2558 197
2546 727 2073
2547 310 1857
2548 2721 1417
2549 1456 834
2550 24 1069
2551 2598 308
2552 558 2396
2553 1738 524
2554 1607 362
2555 1535 276
2556 21 1192
2557 2395 1756
2558 1057 2669
2559 2159 2776
2560 2404 2162
2561 1257 2500
2562 1656 949
2563 87 1973
2564 2379 151
2565 1792 1405
2566 130 1216
2567 17 2386
2568 1808 305
2569 1937 41
2570 2 2461
2571 530 357
2572 1249 2203
2573 543 2037
2574 1276 553
2575 792 940
2576 614 2254
2577 74 674
2578 581 560
2579 2131 419
2580 294 1629
2581 1332 532
2582 433 1806
2583 1560 1416
2584 1427 2663
2585 67 1836
2586 519 2698
2587 112 2184
2588 2417 727
2589 2748 1780
2590 894 1090
2591 276 1377
2592 280 209
2593 11 1371
2594 1419 1596
2595 1156 1248
2596 1027 357
2597 554 2087
2598 346 2815
2599 1260 2065
2600 726 2355
2601 1464 956
2602 1986 1404
2603 1840 698
2604 1220 1920
2605 1737 1115
2606 637 311
2607 787 370
2608 2238 1710
2609 756 868
2610 748 2567
2611 1295 1701
2612 1091 756
2613 96 997
2614 1921 586
2615 1151 771
2616 65 763
2617 186 592
2618 149 963
2619 2438 2575
2620 98 921
2621 1755 1167
2622 1024 613
2623 499 198
2624 2119 1007
2625 2150 2151
2626 639 2645
2627 400 2193
2628 1752 1498
2629 707 333
2630 2697 706
2631 1237 1397
2632 313 2072
2633 408 689
2634 526 1607
2635 872 534
2636 2003 2798
2637 65 2682
2638 904 2198
2639 1263 2043
2640 1732 2251
2641 1305 2111
2642 61 1672
2643 2847 596
2644 499 1219
2645 1852 2770
2646 13 2285
2647 959 2430
2648 1385 463
2649 743 800
2650 2697 1367
2651 1255 436
2652 383 1173
2653 1186 285
2654 1783 245
2655 1527 1694
2656 545 2454
2657 1168 1529
2658 2058 1584
2659 1059 2207
2660 2435 1369
2661 285 2027
2662 931 842
2663 2026 2664
2664 855 18
2665 1357 1486
2666 324 386
2667 1409 1330
2668 592 2460
2669 1222 1038
2670 635 582
2671 1994 950
2672 1342 1414
2673 557 2194
2674 2321 705
2675 2550 1246
2676 323 484
2677 10 2827
2678 916 1099
2679 2720 1200
2680 2478 1965
2681 2552 1499
2682 2526 880
2683 2840 2575
2684 1336 1613
2685 2113 208
2686 1359 1139
2687 2790 1916
2688 298 311
2689 1258 2653
2690 2002 886
2691 2836 792
2692 1671 2764
2693 888 937
2694 2317 1340
2695 2171 1730
2696 1937 1750
2697 1902 596
2698 1088 42
2699 805 2432
2700 1813 2096
2701 220 1192
2702 498 526
2703 2039 1321
2704 2602 1707
2705 2346 2461
2706 632 1795
2707 1152 1395
2708 1649 2391
2709 79 1711
2710 155 1919
2711 336 2555
2712 2542 501
2713 1412 2427
2714 1835 14
2715 2784 2294
2716 295 209
2717 607 2723
2718 89 869
2719 138 468
2720 1135 1011
2721 181 795
2722 1782 2334
2723 1837 2466
2724 190 2061
2725 1983 112
2726 602 2453
2727 901 2297
2728 980 2129
2729 347 250
2730 389 2172
2731 9 1039
2732 2656 2181
2733 1338 1710
2734 1916 678
2735 1171 2402
2736 2059 683
2737 1226 691
2738 242 653
2739 1549 2336
2740 2001 1557
2741 1168 2111
2742 1086 1790
2743 1244 1303
2744 102 1974
2745 2403 1179
2746 2118 8
2747 1663 702
2748 1025 2792
2749 2020 1785
2750 1859 576
2751 1538 1939
2752 662 314
2753 697 508
2754 1991 1268
2755 2034 1046
2756 2288 2055
2757 887 1869
2758 218 2297
2759 1027 1662
2760 418 2430
2761 2834 1964
2762 783 512
2763 2087 777
2764 2249 1054
2765 2423 471
2766 2706 1835
2767 1312 1320
2768 1246 863
2769 2464 2495
2770 2806 2243
2771 221 1811
2772 2466 1834
2773 249 287
2774 2085 1321
2775 2181 1501
2776 69 1600
2777 2758 1788
2778 2725 1372
2779 2187 1068
2780 2295 211
2781 1006 2030
2782 2740 696
2783 1420 245
2784 1487 1818
2785 2000 2791
2786 1089 2308
2787 2398 2453
2788 1578 1973
2789 1349 2124
2790 2017 1126
2791 1777 2107
2792 1955 376
2793 1968 2285
2794 2693 942
2795 843 264
2796 1865 2039
2797 635 336
2798 9 1212
2799 2222 169
2800 977 1203
2801 613 1397
2802 2157 859
2803 51 1115
2804 1998 2094
2805 2132 347
2806 809 1823
2807 601 2223
2808 938 1030
2809 424 415
2810 2302 1078
2811 651 232
2812 2170 1146
2813 40 264
2814 2335 953
2815 634 1408
2816 2650 2702
2817 2583 782
2818 2535 2240
2819 1186 518
2820 2341 1759
2821 685 1764
2822 1882 2757
2823 1695 916
2824 2326 1514
2825 2472 2728
2826 1542 49
2827 777 1696
2828 630 2058
2829 2372 601
2830 205 1023
2831 124 331
2832 2800 1389
2833 925 1577
2834 2813 1480
2835 382 2271
2836 268 1923
2837 926 1402
2838 2750 1073
2839 1821 410
2840 520 1165
2841 1197 2515
2842 1613 2487
2843 1210 1450
2844 849 715
2845 2339 2556
2846 981 1771
2847 730 749
2848 1055 849
2849 207 2600
2850 506 1403
