1750 1750
1 191 111
2 964 1029
3 1327 342
4 91 544
5 52 1648
6 624 1115
7 1481 1155
8 663 350
9 1428 1359
10 1750 1499
11 896 1745
12 766 297
13 742 503
14 402 1097
15 1329 1210
16 629 1707
17 1168 943
18 1464 1259
19 36 976
20 1116 477
21 462 348
22 888 493
23 220 1637
24 1695 1277
25 611 1350
26 1000 443
27 1198 900
28 1227 333
29 841 1113
30 1241 1321
31 20 1506
32 1286 517
33 11 1381
34 1452 1291
35 26 782
36 1313 571
37 1491 1114
38 1648 1665
39 928 1682
40 1027 408
41 1000 1388
42 1366 962
43 590 206
44 1719 453
45 1419 1456
46 632 1168
47 963 475
48 796 479
49 384 1160
50 199 1666
51 1345 1291
52 1089 318
53 733 1379
54 686 531
55 79 1417
56 1700 672
57 1038 1602
58 513 1239
59 1611 847
60 180 251
61 429 601
62 813 1635
63 1703 1730
64 1455 489
65 456 444
66 1725 261
67 1234 22
68 683 1160
69 783 95
70 1197 647
71 1714 764
72 677 251
73 1640 136
74 551 1380
75 1634 306
76 898 303
77 1615 274
78 1470 1051
79 655 716
80 1587 729
81 690 3
82 984 1644
83 522 629
84 1432 757
85 498 320
86 1107 367
87 373 1190
88 965 1026
89 1066 512
90 1042 1361
91 1746 318
92 993 906
93 208 1187
94 524 636
95 608 456
96 616 1584
97 1303 1643
98 1178 1199
99 1212 525
100 523 1076
101 1504 1077
102 1347 754
103 397 1722
104 635 1403
105 1009 464
106 1046 1510
107 405 971
108 1704 628
109 1518 674
110 341 690
111 275 268
112 816 1228
113 1306 1259
114 1693 1179
115 1717 1683
116 1192 787
117 239 547
118 474 1171
119 1570 700
120 1397 770
121 27 866
122 1057 1238
123 440 394
124 1563 1737
125 1559 1263
126 256 422
127 1297 228
128 1275 267
129 1214 245
130 628 209
131 356 139
132 772 24
133 380 1144
134 1312 1636
135 869 1509
136 504 772
137 1381 310
138 764 1400
139 608 1279
140 687 309
141 687 182
142 552 1142
143 150 29
144 432 1078
145 1604 117
146 48 284
147 304 474
148 715 1482
149 895 639
150 155 1251
151 1573 1112
152 1560 1021
153 123 45
154 1109 1148
155 54 381
156 1079 583
157 1730 817
158 1493 530
159 1485 120
160 1323 812
161 272 591
162 737 1034
163 661 1328
164 250 1055
165 25 1515
166 455 738
167 958 731
168 1001 669
169 115 1268
170 963 772
171 1333 461
172 767 126
173 1059 1248
174 795 118
175 631 567
176 301 1588
177 805 1326
178 924 1175
179 434 176
180 13 872
181 1501 952
182 1670 992
183 367 1204
184 1613 31
185 687 834
186 148 1218
187 388 879
188 633 1650
189 1317 1737
190 619 343
191 1269 1409
192 1033 472
193 1601 179
194 1537 563
195 1253 977
196 647 1337
197 362 541
198 221 1209
199 88 1110
200 764 233
201 752 1277
202 1003 1248
203 1340 790
204 1691 711
205 442 1703
206 1361 1210
207 1258 549
208 1588 590
209 30 861
210 1256 1152
211 194 311
212 219 818
213 1423 67
214 1441 1719
215 800 874
216 1386 365
217 1688 1095
218 1262 1243
219 127 409
220 987 1029
221 105 31
222 864 1629
223 595 935
224 1313 20
225 517 1602
226 1459 788
227 1414 1549
228 785 1690
229 21 708
230 454 975
231 71 717
232 511 506
233 167 661
234 1179 10
235 202 228
236 645 613
237 292 978
238 940 1344
239 937 60
240 1140 840
241 249 756
242 186 1165
243 1020 71
244 76 795
245 483 1356
246 507 1585
247 626 651
248 1521 1238
249 405 596
250 1653 1653
251 1301 356
252 697 1174
253 1707 302
254 364 755
255 1312 1727
256 1652 1653
257 450 606
258 534 832
259 754 892
260 1082 1514
261 195 1332
262 850 954
263 332 4
264 630 146
265 637 1647
266 850 914
267 1142 872
268 1182 462
269 649 886
270 610 613
271 173 1266
272 424 1261
273 352 665
274 205 742
275 1000 247
276 716 913
277 1066 383
278 235 646
279 945 914
280 99 1536
281 1092 522
282 119 190
283 60 1472
284 1008 409
285 1621 1574
286 600 756
287 1614 1105
288 1206 720
289 694 572
290 1174 935
291 301 1471
292 1630 1630
293 1745 1400
294 290 823
295 1414 1330
296 90 1464
297 303 1057
298 793 179
299 54 1646
300 665 1523
301 1703 857
302 508 1192
303 1371 1717
304 273 322
305 42 1659
306 632 835
307 1571 1476
308 883 1434
309 939 522
310 1664 556
311 775 1228
312 779 475
313 547 336
314 382 1267
315 972 1161
316 1743 707
317 1230 1452
318 1457 1016
319 1601 1617
320 251 380
321 1663 1708
322 1179 1489
323 149 1436
324 1098 955
325 131 1013
326 701 231
327 509 1646
328 242 99
329 656 333
330 1152 391
331 1608 1630
332 414 443
333 776 473
334 747 941
335 571 866
336 884 1410
337 922 1159
338 457 1277
339 34 567
340 1228 719
341 1040 833
342 1696 889
343 1218 702
344 855 620
345 970 1222
346 759 1661
347 665 176
348 164 391
349 13 709
350 915 1553
351 1219 585
352 1445 1714
353 420 878
354 730 1467
355 845 717
356 1326 791
357 197 121
358 1445 1390
359 1661 291
360 359 593
361 622 1067
362 169 1270
363 1699 1500
364 329 1504
365 1560 1396
366 982 1554
367 1143 244
368 72 279
369 1248 1199
370 1536 964
371 361 692
372 494 1743
373 887 710
374 1371 282
375 507 1137
376 1273 1489
377 1214 1680
378 202 534
379 691 384
380 77 1433
381 1102 449
382 610 1
383 82 1035
384 774 398
385 1359 827
386 1607 1260
387 1517 179
388 985 843
389 422 576
390 468 1414
391 313 738
392 523 336
393 1693 715
394 1488 153
395 1014 1600
396 945 1354
397 110 1459
398 1503 588
399 396 1535
400 569 317
401 874 951
402 1109 213
403 1122 1375
404 1563 1116
405 633 178
406 1092 540
407 528 1158
408 1560 398
409 460 841
410 530 1664
411 215 305
412 495 407
413 1263 1446
414 1541 361
415 370 1077
416 898 532
417 1545 168
418 975 1590
419 1142 1323
420 645 1626
421 398 1365
422 1115 765
423 25 1056
424 972 1157
425 260 1353
426 1120 259
427 697 376
428 411 1740
429 599 1359
430 38 1004
431 431 57
432 1459 778
433 289 1486
434 1033 1241
435 736 57
436 1429 850
437 1063 683
438 1111 1085
439 1265 333
440 911 849
441 1542 1490
442 694 714
443 1269 1325
444 1723 251
445 610 823
446 1056 1534
447 430 1202
448 340 1293
449 1389 378
450 131 617
451 1383 727
452 246 1576
453 1319 1321
454 367 1326
455 1188 1218
456 343 445
457 349 920
458 1440 674
459 1436 405
460 529 576
461 349 1642
462 859 358
463 306 995
464 1671 1551
465 1096 224
466 779 78
467 790 242
468 1225 1056
469 579 198
470 1351 223
471 1587 3
472 120 1422
473 928 1008
474 762 193
475 788 697
476 1023 1339
477 1642 316
478 156 520
479 208 1268
480 972 261
481 187 69
482 1489 814
483 734 375
484 360 1513
485 65 1662
486 782 1326
487 1147 560
488 622 992
489 585 526
490 1476 637
491 1358 613
492 1199 396
493 1302 1256
494 909 648
495 1159 630
496 1074 621
497 765 1434
498 453 1656
499 970 1123
500 962 1209
501 1718 1435
502 1580 1359
503 1477 1002
504 1097 1335
505 667 428
506 1436 1013
507 1284 1074
508 452 1361
509 972 550
510 474 990
511 1071 18
512 354 597
513 887 237
514 1579 1304
515 1341 1615
516 923 355
517 58 1222
518 610 112
519 1078 1288
520 144 188
521 1493 344
522 1372 1464
523 667 78
524 1206 80
525 1263 748
526 1745 1663
527 1263 164
528 828 1376
529 418 1571
530 1278 560
531 1114 1739
532 504 1419
533 1130 1404
534 454 1530
535 1071 690
536 655 1223
537 1208 1117
538 1035 1702
539 1443 190
540 770 388
541 616 546
542 1260 907
543 1213 1112
544 841 1148
545 249 1726
546 102 95
547 431 695
548 759 1637
549 1680 256
550 661 1162
551 255 507
552 412 344
553 1215 1483
554 1121 1609
555 992 263
556 1716 890
557 1691 333
558 309 1114
559 1273 165
560 321 1321
561 544 921
562 1126 452
563 1391 496
564 1613 198
565 85 765
566 1243 1426
567 1318 1348
568 221 1266
569 921 124
570 1527 1423
571 1546 699
572 535 394
573 689 927
574 1612 1709
575 1698 1240
576 1742 1092
577 1222 283
578 1069 293
579 1416 1197
580 287 1562
581 390 1579
582 1413 1592
583 1123 903
584 546 117
585 759 133
586 866 462
587 786 1209
588 1515 1226
589 1354 75
590 392 57
591 1693 1532
592 714 1610
593 996 404
594 1703 1650
595 1638 1684
596 654 1157
597 2 1292
598 849 318
599 1388 639
600 107 833
601 1221 565
602 1714 934
603 1242 336
604 509 969
605 1455 1682
606 299 878
607 1026 1046
608 161 1509
609 83 1519
610 680 1175
611 1042 1119
612 865 1432
613 1032 1159
614 964 1381
615 240 851
616 1264 549
617 1286 118
618 599 937
619 408 396
620 503 1387
621 1230 1637
622 202 972
623 1429 1332
624 1090 1195
625 512 1575
626 883 1604
627 1059 209
628 656 1539
629 1668 147
630 312 644
631 481 843
632 956 406
633 958 455
634 548 668
635 1598 1272
636 514 1552
637 12 1200
638 1186 816
639 257 1020
640 1623 1578
641 1530 1180
642 1197 1078
643 1455 544
644 1646 648
645 817 366
646 756 1143
647 534 18
648 1204 781
649 785 646
650 1733 1158
651 1333 885
652 962 735
653 874 1099
654 31 934
655 22 767
656 681 267
657 696 103
658 1154 1110
659 939 1148
660 1483 186
661 466 373
662 35 712
663 1750 589
664 846 319
665 1066 1462
666 1113 114
667 994 1241
668 528 1732
669 1394 1220
670 505 274
671 607 540
672 1303 628
673 574 593
674 1535 1028
675 1629 1451
676 1451 28
677 1088 901
678 638 1341
679 315 278
680 603 1371
681 898 1560
682 276 844
683 900 1119
684 1044 53
685 1441 1393
686 802 368
687 841 1369
688 321 795
689 769 1042
690 88 334
691 1266 1638
692 129 1342
693 199 1362
694 270 907
695 894 405
696 1207 1056
697 879 816
698 1095 972
699 498 361
700 1160 465
701 945 130
702 1640 1653
703 423 97
704 439 855
705 162 1538
706 759 632
707 1480 1208
708 218 1510
709 323 1115
710 1087 356
711 757 335
712 1294 1461
713 401 799
714 356 1313
715 1370 658
716 318 1238
717 1039 350
718 1360 634
719 1194 1323
720 689 916
721 1370 62
722 960 377
723 1576 720
724 745 654
725 1022 908
726 940 1286
727 1065 1457
728 1564 715
729 363 1454
730 79 982
731 1508 1439
732 1118 359
733 1165 1420
734 824 203
735 133 31
736 421 803
737 72 575
738 1283 1396
739 1251 528
740 1537 1628
741 348 476
742 1165 400
743 654 10
744 1281 1610
745 937 438
746 1000 536
747 563 964
748 917 304
749 824 901
750 92 890
751 1433 1196
752 867 1634
753 451 950
754 72 135
755 1072 1566
756 324 1579
757 700 1422
758 64 1270
759 499 1257
760 1596 264
761 1086 605
762 518 576
763 807 1573
764 1494 1335
765 1203 1729
766 1440 77
767 622 1621
768 559 437
769 234 1235
770 1387 1178
771 70 277
772 96 566
773 910 1318
774 869 337
775 217 1024
776 953 959
777 12 951
778 1567 615
779 1705 1115
780 1141 417
781 351 90
782 1092 747
783 617 922
784 90 1569
785 402 161
786 701 711
787 1343 1468
788 480 727
789 1137 1179
790 1546 915
791 296 1449
792 1613 1302
793 479 1687
794 728 514
795 578 1036
796 515 750
797 57 563
798 1470 24
799 1048 1224
800 1458 836
801 1694 863
802 1736 1003
803 1200 687
804 932 896
805 815 396
806 527 1416
807 952 965
808 1509 66
809 1021 914
810 1565 1272
811 1653 38
812 1374 1574
813 597 1635
814 516 148
815 1633 283
816 1421 761
817 926 213
818 1683 1482
819 805 581
820 1226 1378
821 886 839
822 1174 125
823 1224 815
824 1295 813
825 412 1448
826 145 1706
827 1585 1693
828 540 1060
829 74 777
830 798 696
831 1029 600
832 1641 1660
833 883 936
834 1395 960
835 268 89
836 1750 749
837 1561 525
838 1583 1714
839 1322 1555
840 319 1573
841 1469 16
842 176 324
843 1400 1578
844 1185 1689
845 1598 832
846 1190 149
847 1003 482
848 1076 63
849 912 276
850 742 1318
851 1048 1445
852 1460 1107
853 99 429
854 316 706
855 1367 518
856 1435 398
857 549 289
858 104 450
859 281 1583
860 277 106
861 1518 126
862 425 843
863 511 571
864 266 489
865 596 1334
866 1510 323
867 54 464
868 890 1731
869 992 1173
870 1652 729
871 118 865
872 637 1271
873 767 1599
874 1374 510
875 34 1161
876 956 760
877 528 127
878 539 1480
879 1133 818
880 369 478
881 62 1423
882 1484 865
883 1275 1503
884 410 174
885 44 608
886 797 813
887 1494 1570
888 1712 1504
889 1493 1475
890 825 853
891 1410 1307
892 337 824
893 523 500
894 715 1117
895 1340 183
896 1108 788
897 1727 517
898 1147 450
899 650 446
900 1005 225
901 298 210
902 427 825
903 1534 133
904 316 837
905 406 104
906 51 915
907 781 1366
908 1222 1471
909 1228 1336
910 120 1698
911 296 1225
912 767 144
913 766 1554
914 1147 439
915 1021 758
916 957 924
917 874 920
918 966 501
919 955 367
920 1169 1267
921 193 638
922 1591 480
923 158 170
924 694 574
925 1337 137
926 1402 269
927 1232 1527
928 787 1099
929 859 115
930 185 1098
931 854 1231
932 434 549
933 1611 1087
934 772 714
935 862 1413
936 858 43
937 1545 139
938 969 1259
939 980 635
940 918 798
941 1352 388
942 375 264
943 111 1485
944 869 1333
945 495 1743
946 1589 991
947 756 1420
948 1364 116
949 1624 757
950 897 942
951 1002 940
952 751 1135
953 1715 562
954 871 241
955 306 1005
956 1174 543
957 572 928
958 620 700
959 1248 1594
960 1329 120
961 153 1125
962 707 124
963 277 186
964 1347 1141
965 1354 405
966 631 1011
967 1029 695
968 599 1049
969 1693 128
970 1253 1110
971 1623 1548
972 1060 1427
973 1243 847
974 1113 1734
975 1386 569
976 87 1398
977 852 1642
978 531 1568
979 802 475
980 1011 1362
981 214 931
982 209 1406
983 504 952
984 469 476
985 1260 1648
986 1 898
987 1021 1366
988 2 322
989 728 627
990 1599 1160
991 370 1510
992 142 1163
993 1137 1372
994 841 302
995 430 1524
996 334 285
997 1657 1132
998 1601 1213
999 344 1297
1000 1043 128
1001 1222 1663
1002 1199 1456
1003 51 317
1004 1548 1603
1005 1572 1179
1006 1506 1588
1007 9 1276
1008 1307 860
1009 575 1053
1010 1579 1371
1011 845 133
1012 394 154
1013 1412 1317
1014 1207 352
1015 1676 147
1016 784 739
1017 1178 643
1018 165 344
1019 352 105
1020 807 615
1021 1436 340
1022 725 1034
1023 929 18
1024 998 690
1025 241 1370
1026 921 1722
1027 441 379
1028 833 1183
1029 1481 1620
1030 1143 1149
1031 1251 1443
1032 40 225
1033 178 450
1034 165 902
1035 755 482
1036 203 1474
1037 1413 663
1038 1364 883
1039 1735 1004
1040 442 89
1041 1268 416
1042 224 1678
1043 1203 1667
1044 644 105
1045 121 190
1046 1277 549
1047 672 1440
1048 742 1291
1049 653 179
1050 1431 126
1051 1447 991
1052 1509 1014
1053 1694 841
1054 747 1607
1055 637 1743
1056 1003 265
1057 1530 214
1058 344 160
1059 73 1448
1060 399 371
1061 901 1338
1062 371 1583
1063 1274 470
1064 364 1112
1065 202 1583
1066 1162 131
1067 1075 7
1068 1387 73
1069 1438 1746
1070 1128 1312
1071 1487 1589
1072 859 1358
1073 1188 498
1074 552 1209
1075 1082 1732
1076 24 688
1077 626 746
1078 189 1419
1079 1458 1377
1080 502 866
1081 1251 808
1082 520 1636
1083 606 161
1084 6 474
1085 1134 1482
1086 764 995
1087 558 177
1088 1216 815
1089 646 166
1090 889 470
1091 203 345
1092 237 266
1093 1413 869
1094 1211 595
1095 1108 583
1096 830 1449
1097 1516 1733
1098 351 1247
1099 735 201
1100 1172 1047
1101 722 510
1102 607 1217
1103 1037 1216
1104 220 1536
1105 1152 1256
1106 1555 1243
1107 800 637
1108 628 1533
1109 847 1262
1110 98 1269
1111 671 820
1112 376 1547
1113 706 395
1114 1481 1172
1115 495 1383
1116 738 336
1117 987 21
1118 1292 966
1119 942 428
1120 1277 1671
1121 1173 804
1122 506 662
1123 593 804
1124 133 1688
1125 75 1431
1126 10 1182
1127 811 1118
1128 710 527
1129 1299 260
1130 1706 1739
1131 94 776
1132 1690 892
1133 1686 1635
1134 724 542
1135 255 1416
1136 143 358
1137 684 1224
1138 1589 980
1139 528 286
1140 1506 1632
1141 785 1611
1142 290 1
1143 526 1566
1144 524 799
1145 586 455
1146 1517 127
1147 129 1277
1148 331 37
1149 402 97
1150 949 422
1151 1581 756
1152 192 259
1153 987 1373
1154 1457 341
1155 1639 1154
1156 812 56
1157 134 894
1158 747 458
1159 293 299
1160 1357 505
1161 558 837
1162 1389 1655
1163 1107 1293
1164 759 542
1165 1172 418
1166 1287 1130
1167 1700 373
1168 827 251
1169 121 56
1170 1392 737
1171 1369 989
1172 1253 1097
1173 108 855
1174 1171 1173
1175 677 1280
1176 777 1490
1177 72 906
1178 1480 529
1179 1691 594
1180 1477 435
1181 609 1216
1182 734 346
1183 977 1020
1184 1102 679
1185 168 4
1186 425 533
1187 568 664
1188 1577 170
1189 1182 959
1190 1518 1118
1191 882 963
1192 1738 1155
1193 935 1073
1194 661 1503
1195 150 1462
1196 513 1744
1197 334 574
1198 988 1656
1199 1741 1674
1200 1353 1430
1201 1217 91
1202 286 194
1203 1743 1633
1204 1632 672
1205 872 136
1206 1243 1189
1207 323 187
1208 26 604
1209 1516 246
1210 20 273
1211 213 239
1212 17 968
1213 1241 983
1214 1495 425
1215 673 443
1216 780 840
1217 880 406
1218 939 844
1219 792 1162
1220 616 468
1221 431 1726
1222 267 1061
1223 252 64
1224 9 173
1225 1688 176
1226 147 851
1227 447 845
1228 1485 1144
1229 479 899
1230 1385 944
1231 1668 965
1232 169 285
1233 1292 1463
1234 278 1419
1235 1487 776
1236 1541 947
1237 692 748
1238 426 103
1239 866 236
1240 1601 706
1241 118 1108
1242 1008 1386
1243 112 480
1244 213 744
1245 27 171
1246 251 373
1247 919 937
1248 134 1340
1249 1150 709
1250 1431 1515
1251 1289 1614
1252 251 501
1253 975 916
1254 341 749
1255 215 441
1256 870 46
1257 960 702
1258 1107 1167
1259 607 1385
1260 862 9
1261 832 342
1262 1653 1474
1263 869 84
1264 1125 837
1265 1619 1745
1266 1474 1076
1267 287 1593
1268 690 1704
1269 1623 1602
1270 1510 839
1271 1024 692
1272 412 46
1273 945 1025
1274 860 798
1275 1186 169
1276 139 1434
1277 885 1634
1278 1349 361
1279 1028 459
1280 1671 90
1281 426 1123
1282 1449 1669
1283 705 653
1284 420 1420
1285 22 378
1286 951 796
1287 1160 315
1288 1692 1487
1289 1026 109
1290 186 1057
1291 1317 1679
1292 140 1502
1293 1431 1197
1294 1599 1285
1295 1117 1678
1296 1402 438
1297 303 588
1298 1596 1229
1299 213 587
1300 514 516
1301 315 973
1302 612 434
1303 1414 180
1304 754 708
1305 946 397
1306 431 1019
1307 1335 1325
1308 254 1663
1309 277 1378
1310 57 888
1311 462 1402
1312 1530 1187
1313 237 1046
1314 390 1064
1315 68 1226
1316 428 62
1317 668 64
1318 193 1183
1319 1701 1256
1320 477 1251
1321 992 1740
1322 392 1204
1323 221 1134
1324 7 1638
1325 716 182
1326 1665 1106
1327 1317 584
1328 1348 878
1329 544 332
1330 751 1080
1331 952 1718
1332 1204 1146
1333 1538 1271
1334 38 60
1335 1057 500
1336 72 1426
1337 723 1705
1338 1386 1212
1339 841 1353
1340 685 869
1341 853 812
1342 1509 1338
1343 1071 1240
1344 1735 309
1345 29 689
1346 819 574
1347 1222 216
1348 1480 595
1349 908 1342
1350 779 1255
1351 961 1486
1352 329 1013
1353 420 34
1354 121 998
1355 1507 96
1356 1478 1048
1357 1262 860
1358 1660 1511
1359 1491 716
1360 1164 1260
1361 1234 1593
1362 160 1426
1363 109 1490
1364 694 1470
1365 979 773
1366 193 1523
1367 1534 1547
1368 1392 298
1369 1691 883
1370 1561 386
1371 136 1003
1372 140 874
1373 344 887
1374 1152 1729
1375 1051 617
1376 176 768
1377 64 1681
1378 382 440
1379 1214 86
1380 1130 821
1381 1300 183
1382 1288 510
1383 1535 344
1384 1484 550
1385 167 1352
1386 1114 1605
1387 1552 509
1388 1739 31
1389 240 1394
1390 756 694
1391 545 1376
1392 1679 355
1393 1110 980
1394 1197 1467
1395 84 845
1396 444 1448
1397 389 138
1398 1327 1710
1399 115 351
1400 410 42
1401 468 1681
1402 1658 721
1403 1254 877
1404 1462 1421
1405 613 1261
1406 1405 963
1407 980 507
1408 145 779
1409 272 732
1410 377 1535
1411 136 437
1412 585 140
1413 323 1150
1414 1717 44
1415 1581 1301
1416 42 1535
1417 757 1096
1418 1284 1148
1419 1346 183
1420 57 968
1421 706 1365
1422 513 1462
1423 734 265
1424 861 283
1425 509 858
1426 1585 252
1427 715 1056
1428 621 707
1429 1187 660
1430 347 1462
1431 132 790
1432 153 25
1433 220 1480
1434 1264 1227
1435 342 280
1436 1125 1313
1437 1444 1440
1438 732 23
1439 1592 769
1440 15 635
1441 733 1223
1442 987 599
1443 769 1498
1444 416 641
1445 588 999
1446 1608 1588
1447 1159 677
1448 527 244
1449 335 1646
1450 1103 1096
1451 946 99
1452 1581 1621
1453 1100 203
1454 890 1044
1455 963 666
1456 1290 299
1457 1667 67
1458 1429 1444
1459 1207 1314
1460 452 1742
1461 1140 1731
1462 1306 1647
1463 123 1645
1464 1566 1695
1465 1066 1315
1466 293 1067
1467 218 1080
1468 223 1256
1469 1202 778
1470 767 828
1471 448 1412
1472 541 782
1473 1075 1130
1474 973 1524
1475 8 1119
1476 1525 1241
1477 1537 312
1478 960 504
1479 1446 194
1480 1272 583
1481 1174 941
1482 1503 1017
1483 859 780
1484 1113 390
1485 15 1472
1486 910 14
1487 1254 279
1488 1416 1557
1489 458 1277
1490 683 895
1491 611 1624
1492 1067 1161
1493 1189 1145
1494 1591 1357
1495 1671 97
1496 193 921
1497 921 1584
1498 1351 1000
1499 1012 530
1500 481 358
1501 1115 532
1502 761 378
1503 30 62
1504 399 68
1505 111 817
1506 35 1533
1507 329 799
1508 20 1492
1509 532 310
1510 1367 274
1511 751 941
1512 763 1365
1513 631 1537
1514 1208 150
1515 1444 1456
1516 1571 1556
1517 836 138
1518 1014 548
1519 513 638
1520 321 777
1521 1351 7
1522 239 519
1523 1631 1176
1524 730 1460
1525 63 1313
1526 1455 979
1527 777 1622
1528 481 899
1529 386 1269
1530 1640 1456
1531 293 15
1532 1242 1558
1533 817 841
1534 1561 290
1535 1401 1194
1536 828 1654
1537 1271 12
1538 1703 1017
1539 378 1100
1540 1571 795
1541 34 1574
1542 1257 1512
1543 732 1620
1544 1139 1727
1545 501 411
1546 1628 1562
1547 1640 1688
1548 472 499
1549 1673 730
1550 528 989
1551 513 712
1552 1701 865
1553 219 1462
1554 1319 1115
1555 1087 1244
1556 1054 998
1557 452 992
1558 337 568
1559 291 1171
1560 686 517
1561 393 287
1562 440 963
1563 1208 1555
1564 249 463
1565 574 1212
1566 1453 1367
1567 41 201
1568 502 100
1569 834 343
1570 910 1484
1571 1667 1290
1572 1501 755
1573 1385 860
1574 1261 696
1575 485 1571
1576 1367 963
1577 675 903
1578 525 508
1579 840 1186
1580 1215 1020
1581 1448 445
1582 858 798
1583 1123 766
1584 658 1555
1585 1530 1160
1586 1012 1399
1587 1684 1019
1588 302 520
1589 1391 1628
1590 1507 1296
1591 983 718
1592 6 741
1593 276 155
1594 991 916
1595 539 18
1596 826 493
1597 498 997
1598 17 1243
1599 32 1557
1600 179 141
1601 1747 1540
1602 1667 1272
1603 1575 968
1604 1497 1254
1605 1315 1464
1606 1556 674
1607 400 284
1608 1049 748
1609 412 1437
1610 756 541
1611 1483 1262
1612 1620 730
1613 200 615
1614 848 1031
1615 919 250
1616 889 505
1617 1158 807
1618 57 903
1619 723 505
1620 872 134
1621 14 230
1622 1084 202
1623 1722 465
1624 502 151
1625 3 1271
1626 1610 324
1627 471 925
1628 717 757
1629 71 1454
1630 4 900
1631 838 1620
1632 1731 800
1633 770 464
1634 656 1408
1635 1613 1329
1636 863 1362
1637 1650 143
1638 1504 1425
1639 56 1559
1640 1207 1338
1641 84 1373
1642 867 1378
1643 1211 842
1644 319 411
1645 1136 1152
1646 637 1150
1647 253 216
1648 1477 950
1649 1340 690
1650 310 1059
1651 908 163
1652 242 586
1653 607 957
1654 891 206
1655 1223 638
1656 585 983
1657 1141 385
1658 1731 885
1659 1284 411
1660 228 1477
1661 1460 972
1662 814 990
1663 19 1669
1664 966 1560
1665 369 343
1666 925 1497
1667 910 1007
1668 324 1747
1669 866 496
1670 319 1331
1671 628 120
1672 176 427
1673 1487 399
1674 216 1143
1675 714 1538
1676 1346 1479
1677 1580 1639
1678 818 462
1679 416 115
1680 386 1028
1681 663 459
1682 762 1699
1683 810 1745
1684 1293 235
1685 1091 335
1686 546 1366
1687 104 167
1688 565 68
1689 157 1396
1690 941 341
1691 878 978
1692 1390 1459
1693 1127 807
1694 913 1532
1695 59 292
1696 240 966
1697 804 1539
1698 121 1297
1699 976 234
1700 1415 212
1701 309 1207
1702 78 1337
1703 909 554
1704 1208 1290
1705 226 591
1706 1332 519
1707 349 1010
1708 138 430
1709 454 1023
1710 565 1446
1711 795 212
1712 1164 475
1713 1363 707
1714 250 757
1715 1381 1428
1716 538 1576
1717 983 292
1718 1087 86
1719 886 66
1720 604 908
1721 849 571
1722 1691 1355
1723 803 512
1724 1490 1408
1725 455 314
1726 1453 159
1727 1055 1483
1728 612 1695
1729 256 1549
1730 327 1683
1731 941 841
1732 574 1710
1733 688 1412
1734 1262 1092
1735 323 1084
1736 889 1316
1737 1113 1156
1738 1340 1128
1739 1109 1353
1740 1692 913
1741 815 1600
1742 1437 1176
1743 930 1225
1744 812 1716
1745 582 1565
1746 1264 780
1747 1675 1749
1748 1339 735
1749 1703 854
1750 1168 1670
