3930 3930
1 1691 3018
2 2248 430
3 3535 573
4 1314 461
5 2911 231
6 1710 1851
7 621 332
8 3115 2750
9 809 912
10 1237 1460
11 1751 3480
12 710 538
13 1850 1559
14 195 2735
15 1823 1361
16 1520 3645
17 2824 3114
18 2668 652
19 1146 2069
20 2944 696
21 3000 1570
22 1960 274
23 715 2465
24 2771 569
25 2281 1934
26 3459 2070
27 408 475
28 2948 3598
29 616 1202
30 1674 2516
31 1073 2916
32 1833 1347
33 309 1375
34 819 728
35 3060 1379
36 1117 3272
37 3225 3288
38 2650 660
39 3431 1362
40 3505 1295
41 1575 198
42 2422 2409
43 3904 2360
44 2918 2220
45 1640 3541
46 682 2037
47 1923 3803
48 2271 1712
49 554 1329
50 2170 1579
51 1530 3805
52 1291 2555
53 2443 2611
54 1813 1391
55 836 173
56 2836 2181
57 2124 184
58 3440 2528
59 579 1276
60 1055 746
61 1472 889
62 966 2074
63 1049 3810
64 1199 735
65 2688 1826
66 2751 2437
67 627 65
68 149 1017
69 2806 1328
70 1103 3036
71 3404 1856
72 1305 614
73 193 2917
74 3719 2060
75 1050 2293
76 3410 3659
77 6 476
78 2146 329
79 1741 2586
80 3929 1185
81 109 3515
82 3491 683
83 3125 442
84 1267 2602
85 572 375
86 598 3037
87 1984 2752
88 2410 3421
89 597 813
90 108 169
91 296 3807
92 622 3898
93 1762 2198
94 827 624
95 3387 3575
96 3017 3428
97 2519 3643
98 3797 1194
99 87 637
100 776 3639
101 3261 2538
102 2729 1074
103 1900 341
104 3533 3177
105 3639 2533
106 1049 2135
107 1187 203
108 790 3785
109 1432 2600
110 1280 1050
111 199 2273
112 1890 1435
113 3373 2638
114 2717 3120
115 2255 1524
116 2972 1926
117 1984 670
118 434 2893
119 3247 1203
120 1035 3166
121 2403 2875
122 2835 3581
123 2688 119
124 1859 579
125 2318 30
126 884 1885
127 3411 573
128 411 2544
129 3347 126
130 1704 3813
131 3405 3839
132 774 3370
133 2987 2595
134 792 3305
135 3543 3869
136 3480 2934
137 2506 1089
138 1511 1041
139 3793 2920
140 859 919
141 1825 2546
142 1974 2992
143 759 283
144 1400 1170
145 3758 1517
146 3182 1538
147 1217 2921
148 3183 2280
149 1421 888
150 117 3238
151 391 1581
152 141 3553
153 1069 3486
154 676 1039
155 976 2578
156 3039 1177
157 3309 3015
158 2704 2434
159 985 3019
160 233 3710
161 1464 3612
162 2740 3276
163 1367 1888
164 3838 3623
165 988 497
166 2281 3151
167 3157 3108
168 303 3684
169 3768 3838
170 1025 499
171 1147 2165
172 2220 576
173 356 1415
174 3525 3064
175 1070 3780
176 1781 2365
177 3150 2358
178 974 3750
179 317 2388
180 670 821
181 879 1634
182 1713 429
183 2968 1418
184 545 856
185 2576 373
186 1674 3732
187 3492 634
188 1769 1079
189 2964 2125
190 1983 3386
191 622 2687
192 3468 2645
193 3072 867
194 723 1140
195 2471 3386
196 2485 558
197 920 2438
198 1732 1230
199 2766 2455
200 410 704
201 1949 3634
202 1434 2844
203 585 2111
204 211 2350
205 3447 2247
206 634 2712
207 3265 2325
208 421 1124
209 2768 2723
210 702 2403
211 471 2326
212 2728 1904
213 1687 245
214 1418 3329
215 2869 1566
216 1128 1144
217 3105 1112
218 1469 3864
219 2185 1396
220 2907 1537
221 123 733
222 343 1264
223 857 3863
224 2575 2374
225 534 300
226 3196 902
227 1433 551
228 1737 1465
229 1789 3432
230 3533 1481
231 2399 3093
232 2960 394
233 94 3129
234 1312 613
235 3576 3666
236 2570 3897
237 3738 2268
238 3059 2722
239 3664 478
240 573 3353
241 3222 3492
242 3710 51
243 712 3145
244 2868 2685
245 3183 1255
246 2622 434
247 1784 2159
248 2652 689
249 777 3485
250 2847 2164
251 127 3501
252 2733 1815
253 876 1600
254 1287 1166
255 2272 979
256 2468 2545
257 2653 1794
258 1374 189
259 220 1986
260 644 2559
261 661 3142
262 893 591
263 2804 2886
264 3843 1962
265 586 3038
266 3777 2725
267 3009 543
268 3361 3537
269 2393 589
270 1626 3268
271 3127 2193
272 3553 2555
273 3131 3551
274 1545 3788
275 1955 3263
276 3126 3590
277 166 3330
278 1523 555
279 739 2722
280 2671 2960
281 2234 624
282 1449 1296
283 3714 939
284 848 3166
285 1462 2894
286 3834 2218
287 2130 3521
288 2139 926
289 1792 3241
290 2800 3771
291 1407 1236
292 300 1941
293 1802 3167
294 3457 1170
295 2684 2964
296 3547 1347
297 3868 3410
298 2147 389
299 352 181
300 1135 1529
301 2515 3569
302 835 1202
303 3179 1569
304 826 3307
305 3049 2454
306 754 3051
307 3232 1817
308 944 3104
309 3763 543
310 2786 101
311 97 3442
312 3330 243
313 394 769
314 1388 3318
315 1574 2810
316 1391 977
317 109 792
318 1024 331
319 958 3321
320 2573 2424
321 2822 1923
322 1289 2744
323 374 2973
324 1079 2358
325 3607 3116
326 1831 1235
327 2786 3848
328 3222 358
329 3134 975
330 3520 2523
331 339 2824
332 417 2724
333 2665 1184
334 1975 1904
335 749 1231
336 239 1713
337 1650 3018
338 743 3605
339 1529 2481
340 1015 1651
341 3514 2021
342 6 1350
343 3539 3789
344 2127 2594
345 3174 1038
346 3508 3035
347 99 557
348 32 376
349 3520 2648
350 1011 1216
351 2604 3334
352 159 3477
353 766 991
354 1786 604
355 1026 2018
356 2749 3238
357 1152 3313
358 1678 2066
359 1812 2736
360 2024 191
361 1430 2370
362 1216 2939
363 455 192
364 3741 3450
365 2015 1068
366 1685 953
367 17 3137
368 3772 1077
369 2092 2193
370 1528 2746
371 1083 1737
372 779 1648
373 85 508
374 3105 3260
375 965 1350
376 2537 3629
377 2162 1758
378 1461 1176
379 1037 3225
380 965 2009
381 2062 710
382 2095 2057
383 2338 594
384 3741 2462
385 439 328
386 3362 184
387 2672 439
388 3083 3399
389 693 2040
390 1516 3009
391 510 151
392 3707 1328
393 1138 1721
394 2280 1422
395 2831 444
396 3790 3356
397 3058 3714
398 2581 2399
399 1843 2053
400 3553 2709
401 1717 2798
402 1188 3638
403 2863 659
404 2274 862
405 2666 1202
406 421 2906
407 2589 851
408 729 1556
409 1401 2701
410 1350 405
411 1593 928
412 2409 1871
413 3764 3608
414 636 2034
415 78 1988
416 521 2348
417 793 3084
418 1773 3705
419 2684 2246
420 519 3597
421 1237 3552
422 1751 2743
423 2841 3752
424 3552 3638
425 2703 3010
426 1358 2244
427 2349 502
428 495 43
429 2362 3636
430 1304 3150
431 3822 1266
432 1509 775
433 2411 453
434 1065 976
435 1917 3585
436 2942 3037
437 134 3434
438 3205 572
439 3516 1154
440 1505 1837
441 2940 2868
442 756 1452
443 2239 1438
444 2025 553
445 1599 2312
446 194 2262
447 283 3275
448 3274 2839
449 2768 3885
450 2624 881
451 372 320
452 691 1323
453 1179 925
454 3504 559
455 2965 2270
456 2655 2398
457 3248 1692
458 293 3864
459 2415 1940
460 2258 1019
461 3695 1328
462 3071 1999
463 280 3401
464 282 517
465 2791 3236
466 1841 3127
467 3145 1075
468 2215 737
469 350 611
470 2395 3796
471 895 454
472 1035 1353
473 305 2030
474 3125 1779
475 127 2730
476 2015 1909
477 992 2852
478 2333 1919
479 1542 2153
480 529 2975
481 59 3280
482 395 467
483 3571 2600
484 2038 3864
485 853 3620
486 648 1721
487 3571 766
488 2830 1406
489 3217 420
490 261 2747
491 1842 1736
492 1151 2612
493 1025 494
494 1920 3713
495 3206 1228
496 3128 3908
497 811 1510
498 930 855
499 1596 1452
500 2795 2911
501 1379 3799
502 1384 1074
503 1620 2870
504 2794 306
505 2132 515
506 3437 3386
507 988 3387
508 2589 2655
509 2776 2731
510 1480 2122
511 1781 914
512 3732 1132
513 137 1152
514 1966 2692
515 3729 1966
516 2333 850
517 1257 781
518 2164 1591
519 1420 3689
520 1298 3800
521 3664 1235
522 1778 1227
523 159 1460
524 372 1815
525 2046 2898
526 413 552
527 393 2631
528 3503 522
529 1676 3352
530 338 1254
531 3443 1807
532 1459 2122
533 1893 1202
534 2899 3870
535 1514 1339
536 1677 836
537 3276 697
538 1209 3737
539 699 2711
540 3348 60
541 1859 1391
542 1800 720
543 2193 2514
544 1414 281
545 626 651
546 1818 3192
547 822 2428
548 2670 2225
549 2726 542
550 1924 176
551 3129 2982
552 3748 2863
553 1104 202
554 3420 3630
555 1382 3296
556 2402 2814
557 3330 1784
558 502 1215
559 1227 3037
560 729 2795
561 2010 1781
562 83 293
563 3788 1274
564 2235 786
565 1286 2613
566 3800 2010
567 2265 2581
568 2432 3146
569 1856 2905
570 607 2231
571 1006 1888
572 1899 1301
573 403 2922
574 321 1485
575 702 1386
576 3745 1453
577 3740 333
578 2954 3525
579 2020 2126
580 2097 222
581 3655 3893
582 3652 2025
583 1533 491
584 868 3059
585 520 3296
586 441 1829
587 2385 955
588 1304 1
589 3438 245
590 3422 562
591 2636 3743
592 54 302
593 1761 2217
594 3500 2462
595 3547 2203
596 1902 1929
597 3489 111
598 1557 373
599 971 2190
600 1283 1515
601 586 1651
602 3752 260
603 444 221
604 1772 2372
605 3833 2837
606 3865 3541
607 3760 485
608 531 1033
609 1900 2075
610 3730 3257
611 3365 1136
612 381 854
613 1722 1916
614 2548 3214
615 3247 3880
616 1005 2931
617 1028 1376
618 607 1476
619 3309 603
620 2214 2822
621 2870 1986
622 1936 707
623 3545 2778
624 3403 2876
625 211 1610
626 1417 3732
627 425 2401
628 3159 108
629 1308 2160
630 891 1901
631 3251 1628
632 1651 75
633 1516 2523
634 3019 3756
635 2085 1551
636 575 1263
637 1192 1295
638 2875 199
639 1433 776
640 1943 2653
641 1249 3104
642 3220 1291
643 1567 2804
644 553 1611
645 581 807
646 2337 3035
647 1106 1878
648 2651 1684
649 3737 3018
650 3103 977
651 1026 3759
652 1745 3009
653 1462 2239
654 1209 3152
655 881 163
656 1630 1365
657 2508 2778
658 1101 3334
659 595 2942
660 1510 3605
661 2606 895
662 599 1013
663 2272 420
664 1087 3569
665 2157 2637
666 528 994
667 481 2524
668 511 1829
669 3108 340
670 2898 3700
671 1443 9
672 442 2753
673 2067 38
674 3765 2450
675 3131 675
676 2325 594
677 567 837
678 2148 1495
679 3052 3476
680 2364 1790
681 3777 1685
682 2575 2056
683 882 867
684 1156 2150
685 3645 2108
686 1863 2093
687 1428 3119
688 1920 3001
689 76 1344
690 3895 2496
691 1761 2909
692 2257 1720
693 187 848
694 143 1923
695 2378 1355
696 409 1736
697 1901 3647
698 445 1889
699 1362 3052
700 515 3387
701 3883 1461
702 908 768
703 444 1752
704 2214 3638
705 3912 621
706 454 3034
707 2163 3351
708 3526 1877
709 1349 2996
710 1775 541
711 593 4
712 1294 3783
713 3586 3349
714 3467 3115
715 1079 1361
716 989 2494
717 2722 2030
718 3860 2964
719 2114 3751
720 1658 2563
721 720 1453
722 1291 1778
723 2237 773
724 3507 135
725 642 687
726 2251 1708
727 3269 1301
728 1045 646
729 2190 2671
730 2289 1247
731 3206 3712
732 1461 603
733 1082 2770
734 2454 1043
735 2229 1100
736 1049 418
737 533 144
738 3487 1282
739 3842 1722
740 3866 2288
741 659 971
742 348 2781
743 344 454
744 1253 948
745 3554 1474
746 426 622
747 427 3493
748 3778 2971
749 521 505
750 1237 1290
751 536 1419
752 168 3352
753 1066 2657
754 3821 2355
755 2330 3476
756 99 3866
757 3306 3617
758 2456 651
759 103 3049
760 2540 1775
761 1144 2692
762 1037 3726
763 1229 1813
764 3613 3257
765 2070 499
766 578 1712
767 794 1673
768 532 658
769 2003 2420
770 1423 79
771 944 3117
772 2449 591
773 2098 3611
774 264 3577
775 397 2743
776 3339 3006
777 3459 705
778 497 2168
779 2334 973
780 3533 574
781 809 3230
782 3142 3777
783 207 2676
784 1368 1474
785 3717 3845
786 376 3512
787 1681 302
788 1929 221
789 1650 445
790 882 1031
791 1764 3519
792 3719 3387
793 147 826
794 137 203
795 1824 533
796 2588 812
797 481 1949
798 830 1952
799 2590 2498
800 984 2069
801 2016 2739
802 530 2921
803 1305 2355
804 1643 196
805 3396 2000
806 652 335
807 3439 2744
808 1505 1913
809 2419 3693
810 3584 1617
811 407 2571
812 187 3473
813 1483 3446
814 2286 747
815 1324 348
816 1980 2833
817 39 638
818 1486 3821
819 596 2124
820 2509 803
821 271 961
822 3525 533
823 2084 2847
824 142 1701
825 3907 1332
826 1099 593
827 1479 2440
828 3907 1719
829 3681 2023
830 183 277
831 283 3210
832 785 425
833 1512 3587
834 2486 3452
835 1633 178
836 548 1197
837 2951 2332
838 2634 203
839 975 3577
840 831 2133
841 2815 3292
842 1014 2632
843 3257 3272
844 813 748
845 2379 2919
846 3885 2837
847 818 935
848 3321 2208
849 1770 1112
850 2575 3842
851 1319 880
852 2602 779
853 498 1177
854 2651 1434
855 3416 557
856 2479 1512
857 2019 2653
858 2168 3632
859 2658 2853
860 584 698
861 2703 1490
862 2858 2397
863 1653 1561
864 1531 2626
865 718 2911
866 442 1292
867 572 1923
868 206 419
869 2370 2277
870 83 3191
871 949 3772
872 475 3537
873 2435 3482
874 3152 2952
875 1888 2710
876 2741 571
877 67 2751
878 3307 2970
879 2868 2522
880 784 2900
881 2934 889
882 2385 2148
883 2883 2186
884 2250 2563
885 1669 1750
886 1650 1418
887 2192 3367
888 1033 366
889 1791 3843
890 923 861
891 3178 1683
892 2017 943
893 981 3112
894 1951 1569
895 3298 3773
896 276 516
897 573 3196
898 2607 548
899 1364 3072
900 2320 610
901 1378 170
902 651 3383
903 2727 1192
904 260 72
905 2387 2322
906 50 1035
907 2310 2404
908 3912 2534
909 3571 779
910 1786 3922
911 475 2474
912 2217 1015
913 873 2787
914 1594 626
915 2273 584
916 889 1323
917 2513 1293
918 3252 162
919 2094 1615
920 3816 1732
921 2008 3292
922 2140 1530
923 1572 834
924 2549 3707
925 12 3729
926 1630 899
927 3806 2286
928 2596 996
929 2631 3662
930 3459 839
931 1380 1103
932 124 3800
933 2909 1540
934 868 2064
935 3792 951
936 1999 2070
937 3062 2463
938 2020 1207
939 732 1986
940 1601 365
941 1602 3362
942 1272 3876
943 3021 2751
944 413 3786
945 75 2429
946 1548 3106
947 3725 3014
948 1219 802
949 2367 3064
950 2988 1881
951 3485 692
952 1186 1880
953 2117 55
954 2071 1111
955 2188 1546
956 2443 3049
957 627 845
958 250 1505
959 3707 721
960 289 2441
961 2574 2865
962 3348 3669
963 3860 3289
964 526 2276
965 103 2065
966 1802 1177
967 2180 3516
968 1584 2205
969 1637 2017
970 1770 545
971 560 2976
972 2936 1517
973 3183 3078
974 399 348
975 906 3375
976 617 3333
977 485 1358
978 324 960
979 350 2692
980 16 2698
981 2561 473
982 985 2321
983 2186 1450
984 3759 350
985 3504 435
986 289 3597
987 3561 1740
988 2573 2823
989 2994 3091
990 1978 2565
991 1590 2033
992 205 3892
993 1957 2682
994 684 3401
995 919 575
996 691 1997
997 2481 744
998 3909 2006
999 1907 3484
1000 2104 2950
1001 2432 3637
1002 3081 2100
1003 1935 2352
1004 1263 1044
1005 2282 1029
1006 1064 3312
1007 3513 1049
1008 2153 1686
1009 1385 400
1010 3196 1949
1011 2914 1355
1012 3912 2896
1013 3761 1983
1014 3235 1768
1015 1161 1421
1016 561 1220
1017 1687 2158
1018 905 1857
1019 3505 53
1020 547 1019
1021 85 2766
1022 1238 3865
1023 1913 654
1024 729 1121
1025 1719 1668
1026 3673 1538
1027 3656 2835
1028 994 3109
1029 1854 3770
1030 3055 1292
1031 1065 47
1032 2106 3510
1033 2625 2777
1034 2536 1674
1035 1730 3012
1036 2382 3799
1037 1338 310
1038 3227 3754
1039 1241 2326
1040 1079 1482
1041 66 3702
1042 1657 100
1043 3201 1352
1044 550 1819
1045 3368 2331
1046 678 2501
1047 162 2732
1048 3538 1424
1049 709 1012
1050 3437 3814
1051 556 3593
1052 3826 2820
1053 3859 3242
1054 3526 3311
1055 1993 3471
1056 850 3632
1057 2086 1645
1058 2867 302
1059 255 3617
1060 3803 3713
1061 3812 3555
1062 2299 2919
1063 3612 3523
1064 3349 3755
1065 2607 2091
1066 39 937
1067 1359 3210
1068 3624 2178
1069 3505 693
1070 2255 2456
1071 2144 32
1072 1978 766
1073 3669 352
1074 2308 517
1075 188 489
1076 490 555
1077 718 2119
1078 3291 928
1079 880 2914
1080 1717 3768
1081 1291 1309
1082 261 1007
1083 2992 3138
1084 3485 3559
1085 755 2024
1086 611 3292
1087 3630 3587
1088 226 666
1089 68 1223
1090 2543 2525
1091 3144 1061
1092 360 23
1093 1495 2363
1094 107 2301
1095 1110 3917
1096 454 235
1097 3485 3620
1098 1309 2277
1099 352 587
1100 272 1035
1101 761 1345
1102 3364 2196
1103 1880 3323
1104 906 3502
1105 2952 3632
1106 3227 1158
1107 104 3772
1108 3113 3458
1109 2401 15
1110 3286 603
1111 410 217
1112 1785 3859
1113 3545 1440
1114 2686 35
1115 1485 539
1116 398 3214
1117 129 1208
1118 3246 2987
1119 2814 1356
1120 1832 3053
1121 1150 2225
1122 3713 1241
1123 3109 447
1124 894 1931
1125 1769 1794
1126 3469 3323
1127 2776 1084
1128 436 2009
1129 3047 3431
1130 2318 2161
1131 2726 3911
1132 118 628
1133 138 3365
1134 3196 1155
1135 644 2370
1136 3775 3806
1137 2455 30
1138 500 1924
1139 1925 2422
1140 1984 3757
1141 1223 552
1142 1454 3140
1143 442 1308
1144 1956 571
1145 1661 458
1146 1759 349
1147 1713 3621
1148 33 1049
1149 157 2230
1150 3199 2236
1151 1401 3000
1152 2668 3912
1153 3615 604
1154 1521 611
1155 3391 1245
1156 3178 394
1157 426 2785
1158 1718 2726
1159 1444 748
1160 3119 422
1161 3676 3564
1162 3582 1594
1163 1424 309
1164 1103 603
1165 1524 3262
1166 1711 2109
1167 1953 3726
1168 57 1713
1169 3398 2824
1170 2668 3374
1171 37 2771
1172 413 3203
1173 3716 2397
1174 1850 1681
1175 729 1780
1176 2386 1302
1177 2284 738
1178 928 3289
1179 2209 1116
1180 3319 919
1181 3664 3257
1182 762 165
1183 581 2288
1184 1780 3610
1185 1211 3440
1186 3512 2802
1187 2689 3532
1188 3048 99
1189 404 3005
1190 515 464
1191 1129 1437
1192 2456 548
1193 556 2743
1194 2349 3629
1195 1844 1203
1196 502 3822
1197 163 3467
1198 3461 1912
1199 3399 2819
1200 918 3128
1201 3736 3708
1202 1939 149
1203 2605 3902
1204 3756 1556
1205 1414 894
1206 2608 3046
1207 303 1821
1208 1236 3599
1209 930 2606
1210 3031 1722
1211 789 850
1212 2605 2141
1213 2293 466
1214 2096 1873
1215 2212 1510
1216 2755 523
1217 1357 2757
1218 2173 1512
1219 1588 2792
1220 881 2465
1221 2700 3391
1222 3584 3741
1223 1196 1016
1224 2199 319
1225 1 1682
1226 459 136
1227 2134 2855
1228 2841 744
1229 3750 3143
1230 1822 2013
1231 1914 2274
1232 1090 226
1233 812 2897
1234 1597 2000
1235 2740 1630
1236 932 1896
1237 850 1297
1238 2526 2980
1239 2848 2229
1240 1317 3069
1241 315 3180
1242 3657 970
1243 1191 744
1244 93 2037
1245 2798 1212
1246 2234 2554
1247 3555 1022
1248 654 277
1249 401 3034
1250 2500 238
1251 1388 431
1252 2973 388
1253 3718 337
1254 2196 3378
1255 401 668
1256 1507 3482
1257 2455 1703
1258 1694 647
1259 2435 2297
1260 1466 3417
1261 3651 737
1262 1347 1921
1263 349 2721
1264 1224 238
1265 3042 1271
1266 2986 2238
1267 3348 2951
1268 1172 2655
1269 1416 1554
1270 2395 495
1271 865 3192
1272 789 3844
1273 3817 2841
1274 1713 3035
1275 2560 3365
1276 3907 2473
1277 3355 2999
1278 2132 2051
1279 3864 460
1280 391 2522
1281 559 1497
1282 2185 3139
1283 1401 3724
1284 568 1820
1285 526 3915
1286 73 2594
1287 766 3461
1288 1528 107
1289 2438 3522
1290 1363 3619
1291 2222 1045
1292 849 974
1293 2304 3271
1294 1996 3084
1295 3495 1582
1296 1308 547
1297 2513 2923
1298 2854 152
1299 143 3681
1300 1308 2984
1301 1787 329
1302 1012 3074
1303 1967 1579
1304 2464 205
1305 3632 2581
1306 1975 122
1307 3429 101
1308 3132 826
1309 2859 1339
1310 2028 2143
1311 401 1504
1312 3614 3697
1313 2110 25
1314 3569 1920
1315 1600 3614
1316 3893 985
1317 2647 1332
1318 277 2725
1319 1048 2719
1320 2750 3131
1321 342 656
1322 3246 1588
1323 2963 9
1324 2251 2860
1325 1538 1387
1326 1738 1083
1327 1084 3418
1328 3323 1850
1329 2436 2199
1330 1273 2170
1331 1290 2903
1332 1384 40
1333 2628 884
1334 1769 3195
1335 1257 179
1336 573 2815
1337 1866 1509
1338 695 2146
1339 1614 1380
1340 3235 2891
1341 813 2924
1342 277 16
1343 1555 1190
1344 792 2177
1345 2011 1101
1346 467 2072
1347 2623 2117
1348 2863 3234
1349 3218 1384
1350 1274 3061
1351 1939 237
1352 1064 3897
1353 1204 297
1354 1326 3421
1355 2806 760
1356 2283 2137
1357 2516 2054
1358 532 2568
1359 3166 392
1360 670 2857
1361 101 3247
1362 196 996
1363 2502 3017
1364 3436 2108
1365 2667 3157
1366 3464 482
1367 3744 2446
1368 528 3352
1369 3834 3218
1370 1376 3913
1371 854 1193
1372 3816 2060
1373 2643 1993
1374 3702 2708
1375 3313 2473
1376 1432 3589
1377 540 17
1378 3079 1830
1379 3117 1968
1380 1173 1462
1381 1245 3070
1382 3520 3611
1383 870 1073
1384 887 3605
1385 210 2549
1386 2037 379
1387 1892 276
1388 3479 391
1389 1808 2498
1390 1604 519
1391 802 994
1392 587 2939
1393 48 2963
1394 2295 3059
1395 153 3107
1396 1031 1086
1397 1242 3825
1398 1630 3135
1399 1933 3311
1400 1820 2018
1401 3727 2886
1402 269 2222
1403 1619 779
1404 3811 253
1405 1321 2581
1406 2743 874
1407 2273 3715
1408 1260 3651
1409 3843 585
1410 2565 2754
1411 3718 1251
1412 3129 3621
1413 2984 3394
1414 2881 2390
1415 3790 1820
1416 3368 2733
1417 2344 213
1418 637 2656
1419 1023 1404
1420 1178 1146
1421 579 502
1422 3586 314
1423 1385 3920
1424 406 3406
1425 3497 1561
1426 1719 2390
1427 419 317
1428 80 56
1429 3614 2879
1430 321 312
1431 777 3570
1432 2000 3555
1433 1655 1505
1434 2150 3667
1435 3719 2042
1436 165 52
1437 946 254
1438 294 2825
1439 956 13
1440 596 2733
1441 3011 2028
1442 1266 3081
1443 472 100
1444 3239 2607
1445 910 2630
1446 1088 3282
1447 1596 3605
1448 3735 1153
1449 2793 1198
1450 2234 186
1451 1615 2448
1452 3117 2059
1453 1930 3753
1454 3172 133
1455 1233 1995
1456 3435 2356
1457 1871 1251
1458 2413 2815
1459 1004 2915
1460 3338 2707
1461 1259 3527
1462 275 2817
1463 1968 3413
1464 558 306
1465 3600 785
1466 669 1118
1467 2368 964
1468 3603 3319
1469 3676 2979
1470 1242 543
1471 3819 190
1472 425 1866
1473 259 1625
1474 857 1767
1475 549 3132
1476 1933 1169
1477 3880 440
1478 1865 3029
1479 241 3020
1480 3138 3329
1481 1336 2288
1482 2136 3164
1483 3198 2326
1484 2032 1449
1485 492 899
1486 1597 1426
1487 1208 446
1488 3077 3702
1489 2975 2194
1490 2455 3570
1491 1548 187
1492 995 2931
1493 2095 1831
1494 344 3739
1495 1327 3638
1496 250 2270
1497 1813 3047
1498 603 3826
1499 2630 724
1500 3209 848
1501 494 1062
1502 3222 2340
1503 2920 670
1504 3668 36
1505 2397 1199
1506 2350 3583
1507 2593 1292
1508 2854 62
1509 438 3626
1510 1740 2914
1511 3684 3795
1512 735 1215
1513 1019 2205
1514 1523 194
1515 1926 3274
1516 457 3504
1517 698 3558
1518 812 2374
1519 1505 1231
1520 2639 283
1521 3435 1340
1522 3189 622
1523 3633 1730
1524 2339 1817
1525 202 1000
1526 2590 762
1527 3146 1829
1528 621 3117
1529 946 3414
1530 858 2004
1531 3651 3889
1532 575 2415
1533 1417 3799
1534 1932 2801
1535 1389 2417
1536 847 932
1537 1179 635
1538 2164 2225
1539 712 3180
1540 2501 3308
1541 3372 1390
1542 1782 3554
1543 2158 2522
1544 1607 605
1545 2897 336
1546 3510 2800
1547 3863 276
1548 2864 3889
1549 2381 1653
1550 3379 495
1551 3039 444
1552 782 2597
1553 596 2835
1554 1366 2394
1555 1695 705
1556 217 1116
1557 838 3627
1558 555 1423
1559 591 1388
1560 496 2332
1561 3714 1605
1562 955 972
1563 3910 1847
1564 1780 2691
1565 83 169
1566 2922 3705
1567 3074 1856
1568 1416 3539
1569 3416 3082
1570 2637 2519
1571 1411 1016
1572 1914 1202
1573 1227 535
1574 3776 1027
1575 3605 331
1576 2309 40
1577 3482 660
1578 141 916
1579 2562 3430
1580 3928 2915
1581 839 269
1582 2009 3159
1583 746 2647
1584 2086 2156
1585 271 974
1586 3586 2250
1587 2575 176
1588 2587 3190
1589 2069 3786
1590 286 2077
1591 1939 2502
1592 3295 1443
1593 3032 1930
1594 3729 2734
1595 1277 3698
1596 555 989
1597 2526 795
1598 1837 964
1599 644 1277
1600 3758 1029
1601 2135 1893
1602 1517 3367
1603 70 2074
1604 195 366
1605 258 3325
1606 930 1210
1607 3463 1670
1608 2663 2657
1609 1228 1235
1610 2392 804
1611 1484 3791
1612 314 2778
1613 1111 3774
1614 3247 25
1615 2074 3930
1616 1283 1599
1617 3680 1230
1618 1344 2028
1619 1982 1219
1620 970 3259
1621 3896 1416
1622 3184 3728
1623 1629 2039
1624 1312 3920
1625 286 2781
1626 2168 2150
1627 2092 831
1628 1704 2495
1629 3712 3844
1630 296 1562
1631 548 982
1632 332 302
1633 1544 2818
1634 3745 1731
1635 1922 3828
1636 2315 1612
1637 3401 2173
1638 1563 125
1639 487 3741
1640 3156 3066
1641 3110 838
1642 980 260
1643 713 3595
1644 2362 1134
1645 3751 152
1646 1131 1064
1647 686 2325
1648 1680 297
1649 3573 499
1650 1239 1625
1651 2826 2915
1652 3323 2412
1653 1727 3707
1654 849 76
1655 1405 1515
1656 624 2051
1657 2784 1937
1658 382 2548
1659 2898 3673
1660 233 2539
1661 543 233
1662 1857 2740
1663 3314 1989
1664 2584 1062
1665 1257 1813
1666 1810 445
1667 2346 490
1668 843 2376
1669 1193 1997
1670 1537 1048
1671 3231 1805
1672 3608 3077
1673 2323 127
1674 348 289
1675 2383 1759
1676 207 233
1677 3338 358
1678 3481 3794
1679 2701 454
1680 1937 2216
1681 2498 1654
1682 22 330
1683 2146 2408
1684 1220 1072
1685 3479 137
1686 1269 1313
1687 3567 1729
1688 56 1958
1689 1451 390
1690 547 2666
1691 3502 3612
1692 2275 2378
1693 1045 2579
1694 226 1018
1695 1001 1994
1696 2975 3624
1697 2827 2027
1698 1980 402
1699 1316 1271
1700 3351 2138
1701 498 416
1702 3914 2658
1703 3920 923
1704 1905 3887
1705 3240 3084
1706 3002 13
1707 1375 3119
1708 1586 2936
1709 370 2891
1710 405 3796
1711 453 1608
1712 2707 143
1713 3668 262
1714 366 3243
1715 248 2711
1716 2565 327
1717 3231 3101
1718 2577 3796
1719 3274 212
1720 1754 1189
1721 3593 3781
1722 243 3231
1723 3048 1888
1724 1507 3927
1725 2122 1797
1726 290 1445
1727 1996 3291
1728 1159 2487
1729 609 743
1730 675 504
1731 744 1709
1732 1082 992
1733 1042 2347
1734 1901 2972
1735 3247 1613
1736 471 3375
1737 382 2562
1738 269 1767
1739 2423 1389
1740 1837 1030
1741 1271 329
1742 1052 1189
1743 62 1822
1744 46 1972
1745 442 523
1746 1622 3068
1747 3306 3623
1748 2863 601
1749 3641 2076
1750 2297 614
1751 2879 1746
1752 3216 1883
1753 1411 2639
1754 314 377
1755 1345 1680
1756 131 582
1757 1339 1315
1758 3614 594
1759 959 975
1760 2716 3224
1761 2741 3711
1762 235 2974
1763 3260 1882
1764 1660 1021
1765 502 2805
1766 2543 3270
1767 2570 1077
1768 1118 1409
1769 728 1214
1770 3842 3344
1771 410 79
1772 2166 1305
1773 2610 306
1774 3389 2015
1775 1777 3112
1776 1140 545
1777 3892 1935
1778 1204 3632
1779 1165 2898
1780 3485 381
1781 117 322
1782 1166 2570
1783 142 3864
1784 2659 1640
1785 936 3878
1786 2272 2692
1787 191 1625
1788 1013 791
1789 2131 1238
1790 3294 2184
1791 2348 2596
1792 3371 279
1793 3579 355
1794 1006 2782
1795 1589 1205
1796 2861 2317
1797 1205 125
1798 1649 1570
1799 3911 3764
1800 2342 1127
1801 2727 2354
1802 2445 3148
1803 2671 759
1804 3169 2082
1805 294 713
1806 2118 2518
1807 3803 1515
1808 773 1101
1809 847 2112
1810 1121 2896
1811 3928 2938
1812 1263 1417
1813 1850 3037
1814 3239 1478
1815 2622 830
1816 235 1273
1817 3555 684
1818 3032 2381
1819 670 971
1820 2426 1881
1821 2062 1062
1822 2224 136
1823 823 3197
1824 3445 554
1825 746 356
1826 1400 3426
1827 2290 3685
1828 3122 378
1829 3483 1164
1830 1005 481
1831 768 1617
1832 2026 3672
1833 1567 2104
1834 3788 1575
1835 2814 1683
1836 2123 1016
1837 2682 2596
1838 1794 3482
1839 2458 1647
1840 2197 1685
1841 3706 3209
1842 114 2030
1843 2713 2826
1844 2773 2144
1845 1644 1638
1846 1446 228
1847 271 3296
1848 3297 982
1849 3459 2574
1850 175 1445
1851 652 3560
1852 3305 509
1853 3294 893
1854 33 3479
1855 2171 1193
1856 3920 1150
1857 3043 3599
1858 1764 1206
1859 743 3532
1860 2820 3211
1861 476 1600
1862 1679 1950
1863 422 1686
1864 3922 3047
1865 3559 1178
1866 1853 2288
1867 2917 1820
1868 3499 1631
1869 476 2519
1870 2376 2426
1871 3862 3476
1872 144 1057
1873 1899 2839
1874 137 2926
1875 3748 3634
1876 2245 381
1877 831 48
1878 1117 3753
1879 3251 2926
1880 1534 2909
1881 759 130
1882 3733 2604
1883 3873 3437
1884 594 1861
1885 3338 2830
1886 2216 3478
1887 3653 814
1888 3790 3709
1889 232 2770
1890 508 944
1891 3455 825
1892 3048 3711
1893 1705 432
1894 1527 3327
1895 2902 1227
1896 656 394
1897 3889 898
1898 3077 3080
1899 3121 2078
1900 697 1583
1901 708 1584
1902 504 2789
1903 2952 3759
1904 1851 2467
1905 2568 3156
1906 1260 1551
1907 2082 3172
1908 3654 2475
1909 77 2801
1910 3043 549
1911 2789 1180
1912 2297 3325
1913 1436 1542
1914 2100 1328
1915 291 513
1916 2417 3924
1917 1753 3048
1918 541 3903
1919 593 1750
1920 108 2678
1921 2389 357
1922 582 1544
1923 3203 234
1924 251 642
1925 1583 2525
1926 1618 28
1927 3699 3307
1928 1239 1453
1929 1009 1980
1930 113 2355
1931 299 46
1932 2120 1794
1933 1940 227
1934 2724 761
1935 642 3791
1936 720 3348
1937 401 447
1938 234 2398
1939 3888 3788
1940 1175 991
1941 710 703
1942 2091 755
1943 1240 186
1944 1811 441
1945 1670 3926
1946 1379 2886
1947 2831 3224
1948 461 1366
1949 33 1043
1950 559 1278
1951 716 3027
1952 1055 2353
1953 1933 837
1954 1725 3899
1955 2563 1839
1956 730 19
1957 497 1619
1958 2409 1194
1959 2841 1250
1960 3500 889
1961 1896 3145
1962 1999 509
1963 1123 3216
1964 2441 2523
1965 3345 880
1966 1747 3713
1967 1059 2930
1968 60 417
1969 2541 795
1970 2331 105
1971 2940 3288
1972 1439 946
1973 2070 891
1974 325 2053
1975 2895 2733
1976 893 2318
1977 2185 3732
1978 1753 2801
1979 175 3622
1980 247 2691
1981 286 2180
1982 3170 1976
1983 3275 1680
1984 2355 1113
1985 1079 2767
1986 354 379
1987 3501 2451
1988 3584 3260
1989 718 2580
1990 3694 912
1991 3680 3383
1992 2057 3112
1993 1071 1177
1994 2718 2532
1995 1139 2646
1996 3530 3417
1997 2156 1378
1998 2789 1301
1999 2460 3800
2000 1132 295
2001 3675 1814
2002 374 3096
2003 2810 2748
2004 3878 2765
2005 1556 3358
2006 1801 191
2007 2247 485
2008 1026 1908
2009 1764 3282
2010 1464 1137
2011 2593 3612
2012 1321 1240
2013 77 3297
2014 2136 1246
2015 1601 664
2016 1728 1925
2017 2707 1435
2018 2739 1013
2019 734 3477
2020 3323 3263
2021 2583 476
2022 673 1790
2023 2315 1701
2024 1327 133
2025 2908 2658
2026 3446 2235
2027 1816 572
2028 61 3406
2029 201 1496
2030 3820 3499
2031 2439 502
2032 1986 3627
2033 1757 1728
2034 3564 806
2035 1149 1249
2036 678 3604
2037 1162 848
2038 3380 3315
2039 2317 2765
2040 2972 741
2041 1183 1629
2042 696 2499
2043 2698 503
2044 17 1586
2045 1566 1900
2046 960 202
2047 1483 2272
2048 2760 564
2049 1173 1985
2050 40 825
2051 1430 399
2052 1650 1447
2053 1883 2776
2054 2275 1846
2055 2096 1928
2056 3732 2947
2057 602 443
2058 3371 3333
2059 1301 2440
2060 3092 3413
2061 1247 1724
2062 3472 1292
2063 3184 3519
2064 2610 1264
2065 664 753
2066 2120 2932
2067 254 3796
2068 460 1287
2069 3493 1161
2070 2530 3239
2071 198 1235
2072 3011 3559
2073 3157 3749
2074 2950 1745
2075 297 75
2076 1140 2327
2077 3594 2689
2078 2591 626
2079 1508 2926
2080 511 1
2081 3288 2308
2082 2458 1985
2083 1635 1157
2084 933 2499
2085 228 617
2086 2425 2362
2087 452 3920
2088 3228 2236
2089 1127 3715
2090 3725 2239
2091 1062 26
2092 2040 1093
2093 1862 510
2094 3695 723
2095 2290 3021
2096 3656 435
2097 3607 1044
2098 3919 236
2099 431 335
2100 666 3433
2101 80 1026
2102 2645 251
2103 184 2617
2104 3234 103
2105 547 837
2106 3151 3535
2107 2394 3568
2108 3625 1451
2109 460 1892
2110 1397 1031
2111 2206 3592
2112 2553 2541
2113 805 3617
2114 1206 793
2115 1987 3891
2116 274 3908
2117 3873 193
2118 917 2680
2119 3334 1612
2120 2239 1136
2121 2937 2726
2122 2364 11
2123 3177 105
2124 102 2626
2125 3212 2275
2126 1795 1911
2127 1944 2960
2128 1183 1178
2129 16 214
2130 506 2416
2131 2596 2404
2132 3333 1332
2133 1387 2984
2134 3851 1886
2135 2026 3778
2136 3796 2974
2137 1325 470
2138 869 1346
2139 2266 1097
2140 486 2815
2141 1520 2883
2142 2876 595
2143 2166 3295
2144 1291 3294
2145 3136 1200
2146 2500 2071
2147 2458 3419
2148 714 2500
2149 1362 449
2150 2086 2756
2151 2912 63
2152 3905 3448
2153 2545 128
2154 1796 2305
2155 3857 2257
2156 2414 3012
2157 3195 1535
2158 2325 436
2159 2342 39
2160 2374 2864
2161 963 417
2162 2360 2837
2163 524 2552
2164 1972 2605
2165 220 3763
2166 350 570
2167 3484 3579
2168 1583 584
2169 1009 1702
2170 2820 1165
2171 2985 433
2172 1175 1804
2173 2348 3165
2174 1451 3037
2175 3244 2999
2176 365 1965
2177 2035 1475
2178 2813 2121
2179 1032 3141
2180 1354 3625
2181 2881 1046
2182 3122 3260
2183 3864 3723
2184 2792 3119
2185 1006 1840
2186 3862 992
2187 3904 2851
2188 2987 1899
2189 1645 2713
2190 3917 1676
2191 468 3467
2192 2014 2873
2193 1136 1870
2194 1025 2062
2195 1716 525
2196 1275 1143
2197 3167 1975
2198 1458 1238
2199 326 2871
2200 2009 2934
2201 986 321
2202 3317 3055
2203 431 2152
2204 1309 2274
2205 511 2234
2206 1291 3604
2207 101 457
2208 1369 1523
2209 2985 3661
2210 499 3110
2211 2940 478
2212 632 2781
2213 3507 3584
2214 555 219
2215 2291 3260
2216 3315 19
2217 1365 1379
2218 1880 1672
2219 2132 2739
2220 1752 820
2221 2994 2980
2222 610 1211
2223 3051 758
2224 2027 577
2225 1146 193
2226 1777 2589
2227 1220 3320
2228 1286 636
2229 1707 881
2230 1378 2847
2231 829 1788
2232 633 2364
2233 703 640
2234 1269 1157
2235 1608 3564
2236 3753 885
2237 3372 196
2238 3350 810
2239 3725 561
2240 2686 344
2241 2997 1111
2242 2494 1338
2243 960 1430
2244 253 2717
2245 307 1139
2246 3313 834
2247 213 3071
2248 1366 1214
2249 3402 2061
2250 295 2804
2251 3275 3495
2252 579 3352
2253 545 1446
2254 1550 3092
2255 1816 1123
2256 3731 1271
2257 2212 3464
2258 37 1052
2259 1334 166
2260 1440 2836
2261 2427 420
2262 1511 1143
2263 760 3784
2264 211 2344
2265 2874 1047
2266 122 2124
2267 3720 2590
2268 247 2822
2269 637 1752
2270 62 365
2271 2246 1011
2272 3307 2726
2273 3623 903
2274 3277 2958
2275 271 3473
2276 2583 258
2277 1475 3172
2278 62 2459
2279 2920 409
2280 2689 3919
2281 2303 2609
2282 1611 2127
2283 2213 2097
2284 674 3222
2285 2658 1869
2286 2105 2898
2287 889 1262
2288 3847 342
2289 3616 719
2290 3735 2606
2291 2311 3317
2292 3107 972
2293 3338 3852
2294 43 1670
2295 535 2461
2296 2890 3022
2297 1689 598
2298 2716 95
2299 1983 3125
2300 2791 2142
2301 2326 1803
2302 188 784
2303 1450 169
2304 286 1788
2305 547 1595
2306 541 2940
2307 2837 764
2308 2796 3356
2309 1477 2757
2310 1060 3109
2311 644 998
2312 1849 2135
2313 3052 3735
2314 2414 3357
2315 2354 115
2316 2633 2624
2317 2638 2086
2318 907 749
2319 3786 3801
2320 2363 482
2321 2649 2688
2322 3036 1228
2323 2518 2003
2324 1794 725
2325 3166 655
2326 3634 2776
2327 2454 2602
2328 3565 2660
2329 1191 339
2330 708 394
2331 2736 487
2332 3126 2701
2333 3350 2447
2334 91 2518
2335 2527 3645
2336 1803 3154
2337 3182 3734
2338 3210 852
2339 3376 3896
2340 1931 2305
2341 648 2824
2342 2834 1464
2343 3929 2038
2344 659 2264
2345 836 233
2346 2553 2906
2347 1235 3663
2348 1077 544
2349 983 1870
2350 3782 1414
2351 2844 237
2352 3862 2337
2353 1248 2339
2354 1939 3400
2355 933 1893
2356 2800 1855
2357 2579 622
2358 2557 2146
2359 402 410
2360 452 2736
2361 826 650
2362 3468 2420
2363 1247 1120
2364 187 1159
2365 1938 3791
2366 3327 1479
2367 3405 3217
2368 983 3875
2369 1953 1946
2370 2446 854
2371 2526 493
2372 3021 2456
2373 2587 2981
2374 3850 3400
2375 1681 2722
2376 1543 856
2377 692 3278
2378 2597 3163
2379 2263 3850
2380 1859 3161
2381 2789 385
2382 1558 1081
2383 1578 1055
2384 3073 2014
2385 3235 1215
2386 1124 3100
2387 1128 1457
2388 302 2184
2389 1578 2364
2390 868 2057
2391 608 667
2392 237 2787
2393 654 2525
2394 2709 2307
2395 2528 397
2396 2708 99
2397 2188 71
2398 1002 3377
2399 1345 1840
2400 3349 386
2401 2396 710
2402 588 3838
2403 2861 1150
2404 573 3236
2405 2424 2224
2406 636 2340
2407 515 2905
2408 3714 438
2409 1682 1131
2410 1067 3194
2411 318 2858
2412 2255 217
2413 2023 1335
2414 2664 3192
2415 184 353
2416 1976 1486
2417 1360 2798
2418 607 1553
2419 3410 2382
2420 2259 2801
2421 2157 7
2422 1960 194
2423 2160 3508
2424 1137 1687
2425 2779 2415
2426 1214 783
2427 1794 2159
2428 1765 110
2429 1002 583
2430 1931 1469
2431 3461 1806
2432 751 1526
2433 141 3839
2434 3243 848
2435 1091 2623
2436 220 3463
2437 2431 2819
2438 2121 1557
2439 1125 3053
2440 407 1489
2441 2312 1036
2442 3735 2734
2443 2738 3588
2444 206 549
2445 1124 1283
2446 3130 6
2447 850 2085
2448 559 2117
2449 773 719
2450 3724 3252
2451 3490 3137
2452 1518 198
2453 2991 2625
2454 700 2763
2455 3483 1923
2456 649 1577
2457 3327 1366
2458 3759 515
2459 1508 3052
2460 3491 2446
2461 2479 3495
2462 2423 1464
2463 1758 3470
2464 2643 1132
2465 725 1365
2466 2234 637
2467 2447 1116
2468 1731 2566
2469 341 1107
2470 2230 2333
2471 940 3022
2472 2623 1277
2473 2973 3045
2474 1317 2176
2475 3130 360
2476 847 1757
2477 1919 2603
2478 2253 2824
2479 2499 1624
2480 2076 624
2481 2085 3716
2482 1304 2835
2483 346 2805
2484 780 723
2485 3471 3017
2486 480 918
2487 1007 1306
2488 919 55
2489 1748 1035
2490 2720 2230
2491 814 2988
2492 1563 3767
2493 918 2379
2494 830 3204
2495 746 3865
2496 3478 181
2497 1105 2360
2498 564 3435
2499 3583 2574
2500 1549 3291
2501 2409 1954
2502 3359 2684
2503 707 2005
2504 999 282
2505 3444 2614
2506 2187 2581
2507 3572 2608
2508 844 3491
2509 1642 1860
2510 3922 1303
2511 2060 1649
2512 1312 971
2513 3913 217
2514 1940 866
2515 2809 3789
2516 2079 3472
2517 3599 2450
2518 1426 3468
2519 2346 2455
2520 2101 1865
2521 2083 2467
2522 1546 2062
2523 2123 2544
2524 3441 70
2525 417 1937
2526 1322 3211
2527 2893 2017
2528 2247 369
2529 1559 787
2530 1850 948
2531 1872 544
2532 3372 1138
2533 3711 429
2534 709 1291
2535 3058 1130
2536 3878 2305
2537 2841 2393
2538 3594 3018
2539 1603 778
2540 1403 751
2541 793 1427
2542 3503 1485
2543 1057 1462
2544 192 2532
2545 2884 236
2546 391 1172
2547 3323 1240
2548 257 2999
2549 2713 200
2550 1673 1565
2551 1 2954
2552 1084 1951
2553 2452 786
2554 1746 740
2555 1975 2959
2556 201 2460
2557 1808 3602
2558 2252 3930
2559 921 218
2560 2536 1347
2561 373 3115
2562 1233 3869
2563 1881 3627
2564 1043 2785
2565 1316 1396
2566 604 99
2567 3483 919
2568 622 19
2569 3547 3098
2570 3449 3218
2571 3230 316
2572 464 1043
2573 536 1797
2574 2230 2216
2575 1678 3689
2576 32 2686
2577 270 57
2578 1265 1714
2579 204 163
2580 1279 3660
2581 3471 192
2582 1346 90
2583 257 3603
2584 623 1177
2585 312 2242
2586 236 2256
2587 180 879
2588 3180 3003
2589 1330 2940
2590 1257 607
2591 2552 1425
2592 3391 3482
2593 3030 1978
2594 2329 2629
2595 2256 1438
2596 860 3728
2597 3416 2527
2598 3504 2992
2599 3341 1174
2600 2178 3756
2601 3348 3450
2602 2930 976
2603 2061 3460
2604 562 3299
2605 1372 1417
2606 3383 350
2607 1518 1156
2608 157 3462
2609 1887 562
2610 704 3662
2611 1617 966
2612 3915 2612
2613 2610 3028
2614 2509 655
2615 873 659
2616 1536 2349
2617 368 3288
2618 2456 754
2619 3742 146
2620 2179 2289
2621 1142 2659
2622 1893 892
2623 3112 68
2624 3141 2548
2625 1283 1190
2626 281 60
2627 3635 1254
2628 597 1459
2629 549 828
2630 1343 180
2631 723 2413
2632 1836 3534
2633 3354 2835
2634 2552 1226
2635 174 2593
2636 3566 1908
2637 3136 778
2638 1611 2594
2639 2764 3017
2640 3210 910
2641 2422 3240
2642 1989 1048
2643 3275 3397
2644 2342 1608
2645 131 2118
2646 2686 2938
2647 273 2780
2648 47 2348
2649 1404 1038
2650 1393 1555
2651 3333 1337
2652 674 2901
2653 84 2256
2654 524 1361
2655 3792 1707
2656 2105 1515
2657 1942 2628
2658 1305 987
2659 2062 3150
2660 2623 1991
2661 908 3155
2662 3711 2080
2663 917 3166
2664 83 552
2665 25 1303
2666 3492 3092
2667 2968 2553
2668 1548 1058
2669 3726 983
2670 193 1871
2671 3010 772
2672 1929 990
2673 1157 3713
2674 3862 1629
2675 1552 2661
2676 1861 1734
2677 630 3323
2678 2614 693
2679 2749 966
2680 2233 2704
2681 212 1081
2682 3814 1458
2683 3303 1761
2684 2859 170
2685 316 3164
2686 1981 1800
2687 2518 2102
2688 1267 2690
2689 691 3519
2690 3201 381
2691 778 1338
2692 2109 1486
2693 1562 2586
2694 2544 175
2695 2015 1296
2696 3271 3148
2697 2327 3499
2698 3662 1047
2699 730 2257
2700 2911 1672
2701 377 2468
2702 363 2285
2703 514 3576
2704 286 3683
2705 3243 2197
2706 1746 710
2707 1350 3708
2708 1906 3416
2709 180 1380
2710 3745 126
2711 193 1274
2712 1660 1627
2713 2163 3132
2714 2705 525
2715 857 666
2716 1749 608
2717 3335 2223
2718 25 2717
2719 483 277
2720 3550 2509
2721 3013 481
2722 2998 3066
2723 2358 2427
2724 1423 700
2725 1515 3322
2726 2229 1005
2727 1445 3192
2728 2754 3335
2729 2792 2886
2730 1638 745
2731 2788 1337
2732 3655 1404
2733 1447 2407
2734 1418 691
2735 3333 2927
2736 208 3158
2737 2756 3503
2738 3570 3445
2739 2920 3073
2740 1247 3811
2741 2102 3423
2742 285 1525
2743 828 3891
2744 477 594
2745 118 3644
2746 2178 2088
2747 397 620
2748 209 3477
2749 783 2196
2750 814 3899
2751 3471 1128
2752 3404 1952
2753 661 3860
2754 1097 84
2755 908 627
2756 2270 2382
2757 493 1095
2758 1232 1258
2759 2558 2786
2760 955 1644
2761 2527 1506
2762 536 3193
2763 3360 1313
2764 394 1178
2765 242 3893
2766 715 3793
2767 590 1449
2768 3009 3325
2769 3520 1260
2770 3428 1210
2771 2029 1775
2772 593 3343
2773 2468 260
2774 220 635
2775 1749 3083
2776 2765 1798
2777 2049 1008
2778 478 953
2779 403 3474
2780 441 3500
2781 2019 2523
2782 712 595
2783 3542 1078
2784 3753 2715
2785 445 3743
2786 1112 1517
2787 1607 3876
2788 3086 701
2789 103 108
2790 2613 943
2791 125 1264
2792 2291 3151
2793 1922 683
2794 2863 3582
2795 3915 491
2796 3522 2580
2797 3794 168
2798 2754 1915
2799 2943 1103
2800 1483 2284
2801 2215 278
2802 1390 1762
2803 255 2880
2804 2642 499
2805 616 1682
2806 1682 3000
2807 3372 313
2808 1483 1457
2809 2146 863
2810 1716 3104
2811 2676 1333
2812 1381 1266
2813 2614 3366
2814 620 3107
2815 3825 1091
2816 322 516
2817 651 1287
2818 3391 1010
2819 3818 1127
2820 1647 3663
2821 70 1296
2822 2237 3279
2823 2755 3021
2824 51 528
2825 2085 3734
2826 1272 316
2827 2600 3043
2828 1843 1272
2829 2803 3461
2830 3565 3036
2831 790 582
2832 2150 1345
2833 59 2048
2834 738 3062
2835 1172 876
2836 2900 2234
2837 1807 3700
2838 869 3039
2839 1465 1636
2840 3318 438
2841 3124 272
2842 1534 747
2843 1765 2579
2844 1302 631
2845 1463 237
2846 3487 99
2847 2911 194
2848 18 983
2849 2832 970
2850 1141 784
2851 929 317
2852 1648 2837
2853 3329 1055
2854 1835 1742
2855 14 54
2856 1253 180
2857 805 246
2858 2199 1651
2859 883 2019
2860 1769 170
2861 373 1809
2862 3772 2737
2863 914 1846
2864 3058 2480
2865 1594 917
2866 215 2350
2867 2483 1432
2868 1411 502
2869 173 3040
2870 2500 2365
2871 1649 707
2872 1227 1544
2873 499 3545
2874 2716 1141
2875 744 3248
2876 413 911
2877 2001 3756
2878 1026 3202
2879 2655 2006
2880 1167 2491
2881 1397 2676
2882 3843 3671
2883 110 2188
2884 3466 3571
2885 3017 1595
2886 3857 3482
2887 458 687
2888 1789 3912
2889 463 1395
2890 2229 788
2891 842 264
2892 1293 2797
2893 2925 2182
2894 2008 3793
2895 1572 987
2896 267 523
2897 179 3633
2898 500 190
2899 2503 1690
2900 263 2259
2901 2250 2246
2902 2718 3256
2903 3675 929
2904 3225 2985
2905 917 3870
2906 3507 420
2907 750 2589
2908 3572 2033
2909 465 2905
2910 2716 2406
2911 1647 295
2912 2763 150
2913 3102 1696
2914 2047 1378
2915 2664 287
2916 2935 2693
2917 3401 1914
2918 848 648
2919 2842 2176
2920 871 1133
2921 175 645
2922 1210 3325
2923 16 14
2924 293 2879
2925 3099 3080
2926 1498 3058
2927 2960 3896
2928 960 2651
2929 2956 560
2930 2938 3065
2931 1536 2063
2932 2104 734
2933 3500 647
2934 2311 3396
2935 2647 1159
2936 2268 3635
2937 2498 2902
2938 1486 1914
2939 925 1841
2940 527 656
2941 344 3047
2942 2930 2758
2943 415 3885
2944 585 1525
2945 1029 515
2946 1360 3322
2947 39 558
2948 3089 1622
2949 272 347
2950 460 3045
2951 3930 1056
2952 3526 1512
2953 3652 39
2954 3642 3792
2955 1809 1514
2956 1968 1339
2957 732 2340
2958 874 1980
2959 734 1406
2960 2523 1040
2961 684 3704
2962 1675 1021
2963 1828 2294
2964 2437 1608
2965 2595 2114
2966 1407 1133
2967 3576 2251
2968 2442 430
2969 94 1687
2970 2757 3086
2971 1079 252
2972 1341 1964
2973 3078 2350
2974 1957 2107
2975 1479 2668
2976 158 397
2977 1989 1009
2978 2792 3811
2979 71 3135
2980 3640 1115
2981 1772 1095
2982 3153 2767
2983 2479 3715
2984 3707 988
2985 820 2228
2986 187 1257
2987 1105 412
2988 990 3691
2989 1580 2391
2990 761 1397
2991 2951 3337
2992 351 320
2993 1831 2156
2994 659 1817
2995 2410 2794
2996 33 2039
2997 2859 2045
2998 3397 3340
2999 1564 408
3000 3236 2707
3001 2343 1882
3002 3572 3335
3003 1684 1664
3004 3621 15
3005 2969 3576
3006 2029 295
3007 2766 211
3008 2464 400
3009 337 406
3010 161 473
3011 3398 845
3012 1086 2591
3013 1092 2492
3014 860 3089
3015 510 2814
3016 1236 1370
3017 1923 2668
3018 1873 708
3019 2638 2212
3020 3161 1671
3021 1551 2343
3022 2392 102
3023 8 523
3024 3619 1802
3025 2361 1335
3026 1897 3412
3027 269 708
3028 2184 2451
3029 1637 1710
3030 1821 3106
3031 295 3014
3032 3531 2143
3033 1442 602
3034 848 2725
3035 1218 1450
3036 3037 2596
3037 1512 910
3038 3436 376
3039 2865 2125
3040 1293 1902
3041 281 3185
3042 1010 734
3043 804 1681
3044 399 1548
3045 1168 881
3046 1846 87
3047 1983 3412
3048 1858 2526
3049 2146 82
3050 692 3817
3051 1288 3892
3052 1827 2123
3053 2472 2024
3054 3789 1534
3055 1289 2785
3056 1189 927
3057 2884 2121
3058 2803 446
3059 968 375
3060 1076 2
3061 2251 1712
3062 1400 2046
3063 130 1070
3064 159 1542
3065 2098 831
3066 24 656
3067 1483 3451
3068 1127 2436
3069 3470 3699
3070 551 919
3071 976 187
3072 2832 1952
3073 1381 1369
3074 1812 895
3075 3391 3728
3076 680 2062
3077 1670 1181
3078 700 3515
3079 3716 771
3080 135 2336
3081 2598 440
3082 2415 1181
3083 1791 1764
3084 1512 709
3085 250 1873
3086 3584 609
3087 2450 3612
3088 3511 1661
3089 2016 3403
3090 1456 1341
3091 2820 2870
3092 2674 375
3093 774 718
3094 931 3764
3095 3424 630
3096 3792 3045
3097 1765 2287
3098 672 2451
3099 3560 1657
3100 2696 3445
3101 3751 2197
3102 1523 3649
3103 2276 1281
3104 3472 916
3105 1314 3366
3106 921 521
3107 3272 1859
3108 367 3561
3109 331 1008
3110 1756 316
3111 482 3881
3112 485 1997
3113 2340 1138
3114 1688 3658
3115 2958 3270
3116 3424 2947
3117 642 389
3118 3676 3370
3119 2360 2308
3120 3377 2048
3121 2971 2130
3122 473 738
3123 3532 3343
3124 544 727
3125 1801 1932
3126 1204 688
3127 75 556
3128 2129 320
3129 3823 1422
3130 318 3579
3131 2717 3894
3132 1475 3557
3133 587 495
3134 724 548
3135 2034 2497
3136 1594 3704
3137 967 1146
3138 1343 1170
3139 2413 2023
3140 1164 2208
3141 3406 24
3142 3534 243
3143 887 1473
3144 2730 3318
3145 2479 1561
3146 1628 3121
3147 1664 793
3148 1572 1898
3149 3484 1940
3150 93 2075
3151 1932 1497
3152 3432 797
3153 436 3722
3154 588 1854
3155 1415 268
3156 1927 1483
3157 2732 2748
3158 2291 353
3159 299 2973
3160 3184 2041
3161 523 3159
3162 3793 174
3163 36 1551
3164 940 97
3165 3333 3291
3166 2375 1256
3167 2770 2806
3168 119 222
3169 618 1844
3170 159 1081
3171 2063 1693
3172 1510 86
3173 2041 2432
3174 2508 3302
3175 1033 2536
3176 2150 909
3177 2134 3088
3178 809 1293
3179 1977 499
3180 2420 3078
3181 2744 1096
3182 3923 166
3183 1362 3194
3184 343 2537
3185 225 1199
3186 489 1931
3187 3309 1914
3188 1662 3729
3189 303 1114
3190 2381 443
3191 1856 2812
3192 3846 550
3193 447 2675
3194 2089 3427
3195 3850 2399
3196 27 240
3197 1032 231
3198 846 358
3199 2410 3226
3200 34 634
3201 3811 85
3202 1648 483
3203 2859 2941
3204 506 2545
3205 1164 32
3206 3731 979
3207 1614 2332
3208 3773 3166
3209 2356 3776
3210 3677 3110
3211 2047 2633
3212 3909 3480
3213 860 2225
3214 3336 3021
3215 1510 2108
3216 2012 2046
3217 957 1309
3218 2184 1531
3219 3651 2769
3220 3113 31
3221 2377 952
3222 271 1909
3223 1840 2198
3224 338 3243
3225 2380 3565
3226 1313 2938
3227 2176 3084
3228 2267 3912
3229 382 3874
3230 359 961
3231 3474 2784
3232 328 52
3233 2911 2949
3234 289 270
3235 845 586
3236 520 2481
3237 2438 3560
3238 2402 1087
3239 110 717
3240 1552 3372
3241 3591 3674
3242 3549 3764
3243 3341 2843
3244 711 3361
3245 2317 3828
3246 228 960
3247 2627 2855
3248 1178 1298
3249 3240 1003
3250 486 1881
3251 1419 1970
3252 1120 664
3253 3086 2868
3254 1955 3761
3255 1943 3921
3256 1338 3738
3257 3167 1005
3258 2972 2039
3259 3346 916
3260 9 3843
3261 3545 1263
3262 3145 1525
3263 2561 1114
3264 1987 781
3265 1461 2460
3266 1687 672
3267 589 3230
3268 1928 3917
3269 1602 888
3270 917 1643
3271 2421 760
3272 3169 2062
3273 2962 2171
3274 3596 1660
3275 77 2703
3276 3886 1041
3277 364 3740
3278 3749 691
3279 314 2802
3280 1812 2932
3281 436 1770
3282 2606 2214
3283 2787 3192
3284 2924 2122
3285 2434 268
3286 3629 3021
3287 588 3575
3288 1742 1572
3289 264 1247
3290 54 793
3291 3239 402
3292 2041 1288
3293 226 1027
3294 2963 3884
3295 2190 3831
3296 1400 1861
3297 3669 1769
3298 1599 3857
3299 737 489
3300 567 1076
3301 318 1474
3302 2337 2653
3303 770 3644
3304 1250 3034
3305 913 642
3306 3667 1123
3307 1584 3121
3308 248 3310
3309 2087 3064
3310 76 395
3311 1353 1305
3312 582 3717
3313 3617 560
3314 2029 3756
3315 1530 1587
3316 2089 236
3317 2415 2947
3318 826 29
3319 3395 2622
3320 2369 877
3321 979 2016
3322 599 3859
3323 3599 2781
3324 713 2094
3325 391 670
3326 715 3897
3327 2889 106
3328 3481 395
3329 3891 759
3330 3026 922
3331 600 966
3332 2070 1910
3333 2186 998
3334 3852 807
3335 3711 701
3336 3478 2840
3337 3756 3679
3338 346 3213
3339 3407 1683
3340 799 1956
3341 3393 3564
3342 959 192
3343 72 990
3344 1460 1033
3345 3539 1520
3346 2089 483
3347 1219 3487
3348 653 3343
3349 1701 380
3350 202 2265
3351 928 3189
3352 3372 2465
3353 167 1756
3354 1580 2112
3355 2962 2043
3356 2158 929
3357 333 2290
3358 3225 740
3359 647 756
3360 3292 626
3361 3680 2580
3362 1724 566
3363 1479 808
3364 2273 644
3365 2337 3715
3366 3266 1316
3367 2141 3523
3368 3806 2677
3369 2748 3471
3370 69 1740
3371 428 3283
3372 2871 1168
3373 850 2414
3374 437 3522
3375 1926 1214
3376 2443 3441
3377 814 2872
3378 1476 1482
3379 832 1443
3380 2590 687
3381 2288 2361
3382 2549 2211
3383 1410 205
3384 2967 7
3385 3806 2124
3386 520 210
3387 472 2084
3388 2709 2367
3389 3485 3391
3390 3590 790
3391 3851 2816
3392 3146 2258
3393 2649 1858
3394 3298 1745
3395 1356 3359
3396 1553 2626
3397 3042 45
3398 372 923
3399 2011 841
3400 728 424
3401 2872 732
3402 748 3022
3403 1311 250
3404 473 539
3405 882 51
3406 3726 1372
3407 3844 1946
3408 3517 1787
3409 3193 3506
3410 923 3384
3411 11 3059
3412 3402 606
3413 247 2296
3414 1407 3418
3415 662 1054
3416 3910 2174
3417 2823 235
3418 922 2147
3419 3795 825
3420 1912 1077
3421 827 2142
3422 773 566
3423 3231 107
3424 706 1729
3425 3678 470
3426 2228 96
3427 2862 2166
3428 2276 3356
3429 3361 2105
3430 2161 2183
3431 3351 2972
3432 3919 2481
3433 642 3372
3434 2234 2198
3435 939 1406
3436 2671 2983
3437 1333 1562
3438 936 2385
3439 818 1268
3440 2734 3305
3441 3426 1700
3442 1720 2157
3443 2993 888
3444 1861 1533
3445 2830 2120
3446 1494 2296
3447 2976 667
3448 1762 2636
3449 593 1675
3450 2969 791
3451 2889 3435
3452 1359 1578
3453 3707 2578
3454 2262 2513
3455 643 125
3456 2214 1346
3457 1123 900
3458 2792 1052
3459 48 3227
3460 944 1652
3461 1637 1641
3462 566 3165
3463 1651 3850
3464 81 1524
3465 3699 1590
3466 2438 2929
3467 1443 3012
3468 874 235
3469 2091 797
3470 3817 149
3471 1568 1752
3472 2684 1444
3473 132 2872
3474 3274 965
3475 1559 1259
3476 2 1289
3477 3454 3098
3478 282 3726
3479 1518 3770
3480 1934 2206
3481 1159 3560
3482 974 2739
3483 217 28
3484 597 2522
3485 504 2867
3486 3091 1880
3487 3811 3225
3488 130 147
3489 3123 3699
3490 2073 303
3491 3350 36
3492 2527 870
3493 858 1583
3494 2576 2498
3495 872 2003
3496 218 1352
3497 641 693
3498 2538 3010
3499 2909 770
3500 1544 3068
3501 2330 1516
3502 3803 2035
3503 3689 1481
3504 87 835
3505 3053 2646
3506 2998 3637
3507 3875 1927
3508 525 2290
3509 1510 1906
3510 3818 1461
3511 635 1365
3512 1314 1085
3513 3916 1015
3514 2980 858
3515 2783 978
3516 2491 1897
3517 2511 514
3518 1561 3712
3519 200 3838
3520 643 1768
3521 2705 2162
3522 3074 3283
3523 2944 3850
3524 867 2432
3525 696 2867
3526 2730 3453
3527 1760 1882
3528 1496 2445
3529 3040 1341
3530 447 3445
3531 937 2786
3532 1295 1888
3533 3213 226
3534 3458 2957
3535 2835 424
3536 191 2786
3537 347 1237
3538 2900 2874
3539 1723 1365
3540 1537 3632
3541 930 2467
3542 385 1709
3543 24 836
3544 2658 1413
3545 3771 1616
3546 3299 3072
3547 1207 330
3548 2711 2232
3549 762 1545
3550 1893 1930
3551 189 3592
3552 2798 3921
3553 147 769
3554 221 3026
3555 1406 2958
3556 2264 561
3557 2812 3161
3558 1483 782
3559 3020 3287
3560 1797 744
3561 823 2310
3562 1272 3358
3563 872 3382
3564 59 937
3565 1310 3287
3566 3405 2373
3567 533 3196
3568 3647 139
3569 3086 3455
3570 1668 3832
3571 3270 3912
3572 479 1200
3573 2380 127
3574 3889 3482
3575 1375 1041
3576 2855 3392
3577 119 489
3578 3443 921
3579 3822 1925
3580 1467 1514
3581 1293 3466
3582 3715 2906
3583 376 849
3584 993 2378
3585 1595 730
3586 1776 3693
3587 3305 703
3588 1889 3209
3589 2947 801
3590 1233 360
3591 1467 1483
3592 945 712
3593 357 331
3594 1597 1152
3595 3517 2854
3596 3634 2411
3597 1715 3278
3598 948 457
3599 242 3232
3600 1255 790
3601 698 1603
3602 36 1815
3603 2899 1455
3604 715 620
3605 3261 84
3606 12 3800
3607 511 2780
3608 2057 1302
3609 930 1282
3610 327 1056
3611 3903 3737
3612 3618 997
3613 2999 514
3614 2061 1890
3615 3282 3824
3616 3408 1439
3617 2070 2542
3618 3494 919
3619 754 1092
3620 782 670
3621 2761 3918
3622 2437 3469
3623 1062 1581
3624 753 891
3625 703 711
3626 3928 1153
3627 1152 2058
3628 2766 1365
3629 2327 2628
3630 642 1921
3631 2214 3823
3632 1528 1453
3633 327 1817
3634 623 3254
3635 916 3590
3636 1015 381
3637 2909 2997
3638 5 348
3639 1722 2310
3640 2413 3206
3641 3052 445
3642 1994 220
3643 594 420
3644 1513 1271
3645 2781 3258
3646 490 2599
3647 2901 1689
3648 3168 2081
3649 3787 882
3650 3120 2794
3651 3526 2268
3652 3303 897
3653 1926 2986
3654 3561 265
3655 2500 2720
3656 3645 3089
3657 1641 234
3658 3521 3094
3659 3715 3893
3660 3254 1322
3661 1653 3103
3662 2445 355
3663 3377 2332
3664 1851 2166
3665 590 385
3666 1506 2178
3667 2221 877
3668 2088 2232
3669 54 3547
3670 64 661
3671 3434 429
3672 1418 3383
3673 1284 1628
3674 154 3735
3675 236 411
3676 1284 989
3677 807 731
3678 1895 1610
3679 427 1332
3680 1920 742
3681 3094 1503
3682 1666 2353
3683 1131 376
3684 1305 715
3685 3431 3536
3686 3735 1219
3687 1934 827
3688 2247 1919
3689 2287 2827
3690 281 3440
3691 885 79
3692 2374 1266
3693 1521 547
3694 1725 526
3695 1328 2049
3696 1548 972
3697 2097 2063
3698 100 2415
3699 1863 311
3700 2703 3332
3701 1894 3666
3702 3582 2424
3703 2078 2583
3704 1220 707
3705 1660 2556
3706 2851 3142
3707 3299 2347
3708 3195 3342
3709 1839 899
3710 646 2639
3711 318 2443
3712 594 3659
3713 879 360
3714 809 2426
3715 2069 90
3716 3077 1544
3717 1689 2573
3718 2754 416
3719 59 2953
3720 1640 3172
3721 1093 2670
3722 2581 3251
3723 2598 2651
3724 723 792
3725 3096 3313
3726 3646 2554
3727 2182 1667
3728 607 3165
3729 811 3135
3730 2341 597
3731 3413 1638
3732 966 2778
3733 1897 2020
3734 1496 2655
3735 1337 383
3736 1971 1249
3737 2965 345
3738 3070 3761
3739 3061 1546
3740 2863 3052
3741 2116 1930
3742 2293 2264
3743 3818 1390
3744 3494 2011
3745 23 602
3746 2887 2581
3747 3657 2815
3748 3127 1539
3749 3619 1697
3750 3677 466
3751 3489 3697
3752 2309 132
3753 2434 3745
3754 2411 1595
3755 3792 2053
3756 3435 157
3757 2947 1986
3758 970 691
3759 3535 544
3760 1008 2859
3761 2598 553
3762 387 1827
3763 3247 1339
3764 905 383
3765 2059 3144
3766 3730 368
3767 1571 3204
3768 3163 2607
3769 1990 1910
3770 2322 1064
3771 2596 1850
3772 1879 3312
3773 3797 1328
3774 3809 272
3775 2269 3123
3776 3691 3362
3777 1467 3442
3778 1664 1774
3779 1 2707
3780 1831 3392
3781 3632 3172
3782 2368 1987
3783 1130 921
3784 146 3795
3785 3433 2781
3786 1614 2135
3787 1287 1133
3788 592 2939
3789 2238 3590
3790 1519 316
3791 3643 2578
3792 1412 2693
3793 3422 1064
3794 175 1462
3795 1007 3089
3796 3229 1776
3797 1053 445
3798 1276 1770
3799 1206 2656
3800 1020 1665
3801 1449 3038
3802 2779 2974
3803 382 1234
3804 3719 2772
3805 3120 3794
3806 2883 2373
3807 2120 81
3808 2832 2822
3809 2833 2840
3810 2135 843
3811 1538 2500
3812 1558 2657
3813 791 3340
3814 560 3660
3815 3527 1015
3816 2170 2242
3817 3206 2485
3818 92 1335
3819 3081 799
3820 3916 208
3821 1469 2695
3822 658 938
3823 102 596
3824 3798 710
3825 3893 290
3826 3049 2002
3827 3532 766
3828 2776 237
3829 873 1113
3830 1403 615
3831 3260 2858
3832 1616 3883
3833 3446 181
3834 695 1032
3835 2151 3539
3836 787 696
3837 3519 299
3838 417 1878
3839 1297 3744
3840 573 2698
3841 1079 1284
3842 719 1348
3843 1044 281
3844 2737 3355
3845 2623 1864
3846 701 3500
3847 3514 3170
3848 2998 1210
3849 1533 914
3850 3565 2859
3851 3448 1293
3852 829 746
3853 1804 3670
3854 3551 75
3855 1632 1151
3856 2897 2204
3857 2627 2377
3858 1830 79
3859 1 1976
3860 1584 1396
3861 1522 1158
3862 1634 1784
3863 3499 2005
3864 3779 883
3865 2782 2191
3866 845 558
3867 1124 1481
3868 490 993
3869 1287 2075
3870 1961 1840
3871 993 1349
3872 2493 3356
3873 1742 1977
3874 1028 2854
3875 2425 111
3876 2478 2313
3877 2932 2945
3878 1869 187
3879 2450 657
3880 1787 569
3881 133 2047
3882 2749 3173
3883 3801 3525
3884 453 3538
3885 2416 3685
3886 361 3770
3887 621 2273
3888 3289 1289
3889 2838 1620
3890 3119 3452
3891 2510 598
3892 2353 3738
3893 1063 2513
3894 103 1685
3895 3615 2887
3896 466 3385
3897 1560 317
3898 2138 954
3899 429 2832
3900 489 1598
3901 1130 1423
3902 558 773
3903 460 1719
3904 386 1846
3905 3107 820
3906 2138 2989
3907 3663 76
3908 2486 3552
3909 1387 3589
3910 2584 3527
3911 1082 3182
3912 2292 3455
3913 1387 15
3914 3414 3335
3915 1015 1206
3916 727 1645
3917 1866 578
3918 181 1679
3919 533 1328
3920 1034 604
3921 1815 3492
3922 3666 3494
3923 185 306
3924 3187 3757
3925 826 3843
3926 2194 3872
3927 3359 1098
3928 2294 3012
3929 3768 3409
3930 1488 2284
