4570 4570
1 1510 193
2 3678 3188
3 344 1233
4 750 950
5 687 4211
6 580 2637
7 1855 3227
8 3945 3075
9 605 636
10 1343 1859
11 1826 3866
12 1672 1801
13 3114 156
14 2667 4497
15 1316 2153
16 4105 570
17 879 3746
18 1616 25
19 4506 2070
20 4448 3544
21 4446 1190
22 3468 1964
23 3167 4350
24 704 4036
25 3159 1598
26 2781 1788
27 4548 2925
28 23 3668
29 2077 2786
30 214 3080
31 1867 2381
32 54 639
33 23 423
34 145 1133
35 470 4419
36 4297 4142
37 2804 3520
38 3693 4099
39 2643 4437
40 1926 1066
41 2646 3840
42 46 3866
43 1611 3770
44 2710 1462
45 2518 357
46 436 144
47 2736 761
48 3638 1276
49 3085 4270
50 1102 3168
51 433 402
52 3153 3243
53 3232 2332
54 4069 1117
55 845 3088
56 1828 744
57 1231 493
58 1324 82
59 829 1843
60 2725 762
61 1230 759
62 2237 3370
63 1224 2793
64 3443 1548
65 1994 2767
66 748 4149
67 3260 154
68 3983 2371
69 986 3321
70 3386 1820
71 4064 1101
72 89 4545
73 2680 27
74 1644 3626
75 4274 2916
76 3871 4385
77 1075 3600
78 4296 511
79 1913 4570
80 2655 2326
81 97 194
82 1238 447
83 2071 4309
84 3841 3298
85 1964 3
86 987 1885
87 2925 1242
88 1167 2816
89 2 295
90 376 953
91 4478 4041
92 1798 123
93 1066 976
94 1271 2074
95 1310 2602
96 99 156
97 4472 1686
98 713 3603
99 2520 305
100 3779 4245
101 3642 2796
102 1334 1467
103 588 669
104 492 2872
105 2971 3795
106 2009 3509
107 2713 2002
108 1407 1978
109 3268 231
110 2080 874
111 866 1498
112 840 969
113 3184 2533
114 1652 3674
115 4516 2638
116 394 1449
117 1978 1576
118 4091 3639
119 2150 744
120 2065 1678
121 10 3184
122 4001 2031
123 2871 129
124 3242 4363
125 1327 1975
126 3259 1105
127 861 3266
128 1692 346
129 3292 4230
130 2514 1998
131 2998 1913
132 1188 4320
133 2016 787
134 331 686
135 3848 2569
136 181 235
137 3110 1888
138 2800 2430
139 860 2165
140 4163 478
141 4098 4564
142 337 2976
143 1952 2749
144 1235 2474
145 426 666
146 3088 1374
147 3205 4414
148 3079 1222
149 3489 3389
150 738 3077
151 3856 75
152 2957 2126
153 3689 1079
154 3769 2061
155 4342 3227
156 465 492
157 3652 3413
158 3884 2034
159 2843 4345
160 1952 1870
161 73 1069
162 2934 1396
163 3071 3912
164 180 2838
165 4518 4060
166 2054 575
167 2965 2098
168 437 4275
169 12 2779
170 4458 3535
171 1527 1865
172 28 4224
173 2699 2375
174 2166 2092
175 1063 3827
176 2747 2533
177 79 259
178 2162 788
179 3928 1498
180 1207 357
181 3262 2121
182 2352 4142
183 1565 1944
184 3393 3949
185 3216 728
186 3745 2463
187 60 932
188 4038 1819
189 1656 3826
190 726 3759
191 645 1173
192 2632 250
193 1345 3825
194 654 2745
195 3694 1010
196 4386 2719
197 2393 1540
198 1712 2573
199 3445 3253
200 639 1677
201 1629 3906
202 4071 1948
203 286 684
204 1639 2728
205 2435 3409
206 2641 3756
207 2891 671
208 54 1069
209 3933 4402
210 4189 1914
211 2901 3692
212 474 1603
213 1512 1013
214 861 4308
215 3628 4053
216 4045 2802
217 1024 1635
218 68 1206
219 2928 1793
220 1242 3715
221 3103 2872
222 2401 1726
223 2580 2451
224 1253 3601
225 1824 2386
226 40 3538
227 1687 2060
228 3286 4205
229 3271 2326
230 981 3207
231 536 4344
232 4302 3095
233 1864 34
234 3638 816
235 3742 875
236 2232 4123
237 3219 1803
238 1848 231
239 1773 257
240 1204 676
241 409 482
242 3449 520
243 3582 2858
244 110 3477
245 351 535
246 1564 1394
247 552 750
248 673 30
249 2999 3743
250 1372 487
251 1100 2547
252 2647 1208
253 831 2880
254 1141 182
255 2814 4290
256 1123 2874
257 456 3806
258 3566 152
259 3354 3325
260 4304 299
261 3747 2926
262 1877 123
263 522 1785
264 1669 4356
265 4098 1532
266 2481 3624
267 2117 2797
268 4527 933
269 3066 4288
270 210 1620
271 844 3095
272 876 500
273 436 728
274 3023 1952
275 3739 4228
276 4256 4157
277 4565 3151
278 2514 2013
279 687 4225
280 3863 3441
281 2435 1985
282 3019 2844
283 576 2602
284 1661 4158
285 1048 4285
286 2549 3712
287 3536 1680
288 4334 1613
289 320 3322
290 3445 775
291 1724 2961
292 1492 1938
293 2310 4079
294 3063 2003
295 888 3027
296 3157 3958
297 677 2386
298 3378 4378
299 2795 1118
300 983 3626
301 2666 430
302 48 3976
303 2900 1674
304 2547 3137
305 2353 1666
306 981 3535
307 3040 4235
308 3778 1384
309 1778 2526
310 3661 1746
311 1348 2701
312 237 4463
313 4441 3109
314 712 1335
315 207 3266
316 2729 1468
317 4275 4067
318 3426 2852
319 4258 3665
320 3498 688
321 1139 3416
322 2928 1007
323 3100 1024
324 3048 1346
325 124 735
326 1983 4258
327 4125 2927
328 1245 1521
329 331 812
330 1083 1995
331 1347 3782
332 1222 3949
333 3828 4545
334 3340 3696
335 4173 295
336 117 2381
337 4156 1816
338 4197 2932
339 2268 3540
340 3596 1697
341 1347 2581
342 3837 306
343 3299 5
344 4174 3321
345 3088 4383
346 2743 3069
347 1421 3170
348 814 4552
349 2231 3440
350 2470 1410
351 1822 666
352 2264 2088
353 1421 3896
354 1033 3689
355 3524 2575
356 3804 4113
357 1027 4330
358 1871 1081
359 134 1351
360 2557 3906
361 1532 4506
362 3718 4189
363 3600 111
364 719 2451
365 3448 2408
366 3268 1401
367 2112 2142
368 2412 830
369 4185 2275
370 3159 3593
371 311 3145
372 2940 600
373 813 3106
374 2993 2412
375 842 2639
376 3072 581
377 3484 1860
378 1802 324
379 1515 3620
380 4152 2315
381 3020 3956
382 3388 3633
383 1868 3281
384 1605 2890
385 3904 1119
386 1790 4420
387 938 1542
388 485 4020
389 58 676
390 951 36
391 4337 2297
392 351 2370
393 1537 989
394 691 2294
395 1332 3393
396 4524 797
397 3336 4541
398 1033 2627
399 3644 1600
400 3333 2197
401 2673 1561
402 3959 3961
403 288 2935
404 2156 3855
405 4184 3453
406 2974 970
407 1548 4514
408 2171 262
409 3493 1947
410 57 1766
411 4250 4027
412 1581 822
413 3711 1477
414 306 1174
415 4248 377
416 600 1290
417 291 1018
418 1204 1470
419 525 2988
420 3187 1308
421 1054 4219
422 119 1443
423 1288 4076
424 4266 4551
425 4165 4082
426 125 2469
427 372 3730
428 529 4105
429 389 513
430 4303 4205
431 869 1073
432 2565 4508
433 292 773
434 879 2136
435 1085 896
436 476 1619
437 3655 3413
438 716 2937
439 496 3769
440 1024 3707
441 640 2252
442 112 2689
443 18 1904
444 3672 2687
445 3267 2905
446 4516 1293
447 1672 2551
448 999 3506
449 903 4519
450 1748 1135
451 1004 2396
452 4066 3467
453 4401 3107
454 3727 3727
455 1062 2323
456 3767 929
457 3658 528
458 566 4409
459 1636 701
460 592 331
461 208 845
462 571 1751
463 1493 1073
464 3148 3116
465 1069 2998
466 1568 1910
467 4266 706
468 2817 430
469 996 3115
470 1858 1996
471 686 4232
472 1856 446
473 372 3835
474 4137 3393
475 3277 4245
476 3832 266
477 4104 4103
478 1784 992
479 3133 4017
480 1104 1609
481 2012 3069
482 3996 908
483 2987 2494
484 3301 1600
485 1005 313
486 4310 2637
487 4255 1474
488 3922 2936
489 1503 355
490 1776 2118
491 2592 352
492 2519 2955
493 4259 4245
494 1296 460
495 1409 3227
496 3213 2851
497 327 971
498 4098 4399
499 4149 353
500 48 3378
501 1335 793
502 3334 533
503 1768 2487
504 4219 963
505 213 3527
506 249 4522
507 628 3994
508 1935 1522
509 4408 2053
510 4176 3740
511 561 1663
512 3444 1816
513 1009 2162
514 1282 958
515 3638 4114
516 3743 3195
517 4185 3819
518 92 4181
519 1886 179
520 3337 1826
521 1081 3239
522 1524 640
523 1823 805
524 668 1490
525 642 2955
526 3110 2850
527 3752 3476
528 3562 4415
529 4426 19
530 1632 4251
531 2294 3511
532 877 3293
533 4109 1147
534 2422 594
535 2951 3140
536 1200 136
537 2597 2387
538 535 4043
539 3415 4353
540 1308 2602
541 1248 2537
542 1252 4203
543 714 2636
544 193 3101
545 2526 3164
546 4099 1111
547 4348 1623
548 4014 3926
549 3290 2890
550 2668 318
551 2912 2097
552 2511 4463
553 1641 151
554 3363 9
555 3700 1981
556 1986 4067
557 4534 254
558 749 3421
559 4414 4225
560 1549 486
561 1008 4349
562 2158 348
563 2939 2822
564 4536 247
565 3847 3968
566 4419 2330
567 2328 1998
568 712 3102
569 3493 3371
570 1473 4155
571 575 2837
572 1045 1550
573 2726 2538
574 4301 2838
575 1551 30
576 3800 986
577 163 3209
578 1210 4551
579 2280 422
580 2397 2142
581 262 3950
582 1121 3180
583 2921 3641
584 827 2102
585 442 1461
586 2825 3029
587 1458 1223
588 51 3212
589 4034 2870
590 3000 3914
591 2739 4427
592 2547 124
593 2560 230
594 4188 4063
595 3853 2739
596 3010 3796
597 3778 4037
598 2032 881
599 664 4444
600 411 946
601 1542 2191
602 2219 4380
603 3451 1869
604 1460 1418
605 2120 1711
606 4437 3450
607 1467 216
608 3424 3586
609 3123 1325
610 2329 1965
611 4172 4017
612 2860 2656
613 2731 3169
614 2475 3949
615 2509 2343
616 2575 2383
617 1301 2712
618 1131 596
619 3259 785
620 1812 4044
621 4400 4165
622 3820 384
623 3760 1921
624 3131 4371
625 2848 1008
626 446 4358
627 3146 1250
628 3891 303
629 1444 366
630 1335 969
631 3634 2492
632 627 2597
633 1852 1026
634 30 3806
635 200 519
636 870 3265
637 2964 3942
638 3032 1146
639 754 857
640 39 1851
641 4227 774
642 1568 2662
643 1840 2544
644 3687 24
645 1166 69
646 384 4062
647 1834 2979
648 1013 4146
649 1476 4354
650 3729 3877
651 3895 247
652 1624 4435
653 3650 951
654 619 3712
655 693 1784
656 311 4008
657 2886 2871
658 3928 4246
659 3159 1253
660 4514 3892
661 1631 2225
662 4176 3862
663 3645 749
664 1252 3709
665 2287 935
666 1644 3512
667 3725 4226
668 3380 1001
669 1546 3539
670 4133 1291
671 45 738
672 2641 3898
673 3537 4377
674 3294 342
675 1245 1066
676 3499 2074
677 959 1512
678 1094 48
679 715 68
680 3544 544
681 216 1153
682 4257 4544
683 1610 3420
684 1087 4157
685 1695 1852
686 1065 3826
687 129 1854
688 4373 1631
689 1012 3900
690 4346 2605
691 3556 1515
692 1774 1706
693 1103 265
694 1364 4360
695 2578 4160
696 3395 280
697 4164 4096
698 4320 3362
699 4417 2919
700 4292 1035
701 2180 3611
702 1527 2782
703 4201 1318
704 2287 676
705 3793 1684
706 1618 4315
707 1106 3428
708 1357 4141
709 942 2452
710 3608 4039
711 87 2955
712 1869 2668
713 903 465
714 1260 3069
715 4129 4535
716 3697 305
717 1122 2904
718 235 3246
719 3645 1862
720 3188 176
721 4362 1060
722 2445 2449
723 553 1141
724 2923 4075
725 77 2199
726 872 3733
727 423 3621
728 141 897
729 776 1651
730 2641 2103
731 2247 3592
732 1586 290
733 1933 3813
734 3830 1066
735 922 4394
736 3401 300
737 489 1643
738 1684 4490
739 1257 3996
740 1230 342
741 383 3626
742 461 2647
743 3560 810
744 2612 2892
745 454 66
746 2085 1821
747 1333 2054
748 2692 2568
749 3397 3592
750 2004 1818
751 4121 3436
752 2471 2240
753 1358 1571
754 2423 324
755 2956 2689
756 1065 1157
757 664 4025
758 1871 1352
759 619 286
760 3196 2334
761 2579 1127
762 1449 1932
763 2093 3759
764 483 2159
765 3561 1905
766 4053 4179
767 4210 3841
768 1611 3641
769 153 1389
770 2174 1036
771 4210 3602
772 4414 4291
773 1222 1542
774 4366 1879
775 2931 2979
776 3601 834
777 2249 1966
778 3040 493
779 1724 905
780 791 3471
781 1190 728
782 3004 2063
783 3913 3294
784 2247 3174
785 2929 2399
786 2013 1574
787 3963 4488
788 2675 3284
789 3080 4317
790 3192 3055
791 2376 4109
792 1855 3262
793 2867 2805
794 4468 817
795 3149 2053
796 3532 2791
797 1119 2892
798 893 3777
799 1765 1455
800 2121 532
801 2073 729
802 2107 1363
803 2216 1183
804 1947 2522
805 1173 731
806 3287 2834
807 3365 3203
808 765 4135
809 192 928
810 777 2231
811 3546 3343
812 1149 2783
813 4330 1383
814 985 2270
815 4263 2287
816 1424 4018
817 3622 2403
818 842 2747
819 1686 4525
820 856 610
821 4090 2866
822 218 3645
823 4564 1757
824 4031 1232
825 2179 501
826 3609 178
827 1932 556
828 2243 1007
829 1154 3754
830 1070 3327
831 3020 4044
832 4347 3998
833 1402 1367
834 1720 1849
835 1578 2140
836 1251 968
837 621 3825
838 798 3934
839 450 2465
840 1849 4050
841 3013 2752
842 746 2159
843 814 585
844 1136 2951
845 916 3146
846 2498 1167
847 3737 924
848 3820 903
849 4447 1561
850 434 3062
851 3034 3462
852 2082 4247
853 3908 4371
854 918 3611
855 1824 1627
856 3587 3276
857 3726 3637
858 3372 4110
859 2204 1694
860 3736 3652
861 1512 1135
862 1046 3624
863 244 473
864 4355 3871
865 1218 98
866 809 765
867 3686 61
868 1727 1428
869 4183 3882
870 2366 153
871 1588 2867
872 3559 2093
873 2278 2981
874 4165 1868
875 911 233
876 3909 3742
877 1555 155
878 4514 3171
879 2017 833
880 3773 3230
881 4522 4082
882 4209 4413
883 2325 1523
884 235 3572
885 3870 3274
886 4466 3103
887 1387 1859
888 3870 2376
889 3476 682
890 3253 3335
891 4276 2981
892 4092 2642
893 1157 1934
894 1415 3564
895 2091 1340
896 2340 1023
897 467 1638
898 1848 2850
899 1912 348
900 878 694
901 2325 4314
902 3201 3624
903 910 1601
904 3723 4008
905 2927 2066
906 2776 1829
907 185 2646
908 3823 3032
909 3484 2932
910 4443 104
911 3019 3303
912 532 3337
913 288 803
914 4551 2229
915 2678 3940
916 234 1333
917 399 4275
918 4345 4167
919 4019 934
920 1755 1773
921 3863 1835
922 3184 2727
923 2769 3825
924 1290 1031
925 2505 460
926 2432 3165
927 1610 1638
928 2728 3567
929 2228 2783
930 842 1804
931 662 1160
932 2674 1344
933 4235 4301
934 410 958
935 1246 4562
936 2840 2170
937 1097 119
938 3146 618
939 3687 158
940 1700 590
941 2826 1046
942 813 954
943 3412 820
944 588 1486
945 3793 502
946 1867 2194
947 1424 4132
948 1307 1397
949 3192 1039
950 1283 49
951 3242 1561
952 2144 2809
953 1634 134
954 3435 2928
955 2563 186
956 4342 654
957 2965 598
958 1676 2102
959 3661 1268
960 1146 2456
961 1654 4459
962 1042 3145
963 3222 4105
964 1606 3963
965 4172 353
966 1356 3509
967 3535 3593
968 293 2322
969 2504 2162
970 807 1722
971 3193 3047
972 1814 3430
973 2164 447
974 3189 4449
975 985 2258
976 953 2947
977 3896 3157
978 2250 3530
979 903 426
980 13 4177
981 310 3613
982 1696 1936
983 2837 2220
984 1914 364
985 3792 432
986 3940 1904
987 3628 1391
988 3644 3007
989 1160 2003
990 3971 391
991 4308 3584
992 2019 1232
993 1823 2680
994 3022 574
995 1846 2774
996 86 1210
997 2960 1569
998 3145 3237
999 2244 2352
1000 372 1408
1001 2509 3737
1002 1549 2937
1003 1519 3648
1004 1973 1404
1005 2190 624
1006 957 515
1007 1546 882
1008 2771 4191
1009 2726 45
1010 4550 4339
1011 1559 4520
1012 149 607
1013 671 1091
1014 2521 3851
1015 1673 4065
1016 617 4144
1017 2513 1891
1018 400 2633
1019 1705 4176
1020 2861 3121
1021 4416 1660
1022 772 2279
1023 3843 1682
1024 1751 4559
1025 903 4500
1026 116 4178
1027 2056 2566
1028 1746 4365
1029 208 1443
1030 987 2358
1031 3658 267
1032 2461 603
1033 2256 2283
1034 2461 167
1035 1819 3098
1036 326 1527
1037 141 1400
1038 4462 3828
1039 2885 995
1040 2277 1347
1041 2073 3297
1042 1152 3061
1043 3398 2589
1044 1286 1797
1045 699 3521
1046 1033 4048
1047 3530 3340
1048 480 4455
1049 4023 3239
1050 1888 2304
1051 555 1826
1052 4542 935
1053 662 4570
1054 1471 2433
1055 3674 2709
1056 3990 1492
1057 3529 3600
1058 2817 2309
1059 677 1640
1060 1415 740
1061 4323 2949
1062 350 412
1063 2248 997
1064 933 1419
1065 2455 147
1066 192 350
1067 2335 4427
1068 3042 554
1069 1277 3040
1070 3089 2079
1071 1671 432
1072 1392 25
1073 1053 397
1074 1601 2370
1075 2295 981
1076 2655 1695
1077 3284 4568
1078 1752 344
1079 2709 422
1080 1053 2643
1081 1277 4417
1082 3326 2337
1083 488 994
1084 975 619
1085 3349 133
1086 3650 529
1087 4095 2774
1088 571 3598
1089 3298 3240
1090 3680 1263
1091 994 1607
1092 390 1616
1093 1981 3374
1094 237 1173
1095 4297 3969
1096 1296 462
1097 2696 115
1098 192 3956
1099 3209 1869
1100 685 3165
1101 4392 1579
1102 1833 802
1103 1041 4273
1104 920 3940
1105 679 4255
1106 2073 707
1107 4381 4152
1108 1589 2272
1109 1739 4361
1110 3510 3924
1111 3766 694
1112 3786 2725
1113 1278 4152
1114 78 3035
1115 1474 1090
1116 3850 2113
1117 4197 1714
1118 2215 1931
1119 2723 1439
1120 488 2945
1121 274 3228
1122 4057 3103
1123 2845 624
1124 404 3444
1125 812 2677
1126 2323 4182
1127 3497 4479
1128 1717 3815
1129 671 744
1130 3682 2659
1131 1128 3803
1132 3996 769
1133 4051 294
1134 1 4413
1135 1455 4228
1136 3561 2754
1137 3857 800
1138 2974 744
1139 3196 172
1140 333 2823
1141 4301 2690
1142 1688 450
1143 4017 4532
1144 3661 4489
1145 3786 828
1146 2333 4261
1147 3824 3420
1148 3900 448
1149 2948 2503
1150 3884 968
1151 2864 162
1152 3939 1183
1153 988 699
1154 1852 3428
1155 376 3316
1156 1975 3016
1157 2759 2714
1158 1040 3293
1159 1563 1177
1160 2355 2735
1161 542 3263
1162 1622 2278
1163 2358 670
1164 2760 1156
1165 4395 1346
1166 2586 1723
1167 1481 1585
1168 3216 3975
1169 4017 3718
1170 480 1702
1171 1859 1855
1172 11 748
1173 490 3477
1174 2701 330
1175 4227 2833
1176 2902 4370
1177 3651 855
1178 3897 191
1179 1380 2047
1180 4452 911
1181 463 2156
1182 4343 2225
1183 2136 1520
1184 862 1077
1185 932 30
1186 2988 1286
1187 2566 255
1188 711 2910
1189 963 3446
1190 2635 3396
1191 2882 3070
1192 3710 4082
1193 3016 3992
1194 2138 4403
1195 2809 3862
1196 3147 2542
1197 3780 3441
1198 2769 939
1199 2358 2543
1200 4140 281
1201 3289 3510
1202 4138 903
1203 3827 3399
1204 3647 3706
1205 2337 1165
1206 3485 2159
1207 2489 1320
1208 1063 2155
1209 1412 284
1210 2029 2163
1211 580 3623
1212 809 2324
1213 1052 3782
1214 393 808
1215 54 2399
1216 2925 3498
1217 2068 3703
1218 20 2195
1219 3560 637
1220 3256 4489
1221 1936 602
1222 1539 2138
1223 3042 1223
1224 3608 4462
1225 3891 2605
1226 3775 366
1227 3400 807
1228 291 3579
1229 1778 2615
1230 3306 789
1231 1875 3041
1232 233 1510
1233 3461 929
1234 983 1361
1235 1522 2353
1236 212 734
1237 138 1231
1238 538 3411
1239 2581 29
1240 4161 2640
1241 4072 954
1242 4244 3576
1243 3630 1434
1244 88 835
1245 1007 3244
1246 650 525
1247 4153 1585
1248 3082 2848
1249 1445 2387
1250 3440 3648
1251 3196 3397
1252 1427 3426
1253 2612 268
1254 3998 616
1255 1083 1530
1256 2550 41
1257 84 3007
1258 170 2454
1259 1596 2121
1260 363 243
1261 3650 2923
1262 1171 4134
1263 1270 137
1264 322 4134
1265 3651 3198
1266 4353 1178
1267 3750 2831
1268 4104 3282
1269 4369 1131
1270 715 3460
1271 4153 114
1272 2608 1821
1273 3029 471
1274 3230 1279
1275 4032 2912
1276 3722 615
1277 848 1316
1278 3472 1831
1279 3251 4328
1280 3084 3013
1281 4038 2354
1282 1234 2022
1283 968 228
1284 311 3417
1285 1142 2744
1286 3666 268
1287 4068 1961
1288 4487 1909
1289 1101 3412
1290 563 4234
1291 1329 4368
1292 2287 1786
1293 1285 1177
1294 2135 4352
1295 3681 2703
1296 2875 3504
1297 300 2712
1298 2063 350
1299 2155 3161
1300 504 388
1301 2314 2551
1302 4305 3574
1303 1066 834
1304 3201 2939
1305 1495 4467
1306 1155 3936
1307 3994 2117
1308 4338 1602
1309 655 4558
1310 2988 171
1311 1093 270
1312 2009 3744
1313 2326 3414
1314 103 157
1315 507 2218
1316 864 136
1317 3599 3420
1318 2998 2192
1319 339 49
1320 1 2442
1321 2304 2378
1322 2384 490
1323 844 664
1324 3095 393
1325 721 4448
1326 935 1291
1327 429 214
1328 2232 660
1329 1664 2900
1330 3658 3787
1331 974 1332
1332 17 4280
1333 653 2948
1334 4452 2345
1335 1331 327
1336 920 3544
1337 787 631
1338 4418 2271
1339 811 357
1340 2590 3399
1341 172 35
1342 1347 3583
1343 206 789
1344 1610 564
1345 2061 3478
1346 2520 2793
1347 528 3395
1348 4383 294
1349 3563 4153
1350 216 243
1351 2309 4361
1352 2184 2035
1353 269 1913
1354 1165 3848
1355 4071 4298
1356 1713 3078
1357 4544 1963
1358 1785 1263
1359 4568 763
1360 2988 873
1361 4186 4519
1362 744 2346
1363 2546 1797
1364 4547 3997
1365 2618 4007
1366 2225 1821
1367 364 867
1368 1785 2308
1369 2560 2956
1370 3031 1157
1371 1260 833
1372 1024 1373
1373 1036 2668
1374 3373 2943
1375 3556 3890
1376 186 1585
1377 4085 2355
1378 3711 4409
1379 1647 4152
1380 2682 4134
1381 2538 4124
1382 2346 2324
1383 2889 1053
1384 2397 2202
1385 1050 571
1386 3472 2967
1387 116 800
1388 517 4263
1389 3527 14
1390 3993 320
1391 1295 2964
1392 1718 1389
1393 1633 1079
1394 2867 2491
1395 1189 988
1396 3406 2626
1397 1958 3184
1398 2920 1373
1399 829 1372
1400 777 575
1401 3560 2242
1402 1838 456
1403 2635 1059
1404 1073 473
1405 2211 299
1406 1299 2498
1407 739 1113
1408 4059 2331
1409 1218 1748
1410 3136 604
1411 2581 3086
1412 1629 1642
1413 2467 1397
1414 3042 3845
1415 2 4041
1416 2257 325
1417 3461 4154
1418 1047 3666
1419 2050 3460
1420 2227 1823
1421 255 1539
1422 3412 3998
1423 4441 1202
1424 781 1354
1425 365 3256
1426 1633 3443
1427 3036 4138
1428 2291 2137
1429 1903 1387
1430 801 2269
1431 3492 4112
1432 123 2361
1433 2429 1787
1434 771 472
1435 4130 4238
1436 3726 640
1437 766 3281
1438 4517 3040
1439 69 1161
1440 2389 1775
1441 2665 1465
1442 4384 4136
1443 3166 1367
1444 623 2202
1445 1838 4295
1446 3978 3570
1447 1051 940
1448 28 2489
1449 625 3633
1450 457 2965
1451 3548 823
1452 858 875
1453 766 3690
1454 3919 3780
1455 758 3229
1456 542 2585
1457 4068 4561
1458 463 3302
1459 2404 3886
1460 4223 1049
1461 1551 1421
1462 4179 3104
1463 317 3437
1464 152 3664
1465 3498 755
1466 100 1069
1467 1484 2535
1468 1275 695
1469 1012 4024
1470 1469 1914
1471 3297 143
1472 2277 9
1473 2023 196
1474 2344 687
1475 1342 1385
1476 3295 4163
1477 1818 185
1478 366 4494
1479 2401 3429
1480 1898 3741
1481 494 238
1482 1026 559
1483 179 2386
1484 3698 2307
1485 1520 266
1486 1366 630
1487 2522 3431
1488 2586 435
1489 45 2737
1490 3214 512
1491 1633 3130
1492 1188 1331
1493 341 401
1494 1969 1353
1495 1212 1618
1496 756 3153
1497 1616 2440
1498 3551 1769
1499 2251 4500
1500 1615 1357
1501 3031 2964
1502 4563 1467
1503 456 2191
1504 1243 1356
1505 3926 4555
1506 1382 3016
1507 2294 519
1508 3696 2420
1509 116 3515
1510 1465 3144
1511 78 3692
1512 6 2581
1513 1541 2444
1514 960 3384
1515 1563 1263
1516 3208 2876
1517 3986 2906
1518 3423 4312
1519 278 422
1520 3484 1291
1521 1120 4226
1522 2610 759
1523 389 1414
1524 1556 3057
1525 3398 353
1526 245 180
1527 4268 1365
1528 3043 3728
1529 335 2216
1530 3811 3216
1531 3728 2299
1532 3842 2224
1533 2773 1652
1534 3015 4391
1535 3992 2637
1536 1041 559
1537 416 301
1538 958 2930
1539 947 379
1540 107 669
1541 3245 875
1542 3263 958
1543 3381 3491
1544 1317 3975
1545 2576 2339
1546 362 2774
1547 256 3160
1548 2882 3468
1549 831 3853
1550 1373 2859
1551 3287 3072
1552 250 4297
1553 3738 646
1554 1732 1025
1555 4026 1636
1556 328 2849
1557 3354 2185
1558 77 1631
1559 333 1159
1560 3891 3282
1561 4423 363
1562 3049 363
1563 536 4483
1564 2142 4016
1565 1098 1301
1566 873 2338
1567 2384 1044
1568 1527 1162
1569 2254 951
1570 91 1713
1571 151 3694
1572 1071 3724
1573 556 2921
1574 1311 3604
1575 2209 359
1576 1761 1076
1577 517 3829
1578 1229 318
1579 2864 1192
1580 1308 63
1581 1885 2591
1582 3662 686
1583 2093 79
1584 3167 2909
1585 1664 1552
1586 3221 1650
1587 3071 1007
1588 2081 3796
1589 766 4132
1590 2192 508
1591 1209 3708
1592 2853 3158
1593 4501 2854
1594 3091 3770
1595 1347 2438
1596 1738 984
1597 1541 3462
1598 4078 2570
1599 492 2661
1600 2895 4035
1601 2259 2861
1602 2810 1869
1603 180 2155
1604 4089 16
1605 796 814
1606 736 4159
1607 2846 3641
1608 1498 3419
1609 302 4352
1610 2885 1837
1611 4180 4078
1612 426 3466
1613 1372 4296
1614 1575 4105
1615 4402 4106
1616 3899 841
1617 1259 1574
1618 1017 1853
1619 3655 188
1620 3371 4074
1621 1196 1752
1622 853 2650
1623 3093 2924
1624 1376 2804
1625 3780 1606
1626 2315 2266
1627 1561 146
1628 607 2208
1629 1947 206
1630 4522 2089
1631 3520 2480
1632 4225 3583
1633 4287 2048
1634 549 891
1635 93 3838
1636 201 484
1637 4012 3653
1638 1658 3720
1639 540 2507
1640 4043 3378
1641 2637 1684
1642 523 3572
1643 1669 1140
1644 3390 516
1645 3775 3883
1646 2779 31
1647 2315 57
1648 576 4482
1649 1640 351
1650 3110 4306
1651 96 181
1652 1872 2203
1653 1410 3978
1654 4370 2080
1655 2520 1517
1656 4360 3564
1657 2798 3369
1658 2548 2618
1659 2267 469
1660 3193 3497
1661 502 1450
1662 2799 4361
1663 2620 403
1664 3476 3689
1665 1937 214
1666 4144 4296
1667 3955 3449
1668 4412 1920
1669 2226 3376
1670 3857 3725
1671 3812 3289
1672 3429 1350
1673 2544 3961
1674 1049 2203
1675 41 1876
1676 3780 2796
1677 1761 1956
1678 3906 2359
1679 3537 2152
1680 809 43
1681 3818 3208
1682 1884 2882
1683 83 1649
1684 3280 153
1685 846 1797
1686 1659 67
1687 1034 1757
1688 3336 4109
1689 3989 840
1690 2166 2016
1691 1878 481
1692 3682 220
1693 4193 3833
1694 3734 264
1695 4548 1341
1696 2740 4105
1697 4411 2517
1698 1238 436
1699 1684 1481
1700 176 777
1701 1514 1500
1702 3662 703
1703 324 2742
1704 1712 1181
1705 3064 4390
1706 3449 3890
1707 1332 3971
1708 3195 158
1709 1368 2572
1710 3484 4128
1711 3960 1324
1712 491 3830
1713 2340 3657
1714 1538 251
1715 1725 1022
1716 3034 1788
1717 2392 1807
1718 3366 2107
1719 519 2564
1720 3981 1211
1721 4100 4559
1722 2220 3436
1723 1482 2268
1724 2727 339
1725 2065 547
1726 336 2405
1727 3472 624
1728 3770 353
1729 739 1520
1730 4222 3969
1731 1138 2557
1732 943 3763
1733 25 2115
1734 851 1438
1735 3168 1849
1736 510 935
1737 2231 1187
1738 2476 4535
1739 1891 3212
1740 1339 3408
1741 4405 2542
1742 1938 179
1743 1372 4208
1744 1884 4292
1745 2008 3232
1746 4373 3997
1747 2014 2756
1748 703 3732
1749 140 1122
1750 1417 3344
1751 1742 2417
1752 2395 2682
1753 216 1098
1754 1863 1055
1755 4063 4461
1756 2097 1558
1757 1104 1165
1758 1999 2439
1759 2357 1608
1760 1073 548
1761 124 824
1762 3752 234
1763 3710 265
1764 3878 3540
1765 42 1391
1766 1672 1682
1767 3022 4268
1768 324 667
1769 2309 1271
1770 907 1937
1771 2975 1853
1772 591 162
1773 2420 4366
1774 3143 1829
1775 2362 3292
1776 104 232
1777 3496 794
1778 3891 3082
1779 616 269
1780 3880 1488
1781 2327 2549
1782 1112 3149
1783 1238 3248
1784 2700 1504
1785 4349 2554
1786 2145 3876
1787 1570 782
1788 3222 366
1789 274 1891
1790 178 3832
1791 717 1181
1792 193 989
1793 4527 3688
1794 3080 2332
1795 1991 7
1796 1136 1469
1797 2727 1184
1798 4349 4428
1799 1598 287
1800 1313 3010
1801 3667 2079
1802 2634 359
1803 154 253
1804 2890 1227
1805 2571 1064
1806 2175 126
1807 147 2879
1808 2762 712
1809 1689 1668
1810 3173 1294
1811 4442 1027
1812 1535 40
1813 3043 1645
1814 1281 3568
1815 551 4316
1816 3330 915
1817 3667 846
1818 2220 2283
1819 3111 2796
1820 3302 4384
1821 1214 145
1822 4266 2810
1823 4533 3473
1824 986 3664
1825 300 2
1826 2003 171
1827 1165 1498
1828 2035 3143
1829 2002 1452
1830 1416 79
1831 2508 1927
1832 2421 2670
1833 1664 3723
1834 2073 2169
1835 35 1442
1836 2252 1802
1837 977 1263
1838 2910 263
1839 537 803
1840 403 1424
1841 1051 144
1842 290 529
1843 2460 6
1844 484 241
1845 4400 1994
1846 1099 3974
1847 1565 2203
1848 2282 2261
1849 265 1944
1850 2361 2266
1851 3650 2668
1852 3768 2516
1853 2108 2050
1854 3481 2840
1855 4177 3818
1856 3649 303
1857 3115 610
1858 758 3839
1859 4520 4013
1860 3302 3116
1861 3600 2497
1862 1017 1545
1863 2117 1031
1864 2252 45
1865 2016 2085
1866 2340 2491
1867 1978 432
1868 1395 4331
1869 225 217
1870 1981 190
1871 2098 1368
1872 637 3068
1873 2595 770
1874 2114 6
1875 1582 3895
1876 1074 2503
1877 2045 4502
1878 3965 285
1879 477 2295
1880 3337 419
1881 368 3116
1882 2498 2571
1883 3157 586
1884 1819 50
1885 1582 2691
1886 313 3939
1887 2617 1777
1888 3467 4369
1889 104 2306
1890 2155 1689
1891 2753 1918
1892 1321 78
1893 1441 486
1894 1035 3022
1895 4035 479
1896 2863 1218
1897 862 1069
1898 1639 4472
1899 437 254
1900 2697 4015
1901 225 1984
1902 1707 2768
1903 4515 2409
1904 2373 3671
1905 88 3185
1906 4481 841
1907 696 2320
1908 3314 1554
1909 2659 1280
1910 4483 1793
1911 3740 398
1912 3713 525
1913 722 1193
1914 2905 49
1915 1940 870
1916 2677 379
1917 1614 606
1918 3038 433
1919 2380 2601
1920 1414 1465
1921 2365 1447
1922 1084 3808
1923 3721 1393
1924 1960 2294
1925 482 1067
1926 3486 4489
1927 837 4269
1928 1301 2016
1929 3139 2684
1930 852 2457
1931 3914 1267
1932 1293 1740
1933 3565 4154
1934 4068 2153
1935 2561 3659
1936 287 820
1937 668 3573
1938 2789 3811
1939 2140 2749
1940 2980 142
1941 332 137
1942 1484 4418
1943 2980 338
1944 2623 1250
1945 3761 1804
1946 2736 2585
1947 3763 4486
1948 528 427
1949 48 22
1950 1993 3036
1951 2641 502
1952 1138 483
1953 1602 2410
1954 2690 3896
1955 2690 4389
1956 1605 869
1957 768 4201
1958 2463 3933
1959 4494 3128
1960 3414 160
1961 1193 1693
1962 1198 4162
1963 733 375
1964 1796 4182
1965 1794 3877
1966 1466 1985
1967 2046 2953
1968 2429 3237
1969 1895 797
1970 2793 890
1971 234 3949
1972 3874 1353
1973 3303 1544
1974 266 3738
1975 82 257
1976 3409 145
1977 1662 2557
1978 3817 1682
1979 573 2045
1980 4387 2811
1981 1198 3267
1982 2341 727
1983 1357 1510
1984 2835 737
1985 3566 3885
1986 306 2901
1987 3726 3375
1988 772 3289
1989 1129 2602
1990 4551 1332
1991 3788 1831
1992 3236 615
1993 3754 3896
1994 2779 920
1995 176 3286
1996 118 3088
1997 2069 4093
1998 452 4005
1999 4550 800
2000 3476 3941
2001 990 3972
2002 4460 4232
2003 1887 455
2004 995 1811
2005 1090 3396
2006 2675 245
2007 4172 3204
2008 2951 1228
2009 1428 4512
2010 3748 1432
2011 3717 2874
2012 3091 4454
2013 575 2415
2014 544 3440
2015 1494 4408
2016 2570 1980
2017 3751 4125
2018 4424 2886
2019 1318 1079
2020 1197 660
2021 2389 24
2022 3842 800
2023 1551 1702
2024 1268 1884
2025 2390 4058
2026 3023 2681
2027 4278 3113
2028 1652 2799
2029 508 2731
2030 4122 4268
2031 3730 3401
2032 2337 1734
2033 859 4375
2034 3626 3577
2035 639 3187
2036 4269 1589
2037 1155 3148
2038 4092 3228
2039 412 1971
2040 1579 495
2041 4375 708
2042 4356 2479
2043 2127 3710
2044 1862 4179
2045 3269 2809
2046 3323 934
2047 2566 736
2048 1316 4303
2049 1103 1040
2050 3030 1006
2051 4101 3681
2052 3397 469
2053 4157 3671
2054 2352 760
2055 276 711
2056 4475 3582
2057 2818 3408
2058 3589 1557
2059 3261 215
2060 1531 1188
2061 3491 1951
2062 3763 4515
2063 386 1345
2064 2051 332
2065 4072 1207
2066 1816 1935
2067 3401 3668
2068 3349 1879
2069 2158 1709
2070 3348 4037
2071 2499 1165
2072 739 1187
2073 3797 1344
2074 4018 4346
2075 3359 2405
2076 3248 2705
2077 1001 1092
2078 234 3142
2079 2191 2989
2080 1166 1332
2081 4049 4358
2082 2047 3893
2083 1993 3992
2084 2980 3739
2085 352 2805
2086 1757 755
2087 1237 183
2088 425 3433
2089 1175 2058
2090 348 4485
2091 717 2192
2092 1355 2594
2093 2567 4254
2094 3248 22
2095 1887 1610
2096 2303 775
2097 3619 3245
2098 3227 1202
2099 4489 2121
2100 3590 1978
2101 2417 2659
2102 393 2823
2103 3178 1160
2104 763 854
2105 4025 3250
2106 4560 3105
2107 3152 1823
2108 3332 3423
2109 2652 3384
2110 2569 3614
2111 3676 4262
2112 856 3077
2113 838 2072
2114 3948 3355
2115 3630 2843
2116 2798 2690
2117 2056 62
2118 1838 3778
2119 3914 1101
2120 1432 1054
2121 1621 460
2122 2542 1242
2123 4371 3278
2124 50 1102
2125 323 2659
2126 2225 1671
2127 670 135
2128 1566 3761
2129 1288 2106
2130 243 1375
2131 1675 3778
2132 3784 3854
2133 1372 782
2134 2421 75
2135 3213 2772
2136 2320 2738
2137 685 3694
2138 4360 2073
2139 698 595
2140 91 2482
2141 4512 1759
2142 1442 3922
2143 68 1783
2144 2480 151
2145 1452 3131
2146 167 1455
2147 4279 4518
2148 2252 3694
2149 2411 3763
2150 4270 1008
2151 1221 1775
2152 3427 293
2153 1851 2519
2154 16 4113
2155 3326 2713
2156 4565 4063
2157 2018 4236
2158 4568 168
2159 3325 3118
2160 3315 1970
2161 767 440
2162 1632 3570
2163 2987 1279
2164 147 1457
2165 1134 437
2166 243 513
2167 4490 1807
2168 392 3613
2169 1902 4077
2170 4467 3447
2171 1656 27
2172 3317 4050
2173 975 1560
2174 3571 2187
2175 799 2358
2176 3219 229
2177 3281 98
2178 3096 4488
2179 1879 4501
2180 3415 3542
2181 3360 2054
2182 2708 12
2183 3232 3189
2184 442 768
2185 676 1101
2186 454 4429
2187 1514 75
2188 3906 991
2189 1097 2005
2190 2341 1826
2191 2290 1929
2192 3008 3685
2193 3067 561
2194 4348 2438
2195 845 4426
2196 1390 2105
2197 1919 977
2198 1052 57
2199 3983 3647
2200 2554 2925
2201 2523 888
2202 4035 625
2203 647 3322
2204 1848 4277
2205 3597 208
2206 3086 3772
2207 2710 3994
2208 2151 3063
2209 1820 1921
2210 4170 1584
2211 2392 951
2212 1895 4035
2213 2614 4036
2214 4174 329
2215 1405 2876
2216 1342 202
2217 360 112
2218 2842 3005
2219 1750 3746
2220 453 17
2221 2045 3815
2222 2434 1920
2223 4155 2767
2224 2566 1584
2225 2734 4342
2226 2672 649
2227 265 4304
2228 2950 4314
2229 491 1412
2230 228 3428
2231 2018 4100
2232 3008 1242
2233 2310 875
2234 4115 4167
2235 2551 3423
2236 907 1206
2237 1425 3046
2238 2914 3005
2239 743 4355
2240 251 383
2241 4376 2720
2242 514 1275
2243 3758 46
2244 3559 2741
2245 559 1645
2246 1546 1163
2247 467 1819
2248 1714 2782
2249 493 782
2250 1933 1088
2251 4172 2609
2252 2272 4363
2253 3653 1129
2254 1477 2970
2255 2916 1571
2256 2793 160
2257 3 386
2258 3475 1217
2259 1252 1574
2260 4397 916
2261 2415 2652
2262 1951 1974
2263 919 3201
2264 3982 2581
2265 681 528
2266 3860 2902
2267 1990 3532
2268 3041 1681
2269 1444 2146
2270 1753 680
2271 1658 672
2272 1944 4096
2273 1095 747
2274 3398 3388
2275 1244 3738
2276 221 4476
2277 1811 3983
2278 2625 1277
2279 236 2120
2280 504 3216
2281 1783 2443
2282 4296 1048
2283 1678 1252
2284 1821 89
2285 1265 3351
2286 2570 4045
2287 2825 4539
2288 1041 1229
2289 3907 4275
2290 1815 2244
2291 3472 2586
2292 391 4138
2293 3676 2930
2294 46 417
2295 1791 2104
2296 4250 3716
2297 1191 2026
2298 3542 4374
2299 53 1163
2300 3554 2969
2301 2618 3630
2302 3309 266
2303 399 4318
2304 2856 1360
2305 64 3833
2306 808 2744
2307 2707 705
2308 2319 3795
2309 2187 2988
2310 1065 4443
2311 1649 971
2312 2440 344
2313 807 1757
2314 1669 2578
2315 2769 3047
2316 3376 2572
2317 1258 1167
2318 2344 3093
2319 3228 3042
2320 2685 3937
2321 1748 3835
2322 3787 2170
2323 126 2655
2324 1977 3018
2325 4490 2377
2326 2484 3817
2327 830 68
2328 2244 3318
2329 4035 1858
2330 3093 1984
2331 500 3310
2332 1202 2773
2333 2016 3362
2334 933 2556
2335 3722 368
2336 2843 4084
2337 4359 1867
2338 3237 2961
2339 4191 2035
2340 891 3957
2341 175 3966
2342 3113 1063
2343 3745 4267
2344 1899 1807
2345 2842 3405
2346 4414 2698
2347 342 1887
2348 3188 2441
2349 1308 3981
2350 3898 4532
2351 16 4054
2352 4298 1739
2353 1004 1717
2354 3670 3669
2355 18 3559
2356 2257 645
2357 3178 781
2358 75 2404
2359 698 579
2360 1310 2730
2361 4405 2202
2362 2786 941
2363 3644 3696
2364 1208 3707
2365 2393 4451
2366 2122 1100
2367 2003 3213
2368 2101 3217
2369 4566 1901
2370 4018 417
2371 2858 200
2372 2579 294
2373 1511 3427
2374 3199 3272
2375 3668 59
2376 2830 2652
2377 2908 3269
2378 4271 2658
2379 4454 2699
2380 961 2140
2381 2445 2480
2382 3084 186
2383 896 1961
2384 2114 2920
2385 4244 233
2386 4544 1390
2387 3934 4406
2388 1581 3558
2389 2968 1288
2390 792 2796
2391 1384 563
2392 2895 1400
2393 163 2562
2394 1773 770
2395 3326 174
2396 771 2697
2397 1595 1204
2398 1782 1262
2399 1221 3274
2400 487 3083
2401 2984 3744
2402 3725 967
2403 879 1719
2404 2993 1414
2405 3907 1330
2406 3001 2249
2407 458 4159
2408 1164 1379
2409 3270 684
2410 3236 4049
2411 3431 3945
2412 2866 1440
2413 790 1497
2414 3002 595
2415 2536 4516
2416 4181 157
2417 4457 2036
2418 3703 1019
2419 1622 3962
2420 735 1913
2421 2182 4465
2422 3805 3586
2423 979 2730
2424 3537 672
2425 2546 2881
2426 1884 2892
2427 2191 177
2428 1321 2358
2429 3934 1299
2430 2064 2719
2431 1668 454
2432 4322 4550
2433 3908 736
2434 1040 1766
2435 4555 3633
2436 3428 1872
2437 941 3323
2438 1521 988
2439 3414 3841
2440 76 2955
2441 3517 3005
2442 635 2772
2443 1205 635
2444 4035 2783
2445 3498 1637
2446 4075 2155
2447 2726 1534
2448 4400 3290
2449 3433 2533
2450 435 3333
2451 768 553
2452 3079 1472
2453 258 4317
2454 3378 2250
2455 3263 2544
2456 3907 3787
2457 4067 1884
2458 717 704
2459 1668 779
2460 59 4185
2461 353 4392
2462 3220 915
2463 963 3453
2464 1989 4260
2465 2053 1049
2466 330 1862
2467 790 306
2468 270 1135
2469 3259 226
2470 4225 3601
2471 3990 1986
2472 65 530
2473 4357 3440
2474 21 417
2475 4382 4164
2476 4514 1371
2477 2897 1606
2478 1818 141
2479 1927 768
2480 900 3441
2481 288 1362
2482 1953 4098
2483 4054 1309
2484 261 1531
2485 3876 1410
2486 3252 1953
2487 3314 1161
2488 3555 3725
2489 696 3305
2490 98 975
2491 4400 274
2492 2983 2430
2493 4302 4452
2494 1276 3890
2495 1632 3813
2496 586 69
2497 157 2594
2498 276 647
2499 1234 156
2500 3955 2119
2501 2884 3036
2502 1755 3943
2503 3124 2591
2504 4306 2864
2505 810 205
2506 718 2805
2507 171 1179
2508 215 4218
2509 17 3566
2510 445 865
2511 4054 2728
2512 4403 532
2513 4396 57
2514 1418 3314
2515 109 765
2516 212 269
2517 3336 3460
2518 3038 3962
2519 4135 1630
2520 3931 2172
2521 991 2079
2522 2975 1671
2523 3454 1863
2524 2725 2381
2525 3711 356
2526 1056 2520
2527 2851 317
2528 2985 3103
2529 2076 610
2530 1452 962
2531 2710 3674
2532 952 500
2533 4433 2572
2534 4148 2333
2535 3648 952
2536 365 3108
2537 488 218
2538 154 1606
2539 3539 60
2540 1876 1174
2541 119 876
2542 3834 381
2543 1205 3694
2544 1566 2508
2545 2720 493
2546 3028 2875
2547 1531 2257
2548 3719 4565
2549 1527 1116
2550 1906 3857
2551 803 2869
2552 1572 2806
2553 145 1938
2554 2035 422
2555 694 3060
2556 4506 2861
2557 2892 560
2558 138 1827
2559 4134 4341
2560 1019 1302
2561 1408 1370
2562 1762 3754
2563 2379 997
2564 2474 4543
2565 2164 4482
2566 2044 987
2567 3482 289
2568 3572 2437
2569 2204 1696
2570 3002 2642
2571 916 3401
2572 3855 33
2573 2774 4058
2574 2490 4224
2575 4102 4176
2576 3887 2386
2577 3855 4203
2578 2960 1999
2579 743 4113
2580 1210 3457
2581 1679 3649
2582 2482 2128
2583 890 2581
2584 1719 2739
2585 589 2388
2586 225 4335
2587 4454 1720
2588 2513 794
2589 2703 3943
2590 3348 1051
2591 1541 182
2592 4462 2001
2593 2788 890
2594 2559 3501
2595 1633 977
2596 3351 783
2597 695 4157
2598 912 1003
2599 890 1247
2600 1494 3141
2601 2873 3194
2602 2119 2932
2603 4256 2081
2604 3959 4356
2605 1768 3459
2606 289 3877
2607 274 1233
2608 2594 3540
2609 2348 907
2610 1619 2582
2611 2757 4322
2612 1057 34
2613 2112 151
2614 923 2717
2615 4044 3474
2616 3923 4095
2617 4419 1814
2618 3163 342
2619 555 4495
2620 1188 3367
2621 2110 4471
2622 2917 3659
2623 4506 2229
2624 3593 723
2625 4383 874
2626 1746 4165
2627 2204 3670
2628 1866 4291
2629 1189 2674
2630 531 28
2631 2155 1697
2632 1876 4062
2633 2863 2150
2634 2955 2949
2635 3782 4041
2636 4128 3655
2637 465 460
2638 3782 1082
2639 2776 722
2640 3060 4337
2641 765 501
2642 4321 51
2643 3012 1989
2644 4385 1613
2645 3043 1450
2646 3646 3101
2647 4128 238
2648 2048 1751
2649 357 1277
2650 865 3234
2651 2677 880
2652 3081 2933
2653 2750 1802
2654 2891 2084
2655 1506 126
2656 2837 1788
2657 909 1130
2658 3689 225
2659 1693 2663
2660 2765 3934
2661 1359 771
2662 1021 2173
2663 1747 2283
2664 646 4478
2665 2105 1691
2666 2939 4282
2667 1529 3951
2668 2949 1492
2669 334 2909
2670 22 256
2671 2928 4271
2672 3416 3580
2673 1238 1846
2674 2332 3884
2675 1949 4242
2676 506 1364
2677 457 431
2678 2237 1095
2679 789 2389
2680 3230 843
2681 1876 2175
2682 4298 2956
2683 1991 2096
2684 4273 2885
2685 4365 2835
2686 851 3584
2687 1195 679
2688 3946 4512
2689 452 3363
2690 3278 990
2691 1053 4137
2692 1998 299
2693 2367 4096
2694 2940 2070
2695 603 1655
2696 980 213
2697 2522 3824
2698 1393 2832
2699 2985 614
2700 125 4104
2701 2404 2270
2702 907 3139
2703 3090 2472
2704 4464 4205
2705 986 1126
2706 1746 1148
2707 1131 1048
2708 3479 2035
2709 4488 1795
2710 100 301
2711 2377 2377
2712 555 820
2713 3823 1000
2714 1142 3602
2715 2258 2206
2716 3521 3942
2717 3246 3435
2718 1619 4385
2719 1191 1895
2720 4442 3298
2721 1521 3588
2722 1088 160
2723 1676 2456
2724 1299 531
2725 2705 2691
2726 2617 3831
2727 3110 4250
2728 4155 1145
2729 4044 3313
2730 1095 1748
2731 4061 2408
2732 270 3676
2733 2795 2600
2734 4187 439
2735 4501 2302
2736 2780 3460
2737 3695 996
2738 1414 2097
2739 4017 4104
2740 4171 2922
2741 2761 760
2742 199 2328
2743 2415 580
2744 3494 2247
2745 1389 4499
2746 3922 2022
2747 774 2517
2748 4489 355
2749 3704 2138
2750 1999 2606
2751 231 4453
2752 2286 3587
2753 3061 3509
2754 3384 3253
2755 1502 1468
2756 1962 646
2757 3536 3761
2758 3622 1311
2759 286 4147
2760 2650 85
2761 2469 1388
2762 2924 4513
2763 1881 4345
2764 3088 1874
2765 301 709
2766 1925 3038
2767 379 3492
2768 2960 2045
2769 1238 3765
2770 3637 1383
2771 3806 4153
2772 2930 648
2773 61 1250
2774 2142 859
2775 889 47
2776 4354 780
2777 3135 801
2778 1095 1533
2779 3537 3216
2780 2143 1983
2781 2807 1616
2782 2244 598
2783 1280 4123
2784 1124 3573
2785 566 2935
2786 2378 178
2787 1146 886
2788 3389 3220
2789 4128 1139
2790 3063 3969
2791 1867 1212
2792 3089 3117
2793 3075 2732
2794 2753 4357
2795 1497 4108
2796 1039 2261
2797 3197 4447
2798 1010 2418
2799 1883 3878
2800 3910 1001
2801 1092 2946
2802 2695 1678
2803 3178 2200
2804 3556 2870
2805 3069 2276
2806 533 3628
2807 1241 474
2808 2687 1555
2809 4250 4236
2810 2851 3553
2811 4052 4053
2812 148 3076
2813 3311 1963
2814 3727 271
2815 3074 29
2816 1154 336
2817 567 3568
2818 544 3257
2819 3895 764
2820 3083 478
2821 4090 2807
2822 4512 311
2823 4220 221
2824 3300 1497
2825 2439 2447
2826 1461 1751
2827 35 2056
2828 3746 4265
2829 1914 1486
2830 3422 4115
2831 3008 3971
2832 1088 249
2833 477 3866
2834 113 1422
2835 682 2696
2836 1050 3974
2837 2864 177
2838 4121 3541
2839 2680 3356
2840 4512 4021
2841 2599 2934
2842 3774 1483
2843 732 647
2844 1831 562
2845 3062 1277
2846 2131 3199
2847 4010 1652
2848 2232 433
2849 2348 1426
2850 3805 3957
2851 4237 817
2852 2000 1801
2853 2689 2600
2854 4295 576
2855 1035 3277
2856 3782 2088
2857 1268 1425
2858 1823 3633
2859 3321 1997
2860 2112 754
2861 156 4242
2862 3119 4182
2863 3438 49
2864 985 1607
2865 3079 36
2866 866 3289
2867 3567 3631
2868 767 1701
2869 4569 2325
2870 2160 2985
2871 3299 2261
2872 1018 380
2873 274 3642
2874 1123 2088
2875 3805 2665
2876 3272 2402
2877 1025 3446
2878 3398 2931
2879 2045 4322
2880 760 165
2881 1065 2782
2882 146 889
2883 1668 320
2884 1436 1747
2885 1089 2373
2886 2194 1630
2887 3168 2223
2888 3140 1493
2889 3722 896
2890 3166 557
2891 1579 2735
2892 411 297
2893 1287 389
2894 4318 3583
2895 1739 2542
2896 3627 4220
2897 771 2909
2898 1908 1150
2899 463 4110
2900 1499 2590
2901 40 490
2902 2622 212
2903 3084 1019
2904 2015 2236
2905 4281 2851
2906 1634 4115
2907 1767 1155
2908 2451 174
2909 2629 2777
2910 3212 261
2911 923 3033
2912 388 3074
2913 4365 2875
2914 59 3021
2915 1373 3557
2916 1570 558
2917 2350 2086
2918 4454 781
2919 519 4509
2920 1872 448
2921 2926 192
2922 2915 4032
2923 2970 1953
2924 244 2665
2925 650 3122
2926 1754 3720
2927 3722 3938
2928 2574 1542
2929 1029 647
2930 2089 2247
2931 3968 2121
2932 3254 1367
2933 528 1267
2934 888 2958
2935 907 784
2936 4041 3349
2937 669 1959
2938 2568 3637
2939 2611 1215
2940 19 1841
2941 3824 2378
2942 2945 4006
2943 3950 3813
2944 2089 114
2945 1277 3408
2946 2226 603
2947 513 1442
2948 4475 377
2949 3067 3595
2950 159 3258
2951 3940 1979
2952 3932 127
2953 2260 4337
2954 1952 41
2955 1508 1566
2956 1314 383
2957 830 3905
2958 1199 210
2959 3382 175
2960 3201 1859
2961 1075 134
2962 2933 1231
2963 2712 1341
2964 2589 780
2965 901 1773
2966 359 4129
2967 547 2368
2968 3196 1609
2969 2569 2028
2970 2298 177
2971 2415 2256
2972 3095 3550
2973 123 2683
2974 3630 4263
2975 4174 96
2976 1149 176
2977 1003 397
2978 1096 1826
2979 480 2830
2980 1189 2223
2981 951 1512
2982 126 1798
2983 2555 528
2984 3693 2823
2985 3990 4302
2986 2274 870
2987 785 2270
2988 651 2361
2989 2517 1447
2990 403 2816
2991 1181 1245
2992 2081 3197
2993 25 3243
2994 277 3786
2995 154 4326
2996 2524 3140
2997 2494 4032
2998 207 1539
2999 97 1579
3000 4381 2932
3001 599 1443
3002 2653 2740
3003 33 1012
3004 2411 4123
3005 1185 675
3006 1290 708
3007 332 2482
3008 2335 1797
3009 935 894
3010 1476 2287
3011 3784 2426
3012 2149 4446
3013 2514 2264
3014 4134 2407
3015 3425 2695
3016 1316 4361
3017 3136 1317
3018 3983 1644
3019 3956 1411
3020 973 1903
3021 3728 2477
3022 1347 348
3023 1033 73
3024 18 3920
3025 3459 3147
3026 4006 772
3027 1647 266
3028 3410 1275
3029 1729 592
3030 3834 2584
3031 322 3022
3032 4473 2973
3033 2543 4279
3034 2010 2486
3035 2241 1465
3036 517 486
3037 2522 2135
3038 749 3275
3039 737 614
3040 932 935
3041 1915 3151
3042 2384 1036
3043 1122 3736
3044 2961 1941
3045 898 462
3046 3941 2393
3047 242 4456
3048 1091 2463
3049 404 65
3050 3729 159
3051 124 465
3052 89 3349
3053 581 355
3054 1002 1015
3055 1845 1301
3056 3504 2056
3057 577 1718
3058 38 3223
3059 3843 1637
3060 4474 3623
3061 720 2618
3062 2051 1287
3063 3883 3281
3064 2246 1520
3065 576 559
3066 2196 837
3067 207 351
3068 4190 4394
3069 84 3267
3070 4158 945
3071 3347 520
3072 2484 2254
3073 1331 1289
3074 2502 2033
3075 1129 3800
3076 1131 2974
3077 2616 3310
3078 3119 2415
3079 3861 3781
3080 1624 2095
3081 1512 996
3082 3171 681
3083 3139 3580
3084 1493 4
3085 3248 1811
3086 1348 1988
3087 4516 2425
3088 4204 2096
3089 2308 1270
3090 4386 439
3091 2957 3751
3092 2273 3792
3093 2696 2656
3094 1273 3486
3095 75 1615
3096 1483 3370
3097 925 3496
3098 810 4122
3099 3821 870
3100 4505 3632
3101 3872 713
3102 1073 4429
3103 1211 207
3104 721 3171
3105 27 3477
3106 2405 537
3107 3641 777
3108 1406 3219
3109 808 73
3110 4122 4350
3111 4181 2773
3112 4192 202
3113 2597 3446
3114 3528 1007
3115 1328 1636
3116 2995 777
3117 264 206
3118 913 3890
3119 3382 3518
3120 247 510
3121 3199 3676
3122 2189 442
3123 1668 2264
3124 4400 4090
3125 1408 1955
3126 3784 3984
3127 3031 733
3128 178 4518
3129 1112 3117
3130 4248 829
3131 3474 4330
3132 4447 814
3133 3708 1374
3134 4342 2707
3135 3759 1132
3136 2744 1542
3137 2976 3057
3138 774 507
3139 1250 3860
3140 1291 1025
3141 1989 3302
3142 4397 1272
3143 2138 1637
3144 2052 2527
3145 3249 283
3146 4124 832
3147 3191 1796
3148 3521 2764
3149 2578 3046
3150 900 3896
3151 1579 2075
3152 3813 2569
3153 3482 2108
3154 319 1673
3155 3872 3185
3156 3618 1919
3157 85 2978
3158 734 256
3159 2045 3685
3160 559 3634
3161 2795 3493
3162 2526 4193
3163 2151 1778
3164 4229 2784
3165 2010 335
3166 3523 1921
3167 4041 2857
3168 2281 3926
3169 3436 616
3170 2753 215
3171 697 3623
3172 963 1205
3173 3868 2260
3174 1827 1865
3175 1342 3253
3176 272 2222
3177 385 4549
3178 152 3300
3179 2404 4078
3180 3891 1944
3181 1738 2916
3182 2849 1071
3183 1126 3516
3184 879 3963
3185 3053 3789
3186 1418 678
3187 2331 2946
3188 1394 1922
3189 2395 3959
3190 2770 36
3191 4348 3263
3192 2178 3618
3193 2719 2234
3194 1263 367
3195 2494 2882
3196 1492 3017
3197 1534 704
3198 764 3984
3199 15 714
3200 308 2052
3201 1811 1648
3202 898 1385
3203 4491 120
3204 1718 1329
3205 3040 3376
3206 4555 4552
3207 4286 3258
3208 2028 4254
3209 3511 3766
3210 3088 3537
3211 2898 2714
3212 19 4551
3213 332 1973
3214 380 2507
3215 4380 3004
3216 609 1602
3217 2923 4126
3218 3996 2803
3219 163 1431
3220 408 721
3221 3206 4250
3222 3375 3814
3223 2344 3295
3224 1911 1585
3225 4097 1177
3226 3405 2585
3227 2919 1705
3228 3351 3007
3229 3916 1360
3230 3905 1327
3231 4563 3406
3232 473 4034
3233 3514 2171
3234 1910 1512
3235 2550 1428
3236 3734 2419
3237 2566 1259
3238 545 1292
3239 3882 1516
3240 4027 995
3241 405 1059
3242 3556 3911
3243 3696 737
3244 1088 1995
3245 2063 3496
3246 4175 3479
3247 3441 3721
3248 4149 1095
3249 2208 3535
3250 3112 25
3251 49 421
3252 2906 1405
3253 3852 2864
3254 2499 3378
3255 931 366
3256 868 433
3257 1339 1722
3258 863 3127
3259 2957 330
3260 4334 801
3261 4330 1617
3262 2941 1988
3263 2713 2472
3264 734 46
3265 2142 3888
3266 2914 763
3267 3511 3030
3268 4515 2824
3269 4387 3893
3270 2511 2662
3271 2624 1249
3272 4095 1983
3273 3589 3784
3274 3893 4114
3275 2603 2296
3276 3010 4303
3277 2712 4298
3278 2502 1937
3279 4459 831
3280 3162 1587
3281 1143 1994
3282 3303 703
3283 536 577
3284 873 2928
3285 3772 1486
3286 2766 3789
3287 2432 4429
3288 3510 2627
3289 4563 359
3290 2708 740
3291 3356 2737
3292 3973 1684
3293 4413 355
3294 1140 2191
3295 1222 1266
3296 3185 4329
3297 2329 1260
3298 692 3536
3299 3416 70
3300 4240 2787
3301 868 4333
3302 2210 619
3303 3344 1544
3304 3511 1147
3305 2393 1358
3306 3862 2724
3307 3989 2061
3308 2816 3662
3309 633 3086
3310 3031 742
3311 1091 1309
3312 4141 325
3313 4191 2156
3314 1183 2161
3315 3526 2123
3316 2680 2254
3317 2063 1364
3318 4127 626
3319 3382 2150
3320 1805 1146
3321 2832 45
3322 3864 634
3323 3649 314
3324 2145 687
3325 2351 681
3326 1430 57
3327 3396 1246
3328 437 2486
3329 687 2894
3330 2288 3873
3331 207 964
3332 412 656
3333 3089 643
3334 3992 2730
3335 3184 2608
3336 3892 3454
3337 3993 358
3338 2786 3226
3339 1868 3404
3340 3222 1737
3341 3762 1243
3342 837 3190
3343 4056 4110
3344 4096 2579
3345 3224 1762
3346 2069 4398
3347 3776 1152
3348 4103 2909
3349 1955 4184
3350 843 2742
3351 4547 3484
3352 994 3801
3353 137 283
3354 4263 2335
3355 3805 2390
3356 1395 3877
3357 561 2252
3358 1732 948
3359 3839 1197
3360 4500 1853
3361 3407 2472
3362 3707 1603
3363 2859 857
3364 1571 1245
3365 402 1924
3366 4186 3186
3367 1964 2749
3368 3502 1276
3369 1512 3910
3370 1884 3418
3371 2846 996
3372 2816 2868
3373 2870 2045
3374 575 3781
3375 884 3276
3376 4173 1027
3377 1928 3464
3378 1018 3959
3379 3187 220
3380 582 2631
3381 213 4389
3382 1226 1145
3383 4019 3458
3384 1405 2797
3385 1584 4029
3386 386 1915
3387 4134 351
3388 2377 3949
3389 1797 2826
3390 1181 3765
3391 510 1797
3392 403 286
3393 2530 2476
3394 2852 1463
3395 951 579
3396 1430 2125
3397 3110 112
3398 2570 1191
3399 4411 2953
3400 3181 4151
3401 4458 312
3402 2817 4550
3403 3272 3556
3404 4316 359
3405 1322 3084
3406 1889 464
3407 3851 3889
3408 4398 3175
3409 538 3448
3410 4124 64
3411 307 3005
3412 48 4170
3413 3177 552
3414 4109 2453
3415 1009 2886
3416 4488 1373
3417 1247 2425
3418 525 3466
3419 3828 1971
3420 3068 2400
3421 116 3617
3422 3823 937
3423 944 2610
3424 3169 3566
3425 2690 3492
3426 1075 1725
3427 4235 2861
3428 3957 525
3429 564 4309
3430 3837 1634
3431 425 1529
3432 416 1439
3433 4400 1830
3434 2232 2865
3435 4403 4198
3436 180 2342
3437 4376 2289
3438 4087 2226
3439 4280 1451
3440 3677 2480
3441 3516 575
3442 1875 4525
3443 2386 1369
3444 3287 2251
3445 2265 2381
3446 300 4481
3447 3526 3700
3448 1433 1651
3449 4233 3776
3450 385 3062
3451 3198 972
3452 328 3398
3453 2063 829
3454 1113 4295
3455 3877 4316
3456 1618 4200
3457 2834 1877
3458 72 3335
3459 1513 3962
3460 2088 3155
3461 2288 1883
3462 180 2161
3463 1639 2476
3464 2172 1896
3465 1704 2111
3466 233 4182
3467 1809 4058
3468 3824 2900
3469 3924 1042
3470 3022 890
3471 1513 2596
3472 482 2655
3473 2736 169
3474 1143 2074
3475 3402 1320
3476 730 2636
3477 2262 88
3478 1565 913
3479 2418 4380
3480 2048 2302
3481 3837 2237
3482 4465 4018
3483 2213 4346
3484 4289 2315
3485 915 242
3486 4000 146
3487 3136 1127
3488 3190 384
3489 1468 2786
3490 1974 3788
3491 3316 2819
3492 4362 1119
3493 3760 2710
3494 82 3092
3495 1744 310
3496 587 3246
3497 1650 3502
3498 3387 951
3499 2874 43
3500 2359 1802
3501 2212 3400
3502 2571 1650
3503 4377 4384
3504 3638 1726
3505 1106 1093
3506 779 4524
3507 1466 3084
3508 1524 52
3509 711 1826
3510 3283 4054
3511 348 1511
3512 2095 3891
3513 595 1542
3514 3120 3185
3515 405 469
3516 2672 3320
3517 207 3410
3518 3159 1875
3519 2026 2865
3520 498 2906
3521 2888 2575
3522 3906 4029
3523 1459 4057
3524 700 1128
3525 3809 3300
3526 3324 2074
3527 1676 587
3528 2627 2092
3529 36 4219
3530 3434 2785
3531 3169 2428
3532 837 714
3533 268 826
3534 2378 2456
3535 3073 1976
3536 3253 4186
3537 414 308
3538 1528 1954
3539 2709 2752
3540 669 260
3541 1619 3932
3542 4287 682
3543 1872 1254
3544 3021 2074
3545 3069 1973
3546 1631 85
3547 3092 1682
3548 1816 2561
3549 2354 1626
3550 4195 359
3551 2735 4521
3552 1759 3837
3553 253 2609
3554 2650 3108
3555 2680 2041
3556 2655 411
3557 2481 3612
3558 2441 204
3559 2031 60
3560 431 4518
3561 2916 2819
3562 2372 2132
3563 3173 4327
3564 81 3976
3565 4132 1946
3566 1751 1598
3567 2635 2348
3568 2027 1156
3569 4348 4259
3570 4 50
3571 3006 2882
3572 1965 3334
3573 3306 3862
3574 3747 867
3575 514 3207
3576 4378 1987
3577 1878 1917
3578 4061 3724
3579 667 929
3580 3929 2653
3581 194 2568
3582 115 4412
3583 207 2206
3584 3377 1032
3585 2428 20
3586 4472 415
3587 4143 1396
3588 925 1108
3589 941 154
3590 1005 476
3591 2190 1270
3592 964 1002
3593 742 1309
3594 4096 244
3595 12 1529
3596 3586 1101
3597 1900 3572
3598 1891 2375
3599 1627 662
3600 4557 3253
3601 209 771
3602 1524 3381
3603 3139 1803
3604 2747 1326
3605 4432 2524
3606 497 529
3607 831 2837
3608 3822 2301
3609 235 877
3610 1203 693
3611 1460 635
3612 863 1299
3613 1492 544
3614 4107 1120
3615 1200 50
3616 638 1049
3617 4128 2980
3618 1585 4141
3619 2669 2612
3620 2494 3463
3621 1470 2027
3622 693 1654
3623 2747 191
3624 156 741
3625 4139 2815
3626 3019 2502
3627 4085 78
3628 20 4012
3629 3405 4413
3630 548 3854
3631 513 3895
3632 3624 1602
3633 45 3191
3634 1145 3922
3635 2776 2071
3636 688 3450
3637 3317 3501
3638 4404 3608
3639 916 2075
3640 906 567
3641 2468 1809
3642 3245 4566
3643 1991 3661
3644 3189 1113
3645 4433 4011
3646 3832 1534
3647 1437 1749
3648 2100 188
3649 2743 1038
3650 1810 743
3651 769 4189
3652 1074 1255
3653 662 1945
3654 506 2941
3655 70 3935
3656 1959 1018
3657 3557 205
3658 2257 1017
3659 1820 1890
3660 2019 2999
3661 2090 501
3662 3495 3985
3663 2429 2638
3664 32 1470
3665 1077 2358
3666 391 2449
3667 3478 2794
3668 1484 981
3669 3970 2352
3670 2827 2234
3671 755 179
3672 1647 803
3673 4207 425
3674 3995 1158
3675 674 3291
3676 4314 2813
3677 1515 2706
3678 3336 2657
3679 1549 3850
3680 3828 2772
3681 2907 2365
3682 373 2981
3683 2847 2048
3684 1414 75
3685 1577 3662
3686 1342 86
3687 1561 115
3688 2304 2667
3689 483 1954
3690 17 2725
3691 4395 3870
3692 2043 847
3693 3217 464
3694 119 1837
3695 4043 75
3696 273 107
3697 1642 922
3698 3460 3870
3699 4133 2737
3700 4365 2354
3701 3932 1881
3702 1063 4140
3703 2234 2873
3704 1805 2797
3705 4433 460
3706 710 1028
3707 3943 1609
3708 4112 1430
3709 842 3529
3710 1756 3385
3711 1828 1685
3712 1447 2766
3713 3566 4094
3714 4318 1883
3715 3053 36
3716 1017 1285
3717 1588 672
3718 2981 3667
3719 570 3426
3720 3586 3750
3721 4423 3942
3722 1747 1974
3723 3588 1029
3724 3589 776
3725 4023 1114
3726 762 4498
3727 3145 4301
3728 582 1226
3729 4308 1197
3730 2736 3613
3731 2512 229
3732 540 1177
3733 2641 3774
3734 2513 3010
3735 2326 1053
3736 2051 2205
3737 1789 1417
3738 128 2922
3739 1074 1817
3740 1339 2251
3741 261 2344
3742 1580 4514
3743 3685 3179
3744 3954 700
3745 4007 2241
3746 2066 292
3747 1222 2435
3748 3853 2115
3749 2976 517
3750 1752 1850
3751 4501 3814
3752 1735 2768
3753 3155 2491
3754 3321 1132
3755 4447 2523
3756 4464 2558
3757 1406 1157
3758 3174 2676
3759 974 3232
3760 2102 2075
3761 1287 1264
3762 2418 3573
3763 2071 2397
3764 2169 1317
3765 2988 140
3766 2560 2009
3767 2916 444
3768 3492 4164
3769 2159 904
3770 286 2912
3771 2294 1430
3772 440 3320
3773 3304 2260
3774 1168 371
3775 2840 649
3776 3181 458
3777 1619 3080
3778 4452 2945
3779 1421 161
3780 2857 3928
3781 2335 1263
3782 2003 644
3783 2135 709
3784 703 3908
3785 61 2623
3786 1826 1447
3787 4100 2586
3788 2816 4067
3789 1744 2755
3790 3988 2683
3791 667 3506
3792 1845 2577
3793 496 2658
3794 4029 3747
3795 582 4555
3796 2018 3187
3797 4409 2582
3798 3825 2404
3799 199 1081
3800 1450 4329
3801 4187 759
3802 3351 523
3803 1448 2871
3804 170 1563
3805 915 2154
3806 773 112
3807 705 2019
3808 2778 237
3809 1814 2627
3810 2910 4322
3811 3484 511
3812 3553 161
3813 1947 2869
3814 64 1146
3815 96 2338
3816 991 1878
3817 2751 4448
3818 3831 4511
3819 3026 3471
3820 1024 4293
3821 1158 3059
3822 2509 4363
3823 3462 624
3824 1734 4548
3825 271 2681
3826 2627 4473
3827 725 3135
3828 3109 2291
3829 3670 3986
3830 912 3567
3831 4420 326
3832 1603 2489
3833 2284 1605
3834 2789 965
3835 4192 4433
3836 403 373
3837 3532 564
3838 990 2636
3839 2142 4177
3840 3718 2462
3841 1204 1809
3842 692 21
3843 783 1304
3844 1891 538
3845 4533 1065
3846 285 224
3847 99 3560
3848 424 867
3849 121 3850
3850 4089 877
3851 2921 1745
3852 2583 1112
3853 2233 437
3854 3731 320
3855 1801 445
3856 1015 2564
3857 849 2869
3858 3529 1180
3859 1046 3369
3860 1996 4391
3861 1764 690
3862 2570 1418
3863 2638 452
3864 829 2660
3865 441 1487
3866 768 2986
3867 580 176
3868 3687 1244
3869 2095 1717
3870 2072 374
3871 3989 560
3872 1287 4551
3873 1410 1211
3874 2165 2803
3875 3071 4488
3876 3396 1511
3877 3234 1160
3878 2784 4324
3879 2739 3461
3880 280 2387
3881 4352 162
3882 805 2831
3883 4265 4230
3884 731 4211
3885 1089 1960
3886 834 4109
3887 2271 26
3888 3946 4569
3889 1343 2859
3890 3348 1109
3891 4227 2468
3892 1703 421
3893 26 69
3894 3401 1455
3895 2860 376
3896 3251 2396
3897 3764 1027
3898 2909 4214
3899 839 548
3900 2313 2223
3901 918 4149
3902 1599 4378
3903 1192 987
3904 4044 2804
3905 3613 2537
3906 2218 2917
3907 4497 979
3908 1003 2207
3909 3006 4230
3910 3551 1175
3911 2826 2249
3912 2955 3044
3913 4338 740
3914 3224 927
3915 3407 1368
3916 2756 768
3917 4104 4439
3918 369 4540
3919 2661 4447
3920 4426 3579
3921 4322 2629
3922 2830 2702
3923 3467 4107
3924 2577 4506
3925 2463 3030
3926 1459 4169
3927 4298 2370
3928 1176 366
3929 1757 2841
3930 3794 2615
3931 3383 4180
3932 2620 233
3933 1638 2170
3934 3617 2510
3935 508 1228
3936 4260 4558
3937 4085 1026
3938 647 3983
3939 325 408
3940 3251 2869
3941 3117 1097
3942 3483 1014
3943 178 3581
3944 588 559
3945 3122 3363
3946 4201 1326
3947 3160 1539
3948 1118 1249
3949 2829 2790
3950 85 681
3951 4209 2404
3952 586 2192
3953 2777 1040
3954 825 3283
3955 2224 1704
3956 57 3009
3957 2825 2459
3958 2043 3583
3959 473 782
3960 4074 1706
3961 4097 2982
3962 684 389
3963 161 3238
3964 690 2459
3965 3219 4235
3966 1136 3587
3967 2229 1963
3968 575 2319
3969 217 3728
3970 4496 1599
3971 2985 2051
3972 3851 289
3973 162 3534
3974 804 1487
3975 1080 2316
3976 922 3691
3977 292 898
3978 3062 707
3979 2108 3543
3980 870 2751
3981 4419 2965
3982 1184 4193
3983 913 1213
3984 3146 1107
3985 3067 3417
3986 4205 2850
3987 2839 4284
3988 2851 2470
3989 550 42
3990 3206 1744
3991 1291 3232
3992 3476 2073
3993 3301 2509
3994 1092 3865
3995 4074 2481
3996 3641 1258
3997 1952 83
3998 3551 1498
3999 2418 1198
4000 3541 2648
4001 433 1313
4002 1408 3956
4003 3172 275
4004 1428 837
4005 991 28
4006 3317 2915
4007 4570 1332
4008 3679 1798
4009 1128 2597
4010 3360 660
4011 3066 2052
4012 2055 4265
4013 424 2895
4014 2194 1211
4015 2374 1045
4016 3334 586
4017 3531 4050
4018 3459 1742
4019 3420 3707
4020 1829 1408
4021 1542 3154
4022 328 3370
4023 4066 1735
4024 489 1254
4025 2239 4378
4026 1499 1531
4027 2500 2436
4028 3764 21
4029 2925 1960
4030 2315 2045
4031 1365 392
4032 4214 1842
4033 4459 54
4034 3774 2081
4035 4175 481
4036 3401 2084
4037 2978 3130
4038 3897 2942
4039 2446 1615
4040 3671 4418
4041 649 3564
4042 4419 879
4043 824 1215
4044 586 651
4045 2570 3960
4046 4318 2617
4047 2589 75
4048 1953 1329
4049 1387 4473
4050 110 1512
4051 2517 4429
4052 1908 1792
4053 2226 3562
4054 603 3605
4055 425 896
4056 353 253
4057 1791 4302
4058 282 2052
4059 2215 2513
4060 2050 245
4061 1653 384
4062 3030 4466
4063 482 2898
4064 895 3447
4065 884 4330
4066 1472 2608
4067 1258 1605
4068 810 481
4069 3835 2104
4070 428 1890
4071 2888 1474
4072 1399 3924
4073 1898 119
4074 3667 4511
4075 3546 3286
4076 1853 3834
4077 2408 1078
4078 735 2910
4079 2018 709
4080 2482 585
4081 323 1991
4082 2926 2498
4083 2810 4438
4084 1540 2918
4085 143 3292
4086 3982 2598
4087 613 2647
4088 2620 3428
4089 4050 665
4090 3838 721
4091 1294 4018
4092 4499 3764
4093 3223 3033
4094 2499 2312
4095 60 1035
4096 683 2983
4097 3143 2912
4098 3102 3469
4099 3059 4479
4100 298 2738
4101 932 4154
4102 274 3530
4103 2260 1116
4104 3828 713
4105 3686 2633
4106 1985 1331
4107 675 261
4108 992 2546
4109 967 201
4110 1787 816
4111 7 4235
4112 4168 2067
4113 1350 3485
4114 3514 3921
4115 2067 2838
4116 1852 2186
4117 2315 4030
4118 156 1617
4119 1604 899
4120 1154 1087
4121 1533 2113
4122 1404 1632
4123 1941 1013
4124 727 3714
4125 3926 4213
4126 974 3280
4127 2288 2725
4128 2657 3997
4129 1380 178
4130 99 1381
4131 273 1914
4132 1265 737
4133 1123 3892
4134 1319 2057
4135 1160 3419
4136 3096 2424
4137 2151 1299
4138 1370 4403
4139 4166 2757
4140 3394 1907
4141 493 35
4142 2210 4545
4143 1587 2364
4144 4362 3023
4145 2806 2467
4146 3057 3882
4147 4526 2189
4148 2851 2685
4149 4049 3233
4150 2785 35
4151 1490 2931
4152 3092 3715
4153 902 2461
4154 3946 1635
4155 677 153
4156 3541 2708
4157 2727 2464
4158 4399 3934
4159 1331 4080
4160 2441 2786
4161 2127 2402
4162 4076 1859
4163 3773 89
4164 1215 1189
4165 1001 3175
4166 2566 1241
4167 4315 229
4168 2377 312
4169 3009 1139
4170 1146 3504
4171 4240 2769
4172 401 3583
4173 2794 1964
4174 1651 2129
4175 4546 3967
4176 3871 3376
4177 1912 471
4178 1523 1601
4179 1052 1596
4180 3329 1813
4181 4003 2586
4182 5 3688
4183 4052 2653
4184 2297 841
4185 3815 2770
4186 702 3269
4187 2039 69
4188 2556 3020
4189 1263 2789
4190 3110 498
4191 3947 91
4192 3685 1339
4193 878 1030
4194 1897 3953
4195 2017 2510
4196 327 4337
4197 4405 1184
4198 342 626
4199 1625 2787
4200 1394 464
4201 2398 2266
4202 4090 222
4203 3711 2551
4204 1976 3550
4205 3213 125
4206 3984 3330
4207 985 3866
4208 822 373
4209 1575 3942
4210 3110 2764
4211 2007 3617
4212 3294 4216
4213 3513 4115
4214 2463 2033
4215 3589 1997
4216 2891 3728
4217 2447 646
4218 1861 4161
4219 990 2846
4220 2994 1917
4221 3068 2948
4222 33 2567
4223 510 4370
4224 3570 2083
4225 1147 1559
4226 606 2483
4227 1309 91
4228 674 167
4229 2579 553
4230 2790 3983
4231 3945 2160
4232 4098 3273
4233 687 1339
4234 384 1157
4235 2719 1683
4236 3251 3476
4237 543 470
4238 1274 4544
4239 3179 238
4240 4383 2298
4241 3585 1480
4242 1758 3577
4243 3606 2789
4244 3873 390
4245 3573 4158
4246 2086 1683
4247 3881 999
4248 1753 1126
4249 3803 1721
4250 2007 3057
4251 2071 2544
4252 2833 894
4253 1419 1819
4254 3786 237
4255 3126 2770
4256 1174 2435
4257 1444 4
4258 1556 1070
4259 3040 909
4260 1656 2634
4261 3155 465
4262 2444 937
4263 396 2782
4264 1849 1893
4265 3153 3040
4266 2724 2550
4267 2522 3976
4268 480 2352
4269 44 1708
4270 408 1824
4271 3228 835
4272 1987 2607
4273 2488 309
4274 110 4379
4275 943 890
4276 3517 1103
4277 945 1728
4278 380 2789
4279 3799 36
4280 2225 507
4281 3849 2824
4282 1413 599
4283 1021 4263
4284 1948 3343
4285 4419 3289
4286 2030 2327
4287 1392 1318
4288 2820 2488
4289 714 2639
4290 2650 659
4291 4373 1225
4292 2334 166
4293 1948 1997
4294 3656 3620
4295 3388 3305
4296 2391 2067
4297 1024 3251
4298 1293 304
4299 4039 3661
4300 2507 4178
4301 2747 650
4302 1811 1482
4303 3490 821
4304 564 1222
4305 3867 1185
4306 467 597
4307 3944 3154
4308 2574 1423
4309 1195 1524
4310 4539 494
4311 2551 4491
4312 3521 4332
4313 2007 446
4314 10 103
4315 1603 4398
4316 3664 1620
4317 3788 2443
4318 3381 4280
4319 1287 2590
4320 1459 1992
4321 3591 133
4322 3684 3314
4323 1350 4545
4324 550 2927
4325 3575 1317
4326 1975 3992
4327 487 3594
4328 877 739
4329 357 1306
4330 2660 1356
4331 3957 4548
4332 1790 2598
4333 1756 1352
4334 998 3364
4335 4428 2602
4336 480 2976
4337 1488 3744
4338 1679 2487
4339 3913 1442
4340 1052 2201
4341 308 1780
4342 26 3309
4343 3579 1808
4344 2859 235
4345 2606 2111
4346 3418 3768
4347 333 2699
4348 4063 2910
4349 3060 833
4350 1627 425
4351 3103 3474
4352 4191 1819
4353 2117 314
4354 326 841
4355 1831 1005
4356 4506 3916
4357 3850 4073
4358 2529 4268
4359 4104 3078
4360 1257 2875
4361 741 3784
4362 2356 830
4363 3194 1647
4364 1827 835
4365 2673 4418
4366 2184 73
4367 815 1338
4368 2540 206
4369 935 2618
4370 1479 1686
4371 2410 209
4372 3092 3851
4373 3070 3404
4374 3952 348
4375 2300 4178
4376 4019 597
4377 3511 2755
4378 873 421
4379 197 3147
4380 346 3360
4381 81 4241
4382 815 697
4383 4459 2755
4384 176 3178
4385 2483 1436
4386 4527 653
4387 1859 238
4388 3684 4156
4389 487 1085
4390 869 3991
4391 3359 65
4392 4034 1628
4393 3662 100
4394 3156 1872
4395 3008 1783
4396 425 3228
4397 2395 3987
4398 106 4386
4399 2253 4007
4400 1081 2314
4401 2880 2792
4402 4064 3879
4403 2117 1234
4404 4130 1878
4405 2453 61
4406 2557 3138
4407 599 600
4408 1207 3747
4409 2244 1541
4410 2566 623
4411 2282 3254
4412 3081 3348
4413 2956 510
4414 3094 3993
4415 297 1890
4416 307 3926
4417 1300 1410
4418 2814 3695
4419 3945 1519
4420 934 1993
4421 4567 2572
4422 1344 2362
4423 3760 111
4424 3239 1963
4425 4140 2181
4426 4387 3398
4427 3540 1521
4428 1080 2303
4429 2731 2218
4430 3548 2099
4431 2738 1200
4432 3713 861
4433 2207 4245
4434 1040 3716
4435 1581 609
4436 3739 2820
4437 2466 1798
4438 3036 792
4439 18 4042
4440 1218 2229
4441 463 2544
4442 3079 3118
4443 1210 1655
4444 330 2036
4445 4182 4561
4446 3370 1190
4447 1169 3455
4448 2882 2257
4449 3202 823
4450 4123 2891
4451 3353 4562
4452 1006 1465
4453 870 3923
4454 1060 4270
4455 4347 1525
4456 3944 1602
4457 3661 3233
4458 4252 3985
4459 3033 2337
4460 45 3179
4461 577 1611
4462 3456 4435
4463 3511 671
4464 204 2233
4465 3382 2043
4466 1953 3091
4467 3482 3128
4468 1924 4419
4469 2206 2279
4470 1545 266
4471 887 2726
4472 3604 3513
4473 4053 4148
4474 3465 188
4475 2640 4223
4476 1884 3595
4477 1946 4236
4478 3016 1880
4479 2797 546
4480 1293 2835
4481 1787 600
4482 1010 4535
4483 4151 4073
4484 1403 1697
4485 4271 2424
4486 3589 2016
4487 3040 4514
4488 3973 941
4489 2594 1474
4490 2855 3326
4491 849 798
4492 1593 2950
4493 2313 4326
4494 253 981
4495 1581 596
4496 4291 1006
4497 2068 736
4498 3757 1224
4499 1021 1091
4500 3604 283
4501 4125 1634
4502 4502 2828
4503 957 4272
4504 4466 921
4505 1738 2845
4506 2097 4288
4507 415 1229
4508 1930 379
4509 4010 3762
4510 2285 733
4511 2019 4102
4512 2202 63
4513 2468 2105
4514 954 1552
4515 826 545
4516 747 2156
4517 3341 1828
4518 689 487
4519 2673 2816
4520 815 3051
4521 1646 29
4522 1415 3789
4523 4373 2948
4524 3532 1388
4525 3280 3723
4526 830 722
4527 3536 4160
4528 4185 3568
4529 2729 2975
4530 733 788
4531 3003 71
4532 3440 4194
4533 1974 4224
4534 3494 267
4535 1335 1473
4536 340 368
4537 3975 34
4538 1582 3128
4539 3985 2342
4540 340 4145
4541 3214 1675
4542 3327 1216
4543 2921 3425
4544 3567 3952
4545 1078 1694
4546 302 4027
4547 2015 2392
4548 2668 2744
4549 22 198
4550 503 4235
4551 389 1209
4552 655 2201
4553 1185 128
4554 1590 498
4555 3047 1563
4556 4010 936
4557 2273 1963
4558 1817 55
4559 3372 2732
4560 690 699
4561 1808 2710
4562 3544 224
4563 1072 4521
4564 1779 2080
4565 4329 259
4566 1146 1433
4567 3563 2726
4568 1038 2079
4569 4057 2124
4570 3311 25
