3760 3760
1 2525 3532
2 3711 755
3 960 2938
4 60 57
5 2119 891
6 2790 2141
7 871 1374
8 2758 4
9 2571 80
10 963 1960
11 3370 321
12 1720 921
13 820 861
14 2504 1952
15 2524 2009
16 2575 1045
17 3484 333
18 1211 434
19 2998 49
20 1707 119
21 647 171
22 599 495
23 1377 3752
24 2432 2387
25 1993 3448
26 2984 269
27 1405 3711
28 645 1648
29 1594 2681
30 3506 1254
31 2430 1086
32 615 1578
33 1305 3639
34 827 1943
35 265 720
36 759 3072
37 1446 94
38 412 370
39 491 802
40 1496 519
41 2855 3678
42 133 3452
43 2787 3304
44 306 438
45 3620 3181
46 2262 1744
47 3619 1640
48 2946 696
49 1259 3683
50 2982 922
51 66 364
52 359 2301
53 2476 1020
54 208 2061
55 685 2965
56 2598 24
57 3454 2794
58 2032 2094
59 2066 531
60 1911 786
61 2440 816
62 315 534
63 2531 1598
64 870 3126
65 3257 1928
66 2341 2227
67 857 1600
68 1923 2820
69 2241 574
70 1336 1112
71 3103 3176
72 211 975
73 2102 1699
74 2356 1897
75 2675 808
76 637 638
77 64 1515
78 969 1808
79 1800 184
80 1693 3742
81 1324 3551
82 3390 59
83 3526 1890
84 2452 334
85 2493 92
86 2078 2283
87 3272 500
88 502 1106
89 1958 3393
90 2438 1126
91 3501 1169
92 1755 2049
93 1202 2021
94 2312 3382
95 41 2207
96 782 2071
97 780 3471
98 1099 3736
99 657 2138
100 3665 2179
101 3383 1933
102 1401 750
103 3442 3344
104 3079 1194
105 2984 3310
106 3232 2973
107 490 2627
108 745 2051
109 3063 2247
110 433 2624
111 1533 1419
112 1986 2825
113 513 3537
114 3476 1715
115 2305 1857
116 179 3148
117 249 1417
118 1106 1977
119 1859 469
120 3135 2368
121 3538 48
122 1545 2647
123 80 505
124 2639 188
125 2870 3673
126 3387 3430
127 1709 2531
128 2048 860
129 3731 1789
130 2032 1877
131 3232 1311
132 2608 3759
133 2409 810
134 3151 1844
135 2420 1259
136 581 2346
137 925 2367
138 3465 282
139 3625 2697
140 2150 1716
141 553 2354
142 47 1184
143 3265 800
144 3504 520
145 761 3738
146 247 1972
147 1172 987
148 2114 54
149 400 1237
150 2122 1687
151 1789 2425
152 577 2962
153 2673 3396
154 1801 2000
155 3627 3355
156 853 435
157 886 202
158 3604 1559
159 593 1913
160 2330 53
161 2365 1953
162 673 1994
163 2742 3198
164 481 775
165 3573 565
166 811 779
167 677 359
168 652 1566
169 1285 1590
170 800 3263
171 1470 3288
172 3429 161
173 1686 2842
174 546 1185
175 2868 3175
176 823 747
177 1589 2377
178 3334 2013
179 3021 271
180 1523 3740
181 2498 896
182 3241 1158
183 2230 270
184 2509 3384
185 563 718
186 3238 2849
187 444 3528
188 1549 230
189 2929 1882
190 609 1607
191 3443 3730
192 94 3170
193 1705 1243
194 3567 39
195 67 1943
196 3570 3356
197 1725 3214
198 2300 2801
199 1814 3286
200 2364 1639
201 561 1284
202 772 684
203 3035 1026
204 1269 3018
205 3535 2305
206 250 2306
207 2935 241
208 3288 178
209 2243 95
210 1156 3295
211 270 973
212 533 3519
213 991 392
214 700 3621
215 462 1078
216 1154 642
217 2968 511
218 1857 2154
219 2357 3695
220 3157 1046
221 2439 1528
222 3060 696
223 2246 2492
224 1067 3252
225 1674 2043
226 3019 284
227 3336 2698
228 2325 3100
229 2192 1910
230 1842 536
231 1638 583
232 230 771
233 3040 408
234 597 1986
235 1472 3014
236 2294 1152
237 1283 1751
238 967 723
239 2024 604
240 1713 2734
241 2245 1018
242 654 1624
243 3335 3542
244 1545 1869
245 2952 3759
246 677 3444
247 1030 2513
248 288 65
249 881 790
250 1448 2508
251 1045 2496
252 3311 3009
253 1721 2437
254 1084 1049
255 1063 2649
256 3714 2746
257 3533 3250
258 3428 826
259 2147 3368
260 1961 473
261 1439 3500
262 1981 1376
263 1061 267
264 1912 1748
265 2531 1954
266 1507 2912
267 411 2116
268 3736 194
269 1666 2458
270 2089 3636
271 2729 3482
272 613 782
273 842 956
274 1526 1146
275 1942 649
276 237 2072
277 1756 788
278 2626 99
279 140 2509
280 2343 804
281 1677 1460
282 1773 326
283 1884 3675
284 2058 3290
285 662 3327
286 1193 1403
287 2088 328
288 865 2212
289 1300 3487
290 859 3248
291 870 3200
292 1518 2114
293 1032 64
294 3389 631
295 3412 400
296 1924 2777
297 632 3267
298 1791 2166
299 1070 1676
300 940 672
301 412 1132
302 593 2390
303 2538 1371
304 2081 2546
305 2386 276
306 3195 356
307 61 262
308 83 2848
309 1787 3031
310 2518 1923
311 723 3036
312 3032 2284
313 1180 3223
314 2864 2504
315 314 1041
316 2934 942
317 1566 2120
318 3179 221
319 1863 2122
320 2810 1410
321 2142 34
322 782 3502
323 385 2242
324 1381 2040
325 3341 1138
326 19 863
327 2081 3624
328 1482 1811
329 2977 889
330 2152 3012
331 1704 2079
332 3489 699
333 1570 668
334 3390 2568
335 2425 3149
336 422 1467
337 222 690
338 525 2855
339 3003 2573
340 1067 2643
341 2870 2969
342 350 867
343 1672 2029
344 3714 2583
345 3006 3297
346 3407 82
347 1712 2096
348 1156 3342
349 2177 767
350 3347 1071
351 967 397
352 1836 901
353 1147 1724
354 3567 3173
355 1298 3502
356 589 3129
357 2413 947
358 1134 2215
359 3086 2099
360 1544 1888
361 957 2918
362 1406 1467
363 2458 1836
364 2967 2417
365 1939 1530
366 2625 1962
367 2568 242
368 421 3080
369 1389 423
370 461 161
371 1840 3199
372 2355 2323
373 795 1945
374 3372 1507
375 3228 3600
376 2789 3271
377 292 2385
378 1820 3717
379 1517 1722
380 258 2027
381 3184 3092
382 3104 1345
383 1317 3363
384 712 3131
385 2267 1003
386 2861 356
387 731 2197
388 598 3159
389 2233 434
390 3374 3487
391 890 3295
392 2256 2034
393 2348 1594
394 1873 1866
395 1586 2403
396 1438 180
397 735 166
398 2520 2396
399 182 457
400 141 2441
401 3519 1185
402 2697 708
403 1884 1786
404 173 335
405 2364 2647
406 2446 3316
407 528 1926
408 1617 1355
409 3101 1463
410 3238 2304
411 273 2591
412 2978 612
413 3401 3528
414 1442 851
415 3491 1771
416 861 2215
417 591 1329
418 2793 2011
419 363 2406
420 448 1249
421 1679 1343
422 2036 3752
423 1510 2062
424 2961 2073
425 1231 179
426 2370 2913
427 306 3365
428 695 2035
429 2279 2417
430 53 591
431 2963 50
432 606 2398
433 228 1202
434 2899 847
435 1728 2016
436 1752 231
437 2297 2659
438 1063 660
439 2947 46
440 3431 2163
441 809 2852
442 1245 1123
443 2013 3341
444 1571 298
445 1375 2138
446 1913 1814
447 2959 70
448 1290 598
449 3286 1597
450 3457 2474
451 2 3105
452 3211 1624
453 977 859
454 2351 2881
455 3169 3183
456 1659 3171
457 3236 2195
458 2528 3040
459 3321 2961
460 113 191
461 2025 426
462 2135 513
463 608 382
464 953 1767
465 2045 3258
466 762 3107
467 1851 3537
468 2772 460
469 2560 3054
470 1364 3221
471 2934 2344
472 2069 1088
473 3480 3223
474 2050 351
475 832 198
476 3606 1483
477 751 874
478 822 281
479 2988 2978
480 738 1530
481 3296 1504
482 1463 1185
483 1329 3543
484 2552 3402
485 2766 724
486 1231 1018
487 602 434
488 3598 2466
489 829 697
490 2779 407
491 1640 2919
492 412 7
493 535 577
494 1982 1572
495 811 3083
496 1133 709
497 3113 1815
498 2159 2222
499 1917 891
500 2945 3500
501 2707 342
502 935 1606
503 3415 1652
504 3453 241
505 3179 64
506 2996 434
507 2377 937
508 266 2681
509 2762 2488
510 3336 1164
511 119 977
512 1970 2081
513 270 3704
514 3354 2145
515 391 2694
516 1542 601
517 3510 1884
518 148 2339
519 2244 3431
520 3019 53
521 3402 1893
522 2211 967
523 3725 1479
524 2040 3354
525 1856 919
526 1675 216
527 790 3067
528 282 727
529 3224 2347
530 337 3410
531 2406 1248
532 2256 2425
533 2561 973
534 1918 2808
535 3288 739
536 2495 3606
537 833 255
538 2771 1550
539 1819 167
540 2879 2675
541 849 3557
542 927 1584
543 1378 1474
544 3724 1741
545 3262 3063
546 362 2649
547 2628 880
548 294 932
549 2090 2322
550 846 1612
551 140 2191
552 1953 2204
553 2345 2599
554 2873 3423
555 2202 369
556 3030 27
557 1717 315
558 3021 3371
559 721 1966
560 496 1981
561 282 389
562 96 334
563 839 767
564 2560 3475
565 58 2531
566 1356 2809
567 1720 500
568 1353 3087
569 3546 2357
570 2479 386
571 2115 830
572 2629 1593
573 3 928
574 908 1619
575 2235 1398
576 1246 1342
577 3330 3308
578 1720 249
579 1400 3524
580 2950 28
581 1417 295
582 2110 3014
583 1652 2569
584 1616 951
585 1676 432
586 92 832
587 158 1590
588 612 1559
589 404 1117
590 1652 2655
591 1578 1138
592 1455 1144
593 2672 3029
594 3276 354
595 911 168
596 1153 1336
597 2543 2326
598 318 3227
599 2439 3703
600 1389 1596
601 2583 897
602 808 1951
603 51 1296
604 636 1980
605 1184 2457
606 3341 2151
607 2197 91
608 795 3058
609 2010 3064
610 2419 3522
611 3 739
612 1032 767
613 2515 2921
614 3539 1312
615 971 1029
616 281 1495
617 1922 2943
618 748 488
619 1497 3109
620 2485 1504
621 2239 2717
622 2064 3379
623 851 601
624 1496 518
625 1848 428
626 3397 895
627 2830 3132
628 2579 3322
629 3118 632
630 1221 45
631 3542 3180
632 3690 3390
633 2358 339
634 1551 2932
635 3418 2892
636 981 203
637 793 688
638 2116 1643
639 1565 3619
640 1376 1275
641 2708 3369
642 1483 354
643 390 1707
644 2443 1999
645 776 2010
646 157 682
647 1697 3427
648 3466 2315
649 3339 1844
650 1785 1897
651 3404 2094
652 3190 117
653 1606 2635
654 3650 3608
655 1131 642
656 3514 3225
657 1365 744
658 1228 3412
659 2772 2858
660 375 1432
661 2681 1208
662 2450 2944
663 1236 3316
664 1553 1716
665 2729 587
666 707 2432
667 1480 771
668 3167 3638
669 861 262
670 3744 1520
671 3605 1117
672 3343 856
673 2130 1777
674 352 2539
675 480 2990
676 3535 2843
677 1529 1994
678 1229 2341
679 1254 852
680 1381 2163
681 2696 928
682 2020 2
683 646 1346
684 761 3302
685 1207 1880
686 2312 60
687 978 205
688 1013 2977
689 1812 2203
690 2640 2641
691 2562 3026
692 1772 2978
693 784 1638
694 2660 914
695 2209 3389
696 3584 2974
697 3279 2346
698 3140 3046
699 958 1091
700 2682 1133
701 1548 1242
702 498 2389
703 27 1338
704 1398 3706
705 3683 2015
706 739 653
707 2770 3563
708 3621 2692
709 2309 1127
710 3394 256
711 11 775
712 3305 3279
713 2391 3185
714 12 1827
715 1687 1791
716 1020 579
717 1876 115
718 2277 465
719 2985 651
720 2266 1276
721 2438 2757
722 881 38
723 519 596
724 1378 1577
725 3153 851
726 1308 1493
727 1597 1337
728 3625 413
729 2793 142
730 19 115
731 778 78
732 2791 1681
733 54 1820
734 3721 1914
735 1618 3624
736 2344 1791
737 1383 2708
738 1395 582
739 2490 2675
740 124 2809
741 1996 83
742 1948 3163
743 2911 1804
744 1063 656
745 1883 57
746 1025 1773
747 223 1399
748 3073 1069
749 2556 2108
750 1590 470
751 3022 1994
752 1848 2044
753 2764 1700
754 752 1620
755 3299 320
756 2665 779
757 750 190
758 808 120
759 2329 1272
760 75 2048
761 2997 1130
762 2655 1609
763 2830 1747
764 52 1105
765 2444 2060
766 3540 3391
767 2231 1145
768 882 2393
769 1326 1134
770 2416 2568
771 3210 3060
772 3636 2585
773 814 3565
774 1051 1270
775 3346 2276
776 2318 293
777 1425 1511
778 3076 3647
779 2031 3241
780 1464 739
781 1391 1620
782 188 2971
783 1539 3452
784 1583 336
785 2037 746
786 331 3466
787 3318 775
788 1314 1178
789 3062 3415
790 2234 28
791 3299 1128
792 198 3271
793 1605 1451
794 2216 1255
795 1209 706
796 3107 2493
797 13 1227
798 2710 724
799 2988 2380
800 54 1239
801 2361 1295
802 3098 2290
803 1777 1280
804 1917 2215
805 1404 3109
806 2447 2242
807 885 2413
808 1581 3630
809 2618 604
810 1763 1849
811 3494 3142
812 1743 1189
813 13 729
814 2024 929
815 3000 2353
816 3567 1688
817 2466 1878
818 3348 856
819 3473 264
820 2412 422
821 2121 590
822 2625 2031
823 990 2875
824 251 3506
825 3032 2882
826 878 3261
827 2636 972
828 3140 597
829 2585 1000
830 2092 2042
831 431 498
832 3699 2922
833 919 1542
834 850 1604
835 2831 2759
836 183 2160
837 229 2347
838 89 1117
839 198 553
840 615 2699
841 1959 2471
842 2624 1259
843 1796 413
844 600 2148
845 3015 2861
846 1657 2071
847 1403 1671
848 3720 1156
849 609 3048
850 1434 1150
851 1011 1123
852 2711 2861
853 3655 1924
854 1982 1843
855 743 1760
856 3737 2978
857 687 2640
858 1090 2971
859 2278 3600
860 197 1721
861 3600 643
862 2296 1248
863 3731 1289
864 345 2096
865 1752 2116
866 2487 3711
867 533 1367
868 163 2614
869 2617 336
870 3240 1801
871 855 2824
872 1977 2701
873 3735 2312
874 1258 1110
875 297 542
876 1442 382
877 2892 3120
878 2512 2045
879 2830 1424
880 2523 2661
881 3508 3553
882 2078 1773
883 2588 1657
884 3540 2385
885 2385 2311
886 1103 279
887 2799 823
888 464 37
889 3288 356
890 1810 2978
891 2023 1326
892 3192 2234
893 530 220
894 425 566
895 1381 1683
896 1896 667
897 1293 1367
898 1657 2945
899 3282 3602
900 624 279
901 3416 1779
902 2092 2022
903 1079 1656
904 1525 3187
905 1754 1503
906 514 376
907 2630 1769
908 958 1525
909 476 3312
910 1291 1059
911 3424 2971
912 3415 186
913 1818 1344
914 3359 1492
915 1693 1513
916 1649 2273
917 278 1754
918 1062 572
919 1223 689
920 384 1357
921 1557 1839
922 112 2385
923 2415 1654
924 348 919
925 3472 612
926 2991 877
927 935 1567
928 641 810
929 2148 3297
930 2488 892
931 3094 118
932 3295 1798
933 3123 3588
934 1078 2994
935 983 3179
936 746 1837
937 305 1692
938 3510 3123
939 2490 990
940 3626 200
941 2231 1231
942 3564 2282
943 3361 1496
944 972 2483
945 2579 2165
946 2557 1491
947 148 1683
948 3200 3389
949 1718 3210
950 514 3537
951 1086 2781
952 1898 986
953 1525 2959
954 3548 24
955 1038 537
956 2193 2737
957 761 2954
958 122 2259
959 2167 14
960 3107 3358
961 207 2497
962 245 1024
963 1921 2246
964 1038 1184
965 3033 259
966 2740 2447
967 934 1968
968 2472 892
969 715 3184
970 744 1879
971 1893 1278
972 2376 3112
973 1470 2444
974 1746 1089
975 930 2120
976 3467 1393
977 2352 208
978 1512 1610
979 2723 743
980 1728 3110
981 1698 232
982 2676 1125
983 213 2891
984 989 3450
985 3049 3622
986 3284 375
987 2197 3334
988 3400 2710
989 3566 1678
990 475 2906
991 2968 3358
992 510 277
993 3454 2968
994 1198 2235
995 371 2783
996 2559 247
997 954 3745
998 1304 1596
999 1043 2007
1000 1215 174
1001 2440 1178
1002 2855 1250
1003 983 3288
1004 1687 2196
1005 3584 3127
1006 3549 1720
1007 2753 2713
1008 99 2979
1009 3344 2289
1010 192 1962
1011 2105 3446
1012 2850 2298
1013 1913 613
1014 1370 59
1015 1530 2443
1016 361 1727
1017 1951 2915
1018 426 2271
1019 1331 2237
1020 1599 968
1021 1837 2224
1022 1697 1825
1023 2567 3153
1024 2066 2609
1025 2943 3060
1026 613 479
1027 2013 2323
1028 2337 1593
1029 1942 2093
1030 3618 1929
1031 1681 560
1032 3568 2469
1033 1976 810
1034 340 3430
1035 1777 1500
1036 2008 2012
1037 269 1873
1038 3534 623
1039 2288 1949
1040 756 152
1041 1043 2601
1042 438 1314
1043 919 302
1044 2788 2091
1045 3259 1664
1046 3574 1424
1047 175 990
1048 830 3560
1049 2921 3430
1050 1181 3199
1051 2744 2606
1052 1672 2742
1053 2984 2241
1054 2780 3657
1055 470 358
1056 2752 3393
1057 1284 3015
1058 1546 27
1059 2078 3329
1060 484 3273
1061 1118 1351
1062 2288 3591
1063 2957 2140
1064 2426 3296
1065 3067 1041
1066 1149 2818
1067 2802 2475
1068 2985 400
1069 678 3448
1070 1364 3655
1071 783 2532
1072 1086 595
1073 2489 2055
1074 601 850
1075 443 1441
1076 2328 2281
1077 1528 3657
1078 1495 2278
1079 1219 3715
1080 3484 3541
1081 710 3184
1082 2893 2535
1083 261 394
1084 2323 2784
1085 2862 1264
1086 829 417
1087 3427 3182
1088 2647 1317
1089 812 1184
1090 2475 47
1091 3062 2633
1092 2217 3060
1093 2465 2991
1094 1476 1621
1095 409 794
1096 3309 608
1097 2754 2173
1098 2228 534
1099 170 2307
1100 1308 3536
1101 2953 3758
1102 2335 814
1103 828 988
1104 1841 3121
1105 3171 747
1106 1449 410
1107 2231 63
1108 910 2386
1109 1376 1761
1110 2654 475
1111 342 3722
1112 3236 823
1113 7 2080
1114 491 456
1115 872 3104
1116 2526 3639
1117 287 1773
1118 1282 1049
1119 737 1303
1120 3175 1774
1121 3063 1568
1122 2698 2668
1123 198 2699
1124 2815 1148
1125 1103 710
1126 2925 2611
1127 52 1034
1128 186 131
1129 1020 2096
1130 1320 1187
1131 3689 38
1132 1456 1741
1133 1208 2739
1134 1279 103
1135 2057 23
1136 1358 1988
1137 3680 3350
1138 2951 107
1139 1114 3606
1140 2548 2200
1141 3428 3223
1142 3017 2210
1143 3689 1363
1144 2245 3421
1145 3082 822
1146 1526 2240
1147 1091 3472
1148 2059 602
1149 252 616
1150 2861 257
1151 2909 2931
1152 656 3451
1153 1781 1445
1154 2310 608
1155 813 3048
1156 1590 687
1157 3704 2427
1158 587 2673
1159 2798 1740
1160 191 1963
1161 3497 3257
1162 1818 3208
1163 1952 1428
1164 1190 3334
1165 1106 53
1166 2421 2271
1167 2229 2068
1168 1460 843
1169 48 1367
1170 497 3540
1171 3477 1512
1172 1308 170
1173 3747 2139
1174 2042 1576
1175 491 3710
1176 1872 2967
1177 2273 1458
1178 3070 3233
1179 1462 1482
1180 2041 2121
1181 3716 1890
1182 1869 1609
1183 1929 1505
1184 2963 2076
1185 1719 3201
1186 2752 3517
1187 1755 1311
1188 3486 1872
1189 2701 1294
1190 2655 1951
1191 3383 2593
1192 1054 1095
1193 1578 2473
1194 1465 3685
1195 2077 3371
1196 2844 1323
1197 520 1542
1198 2735 2423
1199 3664 1235
1200 484 3606
1201 2531 542
1202 2649 3301
1203 935 2292
1204 3349 3608
1205 269 3613
1206 1072 2079
1207 3340 1980
1208 515 2645
1209 1995 2549
1210 323 2266
1211 3327 607
1212 2792 2420
1213 1703 3513
1214 3475 3570
1215 1859 2546
1216 3727 3313
1217 3068 1971
1218 1974 1971
1219 144 224
1220 2983 2476
1221 1005 2016
1222 391 1934
1223 1104 856
1224 1847 840
1225 1966 2191
1226 964 1050
1227 2867 1421
1228 420 1340
1229 2424 3653
1230 543 2384
1231 3579 3717
1232 1868 2118
1233 1786 1515
1234 1582 2990
1235 943 1834
1236 2207 2371
1237 3027 1198
1238 3324 3190
1239 2540 2172
1240 608 1608
1241 2105 2382
1242 565 2204
1243 2400 3517
1244 2744 2428
1245 1621 2064
1246 1293 1115
1247 2206 3252
1248 3300 747
1249 916 2284
1250 3562 1312
1251 1421 107
1252 2338 549
1253 2328 1503
1254 1989 2765
1255 904 2657
1256 1912 2636
1257 2501 298
1258 750 2600
1259 159 1065
1260 1085 698
1261 3620 2018
1262 2485 3705
1263 1076 3624
1264 2334 2441
1265 20 894
1266 481 32
1267 1024 59
1268 2426 2153
1269 2436 1612
1270 2620 3037
1271 1020 3023
1272 550 350
1273 2186 1661
1274 69 3494
1275 1640 263
1276 2218 2272
1277 3630 1908
1278 493 1300
1279 1127 553
1280 1762 41
1281 288 1963
1282 1707 2326
1283 2704 2625
1284 3550 1385
1285 3134 2845
1286 2473 556
1287 3695 3117
1288 3011 1205
1289 751 1933
1290 1524 1390
1291 1346 2159
1292 2599 3412
1293 3323 1677
1294 2047 3379
1295 893 2318
1296 489 2321
1297 241 392
1298 2801 714
1299 39 2518
1300 1303 333
1301 3152 2170
1302 2178 1092
1303 2506 323
1304 2773 3401
1305 1021 1362
1306 2354 3623
1307 3735 2106
1308 3405 736
1309 2243 695
1310 1139 2862
1311 272 240
1312 1610 683
1313 1102 703
1314 537 692
1315 2459 577
1316 1900 347
1317 1232 2953
1318 2513 828
1319 2598 2986
1320 2871 131
1321 3693 1221
1322 1032 3644
1323 2269 1055
1324 851 346
1325 2094 951
1326 1039 268
1327 518 2503
1328 573 845
1329 353 1992
1330 446 1388
1331 1958 539
1332 3381 1532
1333 967 3141
1334 1725 860
1335 2409 1946
1336 846 2121
1337 3029 1118
1338 3692 1970
1339 365 2855
1340 1249 636
1341 2451 103
1342 1949 503
1343 1559 858
1344 1851 2433
1345 864 2235
1346 1221 410
1347 1022 459
1348 986 2728
1349 1677 2772
1350 2511 3452
1351 2283 1146
1352 2180 3268
1353 1373 3300
1354 3737 1346
1355 1727 2442
1356 48 1965
1357 2908 1119
1358 2612 3718
1359 3613 1777
1360 1195 3278
1361 149 2574
1362 3320 1894
1363 1884 1290
1364 3268 2055
1365 3225 1838
1366 1262 2884
1367 2310 2067
1368 960 3724
1369 543 1904
1370 84 852
1371 3355 3567
1372 2247 2901
1373 383 3158
1374 1917 481
1375 1807 2821
1376 149 1020
1377 2182 348
1378 366 2536
1379 615 2591
1380 394 130
1381 3349 284
1382 2594 1052
1383 176 1036
1384 1354 2922
1385 2913 2297
1386 1479 1792
1387 3081 527
1388 910 1819
1389 3637 1573
1390 1054 2928
1391 1220 2846
1392 145 3331
1393 1291 2507
1394 3327 3417
1395 2169 387
1396 3364 79
1397 1415 2294
1398 515 460
1399 3522 3726
1400 1515 644
1401 669 664
1402 1769 2335
1403 624 1809
1404 2414 137
1405 2101 260
1406 834 1259
1407 1317 915
1408 344 3723
1409 1486 916
1410 756 3551
1411 504 1118
1412 2651 535
1413 1640 1267
1414 3162 3708
1415 3092 3681
1416 2154 1332
1417 2665 3348
1418 866 727
1419 2441 1070
1420 125 166
1421 3497 3594
1422 62 795
1423 2378 621
1424 3553 1436
1425 1957 2430
1426 1236 964
1427 3293 2855
1428 3110 1571
1429 736 3436
1430 2702 580
1431 2798 1100
1432 1183 2784
1433 2189 2134
1434 3131 1218
1435 2380 1326
1436 726 1338
1437 2663 335
1438 380 3718
1439 1211 931
1440 101 894
1441 3530 3105
1442 71 2894
1443 2912 119
1444 3037 378
1445 263 2633
1446 1128 2972
1447 2008 2856
1448 2307 1010
1449 611 1653
1450 1259 1686
1451 2097 968
1452 1102 2910
1453 1976 669
1454 3587 2629
1455 1887 3182
1456 619 2585
1457 1667 1639
1458 1846 3239
1459 1161 549
1460 1145 1491
1461 196 1233
1462 1646 301
1463 1449 3676
1464 1053 2576
1465 3074 3258
1466 2058 637
1467 2992 2372
1468 719 184
1469 1684 233
1470 347 417
1471 2863 3558
1472 2187 1429
1473 2057 2582
1474 2168 2421
1475 2271 1258
1476 1937 2808
1477 2129 1564
1478 2794 1405
1479 523 3345
1480 3573 3124
1481 2385 2349
1482 673 3102
1483 1920 3291
1484 1600 641
1485 2051 2670
1486 2429 1664
1487 3412 1682
1488 1229 762
1489 739 1846
1490 3237 2562
1491 2700 1182
1492 669 3120
1493 3380 3747
1494 3252 166
1495 1060 254
1496 868 3477
1497 2105 181
1498 3143 1840
1499 315 3317
1500 3513 2977
1501 1740 289
1502 3488 3516
1503 3092 3306
1504 1578 3201
1505 2363 3344
1506 966 2645
1507 2950 3239
1508 2150 1571
1509 2358 878
1510 2386 222
1511 349 1068
1512 1537 3739
1513 450 2251
1514 2228 3133
1515 1511 1177
1516 1267 337
1517 2665 397
1518 12 523
1519 1751 2583
1520 1033 2576
1521 311 1276
1522 1618 1734
1523 1126 1440
1524 322 2489
1525 2318 3188
1526 798 3679
1527 1869 1394
1528 1716 3294
1529 1556 2198
1530 1584 444
1531 1069 656
1532 1909 2327
1533 1376 2184
1534 2074 2887
1535 2743 3553
1536 2114 2209
1537 3024 2673
1538 1937 589
1539 3140 2895
1540 1372 890
1541 3318 446
1542 2992 912
1543 254 1353
1544 1717 2950
1545 3126 2735
1546 180 2901
1547 740 1458
1548 551 109
1549 1962 1034
1550 561 1030
1551 2186 3487
1552 1854 2010
1553 702 2711
1554 2587 1666
1555 3367 3661
1556 3305 1806
1557 2740 2243
1558 1806 2792
1559 1702 2889
1560 1197 107
1561 3426 2766
1562 1975 2528
1563 422 1894
1564 786 1849
1565 1551 2492
1566 1545 2098
1567 3466 3642
1568 388 629
1569 2889 1880
1570 2761 525
1571 1305 545
1572 2403 3645
1573 1746 2012
1574 978 2545
1575 3566 2265
1576 1843 2725
1577 2878 74
1578 2482 3253
1579 825 1028
1580 173 3173
1581 3190 2374
1582 2123 978
1583 589 2266
1584 956 1368
1585 2505 3305
1586 738 1398
1587 1568 1316
1588 737 863
1589 3126 1184
1590 2243 466
1591 798 2402
1592 2544 3004
1593 2467 443
1594 3276 3708
1595 262 1909
1596 3680 1672
1597 2425 2895
1598 1693 2302
1599 3419 2118
1600 1311 365
1601 2149 2005
1602 3535 1621
1603 469 2685
1604 795 2780
1605 1624 1144
1606 506 1235
1607 990 2683
1608 2602 2088
1609 1576 2090
1610 2317 3693
1611 21 1889
1612 580 121
1613 190 3536
1614 1946 1118
1615 3310 1350
1616 164 11
1617 1750 2082
1618 599 2914
1619 3728 501
1620 3338 796
1621 2754 1084
1622 494 1548
1623 1813 557
1624 667 1474
1625 3367 2111
1626 2557 401
1627 1134 3375
1628 2048 578
1629 1198 3728
1630 2583 618
1631 493 1011
1632 1475 3594
1633 2868 600
1634 1938 2245
1635 168 2116
1636 1493 2248
1637 2907 131
1638 3319 1957
1639 3373 2287
1640 2795 1936
1641 2966 1841
1642 1189 2926
1643 3305 2008
1644 2492 1690
1645 3729 2312
1646 1838 314
1647 319 3445
1648 1572 1857
1649 1175 1024
1650 3208 423
1651 919 3281
1652 1157 3542
1653 106 3286
1654 45 406
1655 1228 1466
1656 3105 3531
1657 3567 2569
1658 2540 573
1659 621 1171
1660 2112 2457
1661 175 1840
1662 1862 3030
1663 3053 2083
1664 960 3626
1665 407 2466
1666 3442 1566
1667 2355 500
1668 48 2512
1669 984 2060
1670 3369 295
1671 3035 3717
1672 965 2364
1673 1400 2847
1674 2490 455
1675 3027 3385
1676 1525 2231
1677 2815 3199
1678 119 3078
1679 2799 1318
1680 1102 1964
1681 1643 2917
1682 1815 2356
1683 3285 1782
1684 2224 2716
1685 3597 2958
1686 1970 272
1687 3314 1993
1688 3151 1881
1689 1306 1178
1690 2984 2786
1691 3027 2801
1692 1234 2332
1693 3002 2397
1694 3354 3443
1695 1469 2533
1696 1191 3712
1697 1132 1394
1698 351 95
1699 2805 1919
1700 333 2692
1701 2257 1155
1702 1329 2298
1703 2232 2894
1704 743 3196
1705 3308 1922
1706 205 888
1707 3621 2916
1708 2160 128
1709 696 3443
1710 3430 755
1711 718 2505
1712 2994 492
1713 1058 1152
1714 1219 2377
1715 3515 758
1716 2493 2942
1717 2571 372
1718 1164 1963
1719 2935 2491
1720 1894 2396
1721 2616 256
1722 1233 1583
1723 33 2074
1724 806 1403
1725 3393 3321
1726 948 1391
1727 2491 1978
1728 2247 3609
1729 3621 2184
1730 826 2376
1731 783 1588
1732 1658 564
1733 1572 1048
1734 3501 1932
1735 261 841
1736 1748 2912
1737 3044 444
1738 2557 2657
1739 2814 986
1740 2156 3158
1741 1421 566
1742 2570 2688
1743 2573 847
1744 478 2703
1745 2973 1201
1746 572 1942
1747 1544 3617
1748 1947 1597
1749 1685 1432
1750 844 1190
1751 3291 895
1752 695 466
1753 905 781
1754 2424 1973
1755 3461 2733
1756 1946 2215
1757 1236 115
1758 3298 3132
1759 1866 2448
1760 2864 118
1761 273 2388
1762 3617 1402
1763 1199 900
1764 377 2769
1765 2116 796
1766 351 415
1767 3137 3686
1768 1705 265
1769 591 1132
1770 2458 2851
1771 1278 938
1772 1161 1111
1773 717 1480
1774 964 1837
1775 1018 662
1776 1028 1239
1777 1531 3433
1778 3602 2236
1779 268 69
1780 2443 2232
1781 1561 1579
1782 2352 3601
1783 1935 2934
1784 1713 1421
1785 2206 768
1786 1212 1714
1787 3377 3418
1788 3360 1135
1789 2593 3052
1790 534 681
1791 2583 1945
1792 978 520
1793 1489 3047
1794 1303 2788
1795 631 3133
1796 1705 2250
1797 2494 1342
1798 2487 1923
1799 492 102
1800 2376 182
1801 2653 1602
1802 1684 2588
1803 1574 1012
1804 2311 693
1805 2632 2631
1806 2834 2170
1807 2407 1696
1808 19 291
1809 2428 966
1810 870 410
1811 696 1044
1812 1275 607
1813 2025 812
1814 2458 1148
1815 1522 94
1816 933 1196
1817 3686 121
1818 45 3672
1819 3013 3041
1820 1335 707
1821 3594 2802
1822 239 295
1823 1460 356
1824 2846 3230
1825 740 1712
1826 697 3286
1827 1302 3233
1828 3610 2959
1829 516 3358
1830 3587 1222
1831 2103 1047
1832 3104 2487
1833 2239 2430
1834 3356 30
1835 2229 249
1836 951 287
1837 1279 3413
1838 2470 2024
1839 3684 2893
1840 619 1091
1841 1424 618
1842 3623 3024
1843 1962 13
1844 2989 274
1845 2629 476
1846 1433 1096
1847 1220 249
1848 2129 2431
1849 97 3305
1850 2715 1847
1851 2639 2931
1852 2095 2131
1853 2782 3191
1854 1134 3125
1855 415 2130
1856 3715 3705
1857 1978 3183
1858 2968 992
1859 1404 1791
1860 29 1600
1861 1236 2413
1862 1909 2490
1863 2432 1643
1864 273 829
1865 3364 1233
1866 1729 57
1867 1499 3336
1868 2904 2838
1869 1248 1345
1870 879 2677
1871 1535 779
1872 365 1384
1873 1528 3029
1874 3493 2398
1875 2932 3072
1876 48 2369
1877 2651 1641
1878 2494 228
1879 3685 2950
1880 1287 3207
1881 3647 15
1882 390 2861
1883 113 1455
1884 1928 3120
1885 45 3482
1886 2210 2531
1887 1099 1777
1888 2321 3047
1889 1363 1252
1890 3653 1794
1891 1546 1272
1892 1281 1054
1893 2464 1865
1894 268 2110
1895 3737 1569
1896 3435 2550
1897 1180 1802
1898 995 827
1899 3288 721
1900 1370 281
1901 1485 2267
1902 3629 2468
1903 3114 748
1904 1879 1328
1905 3331 3733
1906 1521 2405
1907 2197 2078
1908 757 1309
1909 3261 3509
1910 1607 2048
1911 1637 1029
1912 3254 259
1913 1569 1163
1914 2767 716
1915 1082 1557
1916 2227 2184
1917 376 2668
1918 2186 2353
1919 1669 1059
1920 2504 2090
1921 159 3408
1922 159 2173
1923 3679 2266
1924 230 168
1925 1736 1044
1926 136 1026
1927 481 1850
1928 383 228
1929 2391 681
1930 1858 3462
1931 1021 1924
1932 1629 935
1933 133 1012
1934 2593 2674
1935 3492 2543
1936 2699 2429
1937 1249 684
1938 1161 196
1939 2382 2054
1940 795 917
1941 3738 2319
1942 3606 653
1943 421 1015
1944 254 2947
1945 2310 1277
1946 3701 419
1947 714 533
1948 2495 3486
1949 974 2699
1950 2201 783
1951 2703 2551
1952 857 321
1953 975 754
1954 1447 1568
1955 2507 1335
1956 748 3438
1957 618 2237
1958 2185 3687
1959 2441 21
1960 2812 2278
1961 1077 3279
1962 2063 2361
1963 1817 1153
1964 3330 1571
1965 1513 2346
1966 2266 2704
1967 1229 1348
1968 3305 1086
1969 2322 697
1970 767 2331
1971 2621 2376
1972 1489 2057
1973 3634 487
1974 698 3305
1975 2964 1115
1976 896 3175
1977 1694 1062
1978 1608 1346
1979 1969 3472
1980 1980 1775
1981 3071 2569
1982 2588 2734
1983 3431 1566
1984 1219 1261
1985 1314 1850
1986 1707 1835
1987 1054 1215
1988 2147 1120
1989 3096 3157
1990 2512 3516
1991 320 1937
1992 1202 1277
1993 183 3450
1994 1241 2404
1995 1788 3097
1996 3159 2986
1997 2152 1103
1998 968 1695
1999 2678 140
2000 3375 2564
2001 967 652
2002 2179 2202
2003 2852 548
2004 3354 490
2005 85 702
2006 1476 1958
2007 1715 1953
2008 2779 1167
2009 3337 421
2010 553 3673
2011 1632 2837
2012 187 2284
2013 2795 1541
2014 3413 2109
2015 3360 1750
2016 2326 2780
2017 1096 488
2018 2381 2415
2019 2616 2224
2020 3468 1999
2021 529 2330
2022 716 3345
2023 2822 1377
2024 802 1879
2025 1308 2844
2026 3584 680
2027 2150 3035
2028 1839 1950
2029 1537 2051
2030 1579 126
2031 1565 2693
2032 2319 2190
2033 1534 3606
2034 2675 2610
2035 594 3466
2036 195 1383
2037 2852 547
2038 1906 1187
2039 3360 2265
2040 1615 108
2041 1992 58
2042 23 2473
2043 3734 1028
2044 123 2454
2045 2451 3439
2046 707 3276
2047 1719 1105
2048 2114 2496
2049 514 1469
2050 3564 2475
2051 1626 3340
2052 3478 634
2053 1734 1774
2054 957 1974
2055 651 2050
2056 1226 422
2057 2020 148
2058 661 3140
2059 1160 2967
2060 2503 3022
2061 1031 1092
2062 1348 894
2063 2628 2849
2064 888 3612
2065 3274 3749
2066 3025 705
2067 1160 1115
2068 46 1568
2069 1006 2710
2070 3062 1537
2071 3037 1604
2072 3596 2909
2073 3418 949
2074 322 3297
2075 1299 717
2076 220 1068
2077 1925 2696
2078 982 1211
2079 2846 1662
2080 392 2040
2081 3246 1272
2082 1865 1455
2083 1379 50
2084 146 2049
2085 757 3232
2086 676 3307
2087 1967 950
2088 204 489
2089 2848 3459
2090 2038 3112
2091 33 3550
2092 3185 2970
2093 2807 1924
2094 3153 717
2095 2283 3312
2096 1178 2158
2097 1944 3068
2098 1580 362
2099 3140 390
2100 474 837
2101 2163 2087
2102 1983 62
2103 3673 3008
2104 2291 2547
2105 1295 38
2106 938 145
2107 1048 545
2108 2942 2015
2109 3523 991
2110 1886 1899
2111 2211 1966
2112 3687 1173
2113 3038 2009
2114 1138 1211
2115 67 2610
2116 2446 1876
2117 1584 1201
2118 1888 1313
2119 1779 716
2120 3256 561
2121 2975 2872
2122 3045 2788
2123 2401 334
2124 3259 2594
2125 3395 450
2126 484 2493
2127 432 1680
2128 182 3092
2129 3241 584
2130 1796 346
2131 568 2556
2132 1991 3014
2133 2916 1366
2134 3502 2684
2135 404 1728
2136 2819 3548
2137 1383 2062
2138 2176 713
2139 1907 494
2140 817 317
2141 2301 3492
2142 796 315
2143 3081 1359
2144 1071 2069
2145 2497 1232
2146 2825 2255
2147 2059 60
2148 828 1380
2149 406 112
2150 961 967
2151 3414 1028
2152 588 2076
2153 1313 2179
2154 3041 3017
2155 3032 425
2156 3447 1351
2157 3354 1438
2158 2669 253
2159 3157 3347
2160 3755 2815
2161 238 2042
2162 2025 1843
2163 2243 2155
2164 2165 3588
2165 672 1892
2166 2513 10
2167 991 801
2168 1964 3722
2169 1123 2892
2170 3522 2762
2171 2006 1895
2172 70 936
2173 1633 599
2174 2879 2443
2175 925 3219
2176 1216 1802
2177 2888 3742
2178 2189 1612
2179 3402 1585
2180 507 3712
2181 136 908
2182 983 1069
2183 1336 1838
2184 410 3516
2185 1878 612
2186 1115 2229
2187 183 446
2188 1509 2184
2189 1900 3480
2190 1578 2270
2191 1769 3224
2192 2441 2830
2193 2390 563
2194 348 931
2195 3270 3669
2196 437 2622
2197 2231 3664
2198 1162 1721
2199 3257 852
2200 14 2220
2201 2514 3505
2202 1522 2707
2203 273 3657
2204 748 2655
2205 337 1785
2206 679 572
2207 1153 2057
2208 1787 931
2209 3058 2258
2210 670 865
2211 2016 1056
2212 1595 1544
2213 3412 1576
2214 1010 692
2215 2633 1755
2216 2065 945
2217 1439 891
2218 2001 1275
2219 2588 3742
2220 3539 2405
2221 665 1137
2222 2781 2574
2223 2348 255
2224 2096 3297
2225 2770 274
2226 492 1485
2227 96 3257
2228 278 980
2229 2313 3195
2230 2936 567
2231 3682 2234
2232 2890 1154
2233 308 1915
2234 2112 3684
2235 1282 1734
2236 1555 1842
2237 1788 3353
2238 437 3373
2239 851 2321
2240 1791 2976
2241 2655 1580
2242 3741 798
2243 2541 137
2244 2333 1788
2245 2940 369
2246 2515 1323
2247 3386 730
2248 3009 1977
2249 2938 633
2250 2101 1272
2251 2602 3176
2252 3539 2271
2253 1554 3208
2254 2453 1375
2255 1039 3321
2256 3472 1961
2257 2240 1815
2258 537 2270
2259 1248 3255
2260 2744 3559
2261 198 1555
2262 1388 326
2263 90 2882
2264 1742 1821
2265 1881 1788
2266 218 3182
2267 1275 2556
2268 2540 1042
2269 3730 807
2270 2215 445
2271 1670 1212
2272 3724 2594
2273 2143 1404
2274 2633 1924
2275 1826 2908
2276 144 3021
2277 1359 649
2278 2409 2562
2279 3162 3275
2280 442 3750
2281 2601 2557
2282 774 381
2283 2510 1020
2284 2228 1236
2285 2438 493
2286 786 768
2287 1776 2772
2288 74 52
2289 2466 723
2290 2596 1784
2291 1033 3040
2292 2171 1014
2293 815 2778
2294 1076 2885
2295 1314 2077
2296 2492 1500
2297 3058 67
2298 3394 2719
2299 2139 1005
2300 3477 1454
2301 2020 3347
2302 2591 463
2303 2839 3177
2304 146 2760
2305 98 627
2306 1202 2337
2307 749 3514
2308 244 3562
2309 3726 2815
2310 2164 2681
2311 2873 751
2312 2029 3671
2313 2300 2135
2314 3557 795
2315 3258 2490
2316 2743 2790
2317 1461 1793
2318 3621 2033
2319 705 1042
2320 2317 1764
2321 1623 2469
2322 3675 2553
2323 456 1186
2324 2304 929
2325 2371 3103
2326 2002 1269
2327 345 1513
2328 52 1487
2329 1006 1489
2330 119 329
2331 1730 3513
2332 3344 790
2333 305 30
2334 12 3232
2335 2792 40
2336 1618 3506
2337 2889 560
2338 3576 1479
2339 3680 3346
2340 2217 3603
2341 327 1635
2342 837 1281
2343 2088 356
2344 3353 492
2345 3633 3160
2346 1216 2289
2347 3372 3410
2348 2042 3700
2349 255 1667
2350 413 3507
2351 146 3523
2352 3705 3497
2353 2991 1517
2354 3744 932
2355 2415 2448
2356 2854 1480
2357 1730 114
2358 133 52
2359 3327 472
2360 3028 134
2361 685 2996
2362 1705 3435
2363 3008 1198
2364 845 250
2365 889 55
2366 2335 2386
2367 1831 553
2368 2843 2976
2369 499 3315
2370 1260 3350
2371 219 308
2372 3215 920
2373 2668 1269
2374 2587 3608
2375 1717 972
2376 2414 2901
2377 410 2174
2378 1433 608
2379 2726 3093
2380 1647 2079
2381 1797 3539
2382 1834 2709
2383 2689 293
2384 1231 2993
2385 2059 3339
2386 1955 518
2387 397 1639
2388 573 43
2389 3549 260
2390 1373 1396
2391 2180 649
2392 2574 1425
2393 1407 734
2394 393 2550
2395 70 1566
2396 858 2379
2397 2588 3758
2398 3174 2564
2399 535 1373
2400 413 659
2401 368 2684
2402 3213 1484
2403 3324 2240
2404 135 1082
2405 2108 246
2406 1638 1216
2407 1330 3350
2408 701 515
2409 3366 1899
2410 3567 1974
2411 3608 1122
2412 133 2214
2413 2886 3585
2414 28 1735
2415 3136 2650
2416 1822 414
2417 2106 3471
2418 2034 2496
2419 1058 2968
2420 550 171
2421 2547 2196
2422 1691 2356
2423 1976 1324
2424 1921 3713
2425 3301 2926
2426 3733 2952
2427 707 2184
2428 2089 856
2429 187 467
2430 179 1158
2431 1893 2115
2432 1928 1146
2433 1 2396
2434 939 2571
2435 1525 599
2436 880 2936
2437 2632 2725
2438 3222 425
2439 766 2611
2440 3732 3637
2441 3621 3710
2442 803 517
2443 3200 1641
2444 2781 73
2445 2738 397
2446 292 1865
2447 1390 673
2448 2470 2095
2449 2380 3626
2450 2063 803
2451 3262 2868
2452 1151 311
2453 1764 1090
2454 1086 789
2455 540 1506
2456 1358 3461
2457 1918 340
2458 208 1059
2459 3319 3037
2460 3513 913
2461 2165 2871
2462 934 664
2463 579 3739
2464 1293 165
2465 932 1074
2466 710 674
2467 261 2152
2468 1802 770
2469 430 3474
2470 491 2449
2471 666 2193
2472 2261 2955
2473 632 664
2474 1092 1388
2475 32 1547
2476 2789 3704
2477 1914 3576
2478 1217 2508
2479 1387 2442
2480 1511 676
2481 2401 955
2482 393 2526
2483 1842 3402
2484 474 1327
2485 752 2046
2486 1430 198
2487 2943 3162
2488 3043 94
2489 1146 129
2490 55 1079
2491 2803 1691
2492 2218 3750
2493 2234 297
2494 3085 619
2495 655 485
2496 1275 164
2497 2811 1374
2498 479 3025
2499 3100 2115
2500 598 2568
2501 1104 2893
2502 3510 1258
2503 1941 3122
2504 1263 1253
2505 2173 2728
2506 2449 1403
2507 423 2838
2508 607 1011
2509 3388 433
2510 3267 1727
2511 344 182
2512 3457 3038
2513 346 3074
2514 480 530
2515 2109 458
2516 1190 596
2517 2023 1304
2518 2723 54
2519 2178 1540
2520 274 1354
2521 298 3268
2522 347 498
2523 3462 2964
2524 3629 631
2525 282 1673
2526 250 830
2527 12 3522
2528 1682 1704
2529 2341 304
2530 2757 2617
2531 443 808
2532 1683 2075
2533 1917 583
2534 2742 3443
2535 3087 2934
2536 2771 3188
2537 3398 269
2538 1549 3027
2539 1286 2412
2540 3402 587
2541 1274 2184
2542 730 2146
2543 3267 1971
2544 2885 203
2545 3254 688
2546 676 829
2547 1583 3621
2548 2468 2741
2549 826 2897
2550 934 1176
2551 3315 2368
2552 3274 763
2553 572 1869
2554 1117 2454
2555 3424 3351
2556 1072 1893
2557 1301 87
2558 2428 1377
2559 2183 641
2560 450 1856
2561 2931 521
2562 1736 2376
2563 3377 968
2564 1137 3514
2565 2022 2319
2566 2347 2428
2567 1256 2651
2568 1024 2407
2569 2419 2186
2570 1781 3075
2571 1419 653
2572 3031 543
2573 2307 2046
2574 2134 757
2575 1470 35
2576 1618 1197
2577 165 1956
2578 678 2193
2579 2888 186
2580 530 2450
2581 744 3064
2582 894 345
2583 3108 3583
2584 507 3376
2585 1826 2812
2586 2124 674
2587 1617 149
2588 1045 2015
2589 2492 708
2590 19 453
2591 2370 1938
2592 2764 108
2593 3428 3336
2594 3688 1744
2595 2302 1842
2596 3376 1173
2597 2985 2325
2598 1382 1046
2599 3536 883
2600 1269 1422
2601 1906 2604
2602 1963 1323
2603 3112 3591
2604 3428 2479
2605 2216 3713
2606 1768 185
2607 1033 3525
2608 680 275
2609 1879 2414
2610 981 2045
2611 2473 2425
2612 2610 3275
2613 1329 462
2614 3403 1067
2615 180 2847
2616 582 1097
2617 2027 3586
2618 2328 438
2619 1001 1132
2620 1179 2742
2621 2398 383
2622 335 1897
2623 2491 2725
2624 2255 3740
2625 263 3341
2626 118 2577
2627 2930 2406
2628 2337 348
2629 3416 1546
2630 2934 784
2631 3320 2413
2632 1509 2473
2633 2117 2901
2634 1726 2651
2635 3548 1404
2636 755 2363
2637 215 3091
2638 2783 2252
2639 1858 2522
2640 1896 2158
2641 2813 14
2642 209 226
2643 1345 2466
2644 3315 2592
2645 790 465
2646 2013 124
2647 1491 3474
2648 554 3287
2649 2648 862
2650 1490 3538
2651 3193 910
2652 979 2856
2653 3596 2136
2654 3441 1756
2655 2053 203
2656 347 961
2657 879 776
2658 3744 553
2659 2654 293
2660 818 1232
2661 1122 652
2662 3371 1786
2663 1247 1017
2664 1085 553
2665 3579 2036
2666 1502 2531
2667 1256 123
2668 2707 1796
2669 2770 116
2670 2156 2609
2671 363 3489
2672 2529 29
2673 2486 1572
2674 1547 606
2675 1328 1302
2676 742 1266
2677 2437 1731
2678 2901 1023
2679 1906 2056
2680 3127 232
2681 583 3408
2682 713 215
2683 2560 3498
2684 764 871
2685 868 2271
2686 3224 2257
2687 2429 435
2688 2497 2810
2689 2777 442
2690 1240 2362
2691 2880 3613
2692 278 528
2693 87 1661
2694 2021 164
2695 3605 2551
2696 143 1661
2697 100 313
2698 379 1012
2699 3626 132
2700 68 3193
2701 505 1970
2702 3037 2533
2703 1283 266
2704 1715 2368
2705 1218 209
2706 3617 883
2707 2358 2339
2708 1322 2576
2709 3408 499
2710 690 545
2711 1936 287
2712 1597 223
2713 3210 1992
2714 2445 2996
2715 718 1360
2716 582 2018
2717 1624 53
2718 3508 3205
2719 981 1149
2720 991 2327
2721 1047 962
2722 2638 995
2723 1002 2480
2724 3514 1116
2725 2952 2556
2726 1700 2510
2727 2442 792
2728 3402 789
2729 2417 452
2730 3094 13
2731 1668 1015
2732 2151 1706
2733 1498 2143
2734 2404 361
2735 2106 2005
2736 478 3431
2737 1217 2740
2738 3157 1696
2739 3028 123
2740 3150 410
2741 3255 801
2742 2628 580
2743 1821 137
2744 3501 3753
2745 1520 2150
2746 2958 1049
2747 1700 3345
2748 209 2665
2749 647 921
2750 3013 1994
2751 2844 3577
2752 2359 344
2753 1784 1232
2754 3200 996
2755 44 2317
2756 2319 3460
2757 2420 1594
2758 121 105
2759 815 523
2760 798 1794
2761 577 70
2762 2286 655
2763 1157 3157
2764 811 824
2765 135 2986
2766 3408 62
2767 1665 930
2768 642 962
2769 660 3358
2770 2551 2358
2771 57 750
2772 3525 2881
2773 184 1566
2774 3339 2215
2775 457 1685
2776 1062 3527
2777 1274 2715
2778 3085 2070
2779 3360 1916
2780 3453 2669
2781 1585 379
2782 732 3263
2783 2690 2232
2784 504 2798
2785 76 2020
2786 1680 1806
2787 2228 3445
2788 1638 233
2789 1131 2133
2790 1715 1684
2791 2595 352
2792 1883 2882
2793 3700 3502
2794 2147 1096
2795 1165 3453
2796 528 1073
2797 191 1747
2798 3025 3187
2799 3350 1362
2800 2160 3714
2801 1209 1357
2802 2293 2435
2803 3317 1450
2804 2156 1188
2805 197 2521
2806 408 3578
2807 1845 3140
2808 2888 2730
2809 982 1702
2810 1784 2748
2811 68 545
2812 1499 2157
2813 2983 1179
2814 2904 644
2815 823 2633
2816 3027 2999
2817 2563 1151
2818 2477 2591
2819 3060 1078
2820 3470 490
2821 3069 2431
2822 1506 143
2823 630 1304
2824 3042 391
2825 3450 1916
2826 1237 2458
2827 1021 2831
2828 1750 3255
2829 1426 1851
2830 648 2969
2831 1163 900
2832 1479 1910
2833 3730 1139
2834 3697 697
2835 3081 1873
2836 2245 2371
2837 2573 1522
2838 1882 1453
2839 48 2436
2840 1203 2129
2841 502 2776
2842 1505 3258
2843 960 832
2844 842 3673
2845 968 3658
2846 3145 393
2847 508 1980
2848 70 3126
2849 1102 2080
2850 584 105
2851 3147 3058
2852 2551 1207
2853 2283 472
2854 167 3147
2855 2553 913
2856 2546 592
2857 1427 721
2858 3205 2900
2859 1940 332
2860 1438 3066
2861 96 544
2862 3460 958
2863 1184 632
2864 2311 2158
2865 2367 1999
2866 3498 3703
2867 627 322
2868 2431 1390
2869 2032 985
2870 513 417
2871 1754 2615
2872 3543 604
2873 3177 191
2874 1736 1360
2875 2546 1418
2876 2330 3585
2877 3220 902
2878 1792 2047
2879 2048 3649
2880 1923 1320
2881 1260 3703
2882 3615 2651
2883 2297 2456
2884 882 2304
2885 1140 2030
2886 2929 359
2887 138 205
2888 3227 1966
2889 1648 1291
2890 2850 854
2891 34 1714
2892 2727 3448
2893 3482 2868
2894 1717 52
2895 3315 3535
2896 33 3275
2897 670 817
2898 1392 2158
2899 3413 2893
2900 1082 453
2901 3231 3598
2902 3277 1557
2903 3171 2684
2904 3205 3756
2905 1344 1373
2906 1707 3679
2907 1612 2286
2908 1180 678
2909 491 1842
2910 3739 1653
2911 115 3225
2912 3561 3519
2913 2957 1957
2914 660 534
2915 1119 1737
2916 2334 1830
2917 1208 259
2918 256 3747
2919 2091 2619
2920 1742 575
2921 1952 2588
2922 1676 2545
2923 2423 115
2924 3649 99
2925 319 3382
2926 2603 1802
2927 1286 1032
2928 2116 1659
2929 1377 2794
2930 3251 2620
2931 366 3059
2932 1670 1497
2933 3032 3186
2934 2383 1385
2935 3467 851
2936 2892 3488
2937 3177 2193
2938 908 453
2939 1117 1004
2940 3614 983
2941 1533 3323
2942 2876 3051
2943 2533 323
2944 1305 3033
2945 1010 568
2946 2022 985
2947 2636 2563
2948 3531 1320
2949 2711 3622
2950 1140 2975
2951 187 588
2952 3609 277
2953 2595 1156
2954 387 1028
2955 388 1295
2956 3580 1338
2957 31 1751
2958 679 2129
2959 1448 3075
2960 176 1504
2961 1591 2664
2962 1252 1171
2963 559 467
2964 2564 825
2965 2333 3508
2966 2662 989
2967 1539 2573
2968 733 2712
2969 3702 2012
2970 1786 2068
2971 2677 1316
2972 2162 1140
2973 2475 1923
2974 3026 3362
2975 2359 735
2976 3025 3112
2977 713 1922
2978 2693 1828
2979 1552 424
2980 825 2582
2981 3458 2583
2982 3565 1947
2983 443 2926
2984 1726 1967
2985 346 2401
2986 488 2527
2987 2120 3220
2988 553 2861
2989 2106 598
2990 2583 967
2991 3433 16
2992 69 282
2993 1905 797
2994 2338 2754
2995 2582 941
2996 787 3062
2997 686 2149
2998 82 3330
2999 314 681
3000 3190 852
3001 1430 460
3002 3301 907
3003 2804 1863
3004 360 3421
3005 1860 3080
3006 2910 3737
3007 1512 317
3008 2355 828
3009 644 1154
3010 626 1159
3011 3579 1815
3012 1049 704
3013 2056 1846
3014 1484 1080
3015 2698 451
3016 1613 910
3017 2980 181
3018 1610 98
3019 2659 1444
3020 391 2780
3021 385 659
3022 1806 142
3023 1242 1807
3024 1476 3255
3025 1565 2665
3026 2445 1306
3027 1541 1985
3028 83 1822
3029 57 723
3030 547 1975
3031 2449 631
3032 2489 1893
3033 3194 1203
3034 2526 1451
3035 971 2628
3036 942 707
3037 3337 685
3038 1519 1295
3039 568 1102
3040 2334 2115
3041 3411 1721
3042 2092 2178
3043 733 609
3044 1625 1255
3045 2761 468
3046 3088 1589
3047 72 3051
3048 3684 2832
3049 817 2047
3050 1497 1038
3051 533 3070
3052 2198 1624
3053 803 2942
3054 1225 133
3055 2025 2561
3056 43 3065
3057 1709 42
3058 998 153
3059 331 287
3060 2308 2803
3061 2688 32
3062 1642 3644
3063 662 631
3064 3477 1497
3065 2672 1184
3066 3251 2530
3067 2281 107
3068 3686 100
3069 616 1791
3070 2404 3639
3071 1447 17
3072 1427 287
3073 68 2517
3074 1283 294
3075 3559 2229
3076 796 2010
3077 3109 2080
3078 2329 2275
3079 3685 2084
3080 2181 1383
3081 561 2399
3082 1925 17
3083 447 3650
3084 518 192
3085 960 1207
3086 1849 76
3087 3544 3637
3088 2972 143
3089 3728 18
3090 380 3441
3091 3721 3560
3092 3687 3380
3093 338 3307
3094 2822 1905
3095 299 3450
3096 3210 1506
3097 3482 3523
3098 1479 562
3099 2446 2876
3100 1119 2002
3101 2179 1359
3102 800 1438
3103 2038 1782
3104 3744 1279
3105 2361 3240
3106 711 1394
3107 312 2162
3108 3503 2089
3109 1981 1978
3110 2024 3280
3111 2897 2064
3112 2351 1763
3113 2196 2341
3114 1183 1645
3115 3616 1152
3116 904 1700
3117 1417 2367
3118 1727 3140
3119 1671 1291
3120 3223 553
3121 2310 272
3122 14 2145
3123 637 3659
3124 2315 3345
3125 1695 68
3126 2743 791
3127 1599 846
3128 633 3488
3129 2519 1949
3130 3687 2443
3131 2811 984
3132 2153 93
3133 1737 2686
3134 1872 1222
3135 1572 637
3136 1847 548
3137 2417 2785
3138 3161 1958
3139 3153 3147
3140 1539 1956
3141 3360 34
3142 2571 2334
3143 1309 2942
3144 50 2450
3145 2763 2178
3146 1046 3282
3147 776 1337
3148 2731 1573
3149 316 2869
3150 1322 2012
3151 1684 2260
3152 474 3655
3153 464 372
3154 671 2554
3155 153 2920
3156 1936 2219
3157 2279 3212
3158 3549 317
3159 3458 2037
3160 3009 1761
3161 2328 2269
3162 2116 2971
3163 158 861
3164 389 675
3165 2938 3419
3166 2998 1182
3167 2241 1303
3168 919 2956
3169 2844 849
3170 2552 355
3171 1408 2813
3172 2537 2876
3173 2366 1753
3174 1956 3340
3175 2248 3326
3176 1598 2198
3177 2245 2485
3178 3018 3086
3179 3351 28
3180 2959 881
3181 3051 2105
3182 2987 2004
3183 2145 111
3184 1655 3162
3185 2541 3375
3186 3388 3162
3187 861 3408
3188 646 2480
3189 1643 114
3190 1209 755
3191 213 2543
3192 1218 3271
3193 3563 1427
3194 1631 1524
3195 137 3293
3196 3121 1190
3197 567 1479
3198 1825 2470
3199 589 3395
3200 1041 1817
3201 1146 1158
3202 596 2200
3203 791 2826
3204 3120 480
3205 1911 2702
3206 1651 2410
3207 178 3168
3208 164 558
3209 3587 3022
3210 283 3251
3211 2078 2441
3212 3108 3642
3213 245 1356
3214 3424 108
3215 2957 1580
3216 2685 577
3217 1885 3471
3218 2487 595
3219 1623 2626
3220 2190 2578
3221 3370 982
3222 554 3193
3223 423 2986
3224 1452 3409
3225 2322 399
3226 919 2037
3227 1676 1288
3228 735 3109
3229 2031 3648
3230 2177 1134
3231 953 2497
3232 2563 1450
3233 2620 194
3234 877 485
3235 837 2433
3236 2328 1408
3237 1948 1409
3238 3398 2377
3239 43 2149
3240 3683 2730
3241 867 606
3242 3482 3552
3243 3003 3329
3244 1755 719
3245 1051 2701
3246 683 1637
3247 2680 235
3248 2972 3580
3249 2848 3718
3250 1695 1940
3251 2649 1022
3252 3591 3377
3253 564 2328
3254 1312 2000
3255 2184 1032
3256 1040 2671
3257 877 2578
3258 1084 2270
3259 213 2076
3260 1598 1185
3261 2114 1400
3262 86 2087
3263 1492 1985
3264 2879 544
3265 3153 1140
3266 276 1898
3267 2426 1682
3268 1618 748
3269 12 2034
3270 79 2039
3271 68 2908
3272 3707 2362
3273 791 371
3274 422 3493
3275 2241 3075
3276 419 433
3277 1995 972
3278 3291 1966
3279 2835 124
3280 2197 2396
3281 919 2068
3282 2852 1134
3283 2801 2548
3284 3217 2251
3285 2714 2537
3286 795 407
3287 632 1064
3288 2413 210
3289 1226 2491
3290 815 2399
3291 1126 1883
3292 927 3336
3293 3392 1518
3294 3681 1376
3295 94 2820
3296 3412 2345
3297 521 3165
3298 1304 2119
3299 3479 3581
3300 2717 2997
3301 3047 418
3302 2029 1542
3303 3580 2437
3304 3341 351
3305 1198 1279
3306 1743 163
3307 1005 2335
3308 3580 622
3309 1495 3625
3310 1776 503
3311 3052 2880
3312 838 944
3313 3137 503
3314 550 3119
3315 2290 2821
3316 781 1138
3317 779 807
3318 2492 2990
3319 3528 3434
3320 211 2969
3321 3499 3530
3322 143 2873
3323 2542 2036
3324 1185 3244
3325 1722 2995
3326 2545 1225
3327 1367 3001
3328 3171 1239
3329 821 1931
3330 297 1933
3331 1114 2275
3332 3321 554
3333 3213 2336
3334 3200 2374
3335 211 688
3336 583 552
3337 2344 3633
3338 1702 2201
3339 1313 2037
3340 406 1016
3341 911 116
3342 3051 2288
3343 1093 726
3344 2337 728
3345 158 3425
3346 2006 217
3347 2121 1487
3348 2169 101
3349 1559 900
3350 1026 1701
3351 2247 175
3352 626 1508
3353 3246 2911
3354 2588 2795
3355 701 1448
3356 3492 764
3357 3438 1333
3358 3190 1443
3359 3200 3488
3360 890 3161
3361 1827 368
3362 1383 1851
3363 2389 227
3364 2470 1675
3365 1007 940
3366 505 1989
3367 3498 2718
3368 683 101
3369 3142 2634
3370 3417 2935
3371 619 2293
3372 1826 3215
3373 2417 1662
3374 1403 1898
3375 350 1742
3376 1270 1908
3377 1166 993
3378 2883 59
3379 1432 1156
3380 2263 4
3381 2462 400
3382 2573 2189
3383 2405 230
3384 987 1155
3385 2742 1338
3386 662 2069
3387 2868 2517
3388 1720 3544
3389 3326 1974
3390 577 3181
3391 3752 1209
3392 2027 1424
3393 2117 587
3394 3587 1041
3395 1736 1789
3396 1621 376
3397 1484 3079
3398 1862 2949
3399 383 3102
3400 568 1782
3401 1702 3417
3402 1146 797
3403 3629 2960
3404 3454 3185
3405 927 406
3406 1600 3299
3407 3413 3529
3408 3219 3300
3409 2194 295
3410 2877 2486
3411 2846 3620
3412 502 1984
3413 1696 3065
3414 1757 2853
3415 1282 1535
3416 1036 3751
3417 1840 860
3418 1646 1415
3419 1521 2541
3420 749 1777
3421 1274 1493
3422 1216 2486
3423 911 885
3424 2629 1962
3425 539 141
3426 827 2704
3427 3521 3521
3428 1428 610
3429 3524 3519
3430 3641 565
3431 644 3136
3432 1727 44
3433 698 2798
3434 2840 396
3435 1351 2005
3436 637 1456
3437 2376 44
3438 1690 526
3439 252 3414
3440 2762 2921
3441 1144 628
3442 3029 88
3443 1195 2349
3444 359 455
3445 3646 2721
3446 2067 1821
3447 3423 2298
3448 1864 2270
3449 2814 2724
3450 2882 738
3451 3382 1775
3452 3044 1494
3453 656 1571
3454 1141 1585
3455 3045 3203
3456 1705 233
3457 3187 68
3458 722 1175
3459 1106 640
3460 1733 2840
3461 3591 3734
3462 2482 1157
3463 2505 1157
3464 1087 1430
3465 3074 537
3466 1684 1235
3467 1175 2500
3468 268 3659
3469 2220 241
3470 1066 776
3471 2050 613
3472 3338 3346
3473 3714 2631
3474 2490 227
3475 1791 3441
3476 200 1387
3477 1687 2055
3478 814 2326
3479 2346 1528
3480 1068 2314
3481 143 3603
3482 916 1829
3483 1474 204
3484 1132 407
3485 2978 2542
3486 2031 283
3487 523 3747
3488 677 28
3489 319 610
3490 3637 726
3491 2618 985
3492 504 2426
3493 3254 1179
3494 127 2182
3495 3388 1147
3496 135 3076
3497 220 3658
3498 2940 3090
3499 1631 2414
3500 3069 1730
3501 2091 931
3502 462 226
3503 2535 2662
3504 1667 2047
3505 2976 224
3506 1228 326
3507 1083 367
3508 2427 2428
3509 2891 3483
3510 1486 350
3511 3669 1192
3512 1881 1691
3513 3619 983
3514 68 3520
3515 3590 226
3516 165 3476
3517 3023 2328
3518 991 3494
3519 96 1061
3520 3387 3251
3521 718 118
3522 2149 2141
3523 1417 3532
3524 1883 904
3525 48 1087
3526 738 295
3527 1519 1444
3528 3322 2390
3529 1530 642
3530 2482 3321
3531 2590 1601
3532 894 229
3533 2278 2852
3534 3032 701
3535 2684 2329
3536 118 3217
3537 864 3183
3538 11 1841
3539 78 1367
3540 1648 408
3541 635 1102
3542 1395 199
3543 2528 298
3544 2976 1167
3545 1818 2818
3546 3328 84
3547 2753 1827
3548 2336 894
3549 1751 1264
3550 3459 817
3551 1268 938
3552 2666 1871
3553 544 977
3554 387 2172
3555 2944 9
3556 1152 83
3557 3061 912
3558 682 472
3559 1297 656
3560 853 1885
3561 2155 3344
3562 1813 1160
3563 965 175
3564 1985 3445
3565 1196 2180
3566 3064 1608
3567 1599 2319
3568 2929 3254
3569 660 1668
3570 951 3269
3571 600 3674
3572 3477 1569
3573 1990 2159
3574 270 3760
3575 233 1886
3576 608 1240
3577 1845 2835
3578 1594 1631
3579 2995 1502
3580 1516 1379
3581 1467 1031
3582 637 3612
3583 3271 305
3584 739 3167
3585 1061 1009
3586 2206 3748
3587 2174 3361
3588 3526 2570
3589 2309 1056
3590 1975 1513
3591 1490 2493
3592 938 40
3593 1279 1860
3594 1638 416
3595 2002 2823
3596 342 1969
3597 2893 2337
3598 1564 3156
3599 1330 1303
3600 3334 3664
3601 1611 80
3602 2129 3377
3603 969 1031
3604 380 1670
3605 1403 750
3606 254 842
3607 1058 133
3608 3114 2133
3609 867 3083
3610 2145 819
3611 28 1379
3612 1512 1030
3613 986 3579
3614 1181 407
3615 2922 1194
3616 644 179
3617 1118 984
3618 455 1476
3619 1859 1011
3620 525 3725
3621 433 2191
3622 986 2490
3623 2738 1805
3624 1304 3127
3625 1575 2671
3626 2387 3008
3627 1543 2682
3628 3131 1705
3629 409 3261
3630 342 2063
3631 2053 1985
3632 2357 847
3633 3238 402
3634 3512 2277
3635 3010 1406
3636 3348 3191
3637 2189 1979
3638 3 1923
3639 1482 1837
3640 300 2198
3641 84 504
3642 1253 1855
3643 2716 643
3644 1031 2660
3645 1540 2526
3646 1665 2019
3647 2140 533
3648 2463 187
3649 3050 3557
3650 60 2044
3651 2879 1071
3652 54 252
3653 1416 1499
3654 1873 3276
3655 1122 687
3656 3711 2107
3657 2226 2319
3658 2078 3609
3659 3219 135
3660 3282 1838
3661 1553 855
3662 2549 1227
3663 982 894
3664 748 1137
3665 1027 586
3666 3180 881
3667 210 1231
3668 541 1893
3669 2553 3159
3670 2733 1645
3671 401 1176
3672 1048 588
3673 1496 3596
3674 1367 84
3675 324 1421
3676 1190 1294
3677 1401 3583
3678 2155 735
3679 2573 1971
3680 1171 1608
3681 873 3593
3682 319 2205
3683 3699 101
3684 1152 2552
3685 1994 726
3686 2622 2942
3687 1041 3123
3688 1055 3250
3689 1072 3526
3690 70 3065
3691 2871 1214
3692 1514 750
3693 2052 3647
3694 1401 55
3695 2055 733
3696 2749 3624
3697 2020 3689
3698 2174 3062
3699 2985 954
3700 1879 1326
3701 3665 800
3702 1197 1895
3703 1816 1190
3704 3757 1558
3705 928 710
3706 3589 1857
3707 643 1281
3708 3383 2965
3709 1802 911
3710 2442 395
3711 2381 3507
3712 3297 3657
3713 3372 1058
3714 1327 2741
3715 893 1910
3716 443 3568
3717 1847 1887
3718 945 288
3719 3407 3689
3720 1545 206
3721 1057 147
3722 1900 2498
3723 369 3615
3724 964 1387
3725 2194 2710
3726 51 2516
3727 1415 2862
3728 519 2291
3729 1704 142
3730 1260 2755
3731 3751 768
3732 3043 2628
3733 2116 1352
3734 3442 2146
3735 2478 3573
3736 3339 500
3737 923 1414
3738 1778 1445
3739 3145 1823
3740 1209 552
3741 1557 2364
3742 2590 808
3743 1069 3413
3744 55 2606
3745 257 2098
3746 765 406
3747 447 913
3748 1799 804
3749 1472 1894
3750 2344 2979
3751 1884 994
3752 220 3006
3753 2165 279
3754 478 2755
3755 691 3162
3756 3422 2132
3757 1468 2810
3758 2994 1568
3759 310 2465
3760 3674 2130
