3190 3190
1 2136 1476
2 2222 1624
3 2221 233
4 2891 718
5 2349 2558
6 2959 3190
7 2508 2495
8 2455 257
9 2747 1455
10 120 538
11 2587 333
12 3186 1756
13 1513 1669
14 1488 2151
15 2502 2724
16 1907 1764
17 357 1382
18 2874 522
19 2879 669
20 838 3034
21 829 1034
22 3049 490
23 2574 1558
24 1627 758
25 2399 97
26 412 1080
27 2418 212
28 34 886
29 576 954
30 1026 2735
31 1183 1715
32 2960 920
33 1604 1688
34 562 539
35 2319 1523
36 3174 2799
37 2081 908
38 2573 1961
39 2733 245
40 1647 2750
41 2860 2483
42 507 2749
43 175 352
44 1777 1062
45 1225 2195
46 2419 696
47 2974 740
48 1051 2733
49 1070 2680
50 603 885
51 2985 1043
52 145 61
53 2262 1310
54 721 531
55 1355 2069
56 738 2362
57 1328 2323
58 210 971
59 1536 2940
60 474 1232
61 2337 3023
62 1236 1565
63 338 1019
64 1009 1795
65 1426 2798
66 1937 453
67 156 2166
68 1288 2234
69 1816 3017
70 1333 1576
71 1816 1318
72 2785 764
73 1306 2505
74 1372 712
75 1818 2092
76 1685 2781
77 3018 1266
78 17 988
79 32 1496
80 1136 933
81 2667 675
82 2357 2747
83 1364 621
84 2088 1487
85 250 36
86 138 584
87 910 2174
88 811 3025
89 2471 2334
90 921 3147
91 476 1532
92 2705 3155
93 2892 736
94 2762 2412
95 1062 3
96 2800 486
97 1247 66
98 248 1385
99 2633 884
100 1370 1411
101 1361 477
102 702 1710
103 1892 2784
104 2486 980
105 373 443
106 1300 3039
107 824 103
108 2440 2523
109 1225 3120
110 1297 850
111 2229 1665
112 1422 326
113 1097 275
114 377 108
115 2672 2543
116 725 204
117 1342 470
118 3122 2132
119 1714 754
120 2878 801
121 361 3188
122 1485 1213
123 741 2787
124 2557 2624
125 1577 2463
126 2536 2306
127 93 342
128 1287 1897
129 2019 1668
130 1723 2339
131 853 2628
132 1027 827
133 90 1546
134 252 3052
135 2923 2148
136 402 941
137 1919 301
138 1911 501
139 2831 1261
140 820 2126
141 2507 1991
142 356 1444
143 864 959
144 3055 2118
145 3179 1897
146 1249 2484
147 690 1397
148 118 1713
149 1795 1375
150 2942 431
151 898 315
152 1744 1427
153 987 262
154 1280 1966
155 208 311
156 942 1552
157 2806 2798
158 2851 447
159 1848 369
160 296 346
161 1935 1998
162 1718 1014
163 847 606
164 337 546
165 134 421
166 2902 2086
167 2988 536
168 1853 948
169 985 1588
170 337 3162
171 1148 985
172 414 2994
173 1196 663
174 2754 2048
175 431 979
176 1233 1570
177 803 2614
178 2142 3008
179 2394 2641
180 1574 1508
181 1776 1081
182 2004 155
183 672 1475
184 3084 634
185 1203 670
186 701 3067
187 379 36
188 72 3155
189 404 542
190 2959 2568
191 1327 309
192 30 739
193 2813 2262
194 82 2792
195 98 1224
196 98 198
197 279 433
198 2711 370
199 2916 966
200 2434 1733
201 295 472
202 2843 2663
203 1412 638
204 2643 2040
205 764 2073
206 3176 918
207 1215 2889
208 2030 3077
209 789 520
210 657 2493
211 1566 2601
212 1906 1033
213 736 1543
214 827 1486
215 491 947
216 1116 2422
217 2355 2112
218 2314 2615
219 1455 1080
220 3177 2967
221 1974 1311
222 1964 1488
223 627 1401
224 2577 2902
225 1111 632
226 2608 3052
227 2314 2618
228 1257 716
229 921 3026
230 2597 2223
231 784 2244
232 498 2730
233 1272 522
234 2502 2687
235 989 1150
236 1525 667
237 2792 2624
238 1668 1972
239 2782 1043
240 2099 1031
241 2276 2845
242 1209 2773
243 1993 1810
244 684 3032
245 2030 2825
246 1815 983
247 1695 215
248 649 1070
249 430 2133
250 1872 591
251 293 2996
252 2033 1015
253 1340 132
254 2310 617
255 1995 1547
256 307 719
257 970 1505
258 442 1380
259 1789 752
260 2875 861
261 848 1094
262 1264 1368
263 2069 1872
264 1795 2350
265 2580 2549
266 934 2708
267 1459 695
268 218 2167
269 312 2930
270 1032 1732
271 1360 1533
272 1132 696
273 776 3040
274 2271 1472
275 646 650
276 1971 829
277 1919 2825
278 3166 2017
279 1418 51
280 544 576
281 2285 2490
282 204 1473
283 2605 2579
284 1607 1533
285 2048 2620
286 2229 1477
287 1733 533
288 1690 397
289 2319 1597
290 832 1272
291 1364 144
292 1254 2433
293 2188 2462
294 177 2123
295 2524 2434
296 1489 894
297 2453 1419
298 783 1766
299 189 204
300 2311 1565
301 1287 1717
302 2769 341
303 1442 1899
304 709 2845
305 2677 2822
306 1008 1293
307 443 2845
308 1559 1228
309 567 1609
310 2360 2014
311 1870 2527
312 97 732
313 1584 727
314 1178 1186
315 323 1703
316 921 2228
317 1981 2065
318 1845 1099
319 635 1774
320 546 1330
321 314 2116
322 1305 3184
323 1711 817
324 968 1004
325 1127 891
326 1229 2856
327 2982 3169
328 1556 1416
329 2747 2002
330 480 2526
331 2816 172
332 2845 3020
333 2805 2790
334 2432 699
335 1577 987
336 2845 1435
337 1171 2607
338 2272 1313
339 93 1530
340 908 1612
341 616 261
342 1649 2025
343 1635 2313
344 3096 2347
345 2863 56
346 2434 2752
347 2631 1223
348 18 1821
349 1494 893
350 2581 2739
351 516 2733
352 703 2479
353 397 1233
354 406 2492
355 161 39
356 642 3019
357 1530 147
358 372 2374
359 649 279
360 932 1896
361 2560 618
362 1800 836
363 2648 75
364 1351 688
365 2392 1684
366 67 346
367 745 396
368 1871 3032
369 1774 1791
370 40 2780
371 190 1296
372 1324 2989
373 1363 1171
374 251 61
375 603 2937
376 1589 2022
377 1241 2948
378 2046 2097
379 2048 3011
380 241 1794
381 791 1965
382 2238 1694
383 714 1898
384 1494 1783
385 1197 1023
386 2041 522
387 1443 1893
388 205 2595
389 2771 1240
390 86 2234
391 2739 1706
392 2463 2199
393 2882 1270
394 3174 2552
395 3001 2731
396 2720 1051
397 328 2203
398 1667 1597
399 3008 1292
400 2991 726
401 2 2527
402 30 1582
403 2352 1657
404 487 2158
405 1673 780
406 137 2098
407 549 2260
408 1687 1434
409 2121 3044
410 2581 2830
411 1377 2997
412 178 2605
413 1964 3062
414 502 351
415 2177 2246
416 1234 524
417 2361 524
418 2434 2221
419 1151 2778
420 2339 2986
421 2336 689
422 382 2110
423 947 2199
424 1895 303
425 2812 559
426 863 1788
427 2696 369
428 1561 869
429 1383 752
430 1482 1991
431 99 2086
432 2274 2538
433 3108 152
434 1733 1290
435 2530 825
436 2027 126
437 1428 608
438 2259 636
439 1361 619
440 2685 373
441 621 210
442 2980 290
443 1252 2469
444 305 2547
445 292 2986
446 1555 2989
447 2509 2545
448 1577 2154
449 1649 945
450 2888 1665
451 825 2718
452 312 633
453 1054 371
454 2285 370
455 2486 715
456 2075 2455
457 1884 751
458 2004 2942
459 990 732
460 1895 1699
461 913 265
462 2316 1238
463 1005 752
464 1732 971
465 226 1462
466 427 981
467 2341 1505
468 435 1525
469 362 2610
470 755 2237
471 2493 2254
472 2577 2839
473 1277 1130
474 1752 1275
475 2742 1997
476 79 2077
477 1924 973
478 2762 693
479 2068 847
480 839 121
481 1314 1322
482 1361 1480
483 2440 3039
484 1733 2846
485 1336 3184
486 1747 1333
487 504 118
488 2806 2574
489 2975 771
490 534 130
491 1629 2428
492 66 2622
493 2235 2660
494 1024 1805
495 2971 2951
496 1211 3177
497 65 341
498 530 1035
499 926 1040
500 793 1851
501 1548 470
502 354 1138
503 2098 1991
504 2396 1374
505 944 1614
506 1027 2579
507 968 2871
508 3164 2677
509 2138 1619
510 2791 62
511 782 1433
512 675 200
513 1436 1997
514 2348 2991
515 2023 2898
516 1605 2877
517 820 2891
518 1248 1044
519 761 235
520 2008 1394
521 105 562
522 2721 73
523 681 1895
524 1551 1418
525 703 716
526 1863 1078
527 2222 276
528 402 3115
529 2196 1264
530 511 1398
531 1637 3002
532 2520 2547
533 1528 1656
534 2441 1578
535 2819 2335
536 135 2583
537 99 226
538 1637 2299
539 188 1018
540 1770 747
541 3027 103
542 1331 1165
543 1332 900
544 2589 3086
545 211 554
546 616 707
547 1548 1297
548 874 3111
549 183 934
550 1667 631
551 2786 2192
552 353 83
553 1078 1370
554 2504 943
555 1893 932
556 370 946
557 222 994
558 1687 657
559 65 708
560 1754 101
561 245 1889
562 729 1583
563 1012 2414
564 2862 2298
565 187 2176
566 3042 2437
567 1354 3036
568 16 461
569 1976 894
570 201 418
571 1904 1502
572 2753 1828
573 735 152
574 2561 162
575 454 1792
576 404 925
577 1778 2843
578 658 2332
579 2555 2906
580 338 1725
581 533 647
582 3161 199
583 1900 2627
584 3010 830
585 502 1685
586 1505 2215
587 2786 901
588 2001 3043
589 2807 1785
590 2432 251
591 1425 2224
592 2354 1723
593 2486 2049
594 2843 2402
595 2403 242
596 89 2546
597 446 792
598 1808 708
599 348 2543
600 2355 1612
601 2995 2182
602 2475 1412
603 804 1988
604 2377 1451
605 546 1003
606 2979 1767
607 2567 1575
608 267 3116
609 274 70
610 1889 923
611 1507 349
612 944 1104
613 2266 2605
614 814 874
615 821 346
616 212 2480
617 1533 1886
618 1498 606
619 1594 2735
620 465 2733
621 1056 1815
622 86 2327
623 1228 43
624 1460 2372
625 1678 2591
626 831 1634
627 27 2816
628 433 1977
629 3057 3084
630 2012 1064
631 1142 605
632 1805 901
633 879 3093
634 1608 2944
635 713 1158
636 252 512
637 927 2324
638 2121 687
639 2670 2794
640 1512 2672
641 706 1276
642 1834 125
643 3132 2350
644 2621 1746
645 980 571
646 2900 158
647 2119 1553
648 2639 841
649 1971 2783
650 916 234
651 765 2283
652 1239 2440
653 175 1698
654 639 1082
655 1211 257
656 218 65
657 1449 2479
658 2733 958
659 2161 2401
660 3028 2033
661 2826 2303
662 114 497
663 3190 2050
664 416 4
665 1617 736
666 1900 1372
667 376 2190
668 2213 55
669 2517 1899
670 2866 1634
671 2859 2046
672 1585 289
673 399 855
674 2230 828
675 3026 667
676 3125 525
677 1993 2367
678 1314 1782
679 2133 130
680 1394 271
681 47 112
682 2400 139
683 2310 1931
684 1533 378
685 10 1028
686 1535 436
687 2678 1863
688 1076 2820
689 940 239
690 205 3077
691 417 400
692 2802 2269
693 506 3159
694 256 1945
695 2322 248
696 676 2771
697 2931 2815
698 559 2476
699 427 1446
700 34 109
701 2914 851
702 2144 1639
703 1324 421
704 1557 873
705 306 1470
706 2923 2902
707 2729 835
708 1518 1129
709 2359 1757
710 271 57
711 1695 1696
712 775 1505
713 1675 2519
714 2646 2986
715 3164 719
716 445 1576
717 1710 2742
718 931 1835
719 987 3118
720 2859 1407
721 2042 347
722 420 1558
723 3073 1837
724 2948 2390
725 2208 1227
726 2088 1532
727 2050 28
728 1447 2763
729 1241 929
730 1019 1747
731 2803 1232
732 138 2585
733 1022 152
734 1381 2223
735 1615 29
736 327 1931
737 1808 1571
738 139 857
739 1891 990
740 483 1887
741 1017 2506
742 2103 1035
743 2072 131
744 2324 1652
745 1897 2546
746 520 2301
747 3015 448
748 698 2511
749 1930 2375
750 2649 497
751 1501 3018
752 2220 1523
753 1572 2199
754 1413 2292
755 1156 282
756 3036 1951
757 2304 2083
758 1637 1611
759 527 2007
760 2023 2961
761 2972 1912
762 484 906
763 1757 1970
764 1546 263
765 234 2663
766 699 1284
767 1337 1961
768 1287 1987
769 2667 2954
770 105 1530
771 2922 289
772 1402 1842
773 1399 1567
774 1456 2218
775 1773 1641
776 770 578
777 2570 1007
778 1421 2204
779 1121 743
780 3125 1831
781 1818 1409
782 789 2513
783 2767 407
784 2909 317
785 2293 697
786 1654 2036
787 339 3082
788 2484 70
789 1980 1303
790 1742 627
791 1264 575
792 2136 2720
793 3089 554
794 654 369
795 2415 1909
796 1978 2303
797 1775 2107
798 2388 2666
799 849 1946
800 1883 1739
801 208 12
802 2236 1166
803 2869 925
804 1448 2512
805 991 382
806 663 2411
807 2650 1843
808 1430 2641
809 1925 2337
810 2478 2603
811 1229 213
812 2332 73
813 1221 892
814 2364 778
815 2031 1811
816 2449 295
817 2474 1619
818 634 300
819 2086 2938
820 863 79
821 2857 2143
822 165 65
823 2413 2730
824 1949 94
825 768 1368
826 1338 122
827 1353 2337
828 456 2353
829 1789 476
830 1646 1078
831 1532 206
832 1450 581
833 2629 2656
834 3188 1089
835 1818 2054
836 1134 2073
837 1490 2285
838 2203 851
839 891 562
840 768 1328
841 1818 100
842 1255 2970
843 2596 1091
844 22 528
845 2154 2307
846 1473 514
847 1031 281
848 2852 929
849 234 2190
850 879 222
851 180 1685
852 498 1965
853 607 1629
854 2937 2427
855 2561 2863
856 1778 819
857 2867 597
858 1912 2318
859 1376 636
860 1081 1459
861 2370 1064
862 764 1231
863 1422 2909
864 1490 661
865 876 353
866 641 2190
867 1744 944
868 3144 2912
869 381 603
870 574 2722
871 2407 1248
872 2648 995
873 1350 2791
874 1262 611
875 852 248
876 2105 2278
877 405 1189
878 484 2733
879 2808 1474
880 2510 1536
881 2543 939
882 427 3049
883 1595 724
884 1241 2678
885 1497 697
886 2893 1951
887 140 1590
888 2656 2949
889 3051 2167
890 1905 562
891 3116 2153
892 1137 2835
893 1985 352
894 3054 1023
895 1315 708
896 471 2243
897 1412 1559
898 236 279
899 1864 1678
900 158 2336
901 228 405
902 2314 14
903 195 3142
904 63 1511
905 2376 1651
906 2386 2247
907 1635 2239
908 433 1367
909 1180 1342
910 463 2220
911 1851 1044
912 246 133
913 1141 884
914 2392 612
915 2437 440
916 1361 2207
917 1198 2754
918 551 2008
919 1572 552
920 1121 329
921 2665 586
922 2428 782
923 395 1079
924 2404 2017
925 1273 1633
926 371 1108
927 2156 2960
928 3087 2832
929 976 2122
930 1973 1760
931 2416 654
932 373 409
933 840 1397
934 2508 234
935 2487 2444
936 2670 851
937 2260 248
938 1756 538
939 3180 1612
940 1785 67
941 1136 1493
942 1457 3176
943 1786 2914
944 831 680
945 677 555
946 2486 2859
947 980 496
948 3031 691
949 2199 2354
950 2375 24
951 365 1818
952 1115 582
953 17 2103
954 687 2378
955 1963 1024
956 714 2220
957 1022 1387
958 2406 2575
959 95 317
960 2290 86
961 1972 1514
962 189 123
963 1164 1957
964 2848 3142
965 2457 1401
966 3049 297
967 2281 718
968 2593 2072
969 1404 2584
970 126 1339
971 686 2923
972 616 1671
973 1419 3122
974 3077 385
975 2897 1869
976 1352 1195
977 723 367
978 1503 168
979 574 2144
980 2197 1308
981 1629 2906
982 1635 2562
983 29 1515
984 46 3064
985 511 639
986 2438 1710
987 184 1975
988 2487 2169
989 136 2908
990 2467 564
991 2459 2137
992 1040 1082
993 273 1378
994 677 2636
995 1537 2852
996 3019 1027
997 831 992
998 2211 461
999 2298 2281
1000 3110 2285
1001 1230 336
1002 138 1953
1003 1089 721
1004 1100 334
1005 1877 31
1006 2765 372
1007 2431 377
1008 2802 128
1009 418 2907
1010 668 1620
1011 949 1859
1012 1033 1876
1013 239 2152
1014 1606 666
1015 1908 2584
1016 2720 1772
1017 2456 706
1018 2566 1950
1019 338 2615
1020 2689 1020
1021 2008 1808
1022 90 1677
1023 1339 2263
1024 406 2023
1025 1471 1185
1026 95 1923
1027 430 174
1028 814 944
1029 262 313
1030 1888 832
1031 1047 2902
1032 2726 2223
1033 1859 1562
1034 225 400
1035 2779 429
1036 883 1084
1037 468 949
1038 1002 2845
1039 2125 472
1040 2272 1873
1041 201 755
1042 773 1650
1043 812 23
1044 997 2970
1045 952 312
1046 1069 32
1047 1397 282
1048 2489 986
1049 817 1738
1050 445 2064
1051 2038 2930
1052 775 2425
1053 1483 2250
1054 1344 1924
1055 2607 482
1056 157 2737
1057 2308 841
1058 1047 327
1059 3007 3084
1060 372 634
1061 2878 806
1062 2677 2537
1063 2116 1386
1064 1528 2187
1065 936 262
1066 706 1232
1067 3123 2107
1068 365 1268
1069 1094 545
1070 2476 702
1071 93 2887
1072 1339 824
1073 1532 1143
1074 722 2090
1075 3081 1228
1076 1074 1820
1077 1328 1510
1078 1844 1276
1079 2442 740
1080 2706 1952
1081 2018 414
1082 1399 2035
1083 406 2472
1084 2733 615
1085 1953 3035
1086 838 655
1087 2999 2528
1088 493 296
1089 2865 687
1090 2514 1776
1091 370 581
1092 1620 1182
1093 2543 1747
1094 91 1623
1095 825 2485
1096 1210 2909
1097 1771 438
1098 2921 3055
1099 510 741
1100 964 1854
1101 847 1168
1102 1289 2355
1103 2132 2406
1104 2019 2243
1105 793 3032
1106 2762 566
1107 670 931
1108 2135 2192
1109 233 450
1110 2714 1388
1111 439 82
1112 1365 3158
1113 2479 225
1114 3068 2281
1115 2023 1227
1116 1640 2431
1117 586 1078
1118 1450 262
1119 2875 355
1120 1184 40
1121 469 1495
1122 1587 780
1123 2610 2694
1124 2316 1196
1125 1386 1389
1126 1974 2406
1127 3085 1533
1128 1860 2369
1129 1143 2466
1130 225 1720
1131 2744 450
1132 3082 2512
1133 440 2130
1134 1263 1566
1135 3164 1499
1136 379 525
1137 1181 1760
1138 284 2969
1139 2292 1401
1140 2882 1904
1141 740 1844
1142 2894 1854
1143 789 382
1144 1821 334
1145 791 1625
1146 2070 1332
1147 2009 1070
1148 2029 649
1149 776 2427
1150 1848 964
1151 1294 2020
1152 2431 1364
1153 126 2739
1154 2758 986
1155 827 2197
1156 2388 308
1157 517 743
1158 650 66
1159 157 1828
1160 2851 2754
1161 39 2516
1162 336 758
1163 967 277
1164 304 2758
1165 153 269
1166 2008 369
1167 1739 464
1168 3077 63
1169 2266 2670
1170 460 1998
1171 860 1284
1172 1866 942
1173 1714 2133
1174 580 1119
1175 2945 87
1176 2934 2408
1177 2075 1727
1178 105 1061
1179 2302 2854
1180 752 1243
1181 1423 808
1182 2589 1962
1183 1805 930
1184 812 905
1185 32 1135
1186 797 1829
1187 1055 418
1188 463 904
1189 1198 1837
1190 774 656
1191 2877 1895
1192 2534 1175
1193 749 97
1194 2122 664
1195 2984 2604
1196 864 2258
1197 1569 3013
1198 382 2097
1199 1482 2635
1200 2991 2499
1201 2320 231
1202 1327 2089
1203 2482 1982
1204 391 316
1205 2451 515
1206 2236 2989
1207 1869 2138
1208 813 1053
1209 3185 397
1210 1626 865
1211 2668 1205
1212 21 2502
1213 1865 1402
1214 1471 2606
1215 2013 2233
1216 588 2115
1217 2590 211
1218 1065 575
1219 1644 2892
1220 1112 1158
1221 2218 171
1222 181 2545
1223 185 973
1224 1149 100
1225 1071 947
1226 2278 2646
1227 1672 963
1228 2406 1984
1229 908 539
1230 640 80
1231 1810 1932
1232 2136 2658
1233 1783 653
1234 2807 3190
1235 2677 3010
1236 3107 1467
1237 81 3003
1238 2586 3003
1239 1942 2659
1240 1565 2873
1241 2277 261
1242 2819 294
1243 2719 168
1244 747 829
1245 134 1991
1246 1374 1230
1247 1408 791
1248 658 765
1249 483 743
1250 2107 2173
1251 1376 2243
1252 639 268
1253 1648 2700
1254 1203 1347
1255 1182 2512
1256 238 1285
1257 105 519
1258 257 3142
1259 2231 2663
1260 1273 2471
1261 2945 2878
1262 2828 2296
1263 835 3144
1264 2091 1312
1265 2981 1596
1266 1484 3076
1267 1171 257
1268 2618 3081
1269 2603 2999
1270 261 2361
1271 1315 534
1272 429 1864
1273 2586 2640
1274 1759 200
1275 2223 2484
1276 1082 1760
1277 1949 2246
1278 98 2979
1279 786 17
1280 2960 306
1281 1908 3070
1282 2317 2434
1283 2661 3140
1284 2162 1921
1285 598 3187
1286 808 944
1287 318 827
1288 42 3141
1289 2898 2228
1290 1 171
1291 1597 953
1292 620 2367
1293 709 206
1294 2500 2944
1295 297 1925
1296 812 535
1297 2298 2023
1298 2794 1107
1299 2186 1071
1300 2116 221
1301 1633 1873
1302 422 2983
1303 1763 2326
1304 1194 1441
1305 2853 2325
1306 1011 1870
1307 793 891
1308 2807 2567
1309 697 534
1310 2255 2127
1311 1092 566
1312 2336 566
1313 2455 3040
1314 2563 1380
1315 224 1396
1316 2572 2991
1317 331 2206
1318 1329 1877
1319 2052 2556
1320 2970 2778
1321 2169 1526
1322 2700 1475
1323 2649 1687
1324 2301 2209
1325 3031 1687
1326 2025 431
1327 2367 3066
1328 748 232
1329 2061 461
1330 127 1440
1331 1391 1343
1332 2041 274
1333 1982 1145
1334 831 559
1335 3177 1991
1336 2287 2847
1337 2536 2958
1338 2707 2097
1339 517 1321
1340 883 671
1341 1228 1451
1342 1589 2085
1343 1666 1792
1344 3047 71
1345 2488 993
1346 2694 2071
1347 1400 2547
1348 2664 3108
1349 2823 769
1350 1469 1647
1351 833 2015
1352 2014 63
1353 2096 1829
1354 991 149
1355 1454 2173
1356 3092 2097
1357 2076 688
1358 146 847
1359 1536 1351
1360 3043 2476
1361 974 1384
1362 2111 1698
1363 685 2907
1364 74 38
1365 2513 1899
1366 271 195
1367 1818 582
1368 248 2248
1369 2699 2521
1370 1297 2167
1371 1878 2892
1372 2601 2913
1373 2443 1043
1374 2713 2052
1375 1133 294
1376 2538 2708
1377 787 1762
1378 2122 2207
1379 2367 1539
1380 2518 2337
1381 2958 1773
1382 2692 2248
1383 1119 1199
1384 1906 1675
1385 1780 1779
1386 1575 744
1387 890 1018
1388 1072 1115
1389 293 2314
1390 2421 1147
1391 2297 2440
1392 2899 2527
1393 3102 998
1394 3005 1393
1395 2985 1655
1396 3033 521
1397 788 1013
1398 2883 773
1399 3088 2492
1400 754 1757
1401 1933 2335
1402 2103 1196
1403 1450 2835
1404 2926 2069
1405 488 2171
1406 1691 2248
1407 285 350
1408 143 1489
1409 39 760
1410 1566 3113
1411 23 718
1412 608 1175
1413 978 717
1414 1966 2050
1415 2872 3125
1416 2887 2836
1417 2208 735
1418 2882 412
1419 1083 1909
1420 3172 1687
1421 284 2535
1422 2082 171
1423 875 2573
1424 2330 1591
1425 768 2910
1426 997 471
1427 2940 2612
1428 2221 3166
1429 1183 440
1430 1069 152
1431 60 1525
1432 2666 3050
1433 3036 2703
1434 2180 2207
1435 1171 1135
1436 2767 55
1437 645 880
1438 816 137
1439 1807 882
1440 2010 2624
1441 3081 1083
1442 2759 2488
1443 399 2279
1444 2527 2876
1445 747 2819
1446 2491 726
1447 112 2540
1448 986 2978
1449 157 2264
1450 1176 515
1451 854 2584
1452 1090 2893
1453 2764 664
1454 1498 1255
1455 899 2762
1456 592 441
1457 358 1003
1458 3107 2503
1459 281 1669
1460 396 278
1461 2129 2568
1462 2161 1270
1463 456 2075
1464 2958 993
1465 2865 1755
1466 1055 1125
1467 1675 1988
1468 1146 86
1469 1383 898
1470 209 866
1471 2432 2111
1472 2830 1449
1473 2161 1618
1474 1493 2524
1475 109 1319
1476 2690 1558
1477 773 389
1478 2105 2157
1479 1787 2460
1480 1955 2836
1481 2998 799
1482 401 527
1483 1196 2087
1484 304 1647
1485 178 785
1486 1734 50
1487 1782 2439
1488 1155 282
1489 2898 2073
1490 2012 186
1491 1547 661
1492 1622 2869
1493 1621 2972
1494 2619 1120
1495 2277 1137
1496 2814 3058
1497 1027 663
1498 3030 1558
1499 1706 737
1500 1296 887
1501 2471 1461
1502 426 1898
1503 1653 636
1504 2369 2716
1505 1853 533
1506 2106 1790
1507 542 2355
1508 2913 1930
1509 2599 382
1510 1400 1957
1511 177 1691
1512 956 387
1513 258 3096
1514 7 2679
1515 61 479
1516 1215 2542
1517 206 1344
1518 514 2213
1519 1640 881
1520 86 2754
1521 2883 2326
1522 2995 1148
1523 1824 989
1524 3147 2377
1525 2147 3170
1526 1660 316
1527 1937 3104
1528 2398 49
1529 172 3071
1530 1254 2037
1531 1032 708
1532 3106 2482
1533 2377 3108
1534 1589 1999
1535 1133 735
1536 831 895
1537 2240 2228
1538 2712 740
1539 1501 2219
1540 1388 3035
1541 673 2073
1542 3142 232
1543 1042 927
1544 2288 1009
1545 2497 2135
1546 750 2386
1547 765 2315
1548 2920 2490
1549 2542 47
1550 2095 1073
1551 2210 122
1552 2589 2683
1553 2205 3047
1554 468 2731
1555 405 1302
1556 2651 1981
1557 3157 2796
1558 2991 2232
1559 1496 1780
1560 1441 26
1561 494 577
1562 2350 2110
1563 2456 1303
1564 238 2729
1565 871 1015
1566 1933 87
1567 2685 462
1568 1174 739
1569 1515 229
1570 2725 1134
1571 316 2239
1572 800 11
1573 2919 1392
1574 1544 431
1575 1589 2751
1576 244 358
1577 2434 1483
1578 2948 1879
1579 675 3011
1580 2629 2028
1581 2974 2584
1582 2463 3154
1583 738 895
1584 674 842
1585 872 441
1586 2038 672
1587 1944 1545
1588 2896 2687
1589 1628 180
1590 316 1104
1591 1427 2427
1592 1560 456
1593 1454 1753
1594 2070 309
1595 232 2660
1596 416 1653
1597 2802 2970
1598 2447 3044
1599 723 1774
1600 1276 774
1601 628 386
1602 2859 1974
1603 849 1570
1604 207 605
1605 2332 805
1606 1693 1791
1607 2651 22
1608 2312 623
1609 1057 1084
1610 110 630
1611 1370 743
1612 1763 670
1613 329 869
1614 2100 918
1615 698 2043
1616 1868 2494
1617 1646 1304
1618 2984 428
1619 223 366
1620 109 2749
1621 1934 1332
1622 2856 302
1623 2053 1172
1624 163 1281
1625 2659 1974
1626 1244 241
1627 1809 2441
1628 2229 2037
1629 691 961
1630 497 219
1631 1120 402
1632 2361 829
1633 964 1153
1634 1662 958
1635 1885 1538
1636 1428 821
1637 1041 1755
1638 1859 2248
1639 566 2570
1640 1918 649
1641 2393 3053
1642 669 1739
1643 2538 1952
1644 1588 408
1645 832 875
1646 769 21
1647 2527 1108
1648 1370 1163
1649 2795 1842
1650 2795 2379
1651 1351 1488
1652 1694 853
1653 772 2262
1654 1124 2766
1655 1525 85
1656 1191 3159
1657 97 1108
1658 2873 1891
1659 2307 200
1660 640 3037
1661 254 1904
1662 2585 3137
1663 1479 2078
1664 854 297
1665 281 2001
1666 2171 2602
1667 318 1300
1668 330 291
1669 156 327
1670 3072 1908
1671 1094 651
1672 1907 2624
1673 2502 1820
1674 2777 2075
1675 1983 1622
1676 336 3080
1677 1574 26
1678 3009 174
1679 2450 992
1680 2062 2981
1681 1571 150
1682 812 2413
1683 3167 1235
1684 689 1629
1685 1061 1733
1686 1150 2297
1687 165 806
1688 1183 1389
1689 1492 911
1690 1405 163
1691 1928 2302
1692 2071 189
1693 393 2715
1694 565 2883
1695 424 1080
1696 300 3064
1697 2287 2836
1698 611 2283
1699 1315 3049
1700 1921 814
1701 1808 2021
1702 1281 1898
1703 574 2642
1704 1216 1336
1705 2222 956
1706 1241 92
1707 848 1552
1708 2464 518
1709 945 2560
1710 749 652
1711 35 2427
1712 1467 2341
1713 2623 1134
1714 1448 43
1715 2209 1877
1716 3045 2897
1717 364 1265
1718 3018 2701
1719 183 763
1720 1171 404
1721 510 2120
1722 2164 2291
1723 3042 183
1724 32 3088
1725 445 2195
1726 940 1411
1727 1939 819
1728 313 1276
1729 1551 809
1730 18 1325
1731 2355 1883
1732 2069 1153
1733 3047 2923
1734 1573 587
1735 707 1988
1736 2689 710
1737 1673 1270
1738 5 2231
1739 126 2237
1740 691 2396
1741 1549 1258
1742 3171 1165
1743 2814 200
1744 1597 2770
1745 879 1436
1746 1439 2462
1747 376 2929
1748 63 1454
1749 3058 2813
1750 3188 971
1751 2487 1592
1752 1471 2750
1753 819 978
1754 1336 1445
1755 335 1078
1756 1813 889
1757 1633 448
1758 1943 2567
1759 5 1084
1760 2985 2009
1761 326 2204
1762 2130 619
1763 2223 3186
1764 2592 1371
1765 493 418
1766 482 837
1767 1889 3007
1768 2074 176
1769 3143 1687
1770 1711 2019
1771 959 2285
1772 928 2869
1773 1777 1811
1774 2205 989
1775 786 3158
1776 844 396
1777 122 1906
1778 2878 480
1779 2038 866
1780 1751 1498
1781 2060 61
1782 1745 912
1783 2322 3045
1784 2247 970
1785 725 1997
1786 1051 211
1787 823 2215
1788 1511 2318
1789 971 1203
1790 507 190
1791 926 2095
1792 2137 600
1793 1014 1851
1794 1282 33
1795 1006 2925
1796 228 1966
1797 3090 1897
1798 1642 150
1799 1764 882
1800 2216 1338
1801 2110 2152
1802 734 2120
1803 1151 2192
1804 3140 585
1805 1909 1057
1806 2975 3025
1807 2068 2897
1808 1221 1938
1809 791 636
1810 177 1877
1811 393 128
1812 1734 1282
1813 11 1345
1814 2396 2706
1815 595 379
1816 40 798
1817 122 1421
1818 2141 463
1819 61 978
1820 903 589
1821 2873 2827
1822 376 3050
1823 1006 2774
1824 727 66
1825 2679 1109
1826 2401 2781
1827 677 1556
1828 2303 2134
1829 1074 1554
1830 1588 521
1831 729 1384
1832 2920 1306
1833 863 720
1834 583 1574
1835 392 567
1836 482 1593
1837 2660 44
1838 16 168
1839 130 1018
1840 1119 2654
1841 2892 214
1842 943 1522
1843 1548 381
1844 449 1813
1845 265 2673
1846 1167 2911
1847 2706 2047
1848 525 2612
1849 507 2309
1850 357 3052
1851 1873 1845
1852 1334 1239
1853 1164 2668
1854 2542 1798
1855 171 1020
1856 3016 1537
1857 2213 2055
1858 3011 616
1859 1909 3163
1860 1499 51
1861 1069 2723
1862 2217 1187
1863 484 2884
1864 1236 3134
1865 390 2261
1866 2012 2177
1867 258 1095
1868 2487 1349
1869 1118 255
1870 3095 830
1871 1354 1876
1872 1683 562
1873 1071 1055
1874 454 814
1875 1608 2008
1876 2826 3079
1877 820 1939
1878 899 1709
1879 2598 983
1880 2565 1124
1881 2359 1772
1882 587 562
1883 948 742
1884 1390 671
1885 2579 830
1886 2048 1145
1887 2837 2134
1888 1523 3106
1889 1866 1404
1890 1660 2545
1891 2030 1824
1892 499 2162
1893 2882 467
1894 2667 952
1895 1428 2455
1896 2765 744
1897 2982 3096
1898 1283 2970
1899 1309 2384
1900 1441 391
1901 1189 1869
1902 366 2834
1903 1533 1559
1904 2171 491
1905 2583 234
1906 1392 1869
1907 2904 898
1908 2055 2898
1909 1559 1533
1910 1675 585
1911 1611 997
1912 1396 3088
1913 2530 264
1914 2642 2547
1915 1976 2735
1916 1549 363
1917 1810 174
1918 1338 1311
1919 816 824
1920 508 976
1921 1722 950
1922 1385 2643
1923 1714 3073
1924 1554 848
1925 375 1309
1926 778 508
1927 1202 788
1928 1365 2117
1929 923 2582
1930 2341 236
1931 477 1740
1932 1367 2879
1933 831 856
1934 2465 1830
1935 82 1233
1936 1407 2780
1937 2941 2223
1938 3094 2897
1939 672 341
1940 2198 2713
1941 2215 1086
1942 823 1174
1943 69 2858
1944 1676 1482
1945 2368 2145
1946 1839 2178
1947 515 2297
1948 2720 777
1949 2403 3125
1950 1837 628
1951 2583 2392
1952 2929 3091
1953 3164 2335
1954 732 346
1955 2934 2726
1956 98 2553
1957 1190 1765
1958 1201 2718
1959 1072 3071
1960 902 306
1961 2017 229
1962 2315 1718
1963 2099 962
1964 2665 645
1965 3078 1455
1966 3059 2608
1967 2949 1631
1968 103 2687
1969 1283 2362
1970 2729 1089
1971 434 286
1972 2826 340
1973 348 2118
1974 1617 1770
1975 2504 2258
1976 964 2475
1977 1048 2358
1978 2632 2042
1979 2711 2170
1980 1603 1070
1981 2241 2973
1982 2212 1053
1983 3138 1547
1984 1741 1597
1985 762 2709
1986 1286 1622
1987 2586 3128
1988 705 3131
1989 926 2847
1990 1775 2761
1991 134 2749
1992 2483 2423
1993 2608 907
1994 1959 1376
1995 784 1413
1996 2697 2495
1997 2700 2824
1998 23 2556
1999 849 1595
2000 274 2288
2001 1239 1066
2002 1956 2769
2003 616 245
2004 2488 2150
2005 1204 1072
2006 2839 234
2007 1988 250
2008 3048 2819
2009 2239 1204
2010 339 821
2011 1796 604
2012 1431 2289
2013 1679 3012
2014 1283 2371
2015 2842 400
2016 1637 1835
2017 1412 1111
2018 724 395
2019 909 1547
2020 546 43
2021 844 2808
2022 1638 2631
2023 1391 82
2024 1271 2390
2025 58 2673
2026 725 574
2027 1736 3155
2028 410 1130
2029 410 1087
2030 651 948
2031 1464 405
2032 309 1486
2033 1079 2658
2034 1133 1940
2035 361 754
2036 1622 1900
2037 2344 2656
2038 1384 957
2039 733 359
2040 3167 850
2041 471 873
2042 282 1103
2043 728 1210
2044 357 2136
2045 53 2913
2046 40 2480
2047 2488 40
2048 1951 875
2049 553 1938
2050 2084 312
2051 2046 1198
2052 136 1034
2053 2054 1791
2054 2688 1566
2055 748 3012
2056 3016 1808
2057 283 2279
2058 1690 1975
2059 2755 2040
2060 413 3032
2061 2868 2652
2062 1952 3008
2063 1608 1549
2064 2222 2356
2065 1244 304
2066 2788 3189
2067 1284 1326
2068 233 2769
2069 1764 124
2070 1827 2667
2071 2250 2769
2072 181 2891
2073 868 799
2074 1838 1571
2075 1442 783
2076 2481 2527
2077 324 2778
2078 776 580
2079 1568 2576
2080 129 2605
2081 1890 1038
2082 2458 2262
2083 3045 216
2084 2157 2978
2085 307 2692
2086 1460 3015
2087 339 3098
2088 560 2431
2089 1514 1841
2090 529 561
2091 930 2189
2092 3106 36
2093 351 2185
2094 1648 177
2095 1998 1113
2096 2082 156
2097 3 2972
2098 31 1386
2099 2527 174
2100 1079 1708
2101 1085 1376
2102 2516 1922
2103 1501 850
2104 1504 1483
2105 1151 3173
2106 3080 1622
2107 1382 1197
2108 1313 1751
2109 958 2279
2110 1876 82
2111 876 985
2112 1886 2361
2113 3183 2810
2114 827 2057
2115 3124 1815
2116 159 2316
2117 3091 143
2118 719 703
2119 128 2487
2120 522 350
2121 2417 1303
2122 2640 3055
2123 2176 907
2124 1207 2680
2125 1254 302
2126 1675 2321
2127 2637 265
2128 165 1606
2129 987 2375
2130 1771 2855
2131 194 3190
2132 390 1894
2133 2360 1984
2134 3102 2094
2135 1131 1753
2136 1072 40
2137 1799 1048
2138 194 806
2139 163 117
2140 2407 1137
2141 1727 652
2142 120 770
2143 2227 846
2144 2344 2291
2145 2626 3100
2146 2984 1456
2147 1068 2395
2148 1469 3168
2149 2100 1967
2150 2793 2136
2151 1382 853
2152 387 508
2153 1225 2777
2154 1963 2116
2155 391 3182
2156 1497 1932
2157 3101 1240
2158 342 1750
2159 2505 604
2160 2111 1965
2161 142 1099
2162 1117 730
2163 1262 2208
2164 58 278
2165 3151 2016
2166 2214 610
2167 158 2905
2168 3105 675
2169 2854 672
2170 3147 2297
2171 3061 1738
2172 2464 1295
2173 230 1623
2174 1142 3149
2175 33 2969
2176 2293 1205
2177 302 796
2178 1529 913
2179 152 527
2180 1958 1108
2181 766 1059
2182 596 172
2183 874 1213
2184 2129 1317
2185 660 3019
2186 121 1862
2187 2077 3130
2188 3073 1083
2189 1246 969
2190 452 2819
2191 152 106
2192 363 2440
2193 2554 429
2194 597 469
2195 2702 3122
2196 1821 36
2197 2322 2557
2198 956 841
2199 2096 2754
2200 87 138
2201 1606 1480
2202 2612 1870
2203 122 2856
2204 1525 1819
2205 296 1240
2206 2308 2944
2207 1036 1628
2208 915 2706
2209 2520 448
2210 802 3056
2211 614 1311
2212 1118 257
2213 2953 2051
2214 515 2318
2215 738 635
2216 2366 3077
2217 1278 84
2218 2077 3069
2219 1415 228
2220 3145 2406
2221 2197 1405
2222 314 1613
2223 72 1240
2224 2014 1479
2225 1848 2950
2226 570 128
2227 2788 84
2228 2929 1310
2229 626 2805
2230 280 2535
2231 1906 182
2232 883 3147
2233 420 2470
2234 721 2698
2235 1550 701
2236 935 2734
2237 2713 2362
2238 1419 2112
2239 1104 1106
2240 1600 1544
2241 1246 72
2242 2106 1961
2243 1672 129
2244 333 246
2245 1657 2765
2246 389 1431
2247 938 683
2248 2205 2465
2249 290 2032
2250 2205 285
2251 848 483
2252 812 2812
2253 1309 2295
2254 407 1900
2255 811 1112
2256 2697 2612
2257 1654 2698
2258 2694 1109
2259 815 3048
2260 195 29
2261 2438 2393
2262 704 363
2263 1365 886
2264 1165 74
2265 1511 2210
2266 626 2877
2267 2899 1639
2268 148 2765
2269 873 1903
2270 3088 1308
2271 595 2642
2272 2382 3060
2273 2791 2766
2274 2532 252
2275 2979 629
2276 2286 2005
2277 2197 2040
2278 1678 2695
2279 2741 2485
2280 3189 648
2281 573 1994
2282 1694 2121
2283 68 1635
2284 2852 515
2285 2485 2364
2286 3102 2089
2287 485 2192
2288 1669 1967
2289 2565 1391
2290 949 2337
2291 567 2977
2292 2759 1259
2293 2998 2839
2294 577 452
2295 1228 2292
2296 1098 277
2297 3185 1435
2298 3006 1524
2299 747 297
2300 1964 1936
2301 491 2724
2302 1058 2487
2303 305 948
2304 2008 1135
2305 855 1621
2306 1060 709
2307 2883 1097
2308 1980 1108
2309 2493 1755
2310 3090 1291
2311 2920 2675
2312 2366 1550
2313 2528 2517
2314 428 2538
2315 651 404
2316 1117 1997
2317 1361 772
2318 3082 2756
2319 830 134
2320 947 3070
2321 1830 2050
2322 1053 1155
2323 3076 253
2324 470 63
2325 1170 587
2326 416 2984
2327 81 1115
2328 1864 3114
2329 2732 1902
2330 2309 791
2331 1087 718
2332 2648 1295
2333 2792 1738
2334 2263 2246
2335 2915 3059
2336 247 1109
2337 2336 1469
2338 1162 445
2339 170 1407
2340 2965 1677
2341 2353 1616
2342 2028 1533
2343 2741 1515
2344 412 1413
2345 329 3111
2346 1051 2899
2347 836 2365
2348 932 1414
2349 974 889
2350 2717 3179
2351 831 1180
2352 372 1183
2353 2645 2334
2354 2494 2867
2355 1690 922
2356 1598 2374
2357 1765 2669
2358 1173 2195
2359 134 2028
2360 1307 258
2361 1063 287
2362 1537 664
2363 495 1586
2364 2676 867
2365 730 937
2366 1315 2539
2367 1103 1081
2368 2811 54
2369 2671 1782
2370 951 3106
2371 2760 3036
2372 2567 1018
2373 284 2635
2374 1257 339
2375 3036 1434
2376 2492 972
2377 3080 2266
2378 1994 1808
2379 2198 179
2380 2850 605
2381 1603 1008
2382 2486 1331
2383 1355 1854
2384 2828 700
2385 524 1205
2386 554 2495
2387 627 3045
2388 1505 1518
2389 1041 13
2390 763 1457
2391 841 2612
2392 611 2957
2393 979 1538
2394 652 2428
2395 1776 566
2396 637 245
2397 457 425
2398 1959 832
2399 2478 1182
2400 768 120
2401 55 2467
2402 1575 13
2403 733 930
2404 279 651
2405 1019 3065
2406 1369 1156
2407 1882 1824
2408 2033 1394
2409 2633 1228
2410 2710 2365
2411 2107 288
2412 889 973
2413 1640 3044
2414 699 1415
2415 1386 565
2416 1192 74
2417 986 381
2418 2838 1286
2419 2807 775
2420 629 239
2421 2357 521
2422 1005 519
2423 1223 1750
2424 3128 1431
2425 200 2332
2426 330 2878
2427 1505 1853
2428 196 1775
2429 2762 741
2430 1127 2270
2431 585 2131
2432 1567 2438
2433 948 673
2434 1148 2926
2435 2011 2362
2436 1541 2809
2437 3064 2181
2438 204 901
2439 110 1057
2440 1009 223
2441 845 810
2442 761 3175
2443 2139 2602
2444 2265 1752
2445 497 1231
2446 1612 2272
2447 2661 1669
2448 2122 2830
2449 411 2015
2450 568 641
2451 2879 2328
2452 1294 3170
2453 516 2956
2454 681 430
2455 733 493
2456 474 549
2457 2396 2972
2458 1403 2430
2459 750 3111
2460 809 125
2461 1904 1120
2462 1112 259
2463 2164 1979
2464 50 1909
2465 2678 2686
2466 820 845
2467 2187 2863
2468 1790 2630
2469 3038 557
2470 959 1566
2471 440 2584
2472 2418 2403
2473 2327 1389
2474 2849 956
2475 2855 3126
2476 2451 1157
2477 2079 676
2478 628 856
2479 2426 387
2480 1686 1040
2481 1997 2898
2482 2218 1806
2483 571 1272
2484 2486 1747
2485 1783 1004
2486 743 938
2487 1581 46
2488 60 100
2489 2684 721
2490 490 2806
2491 2749 702
2492 2952 246
2493 2729 1232
2494 1167 2268
2495 2215 1816
2496 1346 1985
2497 1551 2467
2498 1023 1474
2499 479 1003
2500 85 612
2501 1181 73
2502 605 2977
2503 2250 718
2504 1855 835
2505 233 588
2506 2479 3017
2507 318 901
2508 546 157
2509 2020 2859
2510 1134 1521
2511 965 1074
2512 1031 3157
2513 1258 538
2514 1333 1539
2515 103 898
2516 1018 2340
2517 379 1264
2518 3163 2226
2519 2354 2045
2520 3070 26
2521 89 3128
2522 743 365
2523 454 124
2524 1155 2317
2525 83 1181
2526 2716 248
2527 2835 1430
2528 2032 1627
2529 1271 789
2530 2909 2511
2531 1184 430
2532 2300 878
2533 493 436
2534 602 2483
2535 1881 2967
2536 2317 461
2537 1498 519
2538 3162 2885
2539 600 47
2540 1007 156
2541 2490 2450
2542 2308 2089
2543 1037 2140
2544 2604 2705
2545 1388 2165
2546 2328 1673
2547 2072 2021
2548 2840 2767
2549 1699 1478
2550 1646 2587
2551 616 730
2552 99 986
2553 165 2816
2554 2841 2340
2555 1748 930
2556 821 850
2557 549 638
2558 2691 2535
2559 3080 176
2560 1442 1964
2561 1922 2635
2562 3135 2960
2563 1197 301
2564 247 2189
2565 1216 921
2566 2848 1645
2567 163 1324
2568 2588 564
2569 2465 1996
2570 2460 2356
2571 633 1928
2572 2931 2124
2573 1447 931
2574 1441 1403
2575 2057 107
2576 1171 1758
2577 1093 362
2578 1351 2155
2579 2581 1551
2580 122 1278
2581 2286 2734
2582 3089 467
2583 467 928
2584 2768 1467
2585 202 1538
2586 1233 446
2587 1318 3105
2588 2859 951
2589 3030 1159
2590 2517 2535
2591 2444 1031
2592 212 1956
2593 1697 80
2594 2570 520
2595 1624 1072
2596 2123 2287
2597 2288 1516
2598 102 2455
2599 1555 691
2600 2476 573
2601 1366 1338
2602 3017 470
2603 2432 1095
2604 2663 2539
2605 2793 2538
2606 31 2796
2607 3007 1219
2608 2371 1089
2609 378 2358
2610 1083 1041
2611 3094 305
2612 2005 2073
2613 568 1040
2614 328 2862
2615 2663 1521
2616 803 390
2617 243 2354
2618 1241 1914
2619 1534 2143
2620 2234 909
2621 2802 1830
2622 2314 1337
2623 2589 1895
2624 867 997
2625 2414 3031
2626 2796 2895
2627 815 1316
2628 1475 802
2629 763 629
2630 2095 2417
2631 506 1178
2632 766 1223
2633 925 1093
2634 75 759
2635 2060 1233
2636 166 2372
2637 1298 53
2638 14 1052
2639 1567 1131
2640 968 2771
2641 2005 735
2642 3182 601
2643 584 1571
2644 658 1949
2645 55 1538
2646 262 2121
2647 1730 2694
2648 2636 2626
2649 767 2375
2650 1373 3107
2651 2597 2089
2652 722 2052
2653 1959 1019
2654 319 462
2655 1269 1688
2656 1720 2106
2657 531 958
2658 1493 2273
2659 2481 620
2660 2441 1857
2661 506 2893
2662 1585 1202
2663 1473 1309
2664 1323 1947
2665 1696 1640
2666 2654 528
2667 77 1818
2668 486 704
2669 3187 35
2670 1435 2695
2671 2232 2310
2672 1734 1196
2673 1923 1269
2674 2496 346
2675 2025 1241
2676 2031 1046
2677 2366 238
2678 2974 2634
2679 748 2460
2680 2919 714
2681 1816 2055
2682 571 2552
2683 2818 1625
2684 1123 935
2685 705 716
2686 3031 998
2687 1016 1501
2688 2105 2353
2689 1057 580
2690 2566 3169
2691 913 2199
2692 1759 1023
2693 2345 2939
2694 2792 371
2695 1231 322
2696 1195 1156
2697 2346 599
2698 1940 118
2699 2986 2478
2700 1266 3149
2701 38 776
2702 2171 1924
2703 1227 1864
2704 303 760
2705 2893 2055
2706 3007 1090
2707 333 2018
2708 2939 2543
2709 3176 3151
2710 866 3131
2711 1492 135
2712 1969 2714
2713 680 2564
2714 1402 2991
2715 75 3061
2716 570 2943
2717 2584 2763
2718 1437 1277
2719 2775 253
2720 2658 3022
2721 2185 2671
2722 2240 960
2723 2143 132
2724 1246 2422
2725 1444 473
2726 797 1916
2727 177 801
2728 1926 2341
2729 1974 2409
2730 1441 892
2731 2361 1822
2732 2906 2410
2733 1268 1002
2734 2267 2658
2735 3046 2262
2736 1443 3104
2737 3185 751
2738 2749 1478
2739 161 2983
2740 2365 199
2741 45 1359
2742 1270 170
2743 1528 1849
2744 817 2035
2745 592 2903
2746 1939 2953
2747 2250 437
2748 2729 1440
2749 1422 2771
2750 2908 652
2751 960 1356
2752 2714 2053
2753 1675 324
2754 361 160
2755 463 1690
2756 3151 173
2757 368 2887
2758 687 1019
2759 880 1985
2760 565 3044
2761 2436 1499
2762 178 2322
2763 2384 2080
2764 2768 1778
2765 1643 2196
2766 466 3153
2767 2179 1479
2768 790 2185
2769 917 380
2770 194 2323
2771 2540 1044
2772 2635 2704
2773 541 875
2774 646 311
2775 1765 539
2776 1515 355
2777 2031 1637
2778 3013 2856
2779 3163 117
2780 1263 944
2781 177 3166
2782 1619 2379
2783 3180 2276
2784 2907 2462
2785 2365 1559
2786 989 2528
2787 2774 83
2788 2910 2172
2789 2982 318
2790 1600 541
2791 2000 76
2792 1845 2699
2793 2833 1438
2794 204 260
2795 1878 2449
2796 2989 1789
2797 1879 1347
2798 7 950
2799 799 247
2800 2245 2833
2801 740 1789
2802 2079 3137
2803 3138 209
2804 997 42
2805 771 1763
2806 2269 114
2807 1221 598
2808 2492 2977
2809 981 1824
2810 2110 362
2811 1995 787
2812 119 2936
2813 1964 1297
2814 1751 2622
2815 1244 1500
2816 2573 1909
2817 562 924
2818 2517 2139
2819 176 262
2820 2773 217
2821 544 1025
2822 2830 1175
2823 2917 2148
2824 492 2907
2825 962 1585
2826 1407 559
2827 98 1968
2828 1798 223
2829 3124 805
2830 1085 3005
2831 2965 2336
2832 2310 742
2833 2225 751
2834 494 2998
2835 2987 1446
2836 2381 1490
2837 1921 1053
2838 1730 628
2839 1088 2210
2840 1155 2007
2841 1980 576
2842 62 1402
2843 3003 1564
2844 793 627
2845 1906 2779
2846 1536 581
2847 2760 551
2848 26 2825
2849 3161 928
2850 301 1619
2851 1025 948
2852 1367 751
2853 979 2392
2854 1194 1723
2855 838 628
2856 372 3101
2857 1435 581
2858 48 1391
2859 1660 1569
2860 2785 2542
2861 1164 2486
2862 2294 2216
2863 2147 362
2864 2565 3065
2865 1320 2175
2866 2177 3155
2867 2683 2965
2868 2300 221
2869 1554 2001
2870 849 2469
2871 1839 1067
2872 2312 427
2873 1881 1538
2874 2190 1315
2875 1309 546
2876 853 2745
2877 795 1770
2878 230 1986
2879 406 1973
2880 110 2868
2881 674 176
2882 570 1424
2883 2217 3033
2884 941 1083
2885 1337 505
2886 911 1425
2887 2108 1721
2888 1725 1691
2889 596 1842
2890 71 3099
2891 894 2614
2892 1858 733
2893 339 2947
2894 641 1483
2895 2406 1286
2896 99 569
2897 787 1832
2898 87 2685
2899 64 1960
2900 171 867
2901 855 1047
2902 1599 894
2903 2929 2866
2904 2503 2236
2905 294 2689
2906 1490 519
2907 304 1496
2908 2663 1634
2909 722 696
2910 1578 2849
2911 1790 1496
2912 1141 1867
2913 1734 2631
2914 2737 990
2915 1666 595
2916 121 2730
2917 2882 3187
2918 251 1406
2919 1611 175
2920 579 1301
2921 735 1689
2922 2664 2986
2923 2417 2846
2924 2608 1125
2925 3098 1781
2926 2552 80
2927 1854 1781
2928 1417 2142
2929 632 573
2930 93 1968
2931 372 2154
2932 1076 1246
2933 2312 2035
2934 5 1443
2935 1923 108
2936 156 3167
2937 1322 3029
2938 1549 2188
2939 1489 2510
2940 2924 1379
2941 1023 1550
2942 1926 1067
2943 2781 1079
2944 130 951
2945 41 1385
2946 2592 774
2947 914 39
2948 2025 678
2949 344 1011
2950 1112 905
2951 1049 2197
2952 1820 2664
2953 1973 933
2954 466 1394
2955 558 436
2956 1810 630
2957 737 2792
2958 391 41
2959 2231 1560
2960 2153 2610
2961 2750 1416
2962 665 950
2963 2314 2193
2964 376 1346
2965 731 1406
2966 643 242
2967 2051 1679
2968 2250 253
2969 1384 1124
2970 1741 2097
2971 2742 2708
2972 1677 2157
2973 1468 2981
2974 95 485
2975 2870 2831
2976 2358 1402
2977 171 1270
2978 417 2533
2979 2802 2690
2980 1222 1371
2981 2231 931
2982 1765 1914
2983 3141 211
2984 2344 568
2985 219 1688
2986 1044 553
2987 3123 2695
2988 450 2975
2989 2955 1517
2990 2907 1509
2991 2518 485
2992 2152 2746
2993 766 1155
2994 708 1466
2995 2428 2025
2996 1697 2176
2997 55 1548
2998 2729 229
2999 1747 81
3000 1700 1118
3001 524 901
3002 1011 2551
3003 53 1642
3004 1135 1672
3005 526 2923
3006 264 2189
3007 530 2916
3008 1645 292
3009 751 890
3010 2441 1211
3011 169 2192
3012 829 1249
3013 2407 769
3014 49 2805
3015 18 425
3016 2394 392
3017 2255 3030
3018 1094 2259
3019 2988 1418
3020 1099 2749
3021 1915 1758
3022 141 1004
3023 396 2328
3024 1104 2887
3025 633 487
3026 145 1139
3027 876 297
3028 987 1119
3029 1469 1226
3030 2723 2452
3031 1051 1879
3032 2880 1060
3033 88 57
3034 1922 1646
3035 2 1618
3036 1338 1838
3037 2610 2348
3038 1535 455
3039 1631 1990
3040 2687 2961
3041 1430 1888
3042 829 1757
3043 499 1325
3044 1794 377
3045 1547 1100
3046 614 1513
3047 1646 1645
3048 2641 981
3049 1388 1562
3050 936 2363
3051 2166 724
3052 683 488
3053 2389 2243
3054 841 992
3055 1225 572
3056 591 29
3057 619 2585
3058 201 2671
3059 1445 732
3060 420 1788
3061 1081 2826
3062 1578 1149
3063 1588 1895
3064 2765 2191
3065 2443 2518
3066 1681 235
3067 34 2190
3068 2178 1814
3069 1544 59
3070 2294 428
3071 2043 276
3072 759 970
3073 834 2867
3074 941 2303
3075 2144 981
3076 855 120
3077 1347 2067
3078 2168 1335
3079 1611 505
3080 137 1333
3081 340 416
3082 457 338
3083 1648 1978
3084 906 1220
3085 2335 396
3086 2884 316
3087 365 441
3088 2626 23
3089 298 897
3090 1671 496
3091 1106 522
3092 3188 697
3093 2399 1056
3094 1265 2013
3095 207 2637
3096 1084 678
3097 2554 470
3098 533 2792
3099 2952 153
3100 506 1191
3101 2610 216
3102 1644 2762
3103 2125 751
3104 555 2848
3105 2671 2279
3106 737 1419
3107 2433 2487
3108 3019 1128
3109 1615 1054
3110 2982 205
3111 2914 457
3112 2802 294
3113 535 840
3114 1712 1605
3115 2578 596
3116 1299 1423
3117 731 2189
3118 3124 2309
3119 1442 346
3120 2410 2185
3121 543 2655
3122 1134 2829
3123 1323 1069
3124 2483 592
3125 1532 40
3126 1868 2470
3127 854 2987
3128 2645 1822
3129 1919 162
3130 2063 2055
3131 3010 1439
3132 856 2317
3133 1087 755
3134 2895 1298
3135 2671 2769
3136 542 741
3137 1511 1919
3138 2388 429
3139 2038 940
3140 97 2445
3141 272 1395
3142 895 2875
3143 593 740
3144 3045 53
3145 639 456
3146 2851 2446
3147 2758 2588
3148 93 2936
3149 2784 990
3150 1175 2623
3151 680 1451
3152 1088 475
3153 2380 2762
3154 838 45
3155 1391 1020
3156 44 592
3157 2854 3184
3158 716 2703
3159 2984 3127
3160 1666 921
3161 2752 159
3162 135 2499
3163 409 2844
3164 1817 1594
3165 3124 326
3166 225 1615
3167 3174 606
3168 3091 2594
3169 2794 237
3170 1249 221
3171 2934 857
3172 2021 78
3173 2637 2211
3174 1425 2636
3175 841 3068
3176 2991 2645
3177 2940 508
3178 1872 167
3179 143 1049
3180 1744 3104
3181 2827 2772
3182 858 1403
3183 2575 3036
3184 1108 2912
3185 304 1482
3186 2876 2962
3187 2772 1776
3188 2689 837
3189 3062 986
3190 213 2458
