4090 4090
1 910 1972
2 2949 620
3 2856 3156
4 3309 3395
5 2556 249
6 503 1635
7 1054 826
8 146 3745
9 1007 409
10 2713 2348
11 4068 1032
12 355 1678
13 3482 2056
14 744 2325
15 175 299
16 2158 2524
17 3506 649
18 2404 246
19 363 1413
20 1580 1113
21 1155 772
22 4038 599
23 2887 38
24 3669 2711
25 2475 1233
26 3477 3140
27 3106 152
28 262 2358
29 2932 4006
30 811 1372
31 3565 1204
32 1763 1535
33 3198 3485
34 2933 788
35 3161 953
36 2556 166
37 841 3720
38 3777 718
39 2949 2946
40 426 594
41 1943 3486
42 1288 597
43 3788 3248
44 2983 3930
45 430 1074
46 2405 2136
47 3745 1975
48 2008 1816
49 2116 110
50 2846 3234
51 77 2255
52 580 1031
53 4003 2043
54 287 203
55 2719 1133
56 3407 3331
57 2018 3455
58 3168 2343
59 3611 1105
60 3308 1442
61 2905 1166
62 2558 1167
63 2753 887
64 41 3611
65 3295 1740
66 1517 1347
67 1506 2771
68 3206 1268
69 1707 2001
70 3519 2316
71 608 3610
72 2146 1528
73 2263 2601
74 743 696
75 1331 1888
76 1249 3050
77 1972 769
78 3357 255
79 3458 1228
80 2226 158
81 2685 37
82 3323 2262
83 2557 1024
84 2856 3508
85 2381 2720
86 3749 3189
87 47 3948
88 3525 3181
89 3147 3288
90 3060 1106
91 628 2556
92 1896 1724
93 2566 1596
94 3952 2148
95 1767 3262
96 3693 2037
97 1373 4069
98 1527 1852
99 3355 543
100 928 3235
101 3328 227
102 634 3957
103 1544 875
104 3096 908
105 2240 883
106 3911 2088
107 2213 1087
108 3195 3637
109 2392 2217
110 322 2419
111 2645 140
112 609 264
113 1496 3493
114 2629 1037
115 1009 1934
116 48 1001
117 2706 3911
118 2928 2862
119 2348 2317
120 1730 722
121 2105 3922
122 2001 3070
123 3682 567
124 4080 3772
125 205 2293
126 1776 1739
127 4047 2293
128 2348 3436
129 1955 1232
130 1820 1838
131 1878 2536
132 3734 2529
133 4002 3607
134 4085 3097
135 925 907
136 1091 1441
137 2216 1534
138 1377 392
139 3654 915
140 431 2231
141 3987 2429
142 2320 1929
143 668 817
144 3060 540
145 2893 1345
146 3580 3147
147 885 899
148 180 2205
149 3333 2511
150 2757 828
151 712 2516
152 3979 2813
153 3193 248
154 2861 3673
155 1822 3258
156 1434 50
157 2221 231
158 970 1626
159 643 97
160 1969 2282
161 1266 562
162 1131 864
163 2444 586
164 3204 3817
165 2000 867
166 2506 1355
167 2175 1764
168 1956 1577
169 2513 3498
170 111 3182
171 2896 1467
172 952 3481
173 895 2480
174 1984 479
175 860 1348
176 3333 3702
177 3209 841
178 978 30
179 3524 2134
180 3025 3714
181 2402 3860
182 4008 2855
183 2618 2518
184 3936 3776
185 2749 3539
186 256 2467
187 483 2650
188 2013 3349
189 2860 589
190 2408 3373
191 3224 2810
192 268 1158
193 3684 997
194 2407 2601
195 2312 2962
196 3261 3560
197 3799 1355
198 723 372
199 511 1481
200 3553 4024
201 3426 1798
202 3065 1988
203 1293 2763
204 504 3829
205 3786 3422
206 201 3785
207 2581 3742
208 3194 73
209 2696 981
210 1677 3455
211 2059 1552
212 246 1907
213 2408 717
214 3532 2274
215 3341 417
216 3517 2147
217 1033 649
218 1238 3118
219 983 2772
220 1528 1945
221 342 340
222 2707 386
223 2839 329
224 3210 2813
225 1297 1692
226 244 2517
227 2856 1498
228 3760 2382
229 3579 2026
230 3779 1670
231 3350 2108
232 3577 3094
233 1234 3652
234 754 295
235 179 761
236 2945 3931
237 2661 2290
238 1873 1032
239 937 2045
240 439 452
241 1634 882
242 433 721
243 1918 3368
244 3933 1509
245 1537 2414
246 2051 762
247 2034 2319
248 429 573
249 2467 2900
250 473 1089
251 626 3776
252 3799 595
253 1185 620
254 2835 2411
255 2928 2927
256 373 1553
257 2718 1535
258 1632 99
259 1336 422
260 299 835
261 3680 3999
262 91 2802
263 1866 1730
264 3931 1544
265 274 3940
266 219 1902
267 909 3759
268 4023 182
269 4003 134
270 3702 2120
271 3518 2309
272 1069 3341
273 421 3585
274 107 3692
275 374 3494
276 1564 3036
277 2189 1855
278 507 3967
279 2252 2181
280 580 1727
281 3318 1045
282 828 45
283 731 1608
284 544 3886
285 3605 2493
286 3500 2950
287 2721 452
288 1765 32
289 4075 3820
290 1360 3180
291 3217 3887
292 1011 3586
293 2421 186
294 2833 1294
295 3525 2396
296 2357 1913
297 913 1798
298 154 2113
299 725 3573
300 3550 1417
301 1950 2170
302 2412 470
303 1384 2719
304 2735 3180
305 3471 26
306 3633 3662
307 2854 2056
308 1188 3034
309 2648 146
310 3713 1201
311 3146 2114
312 1823 4021
313 3869 2411
314 1105 3532
315 2642 415
316 3812 118
317 1852 2958
318 1534 3570
319 1521 3178
320 1103 880
321 1665 3395
322 2182 3018
323 1524 3706
324 1540 3054
325 2141 3929
326 615 2784
327 3544 2141
328 711 2772
329 3498 282
330 3559 638
331 983 371
332 1318 37
333 3034 1317
334 3025 1698
335 2031 1146
336 3306 2658
337 2812 1475
338 1507 226
339 2540 3195
340 2551 2067
341 1172 2409
342 292 2251
343 42 164
344 1837 1997
345 339 1888
346 131 3043
347 3638 280
348 1134 2203
349 2275 3078
350 1827 1718
351 2790 953
352 262 2662
353 3933 3406
354 2979 3357
355 1865 4080
356 1696 3857
357 1062 4003
358 2330 758
359 1208 3066
360 873 2617
361 118 2572
362 901 1010
363 3016 2282
364 1230 594
365 1395 2694
366 2171 3316
367 610 3858
368 432 208
369 3003 2911
370 754 1133
371 722 2849
372 1433 724
373 89 1620
374 3333 517
375 321 2486
376 2564 2345
377 1286 2618
378 652 2123
379 876 1259
380 516 2484
381 3261 3941
382 1117 3146
383 1646 4052
384 1043 3869
385 3085 2889
386 2462 3684
387 1356 1006
388 1263 2505
389 1620 1527
390 725 802
391 3955 3252
392 562 4062
393 3341 3593
394 3359 2794
395 4041 1244
396 3076 3766
397 3513 3358
398 783 2906
399 621 691
400 163 2656
401 160 3333
402 193 1839
403 2852 1071
404 1672 3610
405 1844 2902
406 1362 1745
407 3350 3034
408 1684 3549
409 2834 3678
410 1593 396
411 4000 3388
412 1712 1554
413 3026 2569
414 253 1261
415 1505 2322
416 1229 3017
417 3477 949
418 3553 3604
419 1372 2635
420 95 3617
421 2086 1683
422 698 494
423 2987 614
424 1609 1610
425 1312 2385
426 1447 1486
427 1348 1442
428 2581 1931
429 3578 247
430 3717 2018
431 1258 1956
432 246 208
433 2837 1809
434 2614 1867
435 2137 2122
436 3134 3181
437 583 3223
438 3475 3427
439 197 3922
440 1092 79
441 1320 4071
442 1657 1456
443 1988 2634
444 507 4073
445 3904 51
446 13 1717
447 1715 1947
448 2625 2785
449 1358 662
450 922 2603
451 3310 968
452 2116 3798
453 709 1501
454 3081 1427
455 1605 1460
456 1876 1915
457 2459 2103
458 2159 742
459 383 2896
460 3671 3852
461 3885 2689
462 3583 2230
463 1836 1530
464 2495 3781
465 3157 1477
466 2795 761
467 3980 1820
468 1527 4044
469 2795 3762
470 2240 3029
471 2452 3196
472 2653 2785
473 1094 2873
474 3761 789
475 346 3218
476 792 2407
477 166 1587
478 1248 2108
479 1508 1004
480 3108 1639
481 1131 1038
482 1534 287
483 268 113
484 2947 3480
485 3987 1978
486 503 1129
487 3232 3754
488 3148 3524
489 3012 1738
490 244 53
491 2479 1612
492 2025 1858
493 2760 3532
494 1292 1051
495 1692 1591
496 569 3723
497 1445 1358
498 3575 2231
499 1539 337
500 712 2744
501 2576 1438
502 2616 2135
503 1231 2870
504 4075 1904
505 2489 3179
506 2618 2038
507 323 1058
508 2297 1264
509 2276 4081
510 741 3903
511 233 1538
512 296 2211
513 3134 1208
514 106 328
515 1824 61
516 2468 3359
517 1942 191
518 1975 1146
519 3084 1391
520 3141 867
521 3268 402
522 2599 3122
523 763 1702
524 1568 717
525 2595 3925
526 1771 153
527 92 60
528 467 2581
529 2093 498
530 3773 1684
531 219 1816
532 534 3887
533 2326 1471
534 1308 2398
535 4035 1088
536 3182 153
537 1769 4063
538 999 688
539 3382 376
540 831 1239
541 369 561
542 3432 653
543 1211 1577
544 248 3065
545 3543 133
546 3602 2189
547 1077 1020
548 487 3916
549 1073 1322
550 173 3097
551 447 658
552 3833 624
553 3642 1177
554 3924 1307
555 705 3258
556 2115 891
557 1621 805
558 1696 1041
559 417 3251
560 4027 3020
561 1338 2058
562 2089 2781
563 1404 2241
564 763 4019
565 377 877
566 3274 1359
567 1931 3955
568 1773 86
569 3310 441
570 1892 333
571 2592 1133
572 260 2853
573 914 149
574 1871 2006
575 3790 3263
576 724 2691
577 2745 985
578 2650 1361
579 3514 2934
580 879 1708
581 3719 2305
582 19 395
583 2809 3581
584 2894 1413
585 244 3128
586 3034 2306
587 3614 2214
588 3457 3059
589 2181 3452
590 1953 1248
591 2027 906
592 793 3544
593 3618 945
594 1482 977
595 2368 1570
596 1293 3704
597 3167 642
598 1179 478
599 2467 1337
600 1761 284
601 3282 3610
602 4076 550
603 3409 3460
604 388 2611
605 2177 13
606 1047 1514
607 3160 487
608 3502 3745
609 1005 2823
610 29 1541
611 2233 1826
612 3451 1353
613 18 144
614 2322 2838
615 1272 40
616 2202 1682
617 1670 1203
618 2807 1616
619 2688 2801
620 1317 3640
621 2649 672
622 3309 2422
623 28 3334
624 832 2681
625 1081 319
626 698 4021
627 263 23
628 1799 3435
629 706 1969
630 3973 1483
631 754 3526
632 853 3395
633 2111 401
634 2166 889
635 3089 3323
636 1040 1129
637 2352 1096
638 1736 646
639 2712 3569
640 2301 676
641 2799 542
642 2821 2213
643 2770 1825
644 3945 3451
645 442 45
646 3822 3841
647 3326 290
648 3615 51
649 37 2648
650 2011 2892
651 3327 903
652 3665 3264
653 1183 1794
654 2559 2001
655 1961 420
656 1914 3122
657 2161 3316
658 2649 3234
659 635 1644
660 2221 3919
661 3619 1753
662 280 1841
663 249 341
664 966 3767
665 59 2110
666 3216 880
667 2999 758
668 2019 2997
669 3940 421
670 748 1085
671 1772 2311
672 3036 132
673 213 1380
674 1584 2985
675 2266 3043
676 2170 351
677 3358 3104
678 1240 882
679 73 2389
680 784 3101
681 3844 2317
682 3525 1534
683 2772 752
684 2184 2442
685 200 3755
686 517 1633
687 3027 2424
688 1789 3346
689 3140 779
690 1993 2321
691 686 2421
692 2236 1558
693 2010 1196
694 3190 3134
695 200 2121
696 3895 4049
697 1595 3701
698 1842 123
699 345 4050
700 3101 652
701 1043 3212
702 2999 305
703 3685 2993
704 3515 701
705 1718 329
706 3258 3342
707 2118 1383
708 1950 880
709 2925 2209
710 3633 3785
711 3094 234
712 3793 1318
713 1069 3458
714 2074 1246
715 2428 2371
716 705 1754
717 2091 3565
718 2159 2943
719 2539 3274
720 2319 1857
721 184 4023
722 1638 830
723 1729 2453
724 1783 1007
725 2272 1285
726 1227 2927
727 4065 2726
728 3329 2822
729 2841 63
730 960 2282
731 586 916
732 48 2820
733 109 2403
734 1109 4032
735 3638 3545
736 1474 900
737 3633 489
738 2583 2938
739 3700 1045
740 3191 1476
741 1455 2547
742 3678 1802
743 3490 62
744 2157 1285
745 308 975
746 440 1567
747 3625 1763
748 3180 1856
749 996 2349
750 24 3344
751 3829 961
752 1202 1321
753 1894 3938
754 334 2372
755 1060 1769
756 586 2901
757 2735 3125
758 3393 2705
759 2912 227
760 1110 2686
761 136 2519
762 3463 2725
763 975 3826
764 817 1940
765 3518 3075
766 4086 1513
767 981 1973
768 2854 3358
769 2110 943
770 2411 1212
771 86 2119
772 1587 2739
773 1336 1095
774 2112 711
775 619 3997
776 1868 1619
777 1810 2063
778 1625 2061
779 3535 3040
780 1171 3233
781 3398 1109
782 3177 370
783 2169 1730
784 398 195
785 344 3612
786 990 2451
787 4083 467
788 2579 3666
789 1613 3756
790 2399 80
791 104 848
792 3198 2127
793 1871 2012
794 4038 1027
795 2832 450
796 1169 2647
797 1402 2250
798 509 2611
799 3172 490
800 1348 2453
801 1601 652
802 1525 1907
803 879 530
804 986 1156
805 839 3039
806 3928 2036
807 1847 1773
808 718 866
809 1852 1720
810 280 2221
811 3585 2207
812 2768 2402
813 3435 1019
814 210 3850
815 891 3619
816 1744 1240
817 4040 2116
818 2354 541
819 4005 2715
820 3493 3938
821 1328 98
822 3155 676
823 3164 2517
824 3304 3794
825 294 1587
826 1439 926
827 3411 3163
828 832 1469
829 137 1065
830 3474 710
831 1334 1094
832 2848 912
833 2445 2788
834 2824 419
835 3289 409
836 1270 1320
837 2399 1267
838 1731 3328
839 2491 3791
840 467 1542
841 778 3053
842 3304 1658
843 994 3375
844 3576 4034
845 3549 3083
846 94 3089
847 3448 460
848 2916 2816
849 1015 2537
850 3294 375
851 2091 336
852 3075 95
853 138 1509
854 2320 2058
855 3233 3328
856 3201 2130
857 3845 323
858 2673 1855
859 38 3868
860 3796 2994
861 2174 583
862 1514 1488
863 2972 1910
864 1097 1243
865 816 2320
866 1000 396
867 513 1914
868 2198 3903
869 100 1014
870 465 2115
871 1736 3922
872 3041 2290
873 2902 1011
874 1401 4002
875 1183 2596
876 3504 507
877 1922 291
878 3689 3777
879 853 2658
880 1759 3595
881 3912 3993
882 2463 1474
883 3817 1586
884 1193 1050
885 419 868
886 856 1669
887 3599 1253
888 737 3873
889 586 1359
890 2403 3412
891 2094 2621
892 1610 3799
893 1617 1844
894 3682 2468
895 3202 893
896 1985 2036
897 1096 2370
898 2995 1421
899 2030 949
900 3602 1277
901 420 3299
902 964 3985
903 3078 200
904 2070 1582
905 437 2790
906 1471 589
907 1417 3982
908 2295 631
909 1040 1877
910 3607 3400
911 696 4044
912 86 2034
913 715 1344
914 2866 3336
915 2366 2524
916 1685 3132
917 430 3298
918 3555 1163
919 3680 2568
920 1776 3419
921 3096 3677
922 3545 1085
923 2910 3548
924 2353 291
925 919 1918
926 2600 1147
927 1398 113
928 3346 1855
929 3743 1950
930 3502 3050
931 988 1668
932 1152 2151
933 1726 1038
934 4083 2473
935 1662 2953
936 3571 2008
937 1882 3388
938 2303 3326
939 3079 3489
940 3851 826
941 3129 688
942 709 3558
943 2171 2705
944 3825 750
945 4069 1889
946 3203 1489
947 3165 3081
948 330 2935
949 2545 1773
950 3152 2074
951 2675 1108
952 29 3369
953 3526 2334
954 715 2606
955 3687 2664
956 1663 1268
957 2363 1846
958 3232 3227
959 905 1760
960 2843 3232
961 721 142
962 1329 729
963 2921 67
964 2861 3034
965 2171 3527
966 2427 3214
967 934 1940
968 1124 2186
969 3443 1870
970 2712 3500
971 3336 1188
972 3922 1675
973 2496 2010
974 4014 1786
975 551 698
976 2616 2385
977 2005 583
978 2295 3660
979 3438 3405
980 1013 1024
981 887 1418
982 444 1967
983 3994 3099
984 1455 2304
985 2185 352
986 967 3411
987 1749 4
988 3434 3186
989 173 2738
990 2242 2068
991 1047 3814
992 2399 643
993 670 44
994 3393 2148
995 881 302
996 404 460
997 73 3683
998 940 3736
999 82 3398
1000 700 564
1001 1351 1268
1002 1486 699
1003 3618 1214
1004 2273 3783
1005 1413 2733
1006 2064 3773
1007 3353 156
1008 2388 1425
1009 2981 490
1010 3026 1238
1011 433 3572
1012 3554 1980
1013 2014 3338
1014 388 2470
1015 2892 2521
1016 3806 2872
1017 3493 921
1018 3056 3054
1019 2484 3804
1020 3449 2574
1021 819 1595
1022 505 3469
1023 1128 238
1024 3863 855
1025 3831 740
1026 417 2845
1027 308 2412
1028 1745 3113
1029 1910 2573
1030 456 1496
1031 2601 1271
1032 111 3894
1033 4080 744
1034 1483 2667
1035 1094 3685
1036 2832 3642
1037 2272 4006
1038 3879 2867
1039 1567 3230
1040 863 369
1041 3305 656
1042 32 1901
1043 3740 3587
1044 3611 2373
1045 50 435
1046 3780 1006
1047 2729 1415
1048 724 3512
1049 3670 3118
1050 1669 1110
1051 3169 1878
1052 1463 4018
1053 2520 3568
1054 2960 741
1055 474 1233
1056 880 2336
1057 2387 1239
1058 3311 2332
1059 2622 2419
1060 2555 3438
1061 1815 1245
1062 1782 2200
1063 3636 1749
1064 1191 2541
1065 3820 3332
1066 1492 765
1067 1234 468
1068 1372 1762
1069 3400 2862
1070 2092 765
1071 2808 3776
1072 4068 1929
1073 3255 200
1074 384 1130
1075 2332 3524
1076 1053 2743
1077 1411 2043
1078 3260 3292
1079 2755 1940
1080 2280 2828
1081 3047 1808
1082 3788 1173
1083 1106 2511
1084 1438 6
1085 3613 1518
1086 2254 3724
1087 2379 857
1088 3483 3627
1089 716 575
1090 2799 190
1091 947 315
1092 2712 1938
1093 2223 864
1094 1661 3402
1095 2543 2819
1096 1657 3159
1097 914 4052
1098 280 2736
1099 1304 3902
1100 1675 2912
1101 3002 257
1102 1632 3084
1103 2154 3947
1104 1448 569
1105 3134 2209
1106 2759 2559
1107 1708 3485
1108 3854 3654
1109 409 920
1110 3762 2755
1111 2338 2094
1112 2115 3398
1113 1980 157
1114 12 2867
1115 1610 1599
1116 3082 3354
1117 2316 744
1118 3277 1688
1119 2081 1085
1120 1273 3290
1121 3272 1896
1122 1708 19
1123 698 303
1124 1978 3375
1125 1356 2428
1126 947 2581
1127 2648 2585
1128 3390 253
1129 3767 1850
1130 773 4030
1131 2685 1715
1132 3605 3463
1133 3446 1502
1134 3311 3292
1135 3083 1735
1136 3166 2901
1137 3267 1567
1138 1958 1670
1139 3206 3546
1140 3656 1653
1141 3366 2407
1142 2065 978
1143 724 3990
1144 2119 3779
1145 706 1307
1146 1364 1559
1147 2030 3291
1148 2227 2312
1149 1057 2237
1150 2815 384
1151 3019 64
1152 192 3861
1153 2164 147
1154 2886 1402
1155 3226 2470
1156 137 73
1157 1602 3013
1158 474 1332
1159 3260 3029
1160 65 476
1161 499 4065
1162 1691 73
1163 2498 2253
1164 2910 3
1165 3034 3509
1166 3927 2917
1167 819 3384
1168 2857 3433
1169 4004 1554
1170 746 2146
1171 4003 3709
1172 207 1297
1173 457 3399
1174 3006 3704
1175 1373 1535
1176 24 2458
1177 3669 245
1178 2580 1010
1179 3686 3626
1180 2667 1614
1181 2144 3020
1182 1621 1399
1183 382 3858
1184 2113 3999
1185 1749 2565
1186 1078 3848
1187 1675 2694
1188 1181 837
1189 1232 3666
1190 1049 1224
1191 3662 2305
1192 1742 2422
1193 3654 1509
1194 1871 2772
1195 2219 1376
1196 3492 1175
1197 93 3362
1198 156 3656
1199 2734 2797
1200 2358 695
1201 1582 1049
1202 2108 3462
1203 1490 10
1204 1553 3270
1205 2188 912
1206 3411 198
1207 3484 978
1208 1811 2129
1209 3024 16
1210 2462 676
1211 3832 2662
1212 188 1829
1213 3868 89
1214 617 2207
1215 1602 2435
1216 658 2101
1217 2459 4
1218 3221 2897
1219 1535 1159
1220 758 2128
1221 2585 1366
1222 3552 3899
1223 3210 2391
1224 2049 427
1225 1353 1379
1226 80 3414
1227 3108 3341
1228 957 3613
1229 960 2016
1230 1062 2897
1231 12 2031
1232 3484 1370
1233 343 3330
1234 627 1120
1235 974 632
1236 3354 3999
1237 2730 119
1238 4077 244
1239 2287 272
1240 1121 1280
1241 3214 3834
1242 3830 182
1243 3788 433
1244 2770 3503
1245 404 2690
1246 558 354
1247 1965 1908
1248 1839 868
1249 424 3745
1250 4010 2101
1251 4083 1924
1252 2765 384
1253 3979 1345
1254 564 2747
1255 1188 1443
1256 2866 1313
1257 2001 2714
1258 3286 1635
1259 2456 13
1260 3442 3643
1261 4009 692
1262 3371 2338
1263 170 3312
1264 4077 4035
1265 663 3236
1266 3377 2824
1267 3844 1561
1268 1435 29
1269 413 2125
1270 1732 1384
1271 1265 1574
1272 3934 2510
1273 386 2524
1274 1397 3121
1275 809 1088
1276 2014 3117
1277 2313 3778
1278 2365 1495
1279 676 327
1280 3369 2930
1281 71 599
1282 2206 1091
1283 2490 1034
1284 2944 343
1285 3616 535
1286 1096 3500
1287 899 1440
1288 1960 3555
1289 1898 488
1290 2077 993
1291 1618 3684
1292 2509 1943
1293 3357 345
1294 3782 3555
1295 2426 422
1296 1863 3054
1297 2843 3948
1298 901 4078
1299 3279 2898
1300 3677 8
1301 1631 3922
1302 1312 1085
1303 3682 2884
1304 3844 264
1305 3077 3292
1306 2168 841
1307 352 618
1308 1809 1264
1309 3817 327
1310 2654 3127
1311 1199 3902
1312 2983 2665
1313 1810 1894
1314 778 3513
1315 2218 2595
1316 1055 2582
1317 3953 79
1318 1962 3591
1319 1770 489
1320 1162 1608
1321 1366 1969
1322 3470 1077
1323 1878 2131
1324 2015 3159
1325 1418 2195
1326 3157 4008
1327 2028 3816
1328 2817 1095
1329 3120 400
1330 175 312
1331 571 628
1332 1766 482
1333 626 2478
1334 3637 978
1335 704 2223
1336 2790 1278
1337 3438 1102
1338 807 1122
1339 3762 3171
1340 2031 2604
1341 3112 1558
1342 2347 2820
1343 2789 2457
1344 2627 2751
1345 1746 2526
1346 2529 675
1347 529 2606
1348 1069 3514
1349 3239 998
1350 3946 619
1351 2965 664
1352 2328 2175
1353 652 2036
1354 2142 1450
1355 551 3699
1356 1845 3785
1357 538 3156
1358 2382 1233
1359 2333 3185
1360 573 799
1361 1795 3954
1362 4061 3392
1363 1219 2935
1364 3632 2063
1365 3836 3014
1366 1369 2667
1367 3921 1727
1368 2593 4088
1369 1777 3161
1370 183 3540
1371 39 649
1372 2433 3641
1373 2601 450
1374 2294 2115
1375 633 2150
1376 4031 1657
1377 288 1553
1378 2151 315
1379 2790 1081
1380 2793 3811
1381 3786 392
1382 3767 196
1383 3912 4067
1384 3249 3800
1385 173 3865
1386 923 1700
1387 3009 158
1388 1717 240
1389 3036 262
1390 2176 967
1391 2678 707
1392 1060 647
1393 3332 1316
1394 3224 569
1395 2423 1715
1396 1010 1154
1397 1319 2496
1398 3558 3598
1399 309 3460
1400 1005 3114
1401 2517 390
1402 3187 3510
1403 2895 1243
1404 2793 808
1405 574 2133
1406 3226 2622
1407 2261 1083
1408 1010 2108
1409 1768 2100
1410 2544 2061
1411 2268 2248
1412 1873 3977
1413 3892 3325
1414 2304 3965
1415 3824 599
1416 1642 917
1417 176 2336
1418 2719 1295
1419 2478 3896
1420 1565 1334
1421 3173 2746
1422 3472 648
1423 2329 2578
1424 2049 3279
1425 3895 3850
1426 477 3659
1427 1456 1159
1428 1780 2504
1429 3652 2008
1430 2771 1382
1431 1508 1379
1432 3938 978
1433 1875 4037
1434 369 607
1435 1331 992
1436 3009 2926
1437 3478 3629
1438 1950 1841
1439 2861 1325
1440 3473 2524
1441 2506 3272
1442 2491 1287
1443 191 2032
1444 2256 499
1445 1876 2760
1446 365 1176
1447 1984 445
1448 3525 203
1449 980 675
1450 2229 3962
1451 241 2737
1452 1059 3583
1453 3316 3503
1454 2946 1877
1455 625 2701
1456 1384 3135
1457 3810 2348
1458 2796 4052
1459 3744 1294
1460 1721 2563
1461 939 2656
1462 3966 1595
1463 2627 1637
1464 1061 330
1465 135 886
1466 2897 2563
1467 829 4044
1468 2860 2337
1469 1374 1937
1470 3430 1431
1471 1688 880
1472 1096 1446
1473 2745 4007
1474 752 1664
1475 2049 522
1476 3724 2156
1477 77 3856
1478 2872 1701
1479 1838 1685
1480 2478 228
1481 2980 1938
1482 2310 988
1483 1745 794
1484 134 3432
1485 1623 3681
1486 1436 2186
1487 920 3229
1488 783 2856
1489 3428 4086
1490 822 1295
1491 2471 2220
1492 580 1848
1493 3711 1430
1494 3898 1802
1495 3034 2328
1496 2375 3745
1497 1791 2282
1498 1321 727
1499 2662 2205
1500 2099 3773
1501 756 2210
1502 193 2885
1503 2205 1867
1504 3838 1574
1505 2846 3460
1506 250 2798
1507 1035 1871
1508 2045 1296
1509 807 3665
1510 2454 3019
1511 2622 2331
1512 429 3581
1513 2307 1173
1514 1798 141
1515 188 2202
1516 2597 1438
1517 606 218
1518 3895 3177
1519 2506 2154
1520 2229 970
1521 3074 4043
1522 1481 3089
1523 3017 4013
1524 2363 1042
1525 2022 3528
1526 3385 3584
1527 2026 1475
1528 1494 1601
1529 2990 3140
1530 2576 2830
1531 89 3810
1532 552 3619
1533 4004 1446
1534 1388 3819
1535 3666 2289
1536 1325 1354
1537 3099 567
1538 3834 86
1539 2494 2028
1540 1045 2657
1541 2460 3209
1542 4080 2635
1543 3741 416
1544 3277 650
1545 3445 1389
1546 3503 1033
1547 970 2941
1548 106 2273
1549 2561 2395
1550 2932 2384
1551 559 1582
1552 3396 24
1553 3050 1170
1554 3547 848
1555 2700 2587
1556 2680 661
1557 2362 1803
1558 3225 415
1559 2964 1069
1560 336 564
1561 44 2487
1562 1397 268
1563 2562 712
1564 2159 2515
1565 1157 709
1566 3631 1637
1567 1307 222
1568 3613 3488
1569 3866 2616
1570 2060 1313
1571 3756 1060
1572 626 2726
1573 3163 3583
1574 378 2166
1575 244 2130
1576 631 2206
1577 2575 1722
1578 2172 3157
1579 1381 3154
1580 656 2453
1581 1629 3155
1582 3547 1309
1583 2643 3644
1584 2082 2779
1585 3635 2763
1586 1773 2322
1587 2812 2109
1588 1400 1245
1589 3063 1451
1590 243 1961
1591 1102 3366
1592 744 3331
1593 1371 3512
1594 628 821
1595 3245 1101
1596 2657 1081
1597 2774 1184
1598 3754 2136
1599 2563 1802
1600 185 2328
1601 1348 461
1602 2012 1875
1603 2035 3142
1604 478 2006
1605 1309 1766
1606 360 3158
1607 3853 1418
1608 2527 2678
1609 41 1141
1610 662 1938
1611 2679 2814
1612 4036 2513
1613 249 3550
1614 2392 1674
1615 3936 2217
1616 149 3505
1617 1135 3732
1618 3112 2920
1619 624 2678
1620 2408 3454
1621 2287 3603
1622 3368 1745
1623 3844 2178
1624 497 159
1625 3237 1108
1626 3138 3921
1627 3506 1065
1628 1751 3857
1629 3079 3837
1630 2560 2719
1631 2620 1015
1632 1192 530
1633 4038 1290
1634 2379 1378
1635 2794 160
1636 504 1121
1637 3300 2990
1638 745 3139
1639 1486 331
1640 2618 661
1641 253 2823
1642 1851 1102
1643 2204 2015
1644 1880 3106
1645 741 615
1646 282 892
1647 3679 3569
1648 3523 874
1649 4010 3146
1650 2221 2211
1651 1564 233
1652 1434 3739
1653 2506 1087
1654 1197 1348
1655 2354 3755
1656 1389 1924
1657 1882 2552
1658 3686 1037
1659 552 567
1660 3453 3375
1661 266 1626
1662 873 954
1663 830 3998
1664 255 771
1665 4 49
1666 1968 3447
1667 3245 333
1668 488 623
1669 3296 145
1670 2364 3703
1671 680 993
1672 2759 2810
1673 3556 1742
1674 417 165
1675 1263 827
1676 2206 628
1677 1407 3532
1678 2240 587
1679 1234 1578
1680 1798 1523
1681 292 52
1682 2010 3879
1683 2856 3052
1684 2364 2615
1685 1931 3263
1686 2754 2280
1687 4085 2054
1688 1248 3070
1689 1706 2784
1690 1002 4014
1691 3978 3778
1692 3379 87
1693 877 3843
1694 3587 2521
1695 609 646
1696 3338 1471
1697 1830 4023
1698 3653 3548
1699 625 3773
1700 238 1089
1701 3706 2458
1702 1983 2379
1703 670 1510
1704 692 3532
1705 2041 980
1706 3329 2758
1707 1188 3386
1708 739 3866
1709 526 1205
1710 852 2360
1711 4023 2465
1712 901 4027
1713 2623 1650
1714 1227 3357
1715 1797 2985
1716 881 718
1717 2888 2961
1718 679 2177
1719 152 3228
1720 1869 2060
1721 3040 807
1722 2116 38
1723 2811 2624
1724 1404 2838
1725 3155 3346
1726 3396 803
1727 1161 1185
1728 4063 1266
1729 1675 4066
1730 2152 1217
1731 421 2292
1732 3677 3118
1733 2827 2866
1734 434 760
1735 860 3863
1736 2411 1445
1737 142 3644
1738 1222 264
1739 3335 1583
1740 1309 1130
1741 441 2818
1742 1047 3744
1743 3229 155
1744 2742 2752
1745 3079 2898
1746 2782 141
1747 3838 131
1748 918 2751
1749 3782 1309
1750 3948 2550
1751 2145 1185
1752 1078 1565
1753 2054 3829
1754 1620 956
1755 2459 1277
1756 1419 3994
1757 1275 1297
1758 1148 1575
1759 1862 3692
1760 214 2715
1761 3893 3230
1762 339 102
1763 4007 93
1764 2336 3196
1765 2971 2463
1766 2616 464
1767 438 2067
1768 1568 3228
1769 2221 688
1770 1064 451
1771 857 3691
1772 3780 1160
1773 3472 1361
1774 3685 2201
1775 2135 820
1776 884 412
1777 2033 2865
1778 1382 2031
1779 2089 2698
1780 2295 1025
1781 2751 3457
1782 1160 889
1783 1181 2176
1784 672 95
1785 3219 2770
1786 2455 2276
1787 226 3790
1788 3250 4078
1789 1708 2777
1790 1665 2261
1791 1965 2080
1792 1870 267
1793 645 598
1794 1065 3873
1795 319 1305
1796 233 1875
1797 2436 2319
1798 1227 3038
1799 2851 2288
1800 20 3264
1801 491 3352
1802 1623 2787
1803 3337 1552
1804 3852 496
1805 3928 1978
1806 1378 3445
1807 151 2525
1808 1374 3644
1809 3877 502
1810 3930 440
1811 2003 2559
1812 718 242
1813 2243 2306
1814 1338 2988
1815 669 155
1816 2518 274
1817 2800 749
1818 3446 3528
1819 1569 2112
1820 2561 3779
1821 2718 719
1822 1802 361
1823 797 2509
1824 2676 618
1825 470 3455
1826 3161 3910
1827 3098 1902
1828 1171 3822
1829 3535 3577
1830 1120 1918
1831 3244 2584
1832 3736 147
1833 3451 2544
1834 1640 2819
1835 3831 3441
1836 1337 3736
1837 4031 1654
1838 3119 896
1839 610 3308
1840 1912 2843
1841 757 3153
1842 1090 2975
1843 827 3927
1844 98 990
1845 494 3100
1846 1164 2153
1847 3899 1230
1848 280 661
1849 985 907
1850 3251 174
1851 3646 439
1852 3269 3571
1853 2549 347
1854 2337 1624
1855 1700 3079
1856 392 2357
1857 3659 2559
1858 1250 3788
1859 1375 2021
1860 938 1456
1861 523 3120
1862 3172 2790
1863 1021 942
1864 2206 579
1865 3169 1368
1866 4068 61
1867 3743 1246
1868 117 3284
1869 2181 1489
1870 1615 221
1871 2824 1091
1872 318 603
1873 1108 1590
1874 3952 1144
1875 3965 2764
1876 181 3785
1877 3990 2736
1878 1531 36
1879 2107 3494
1880 4054 3831
1881 2316 2224
1882 793 4010
1883 3736 2847
1884 1085 4048
1885 3652 2679
1886 31 3549
1887 4002 1723
1888 934 3951
1889 2347 1107
1890 2342 3113
1891 566 1628
1892 3434 3485
1893 3940 2090
1894 13 3229
1895 3550 3550
1896 1449 3107
1897 13 2908
1898 3557 2284
1899 268 3147
1900 53 3883
1901 649 2559
1902 1768 3067
1903 1995 2141
1904 2473 3632
1905 1261 3062
1906 2989 2555
1907 533 3188
1908 885 1132
1909 2789 2366
1910 3257 2311
1911 2721 832
1912 3367 162
1913 2939 3800
1914 2957 2368
1915 3230 1215
1916 4063 1739
1917 131 718
1918 3889 3608
1919 2914 581
1920 2111 3987
1921 961 2222
1922 1157 1420
1923 2021 813
1924 215 2377
1925 3856 1605
1926 653 596
1927 2008 217
1928 3319 2065
1929 2508 2233
1930 3013 773
1931 3037 1130
1932 887 1881
1933 1828 1875
1934 280 2782
1935 1526 385
1936 2105 2303
1937 1470 2525
1938 1206 2760
1939 73 1162
1940 1910 1678
1941 3378 3074
1942 3050 2403
1943 924 3559
1944 86 458
1945 3259 574
1946 389 3003
1947 3448 3852
1948 3777 1279
1949 2523 3612
1950 2395 3391
1951 1804 1821
1952 1658 936
1953 3906 824
1954 520 2404
1955 3025 3729
1956 3405 2703
1957 2632 2760
1958 1812 742
1959 3906 1316
1960 1470 235
1961 2697 2329
1962 1177 3346
1963 1016 3323
1964 2434 2070
1965 4043 512
1966 2150 1015
1967 660 2041
1968 1006 3323
1969 2110 3092
1970 1441 1279
1971 3876 898
1972 3122 1969
1973 3993 1828
1974 1730 1943
1975 101 1517
1976 145 3230
1977 3511 3867
1978 23 1281
1979 1596 2636
1980 6 3238
1981 985 276
1982 609 467
1983 23 3351
1984 1425 1515
1985 3290 37
1986 3329 1461
1987 741 2333
1988 520 1020
1989 2655 2486
1990 328 1074
1991 228 744
1992 1848 85
1993 1020 2357
1994 954 1337
1995 3789 1714
1996 488 847
1997 1409 3612
1998 4031 3431
1999 2848 989
2000 1086 1106
2001 3433 3856
2002 2467 1750
2003 1033 2402
2004 229 2522
2005 2943 3798
2006 187 2439
2007 3710 884
2008 1322 2921
2009 4003 389
2010 685 869
2011 3181 1643
2012 779 30
2013 1963 3995
2014 3328 467
2015 890 3293
2016 3287 248
2017 3567 3105
2018 189 2239
2019 729 681
2020 3733 1994
2021 2147 1877
2022 1001 3213
2023 2720 602
2024 2241 255
2025 1791 1356
2026 1132 2469
2027 419 390
2028 2950 2955
2029 387 78
2030 2741 3450
2031 3242 3448
2032 91 2360
2033 1677 3791
2034 3078 3790
2035 1062 1708
2036 1230 4020
2037 2600 1960
2038 3333 1481
2039 2772 3772
2040 1324 2131
2041 1074 1510
2042 1130 1413
2043 1317 1028
2044 1832 406
2045 3651 3635
2046 3292 911
2047 3707 3695
2048 912 3710
2049 936 739
2050 2177 183
2051 105 2953
2052 414 2039
2053 3544 2099
2054 623 570
2055 2319 2965
2056 369 3311
2057 1313 2336
2058 479 2261
2059 441 3559
2060 1475 700
2061 3366 3182
2062 3114 2696
2063 1156 3345
2064 3975 1548
2065 1282 1991
2066 2048 2759
2067 1188 2908
2068 1832 2841
2069 1226 1389
2070 3783 626
2071 744 48
2072 2114 3533
2073 3115 2169
2074 135 2347
2075 1464 824
2076 2920 868
2077 322 260
2078 1305 3389
2079 3710 2584
2080 218 2381
2081 3892 224
2082 3987 3126
2083 340 1081
2084 2785 1828
2085 979 61
2086 49 2945
2087 2542 1850
2088 2201 3708
2089 3947 391
2090 1922 158
2091 1049 3088
2092 16 2916
2093 446 1780
2094 1970 2722
2095 18 2760
2096 2257 1334
2097 2572 1569
2098 2215 2317
2099 2795 2038
2100 1805 3711
2101 1147 3287
2102 2357 1504
2103 1012 4045
2104 1398 1545
2105 2326 1417
2106 593 3319
2107 828 1089
2108 3915 1940
2109 2534 3187
2110 2235 1381
2111 202 2102
2112 3102 2886
2113 501 642
2114 241 2326
2115 2687 3235
2116 2451 1864
2117 977 970
2118 112 3703
2119 2649 3373
2120 1413 4058
2121 1809 2670
2122 90 4049
2123 3600 3087
2124 2358 1958
2125 2198 1013
2126 145 1060
2127 3185 3897
2128 985 177
2129 1761 1522
2130 2493 2107
2131 3157 3191
2132 1043 3056
2133 717 413
2134 4037 1584
2135 2848 1539
2136 996 2883
2137 3057 2420
2138 1280 3807
2139 823 1857
2140 483 126
2141 280 1113
2142 2888 467
2143 640 230
2144 3211 3787
2145 3349 1004
2146 2090 1527
2147 292 1349
2148 3261 2771
2149 1712 1830
2150 1570 420
2151 1925 1456
2152 3928 2908
2153 3496 31
2154 1951 1059
2155 1292 3652
2156 230 2521
2157 2714 2054
2158 2497 3402
2159 1766 561
2160 1902 692
2161 3264 968
2162 1536 1554
2163 3564 2353
2164 3407 1513
2165 2216 2195
2166 1464 2495
2167 1411 2823
2168 2801 1966
2169 1599 45
2170 1000 3413
2171 2699 3235
2172 629 84
2173 75 3450
2174 2 2357
2175 284 3151
2176 2393 3578
2177 503 294
2178 113 167
2179 2781 3642
2180 909 963
2181 1482 3711
2182 1215 2870
2183 3766 2360
2184 3420 2869
2185 1074 3810
2186 2279 3119
2187 3663 715
2188 1602 1049
2189 344 1816
2190 1683 3144
2191 3255 3135
2192 2875 1480
2193 3341 2995
2194 2253 348
2195 1238 3715
2196 465 3735
2197 3951 1441
2198 3565 1705
2199 205 1851
2200 452 1371
2201 2348 1546
2202 2572 1664
2203 3829 1214
2204 66 2458
2205 234 2986
2206 2558 361
2207 2406 761
2208 2524 822
2209 457 1758
2210 1226 1991
2211 3253 2046
2212 3480 1203
2213 2744 3618
2214 3992 306
2215 3368 6
2216 1771 2439
2217 3045 729
2218 3857 1539
2219 3816 2596
2220 2151 2239
2221 1547 1423
2222 2655 1932
2223 2804 1430
2224 1604 1022
2225 2222 2584
2226 3488 2005
2227 1705 3214
2228 266 2082
2229 116 3299
2230 3076 844
2231 2522 641
2232 4021 3840
2233 1548 1887
2234 804 2202
2235 1323 3984
2236 2708 3631
2237 3042 858
2238 3202 280
2239 2315 3334
2240 1364 2288
2241 3502 244
2242 195 2394
2243 3009 643
2244 2576 3994
2245 3651 2668
2246 2506 2597
2247 38 510
2248 837 236
2249 1524 2216
2250 1458 23
2251 3156 1187
2252 1714 2581
2253 438 1927
2254 2161 1296
2255 3914 1641
2256 4041 1911
2257 306 2822
2258 3965 2078
2259 2188 950
2260 2653 1257
2261 1290 765
2262 794 1519
2263 3592 1424
2264 3106 3723
2265 3549 95
2266 2559 513
2267 736 3447
2268 179 155
2269 2722 2218
2270 2785 3651
2271 3377 670
2272 737 2305
2273 1819 3036
2274 3937 983
2275 3471 3636
2276 2001 1732
2277 2521 1907
2278 1701 3085
2279 1289 2028
2280 2400 2890
2281 1018 3079
2282 1954 2152
2283 2917 527
2284 105 2635
2285 3571 362
2286 1016 2883
2287 1640 1763
2288 3893 2724
2289 1960 2779
2290 2481 40
2291 3977 1041
2292 3260 1847
2293 1569 3079
2294 1676 1221
2295 2757 2127
2296 3594 3667
2297 549 3403
2298 2595 240
2299 3315 3752
2300 436 781
2301 1655 24
2302 2132 3860
2303 758 3092
2304 2495 3551
2305 3878 942
2306 3078 1332
2307 1851 2884
2308 1683 3197
2309 1790 2405
2310 2411 3413
2311 2241 2449
2312 234 744
2313 1725 2429
2314 167 3401
2315 463 782
2316 1204 2935
2317 925 1871
2318 57 89
2319 3620 3947
2320 2973 2011
2321 3444 1501
2322 1945 3713
2323 255 3588
2324 1931 278
2325 3401 3142
2326 2428 1556
2327 3333 795
2328 3262 2159
2329 1038 2657
2330 3734 910
2331 2296 890
2332 3330 1964
2333 2195 3520
2334 2045 2542
2335 1964 447
2336 379 452
2337 1813 1247
2338 446 3049
2339 3566 2589
2340 1380 786
2341 3723 1215
2342 1353 1059
2343 2276 3969
2344 212 571
2345 4063 3444
2346 2922 3356
2347 1216 1999
2348 735 43
2349 3142 3487
2350 98 2695
2351 869 2097
2352 3119 2344
2353 995 2101
2354 1057 350
2355 586 438
2356 2577 1276
2357 932 1964
2358 3870 16
2359 525 3630
2360 4002 1894
2361 1209 1049
2362 688 2075
2363 3065 3099
2364 457 232
2365 2586 1474
2366 3446 1309
2367 2205 2961
2368 233 3818
2369 53 2937
2370 3125 1625
2371 1785 2743
2372 878 3278
2373 2527 3496
2374 3449 1757
2375 605 485
2376 100 846
2377 99 1003
2378 950 1535
2379 2392 108
2380 2579 2675
2381 298 2172
2382 1977 53
2383 879 2408
2384 2151 2226
2385 3094 3624
2386 2824 1717
2387 2196 3913
2388 903 1267
2389 600 772
2390 2756 2298
2391 1929 450
2392 3544 1357
2393 1418 1601
2394 461 3312
2395 2901 2281
2396 3939 221
2397 1141 3228
2398 2952 1701
2399 809 579
2400 4027 4034
2401 3001 981
2402 1573 612
2403 1972 3459
2404 32 2973
2405 610 2114
2406 1376 2987
2407 699 2276
2408 1779 113
2409 2520 2325
2410 1171 1615
2411 1187 3433
2412 2507 3208
2413 2892 3140
2414 2419 1897
2415 2942 2920
2416 1907 282
2417 1839 1002
2418 1854 3344
2419 2333 1867
2420 819 840
2421 739 527
2422 3997 1850
2423 2608 1595
2424 3781 3151
2425 1950 3459
2426 1809 34
2427 3098 2537
2428 1283 2502
2429 192 1641
2430 1483 1289
2431 1071 3478
2432 1198 3633
2433 2767 2591
2434 2876 3731
2435 1387 686
2436 2716 567
2437 312 2277
2438 55 2203
2439 1864 3286
2440 3013 1034
2441 3344 2384
2442 2305 3113
2443 3142 3768
2444 262 2224
2445 1047 3354
2446 2309 1671
2447 2282 1601
2448 112 3146
2449 1718 1509
2450 1011 638
2451 2357 2532
2452 2121 654
2453 3650 2407
2454 304 185
2455 1928 974
2456 2394 1765
2457 3160 1515
2458 3509 45
2459 984 3996
2460 472 3530
2461 2144 1868
2462 3933 1660
2463 2366 1602
2464 1895 1227
2465 3803 2785
2466 1679 2311
2467 1309 2716
2468 510 631
2469 3994 990
2470 294 1121
2471 3290 1525
2472 1546 2106
2473 2989 268
2474 3237 1525
2475 1409 1205
2476 3884 329
2477 1220 3937
2478 2413 973
2479 2325 630
2480 2741 1216
2481 3009 78
2482 3228 1398
2483 3560 1799
2484 492 1153
2485 3575 3380
2486 629 3068
2487 3277 650
2488 1323 3891
2489 1290 3048
2490 273 2849
2491 1945 2578
2492 1330 3971
2493 1148 1001
2494 2996 336
2495 3994 1039
2496 3878 3489
2497 2358 500
2498 881 4066
2499 3134 1362
2500 1523 3812
2501 1724 3460
2502 2925 1238
2503 290 3208
2504 3372 1851
2505 1703 3125
2506 2734 459
2507 1338 3996
2508 895 2196
2509 1712 1851
2510 3617 1429
2511 2291 2112
2512 3477 1175
2513 1925 3934
2514 3140 1030
2515 3213 3905
2516 4003 3046
2517 2817 390
2518 1679 3926
2519 1837 2807
2520 2340 3972
2521 690 2948
2522 3198 3932
2523 3257 2455
2524 3661 233
2525 3698 10
2526 3466 2947
2527 1145 4004
2528 745 753
2529 2787 3023
2530 3306 422
2531 4053 824
2532 1376 2458
2533 3 2505
2534 625 82
2535 281 2254
2536 2093 2858
2537 3942 1816
2538 3578 3592
2539 220 4054
2540 3378 202
2541 756 2263
2542 2646 452
2543 1517 3991
2544 66 1551
2545 2929 3871
2546 3679 3196
2547 2702 747
2548 156 2686
2549 3796 2772
2550 278 204
2551 1040 1282
2552 3296 470
2553 1740 219
2554 2808 2847
2555 2128 3734
2556 3152 1115
2557 3898 30
2558 2225 2926
2559 1252 271
2560 2623 3831
2561 1338 1207
2562 3674 3183
2563 1371 1144
2564 3991 1259
2565 1168 3333
2566 2357 3385
2567 2569 739
2568 3657 3744
2569 1776 3632
2570 591 2261
2571 3500 1401
2572 2943 3061
2573 693 2181
2574 289 3852
2575 3359 289
2576 2504 849
2577 2185 3121
2578 3619 3399
2579 3341 507
2580 1017 733
2581 636 3379
2582 1314 1687
2583 112 2395
2584 1872 195
2585 611 2214
2586 1973 3211
2587 4015 2310
2588 3744 3071
2589 111 2221
2590 26 1908
2591 3689 140
2592 3061 3107
2593 2415 2290
2594 816 3728
2595 554 2385
2596 997 744
2597 3491 2997
2598 845 448
2599 2350 811
2600 1811 3007
2601 3847 3476
2602 694 94
2603 240 222
2604 3495 3199
2605 3941 2731
2606 1546 864
2607 3113 1221
2608 454 1734
2609 68 659
2610 1708 1114
2611 2379 3263
2612 2317 1817
2613 3939 3365
2614 1517 1826
2615 2534 4026
2616 8 1658
2617 1772 3798
2618 3681 534
2619 2082 2379
2620 1171 2583
2621 2847 3438
2622 1833 1457
2623 3573 1663
2624 4053 1161
2625 2267 1168
2626 1624 1590
2627 2854 546
2628 356 1560
2629 1178 2518
2630 915 996
2631 3069 505
2632 2405 3211
2633 2130 410
2634 2606 795
2635 4066 585
2636 780 1247
2637 621 875
2638 3070 1291
2639 4040 712
2640 3910 2758
2641 920 3709
2642 902 24
2643 1129 934
2644 3850 2460
2645 3783 3717
2646 1729 2225
2647 3440 227
2648 3566 3344
2649 1394 3999
2650 2522 2477
2651 1788 4023
2652 3369 245
2653 2146 798
2654 221 3161
2655 277 2818
2656 3288 649
2657 1206 1037
2658 841 418
2659 1516 3870
2660 1926 97
2661 682 3038
2662 3520 2653
2663 4011 1920
2664 3277 2950
2665 1128 1608
2666 1121 3903
2667 4041 2490
2668 2746 1756
2669 1185 1777
2670 1631 2643
2671 1435 940
2672 2393 2401
2673 1075 3212
2674 3945 3788
2675 1025 1728
2676 1300 3203
2677 2496 1546
2678 2772 378
2679 2127 1192
2680 2169 3811
2681 3945 1869
2682 1390 458
2683 338 3211
2684 1984 715
2685 484 3473
2686 201 501
2687 1283 1611
2688 2566 62
2689 3663 884
2690 1364 3882
2691 1881 126
2692 1401 1141
2693 250 1489
2694 1167 2828
2695 296 2994
2696 2146 699
2697 1187 2091
2698 3139 755
2699 1520 2013
2700 1003 1314
2701 3983 2449
2702 2207 2454
2703 2744 4011
2704 1950 3258
2705 786 2157
2706 1572 3727
2707 3286 1656
2708 2739 567
2709 2475 1928
2710 1399 1980
2711 2004 927
2712 1774 1593
2713 1555 623
2714 3200 2235
2715 3190 4018
2716 906 499
2717 119 353
2718 2575 3196
2719 1731 207
2720 3859 2054
2721 1721 3856
2722 1929 3314
2723 1282 1651
2724 2725 1083
2725 2292 3056
2726 2988 3137
2727 3576 1881
2728 843 3231
2729 2530 851
2730 3407 3207
2731 1925 3192
2732 3639 432
2733 3156 4014
2734 1473 2324
2735 3216 3780
2736 329 3952
2737 332 3802
2738 663 3546
2739 1165 745
2740 3847 3272
2741 2004 1927
2742 2520 386
2743 2415 1495
2744 135 3381
2745 2687 3258
2746 2616 3222
2747 3508 2556
2748 4053 166
2749 3529 707
2750 4079 540
2751 972 652
2752 788 1027
2753 3899 855
2754 1296 2385
2755 1070 350
2756 1498 522
2757 966 724
2758 1587 1134
2759 888 562
2760 1320 840
2761 1459 1043
2762 692 2645
2763 2475 2105
2764 2170 3828
2765 1047 3386
2766 268 3782
2767 2067 2400
2768 3434 2939
2769 110 3053
2770 86 2793
2771 66 3137
2772 332 3703
2773 3481 2625
2774 2841 1386
2775 2536 942
2776 3162 3618
2777 3559 718
2778 2555 2993
2779 2613 2853
2780 3045 262
2781 703 1459
2782 1425 2445
2783 2373 1023
2784 3360 3726
2785 2380 3114
2786 2436 605
2787 2474 379
2788 1761 82
2789 2677 3671
2790 1863 2431
2791 3739 1279
2792 1272 301
2793 2384 1706
2794 1914 2650
2795 458 2839
2796 547 3834
2797 120 1689
2798 3542 295
2799 2775 1953
2800 834 2837
2801 398 3024
2802 2632 941
2803 1327 776
2804 145 2447
2805 1005 991
2806 3279 2426
2807 1807 1332
2808 430 862
2809 462 235
2810 1721 1054
2811 1847 974
2812 1801 1358
2813 2202 3748
2814 3620 2200
2815 1146 3412
2816 1153 510
2817 1495 1582
2818 4059 1695
2819 2899 1777
2820 3202 267
2821 1726 793
2822 557 488
2823 3255 1925
2824 2506 39
2825 1512 1856
2826 1847 2787
2827 1322 1374
2828 2698 1080
2829 2672 24
2830 3907 1667
2831 468 503
2832 2569 2199
2833 1546 2761
2834 3030 1722
2835 2220 1847
2836 3179 116
2837 1063 2196
2838 491 1021
2839 3495 712
2840 2082 1779
2841 1882 790
2842 3080 1166
2843 2580 994
2844 120 5
2845 2248 455
2846 3381 1440
2847 659 1760
2848 181 2117
2849 1655 3448
2850 910 1026
2851 3573 518
2852 1635 1654
2853 379 1269
2854 2663 1015
2855 2860 555
2856 2908 2786
2857 3204 533
2858 3274 2690
2859 2260 1895
2860 162 212
2861 2841 3604
2862 2224 1271
2863 2662 181
2864 2395 3690
2865 3880 1332
2866 76 568
2867 4036 2334
2868 1024 1340
2869 1939 3256
2870 3525 2843
2871 2853 1193
2872 1638 886
2873 4015 1482
2874 1248 2737
2875 2066 3019
2876 1872 815
2877 3223 897
2878 1487 1777
2879 263 2200
2880 2246 3094
2881 3100 3611
2882 4016 2318
2883 1758 732
2884 887 800
2885 1022 2126
2886 737 1515
2887 1861 3432
2888 100 2974
2889 3810 939
2890 968 1829
2891 587 332
2892 1004 1814
2893 3117 1163
2894 3422 682
2895 493 2996
2896 2030 1676
2897 3565 1875
2898 771 1116
2899 4 2340
2900 1658 2641
2901 1942 1164
2902 956 1367
2903 3291 821
2904 1062 710
2905 3079 1339
2906 3277 1350
2907 1575 3041
2908 2768 244
2909 3344 2001
2910 2876 709
2911 3276 2809
2912 992 1860
2913 2152 1174
2914 3982 991
2915 2965 2580
2916 813 2323
2917 1928 416
2918 3864 3558
2919 3585 339
2920 148 3144
2921 3506 2019
2922 1897 3833
2923 1675 919
2924 948 2353
2925 1633 2006
2926 85 1596
2927 1382 2946
2928 3454 2913
2929 974 3411
2930 3813 2887
2931 3684 1938
2932 810 422
2933 3349 1067
2934 1783 2216
2935 16 1661
2936 2151 3899
2937 3542 3456
2938 3785 597
2939 2549 1119
2940 2682 3049
2941 901 812
2942 196 3939
2943 822 1592
2944 2457 1045
2945 3094 3353
2946 3659 670
2947 269 1963
2948 1149 2685
2949 1392 1252
2950 557 558
2951 3248 1531
2952 723 1864
2953 2733 2884
2954 691 182
2955 2840 3629
2956 3826 2411
2957 878 3141
2958 1329 1403
2959 553 2137
2960 255 1768
2961 451 849
2962 3934 1433
2963 79 1085
2964 2366 3522
2965 426 5
2966 2760 2906
2967 479 1757
2968 2730 856
2969 1624 2817
2970 1597 8
2971 2217 1376
2972 1368 1547
2973 2341 2485
2974 2476 784
2975 455 666
2976 190 3351
2977 2295 977
2978 1878 959
2979 3222 2987
2980 1800 2511
2981 1776 1636
2982 3894 2314
2983 184 1025
2984 3752 1724
2985 1762 2575
2986 277 2591
2987 1275 425
2988 1320 2546
2989 3122 1556
2990 3830 1799
2991 1434 2652
2992 2498 1002
2993 2419 1485
2994 4067 318
2995 2795 2
2996 2057 211
2997 3679 3174
2998 569 977
2999 3976 3175
3000 505 2311
3001 1650 2566
3002 3695 3225
3003 1827 3870
3004 2695 398
3005 1911 4064
3006 2362 1036
3007 1427 2125
3008 227 3180
3009 4037 1260
3010 1538 1394
3011 906 1747
3012 2548 2304
3013 1376 2688
3014 2533 2239
3015 1880 847
3016 2863 1342
3017 889 58
3018 3512 2443
3019 2475 3550
3020 1401 3341
3021 2627 2440
3022 196 223
3023 3292 2506
3024 3865 3113
3025 3040 229
3026 2889 3179
3027 878 2686
3028 3768 3324
3029 3236 3428
3030 192 2126
3031 1599 4009
3032 1434 2758
3033 4072 1682
3034 630 1690
3035 2844 503
3036 2470 244
3037 1919 2477
3038 609 2145
3039 2970 4046
3040 352 3139
3041 552 3309
3042 1325 1533
3043 2874 2299
3044 3155 2736
3045 2459 1363
3046 1325 1903
3047 3531 3195
3048 4027 3256
3049 482 2651
3050 1005 3464
3051 3633 876
3052 3882 1311
3053 1665 2732
3054 3657 2412
3055 1374 3877
3056 2105 2539
3057 2690 192
3058 3381 1453
3059 3942 1130
3060 3229 1178
3061 1424 1826
3062 2450 3844
3063 872 2231
3064 3272 658
3065 899 3356
3066 3520 3089
3067 2473 3652
3068 471 1608
3069 655 2901
3070 2228 1682
3071 391 246
3072 2320 1719
3073 261 2018
3074 145 860
3075 2201 691
3076 3501 221
3077 3416 2870
3078 1100 2949
3079 305 1868
3080 871 1948
3081 838 1141
3082 3839 1032
3083 2062 605
3084 373 1128
3085 2674 3579
3086 2636 1715
3087 3078 596
3088 3169 1971
3089 1575 469
3090 177 2818
3091 933 3516
3092 284 2517
3093 592 3635
3094 4048 3599
3095 1116 4021
3096 3796 2822
3097 714 2572
3098 2917 2859
3099 2034 1032
3100 542 992
3101 476 2406
3102 3931 1186
3103 1101 1119
3104 3962 1622
3105 3574 537
3106 775 3121
3107 307 980
3108 3296 3564
3109 2471 121
3110 2669 2855
3111 3758 3201
3112 3503 5
3113 2228 2796
3114 2579 2916
3115 3139 2831
3116 3007 3303
3117 3934 1967
3118 2133 3916
3119 3653 3019
3120 715 4025
3121 163 80
3122 253 2755
3123 1515 1790
3124 2838 3887
3125 3162 1685
3126 1764 3021
3127 1578 3310
3128 760 3620
3129 3849 2330
3130 1713 600
3131 2919 929
3132 2558 3058
3133 3712 1985
3134 2502 2365
3135 358 531
3136 2990 1341
3137 2554 2038
3138 2071 3759
3139 2586 3351
3140 2422 998
3141 2010 2368
3142 2867 3265
3143 1024 1040
3144 1413 87
3145 954 2591
3146 126 451
3147 37 3535
3148 3345 284
3149 3698 3086
3150 2986 2365
3151 2411 984
3152 743 3118
3153 2752 2163
3154 2429 856
3155 2815 45
3156 2602 1715
3157 3305 1197
3158 485 3717
3159 1530 2282
3160 122 1588
3161 2384 1802
3162 2774 4021
3163 2311 3425
3164 2182 220
3165 547 2797
3166 2737 2573
3167 1532 601
3168 1326 3480
3169 1652 1391
3170 2770 2236
3171 2231 3680
3172 686 1375
3173 258 2476
3174 2407 1611
3175 3559 1625
3176 619 693
3177 1426 3559
3178 3404 1453
3179 2270 2714
3180 1201 811
3181 196 3874
3182 1872 2751
3183 2734 662
3184 906 1817
3185 1487 1649
3186 1364 687
3187 2129 2447
3188 3390 629
3189 3346 3276
3190 1077 3225
3191 317 2953
3192 3727 3463
3193 742 4080
3194 862 402
3195 1600 399
3196 3378 1178
3197 1445 1840
3198 1517 3519
3199 3876 3469
3200 773 2491
3201 1206 1770
3202 1679 2273
3203 545 2057
3204 1962 1109
3205 3690 1612
3206 2218 3623
3207 2541 2941
3208 2930 392
3209 3941 722
3210 3093 1300
3211 3013 486
3212 503 1375
3213 4048 1390
3214 3814 2608
3215 3887 70
3216 3160 2813
3217 856 1675
3218 4009 1841
3219 820 917
3220 1004 1291
3221 1593 728
3222 296 3057
3223 1348 3418
3224 1123 3642
3225 3367 14
3226 2838 1543
3227 2108 16
3228 1810 2486
3229 628 130
3230 3685 2700
3231 2674 3027
3232 3204 1027
3233 1482 2232
3234 1624 3427
3235 2990 2636
3236 1968 777
3237 2446 772
3238 3059 2693
3239 1294 3046
3240 2045 1724
3241 590 1300
3242 2028 3671
3243 3646 1036
3244 1066 2535
3245 1215 751
3246 1350 3537
3247 1119 1336
3248 1118 545
3249 1089 1261
3250 1028 3889
3251 176 3662
3252 3349 151
3253 420 2935
3254 3004 753
3255 3871 1650
3256 2433 681
3257 2365 877
3258 3510 3001
3259 1137 2478
3260 1395 575
3261 478 2894
3262 1936 1680
3263 1223 1417
3264 2289 1671
3265 2819 1763
3266 1509 1142
3267 2738 1413
3268 537 978
3269 2906 1124
3270 1721 462
3271 3315 4017
3272 3910 3307
3273 4035 219
3274 3062 4039
3275 1339 247
3276 2678 781
3277 2268 3105
3278 3546 3022
3279 1875 2478
3280 777 1696
3281 2585 3593
3282 3415 2286
3283 1609 2554
3284 2136 1861
3285 2129 2752
3286 1863 2055
3287 3116 3827
3288 1246 1296
3289 2134 1703
3290 1561 119
3291 4047 3633
3292 1934 178
3293 3302 3063
3294 1112 2047
3295 2986 707
3296 3993 2938
3297 1440 3559
3298 23 3156
3299 1066 2544
3300 1518 2288
3301 3439 3761
3302 3100 2638
3303 3699 3911
3304 2226 3639
3305 2279 610
3306 897 1896
3307 1611 2351
3308 1065 811
3309 1347 1300
3310 3037 2665
3311 1355 1487
3312 3928 705
3313 1483 3602
3314 1835 643
3315 2319 1807
3316 1227 2921
3317 963 1235
3318 1881 319
3319 2421 3930
3320 3498 4044
3321 3052 1496
3322 4019 676
3323 4004 3588
3324 3253 1767
3325 3300 1629
3326 2137 1372
3327 3127 3041
3328 1936 3416
3329 1773 2565
3330 63 824
3331 3462 1978
3332 701 1169
3333 2244 1478
3334 3940 2539
3335 1804 666
3336 2841 1243
3337 3892 1584
3338 2525 992
3339 1679 3280
3340 155 3159
3341 844 575
3342 660 4042
3343 3011 518
3344 212 164
3345 2271 286
3346 3191 2599
3347 3666 1426
3348 418 3894
3349 3361 3606
3350 3757 1288
3351 1155 4045
3352 2971 3274
3353 1291 3375
3354 1484 158
3355 2423 2423
3356 1016 1944
3357 2877 3890
3358 1722 1194
3359 972 2356
3360 2084 1573
3361 42 1832
3362 413 1882
3363 3121 3869
3364 1937 2336
3365 1683 3643
3366 958 1832
3367 1002 568
3368 3595 2796
3369 920 2086
3370 2649 772
3371 2875 3128
3372 3802 201
3373 3128 1957
3374 1319 619
3375 1995 1651
3376 3736 2789
3377 1186 944
3378 2237 3679
3379 2948 1533
3380 3668 1230
3381 3517 2791
3382 227 2407
3383 2703 2196
3384 1416 1681
3385 1272 2253
3386 890 2207
3387 600 199
3388 3278 1182
3389 274 2659
3390 645 3125
3391 3956 698
3392 2244 87
3393 628 538
3394 3971 1776
3395 1296 77
3396 918 2202
3397 52 3148
3398 3215 2110
3399 556 1556
3400 2206 2827
3401 1886 1226
3402 32 847
3403 2417 1918
3404 3618 797
3405 2362 2504
3406 1810 2154
3407 1664 2904
3408 4045 2945
3409 2570 483
3410 1836 3383
3411 1430 2134
3412 2495 3770
3413 3830 3912
3414 267 1190
3415 2200 471
3416 698 1888
3417 3351 1344
3418 1013 2261
3419 3946 1085
3420 1660 123
3421 1985 3184
3422 3895 574
3423 3272 234
3424 105 1517
3425 3892 1688
3426 1294 112
3427 3451 3033
3428 1640 1439
3429 3852 1038
3430 3337 901
3431 3933 1735
3432 600 3874
3433 3069 2088
3434 1646 757
3435 1734 3833
3436 3554 1318
3437 962 3245
3438 2948 2066
3439 1403 2268
3440 3023 3251
3441 2661 2015
3442 734 1232
3443 450 3305
3444 859 3872
3445 2487 3987
3446 656 3407
3447 3126 1028
3448 2711 2408
3449 3675 3742
3450 705 4011
3451 1534 1003
3452 30 3380
3453 2162 2369
3454 26 3331
3455 2216 3104
3456 1701 312
3457 1992 273
3458 3506 512
3459 2804 410
3460 3791 503
3461 3102 2570
3462 2110 3842
3463 2167 3181
3464 539 419
3465 673 3735
3466 2213 66
3467 2085 763
3468 3352 2346
3469 1225 1188
3470 1432 1979
3471 430 1946
3472 2534 2257
3473 1857 496
3474 1795 958
3475 1418 1054
3476 2694 2102
3477 1886 7
3478 2189 2387
3479 569 1819
3480 1093 1772
3481 2695 344
3482 2833 2798
3483 2960 81
3484 2280 3414
3485 3162 1422
3486 2113 716
3487 114 3153
3488 584 3264
3489 3374 3579
3490 1165 2536
3491 634 548
3492 3183 67
3493 164 560
3494 437 231
3495 2817 3904
3496 3950 3229
3497 3152 1117
3498 430 2405
3499 760 935
3500 2923 445
3501 1475 1549
3502 2166 3398
3503 2173 3922
3504 277 2583
3505 386 3177
3506 3911 2083
3507 1583 3591
3508 3680 3138
3509 311 1258
3510 1596 3802
3511 2148 913
3512 1781 2582
3513 599 2375
3514 2013 2408
3515 1292 2422
3516 57 747
3517 3226 1285
3518 2799 2568
3519 407 2520
3520 2838 638
3521 149 2364
3522 1211 1579
3523 2380 3487
3524 3644 634
3525 1562 218
3526 3241 4078
3527 1005 1891
3528 419 2694
3529 2717 1479
3530 3384 3247
3531 3206 328
3532 1959 240
3533 4058 1290
3534 1995 3952
3535 1857 2220
3536 2300 2780
3537 2738 923
3538 1666 16
3539 2210 2787
3540 3615 3404
3541 160 595
3542 3860 1175
3543 2949 398
3544 2598 3371
3545 1881 779
3546 1210 2322
3547 2037 4015
3548 1390 63
3549 716 3168
3550 2935 2200
3551 2323 3324
3552 2011 3266
3553 906 3914
3554 2522 1385
3555 1236 1064
3556 939 2828
3557 1431 2637
3558 3100 448
3559 201 3427
3560 4001 1403
3561 3731 3812
3562 1591 2132
3563 2525 3126
3564 372 2288
3565 3162 1485
3566 1635 1055
3567 2813 3012
3568 2214 1329
3569 962 936
3570 2086 2554
3571 595 2856
3572 2318 3586
3573 3760 3260
3574 1572 129
3575 2317 2434
3576 1251 2697
3577 2735 2740
3578 3266 2091
3579 2399 830
3580 1919 1933
3581 2054 4020
3582 3348 1270
3583 1124 3618
3584 51 1462
3585 1845 3174
3586 3812 1441
3587 2594 1546
3588 3080 3111
3589 2204 708
3590 896 3350
3591 3708 2312
3592 190 2015
3593 2446 3090
3594 2043 2666
3595 171 1171
3596 1994 3081
3597 1177 3284
3598 1974 421
3599 265 222
3600 1880 870
3601 3636 2262
3602 3942 1063
3603 2191 3803
3604 3676 61
3605 1190 2157
3606 3756 2222
3607 3660 834
3608 3699 3184
3609 3470 3197
3610 2871 1291
3611 3700 1127
3612 1494 2811
3613 1369 864
3614 749 1368
3615 178 1333
3616 2825 1970
3617 3280 3243
3618 3864 1304
3619 3739 907
3620 1599 2108
3621 2057 3703
3622 1526 2035
3623 2677 790
3624 3186 3028
3625 3274 2443
3626 3533 396
3627 1469 2689
3628 2547 3226
3629 425 3576
3630 3873 3698
3631 1732 72
3632 3136 4071
3633 2858 3924
3634 1940 3245
3635 155 1613
3636 3465 1645
3637 3004 2434
3638 3052 952
3639 2186 1895
3640 3605 3343
3641 375 1249
3642 2869 3564
3643 3242 829
3644 4032 3365
3645 1087 2918
3646 150 15
3647 2827 2749
3648 4051 3376
3649 1412 3203
3650 1534 556
3651 1882 3326
3652 467 322
3653 3376 472
3654 1780 2235
3655 554 890
3656 2527 2964
3657 2421 935
3658 734 3017
3659 3686 3709
3660 1871 3255
3661 3249 3557
3662 3985 145
3663 2388 528
3664 3754 1207
3665 3069 877
3666 3032 467
3667 3981 476
3668 1387 723
3669 3421 1033
3670 352 1968
3671 1257 3615
3672 2838 1659
3673 1890 4056
3674 2132 258
3675 2391 111
3676 1106 4045
3677 3566 3116
3678 2258 2842
3679 267 1805
3680 1513 12
3681 643 2065
3682 3691 2845
3683 2535 685
3684 3581 2419
3685 392 240
3686 2419 1382
3687 617 668
3688 91 321
3689 253 1697
3690 666 1841
3691 20 186
3692 3821 3776
3693 3885 165
3694 3218 3679
3695 1525 3723
3696 1531 3124
3697 456 419
3698 1877 478
3699 2785 420
3700 1447 1971
3701 676 3248
3702 471 2761
3703 119 4017
3704 3240 828
3705 120 2491
3706 3458 3196
3707 2397 3027
3708 770 1425
3709 3006 2497
3710 3904 3327
3711 4021 498
3712 1056 2735
3713 1361 2951
3714 1010 3568
3715 2862 1206
3716 2593 867
3717 3622 4078
3718 232 1166
3719 2271 2202
3720 1778 1946
3721 1110 3744
3722 2093 618
3723 9 370
3724 55 1232
3725 635 2681
3726 2364 3558
3727 2499 3628
3728 2369 147
3729 3549 1452
3730 1432 2824
3731 1923 1498
3732 3393 1817
3733 1257 1884
3734 258 847
3735 2280 1097
3736 2591 3426
3737 3696 3808
3738 1534 3773
3739 585 1477
3740 2779 191
3741 1713 2269
3742 1800 3060
3743 1098 1042
3744 559 1881
3745 3880 879
3746 407 2330
3747 148 862
3748 1306 285
3749 3158 856
3750 165 3110
3751 613 3550
3752 1287 2102
3753 1268 2027
3754 3760 2931
3755 847 170
3756 2706 368
3757 3952 4000
3758 2284 1479
3759 604 2279
3760 4066 3073
3761 357 3143
3762 397 3034
3763 2830 3833
3764 2956 945
3765 3448 2185
3766 485 1946
3767 2849 1059
3768 2734 3922
3769 536 2923
3770 3390 1541
3771 2389 3702
3772 2867 816
3773 2069 3377
3774 862 3604
3775 3068 1441
3776 1824 32
3777 260 3015
3778 738 2803
3779 3970 3832
3780 3736 1272
3781 1386 3916
3782 2954 675
3783 3227 2648
3784 474 3545
3785 1026 3788
3786 388 115
3787 3888 3841
3788 3287 1668
3789 4005 1084
3790 3769 3059
3791 3240 1829
3792 256 2322
3793 3547 399
3794 1730 556
3795 2681 3339
3796 4069 3911
3797 1371 1144
3798 1997 3575
3799 1146 1949
3800 1400 849
3801 3314 3001
3802 3715 119
3803 902 1649
3804 838 3991
3805 2387 2890
3806 1941 2506
3807 1079 3766
3808 2635 4029
3809 3135 235
3810 692 359
3811 3288 1951
3812 1417 266
3813 621 2081
3814 1324 3659
3815 1169 1742
3816 1172 684
3817 749 3979
3818 3039 4076
3819 2334 3201
3820 1660 1650
3821 3114 3286
3822 3589 1718
3823 1564 318
3824 1003 416
3825 1078 374
3826 90 3190
3827 2862 140
3828 2366 3173
3829 1539 3859
3830 1522 3176
3831 606 1739
3832 527 849
3833 45 3047
3834 1262 3195
3835 1653 3510
3836 607 2008
3837 909 1896
3838 1723 1376
3839 2612 1977
3840 705 4087
3841 572 3845
3842 3262 2808
3843 3638 3486
3844 2361 1957
3845 3296 464
3846 196 1291
3847 1928 2811
3848 1193 172
3849 687 1615
3850 2297 2060
3851 1582 2458
3852 1753 944
3853 3671 3476
3854 2584 3170
3855 3070 3894
3856 4033 4088
3857 1531 2258
3858 2428 2253
3859 646 2372
3860 1829 3336
3861 2163 3330
3862 3996 2358
3863 451 2567
3864 1889 2552
3865 3305 2135
3866 2989 2071
3867 1824 1137
3868 2025 3643
3869 4082 1507
3870 1108 1756
3871 2855 2236
3872 2045 2860
3873 1018 584
3874 3046 1481
3875 2209 372
3876 2332 2832
3877 3545 253
3878 330 3463
3879 697 3914
3880 2323 603
3881 1207 3964
3882 1093 1740
3883 3012 1610
3884 3380 10
3885 3955 2732
3886 1568 835
3887 2910 2418
3888 3099 3781
3889 1091 840
3890 3450 1454
3891 1363 2028
3892 2231 946
3893 1623 567
3894 2107 2796
3895 27 2502
3896 3239 283
3897 1158 3361
3898 3608 485
3899 2759 2819
3900 682 1381
3901 2063 2716
3902 922 1167
3903 1111 2595
3904 277 3027
3905 767 1852
3906 2942 49
3907 350 778
3908 1068 3442
3909 3754 2424
3910 2654 3543
3911 874 3131
3912 2376 451
3913 2605 1815
3914 2232 2775
3915 3842 728
3916 2146 3666
3917 2219 2105
3918 1329 380
3919 399 2085
3920 4057 1993
3921 110 3441
3922 1929 289
3923 2383 3249
3924 3367 658
3925 2174 836
3926 691 1911
3927 2696 3536
3928 2404 851
3929 2092 1710
3930 1945 2005
3931 1737 455
3932 616 3852
3933 1202 2592
3934 1917 1246
3935 747 1080
3936 1366 3055
3937 135 2521
3938 1735 2161
3939 3525 728
3940 2514 321
3941 2196 4076
3942 3887 3148
3943 1791 2468
3944 3182 2401
3945 1159 2435
3946 464 567
3947 1315 4043
3948 2098 55
3949 831 2768
3950 2779 3404
3951 3054 935
3952 614 1390
3953 2955 903
3954 749 2468
3955 906 1974
3956 1015 3058
3957 2147 1059
3958 618 1334
3959 3710 3787
3960 1226 2766
3961 2347 277
3962 797 2095
3963 100 2284
3964 1508 3543
3965 3975 2223
3966 927 3555
3967 1065 3877
3968 3022 1484
3969 3453 1626
3970 2369 3259
3971 766 261
3972 2412 2249
3973 1256 2142
3974 674 3825
3975 2709 6
3976 2509 835
3977 1208 798
3978 2734 2860
3979 876 3349
3980 2931 2125
3981 2184 1634
3982 2617 3352
3983 1913 1026
3984 2763 525
3985 1748 452
3986 2822 3399
3987 2334 2343
3988 3103 484
3989 3892 2365
3990 2731 2670
3991 2295 1206
3992 1527 473
3993 2281 2275
3994 3079 330
3995 3260 113
3996 3305 999
3997 421 2673
3998 2795 1504
3999 1391 833
4000 3127 920
4001 2952 2362
4002 3534 2855
4003 1676 3531
4004 474 1527
4005 3248 1804
4006 2147 3101
4007 2911 1983
4008 2188 2481
4009 3119 4076
4010 3742 1063
4011 3857 2831
4012 463 2254
4013 416 3917
4014 1657 1774
4015 453 447
4016 168 1967
4017 1002 1111
4018 2806 2650
4019 4013 344
4020 1272 1752
4021 1603 1674
4022 3760 3412
4023 1932 2042
4024 1108 612
4025 2177 2521
4026 3503 352
4027 291 2275
4028 1597 880
4029 1051 940
4030 263 795
4031 1028 2222
4032 3434 4041
4033 3010 3763
4034 4086 578
4035 3370 2446
4036 719 2844
4037 2378 92
4038 910 2618
4039 1753 2248
4040 33 1819
4041 3098 3153
4042 2254 2822
4043 3482 2558
4044 2570 1025
4045 2011 2537
4046 737 344
4047 1980 1255
4048 2823 226
4049 921 1972
4050 3609 3859
4051 3070 166
4052 3497 3334
4053 1720 165
4054 411 1026
4055 1797 203
4056 1790 1815
4057 2295 190
4058 848 1738
4059 739 625
4060 326 3732
4061 89 2179
4062 2218 3062
4063 3295 1935
4064 1728 1136
4065 3943 702
4066 2759 28
4067 3228 1113
4068 2906 2734
4069 1009 2141
4070 1862 3946
4071 2561 2948
4072 1966 1435
4073 1465 1160
4074 1151 3686
4075 988 2623
4076 981 3037
4077 1156 2612
4078 720 565
4079 1792 1490
4080 297 1962
4081 1881 1964
4082 3933 2457
4083 939 1837
4084 1418 1682
4085 2528 2985
4086 1781 1330
4087 1283 1940
4088 1325 2543
4089 3064 2415
4090 2047 3990
