3500 3500
1 302 1609
2 3253 1732
3 2074 2779
4 1093 2820
5 890 1472
6 845 2612
7 539 3174
8 1533 21
9 2253 3475
10 208 1388
11 1057 2059
12 501 667
13 2223 786
14 496 715
15 2910 2674
16 857 2960
17 2071 2907
18 2213 765
19 895 385
20 3462 2466
21 264 3254
22 1460 2471
23 1318 3409
24 1245 2607
25 144 2818
26 1628 2641
27 1334 1842
28 3134 1706
29 2332 542
30 2501 627
31 3286 3279
32 1014 1168
33 2801 2605
34 400 1328
35 2906 2368
36 3421 1987
37 1081 1918
38 753 2054
39 21 2050
40 853 427
41 1451 976
42 2893 3056
43 2304 1811
44 957 68
45 1331 1475
46 2660 2279
47 2170 679
48 2034 2953
49 2903 354
50 1017 2014
51 1093 64
52 2082 1472
53 1732 335
54 3069 378
55 791 3483
56 1128 319
57 541 163
58 3023 1998
59 2299 856
60 1325 37
61 1256 3135
62 2558 3076
63 2808 626
64 282 3271
65 540 2195
66 2401 1690
67 1974 1849
68 2848 168
69 2165 2695
70 1499 1502
71 3445 2094
72 367 2553
73 1304 709
74 2213 374
75 3287 2535
76 2423 3129
77 3163 2884
78 1455 697
79 2246 2376
80 2986 3238
81 2790 520
82 1839 2340
83 1396 1030
84 3148 2519
85 2972 1108
86 204 1798
87 1289 740
88 425 2092
89 1575 1067
90 2496 1905
91 1032 709
92 923 2717
93 484 11
94 1714 2938
95 3394 920
96 1861 899
97 2712 3341
98 1949 1153
99 2342 2225
100 2397 1629
101 2498 771
102 55 146
103 804 549
104 2611 1329
105 2370 344
106 383 2622
107 1935 3445
108 252 3404
109 3171 1156
110 1144 2603
111 730 987
112 1112 1726
113 2582 2790
114 3027 968
115 326 1980
116 72 1835
117 33 2464
118 261 2043
119 2266 616
120 329 547
121 1189 3430
122 1223 2333
123 1422 3078
124 399 687
125 1124 2811
126 1924 77
127 329 3041
128 538 1117
129 2124 3118
130 510 133
131 227 3384
132 2405 2828
133 2818 927
134 2473 2760
135 3248 1811
136 738 2994
137 2516 2171
138 1039 1426
139 790 2643
140 2375 24
141 459 1820
142 411 3020
143 1099 2318
144 660 634
145 3278 3198
146 2778 2041
147 1989 2725
148 2651 1532
149 577 2411
150 2216 381
151 492 432
152 2487 3114
153 2247 2465
154 2764 3102
155 2436 1218
156 2181 1269
157 2205 450
158 3064 2170
159 1780 2522
160 3022 336
161 3200 2255
162 2546 1430
163 2192 1562
164 3358 2300
165 1483 1093
166 958 267
167 771 2820
168 3015 1512
169 1030 1630
170 1934 336
171 2550 613
172 2876 238
173 676 54
174 20 313
175 2212 3092
176 3495 1371
177 1262 1130
178 2939 2551
179 444 1961
180 3331 375
181 654 1037
182 734 393
183 1458 1819
184 2055 183
185 462 534
186 28 684
187 3194 2840
188 2509 173
189 2602 1068
190 90 1776
191 3031 474
192 3135 2120
193 17 2290
194 2524 3229
195 2221 1416
196 1130 965
197 1464 2855
198 2829 2207
199 3256 2241
200 362 3124
201 1817 3239
202 2898 2747
203 2758 1185
204 456 2212
205 2925 2352
206 3423 2236
207 1509 3382
208 2095 2658
209 1999 2818
210 2974 606
211 1063 3000
212 1106 1439
213 927 3351
214 826 1042
215 3200 1133
216 681 453
217 1892 1119
218 74 936
219 1700 3435
220 2544 1223
221 75 1850
222 2111 2107
223 482 1965
224 1551 3186
225 2729 2685
226 2369 1329
227 3378 449
228 672 860
229 1117 645
230 2522 1737
231 696 1781
232 1047 1488
233 664 1172
234 721 439
235 1575 1345
236 1929 464
237 2659 393
238 885 2691
239 2618 3410
240 2130 1134
241 908 3180
242 2196 2430
243 139 1039
244 1460 2220
245 945 2744
246 352 2712
247 1675 7
248 1789 1009
249 1287 1816
250 3114 24
251 1539 2444
252 3292 125
253 1768 1398
254 1850 492
255 3418 2375
256 1325 96
257 3182 515
258 351 2182
259 1880 3013
260 2625 1940
261 3415 509
262 1625 2664
263 1705 1068
264 2991 918
265 2439 252
266 966 2540
267 2811 460
268 1533 3357
269 3444 1937
270 321 1164
271 2980 3250
272 3080 2824
273 2185 486
274 2604 2936
275 1774 2889
276 3383 2599
277 1370 1688
278 825 867
279 3185 2760
280 2260 2585
281 2474 2603
282 1904 1575
283 713 1393
284 3379 1973
285 1942 2934
286 2683 2373
287 2506 1701
288 898 3264
289 1032 2241
290 2860 1588
291 2058 881
292 2707 1473
293 3212 381
294 307 1644
295 81 846
296 461 3037
297 698 2615
298 422 831
299 896 2210
300 1315 944
301 2966 897
302 263 3327
303 490 3126
304 3307 562
305 3482 3351
306 2242 79
307 30 246
308 593 1034
309 1752 576
310 1372 356
311 188 828
312 3285 2267
313 1166 114
314 156 790
315 1844 688
316 2849 3438
317 2972 2526
318 1798 312
319 30 2625
320 1092 21
321 3085 1437
322 2435 2196
323 2360 939
324 292 1647
325 2518 576
326 1423 3449
327 1903 1708
328 1877 1658
329 2845 1317
330 188 3475
331 1874 232
332 1244 1587
333 2560 568
334 1628 394
335 1820 1840
336 61 374
337 1032 3043
338 1842 1503
339 278 1190
340 349 907
341 2754 1878
342 1273 1410
343 2488 2995
344 2709 790
345 2457 60
346 163 2258
347 400 1856
348 2556 380
349 2618 1160
350 1304 3253
351 2890 1645
352 2581 2048
353 1035 3297
354 1965 109
355 118 693
356 331 2267
357 652 294
358 373 271
359 968 2165
360 1508 3172
361 2133 1031
362 2479 2252
363 171 740
364 1135 1072
365 2446 2826
366 714 1539
367 99 886
368 1241 1131
369 1718 2447
370 1984 701
371 1043 3150
372 2099 678
373 2657 256
374 1888 3145
375 1271 697
376 2026 2239
377 793 37
378 868 1184
379 267 838
380 2546 2508
381 2293 3174
382 2192 1522
383 2871 2409
384 2688 2407
385 1689 1396
386 3220 1475
387 781 995
388 1233 752
389 3123 2084
390 1282 1651
391 1122 2809
392 772 2355
393 1501 544
394 2970 2791
395 3101 1836
396 955 2031
397 157 467
398 1939 513
399 1033 2567
400 2827 589
401 1772 1097
402 2133 1512
403 1964 2436
404 372 1493
405 3391 1681
406 1230 3258
407 611 487
408 46 2580
409 2537 2562
410 1064 2155
411 415 2660
412 2710 1877
413 719 1287
414 3070 1833
415 2407 447
416 2086 48
417 239 927
418 2090 1131
419 716 3151
420 3180 2638
421 2250 377
422 3048 744
423 627 3420
424 939 1135
425 3433 1028
426 1338 370
427 2554 2736
428 2755 2478
429 2912 136
430 335 2685
431 2216 107
432 3184 1121
433 3310 611
434 2868 3464
435 1565 283
436 346 1814
437 3238 3046
438 1925 2131
439 2195 800
440 1764 167
441 3402 462
442 657 1644
443 3463 729
444 2789 2463
445 578 3335
446 2394 245
447 1248 1641
448 1597 2035
449 2225 232
450 1614 1723
451 2835 3247
452 3314 1845
453 1309 1221
454 2493 91
455 134 3323
456 2160 20
457 2602 2539
458 257 3155
459 113 1538
460 768 583
461 1547 360
462 2548 1805
463 1392 1846
464 2094 482
465 1601 525
466 153 3397
467 2986 3196
468 1319 252
469 629 3321
470 3255 3498
471 3095 3420
472 256 1467
473 2446 1985
474 2245 2969
475 1379 69
476 441 3322
477 593 2038
478 1005 2202
479 1830 1522
480 931 314
481 1572 2273
482 2449 321
483 6 54
484 854 2946
485 1852 316
486 88 3346
487 2368 1029
488 3472 939
489 1795 1482
490 674 1657
491 703 2228
492 1812 2324
493 2978 3319
494 1380 47
495 1883 3241
496 155 1044
497 991 1185
498 2837 839
499 1251 3176
500 1471 1303
501 845 1632
502 3080 2670
503 1500 1052
504 2751 1333
505 1419 2495
506 2235 372
507 2820 124
508 176 1430
509 909 1733
510 1161 265
511 2935 1506
512 607 2915
513 623 1589
514 329 2108
515 3410 460
516 2173 2092
517 155 2746
518 3154 319
519 3211 1898
520 2793 2167
521 148 144
522 493 541
523 2102 1637
524 1086 2372
525 2810 1505
526 2514 2626
527 1435 863
528 1615 563
529 2483 3397
530 847 3131
531 3001 1000
532 2328 2311
533 2316 754
534 2910 2416
535 1481 1211
536 2324 1463
537 1916 2937
538 2919 672
539 1985 1151
540 1885 612
541 552 2139
542 204 2412
543 3197 322
544 333 3053
545 302 2409
546 1948 653
547 1146 701
548 757 355
549 307 2640
550 1357 1665
551 925 1906
552 125 864
553 2681 965
554 662 818
555 5 249
556 3174 2240
557 2225 2831
558 1946 1215
559 1139 668
560 372 1412
561 2458 1776
562 799 264
563 3259 131
564 2072 2041
565 3324 776
566 1875 582
567 1226 101
568 471 1479
569 614 1210
570 3242 2573
571 1494 57
572 3076 2307
573 1900 1860
574 90 3437
575 435 2885
576 3166 792
577 1382 539
578 3041 3370
579 894 666
580 2676 887
581 1779 617
582 3287 692
583 625 682
584 1655 75
585 567 2734
586 2586 2384
587 2688 3165
588 2008 3294
589 2561 92
590 3128 2296
591 1935 496
592 2908 77
593 649 1590
594 2157 3382
595 1665 1650
596 3498 68
597 2300 973
598 2754 1866
599 2271 774
600 768 3080
601 375 3026
602 3263 1432
603 2851 2170
604 142 1107
605 2713 1581
606 693 3052
607 1549 1227
608 545 812
609 1589 2441
610 2033 2561
611 2522 2626
612 453 3493
613 695 2574
614 3379 3289
615 1840 2469
616 1652 1423
617 2324 3121
618 2748 519
619 115 368
620 3441 2585
621 1502 1200
622 1093 2007
623 1719 572
624 586 1468
625 441 2224
626 2965 1210
627 244 1715
628 1286 3424
629 3257 2700
630 3407 919
631 3108 398
632 3443 2387
633 413 2481
634 658 2952
635 409 1862
636 2358 3221
637 1865 1173
638 1739 815
639 556 2496
640 294 946
641 2965 1690
642 2926 1177
643 3211 1701
644 2693 2091
645 2260 1825
646 3222 2763
647 2684 2127
648 267 2220
649 90 916
650 16 3387
651 2795 2690
652 2672 2745
653 382 2147
654 1220 135
655 1432 967
656 190 2073
657 1565 3212
658 1724 123
659 2134 1408
660 465 3418
661 2393 468
662 1847 1170
663 1774 2026
664 1573 3330
665 1055 824
666 1219 1221
667 1402 1926
668 2616 3240
669 1886 2587
670 2799 3440
671 2123 3189
672 3085 1105
673 2934 1247
674 2878 751
675 291 2396
676 2882 3488
677 2597 1072
678 2982 2770
679 151 400
680 35 1858
681 1421 3023
682 107 233
683 691 115
684 1749 522
685 387 1614
686 2345 3013
687 3433 2869
688 2316 2994
689 406 2672
690 2513 2845
691 1093 2924
692 482 2313
693 1490 398
694 701 770
695 3456 593
696 2385 3299
697 2782 417
698 391 3211
699 1452 537
700 656 1336
701 1651 3162
702 2634 3486
703 2802 1220
704 1475 2621
705 1302 418
706 160 733
707 1749 3329
708 90 1601
709 1178 1594
710 749 118
711 1892 2649
712 1111 3381
713 1951 264
714 923 488
715 2079 1243
716 3177 1085
717 620 360
718 2849 1195
719 698 1887
720 713 1025
721 2426 1104
722 28 788
723 2797 343
724 1597 2220
725 1211 1464
726 1481 3146
727 1726 1383
728 224 2725
729 188 3474
730 464 1743
731 3027 2719
732 2407 2601
733 188 383
734 2082 2897
735 1225 88
736 2171 3174
737 1531 2165
738 2429 425
739 2378 3274
740 2108 3235
741 3359 1627
742 1459 1963
743 132 1349
744 1260 2682
745 3202 813
746 1182 1664
747 1387 523
748 734 1181
749 3229 565
750 298 51
751 1320 475
752 3280 3001
753 3047 426
754 3118 2409
755 3232 1594
756 1026 2870
757 1105 1825
758 1083 2953
759 3041 601
760 1048 1228
761 451 3127
762 2617 288
763 3013 3148
764 2840 512
765 2105 820
766 869 2501
767 2213 2474
768 1229 597
769 892 63
770 955 1510
771 3163 851
772 1005 2311
773 2880 1184
774 1930 2578
775 2521 896
776 3172 2804
777 3345 921
778 3251 157
779 1160 2090
780 2658 1210
781 1587 2989
782 74 1600
783 505 3475
784 2497 2214
785 2964 1140
786 2978 82
787 3308 756
788 1261 640
789 1834 2685
790 3251 116
791 3204 29
792 471 1777
793 703 318
794 1175 2166
795 1648 3349
796 883 3355
797 2931 1960
798 3334 743
799 3129 1375
800 2821 1801
801 2845 573
802 2128 2021
803 169 562
804 2035 2132
805 330 2963
806 1368 1154
807 2554 2998
808 3346 2175
809 2632 796
810 1383 1748
811 593 1660
812 497 2688
813 377 277
814 1977 2942
815 615 1574
816 229 2001
817 1098 2629
818 1456 1301
819 1548 989
820 787 992
821 2948 3472
822 2346 3289
823 2635 337
824 952 1455
825 2386 3449
826 3047 1617
827 2515 1497
828 3276 2376
829 2809 3371
830 3470 3218
831 1793 440
832 772 1118
833 198 1733
834 719 2676
835 111 2297
836 2036 2351
837 1216 283
838 91 2464
839 3111 284
840 3202 36
841 1468 2726
842 1445 2832
843 2230 3066
844 2485 2516
845 1899 491
846 1189 366
847 1625 3113
848 3259 1385
849 1643 3161
850 1516 3210
851 1092 2409
852 2095 2537
853 1610 623
854 2415 3167
855 942 2345
856 335 998
857 98 2963
858 1294 3230
859 1386 2616
860 680 1399
861 2999 2542
862 3383 2334
863 2873 2200
864 521 3229
865 876 2041
866 885 1509
867 2554 59
868 2763 538
869 1358 1573
870 3038 930
871 1188 496
872 1776 3082
873 407 3116
874 3420 2189
875 2731 1059
876 172 2209
877 641 2010
878 1976 507
879 1128 1314
880 1683 2738
881 2253 2121
882 238 263
883 2697 1177
884 1133 2771
885 869 565
886 1319 2366
887 777 987
888 3313 3222
889 2281 2492
890 591 939
891 1846 114
892 3333 594
893 1109 2539
894 1531 2420
895 2618 2035
896 1624 1196
897 3418 3036
898 896 203
899 1480 2968
900 2321 1115
901 1497 150
902 26 362
903 934 3265
904 2721 1321
905 819 2021
906 2679 3216
907 2409 1703
908 525 899
909 1136 3359
910 1753 617
911 2598 1983
912 3249 316
913 427 1275
914 2819 106
915 269 1872
916 698 307
917 119 1002
918 1836 1118
919 481 1549
920 1033 3132
921 2570 2017
922 999 602
923 3166 284
924 1897 591
925 936 852
926 21 955
927 2194 246
928 1253 969
929 784 1947
930 142 2827
931 3455 2796
932 3428 2617
933 1256 3179
934 761 1879
935 1576 3296
936 304 2413
937 3260 613
938 471 1191
939 2691 3250
940 3360 102
941 1371 3219
942 1588 332
943 129 3112
944 1857 3492
945 513 9
946 1874 3230
947 1566 1922
948 1201 3139
949 178 94
950 560 3004
951 1741 1198
952 2651 1311
953 1138 2633
954 192 923
955 1930 33
956 880 293
957 87 548
958 3345 3231
959 2923 1444
960 1501 2611
961 3283 1580
962 1662 1527
963 1194 1664
964 3226 2465
965 2339 1743
966 2062 1325
967 262 219
968 2945 2402
969 3364 2448
970 1398 3012
971 2621 2532
972 1645 219
973 146 1083
974 2093 405
975 697 1271
976 488 3021
977 12 91
978 1331 743
979 495 175
980 3206 1613
981 441 314
982 270 2523
983 361 754
984 2815 727
985 3083 820
986 1732 2988
987 1874 2153
988 172 328
989 1090 384
990 576 692
991 2169 1161
992 3039 303
993 69 1397
994 1345 2909
995 1262 1843
996 1899 1729
997 870 774
998 1865 3321
999 988 1776
1000 1412 1949
1001 2653 2663
1002 3211 2691
1003 128 34
1004 3465 2765
1005 1181 2630
1006 2105 471
1007 1892 1150
1008 1005 1275
1009 2307 903
1010 807 138
1011 2581 3292
1012 2357 2456
1013 1724 785
1014 1362 1023
1015 1530 2154
1016 1449 1964
1017 1884 210
1018 2026 3271
1019 3386 52
1020 2051 869
1021 590 2159
1022 3205 2434
1023 3482 3045
1024 3191 2376
1025 488 705
1026 961 2620
1027 1141 685
1028 1353 1331
1029 1089 2821
1030 2722 2442
1031 903 2830
1032 626 2829
1033 1530 1313
1034 1278 1390
1035 1254 855
1036 1483 3372
1037 3276 2889
1038 3 2550
1039 192 1856
1040 3192 1742
1041 130 715
1042 729 789
1043 463 3120
1044 2718 2049
1045 1192 3015
1046 2813 968
1047 87 180
1048 2434 2259
1049 101 1748
1050 2402 1591
1051 1935 23
1052 372 2239
1053 2077 3361
1054 2840 2134
1055 2300 1361
1056 2629 1742
1057 696 233
1058 1168 3461
1059 397 463
1060 810 2038
1061 2317 83
1062 2874 1076
1063 1466 622
1064 3122 934
1065 2783 838
1066 2583 1391
1067 1697 712
1068 2819 1324
1069 1884 234
1070 355 2778
1071 188 2345
1072 646 2330
1073 365 2410
1074 713 958
1075 629 2819
1076 2470 119
1077 624 1360
1078 2785 2743
1079 3452 270
1080 3461 2195
1081 2982 2065
1082 537 1421
1083 140 2473
1084 3448 2682
1085 3465 58
1086 1437 619
1087 602 1024
1088 910 1965
1089 1767 2787
1090 2469 2650
1091 977 3295
1092 604 306
1093 1793 840
1094 104 3031
1095 1093 513
1096 784 577
1097 3317 27
1098 2495 2589
1099 2732 1203
1100 1406 2754
1101 572 2731
1102 2810 640
1103 3124 2689
1104 1113 3028
1105 2745 756
1106 1187 985
1107 3023 1237
1108 3140 2278
1109 1952 2097
1110 1525 543
1111 2965 708
1112 143 2508
1113 356 1141
1114 3490 1615
1115 1738 3194
1116 1633 3486
1117 3477 1506
1118 2373 1101
1119 3361 3298
1120 1241 3261
1121 1127 829
1122 3289 453
1123 1482 955
1124 2494 1672
1125 2641 3328
1126 616 1463
1127 2512 3248
1128 3149 1149
1129 1151 1014
1130 997 264
1131 2288 2814
1132 1826 2177
1133 829 3023
1134 2399 539
1135 556 1845
1136 1995 1439
1137 153 2138
1138 3035 2628
1139 133 2803
1140 2908 2522
1141 2188 3081
1142 390 1752
1143 1278 1196
1144 670 282
1145 1934 1340
1146 669 3111
1147 1079 2594
1148 705 1627
1149 26 274
1150 603 1873
1151 2055 63
1152 1910 2195
1153 2083 666
1154 630 3321
1155 358 2563
1156 1081 55
1157 834 560
1158 1230 181
1159 2872 186
1160 1135 926
1161 189 2893
1162 2993 44
1163 675 2376
1164 2781 3493
1165 185 1871
1166 37 995
1167 1997 2420
1168 2772 88
1169 2821 54
1170 1918 497
1171 2100 327
1172 1071 427
1173 2301 1052
1174 3429 567
1175 232 1288
1176 1924 1986
1177 2312 1375
1178 2634 3496
1179 937 3466
1180 555 930
1181 1370 1813
1182 1735 2645
1183 2622 851
1184 2625 910
1185 2059 3027
1186 882 1323
1187 1939 3389
1188 355 2259
1189 1726 2234
1190 1151 1572
1191 2668 2572
1192 3012 568
1193 683 800
1194 2432 1978
1195 2823 1641
1196 586 1219
1197 1094 1453
1198 2527 376
1199 270 2102
1200 1806 2613
1201 133 3426
1202 951 2083
1203 1715 775
1204 1540 3026
1205 1534 2134
1206 1503 870
1207 2782 383
1208 1596 2471
1209 2934 108
1210 1330 510
1211 127 1449
1212 2191 602
1213 2887 2495
1214 1993 747
1215 1613 2311
1216 2943 3274
1217 2131 218
1218 1352 605
1219 1172 787
1220 1918 2204
1221 1291 1668
1222 698 2445
1223 1280 3032
1224 1931 887
1225 2073 3057
1226 2948 1193
1227 3008 3174
1228 2210 1485
1229 2659 2531
1230 282 2935
1231 119 963
1232 2383 736
1233 90 986
1234 562 1030
1235 850 2691
1236 1379 2894
1237 1819 836
1238 3123 359
1239 3464 2801
1240 1030 1205
1241 1897 1021
1242 2547 3206
1243 1421 603
1244 2006 967
1245 2337 773
1246 3486 1623
1247 3392 3474
1248 35 2199
1249 3224 933
1250 161 3005
1251 157 2760
1252 2761 3195
1253 1385 294
1254 39 2954
1255 2704 3276
1256 429 2240
1257 2380 1302
1258 1027 1237
1259 424 1725
1260 1736 77
1261 1296 2516
1262 1068 1307
1263 1369 496
1264 1598 1596
1265 2270 384
1266 1636 2295
1267 2798 1269
1268 1000 2295
1269 472 3281
1270 417 1649
1271 1735 3478
1272 455 2272
1273 3180 746
1274 463 1055
1275 2672 68
1276 2275 1234
1277 1130 981
1278 2437 1331
1279 2280 1953
1280 2993 1250
1281 1645 15
1282 347 1938
1283 843 1232
1284 985 1383
1285 2746 1926
1286 2030 3409
1287 589 2931
1288 3424 3206
1289 739 2590
1290 2536 739
1291 2385 1128
1292 96 1858
1293 1842 1204
1294 68 2280
1295 494 3004
1296 199 2949
1297 980 3390
1298 1099 788
1299 2429 2359
1300 1932 806
1301 390 2709
1302 630 1473
1303 398 699
1304 1214 2909
1305 1379 225
1306 2138 3413
1307 615 405
1308 2890 2994
1309 1492 2841
1310 3186 1817
1311 1676 1546
1312 1989 2874
1313 3086 2657
1314 1300 1473
1315 561 403
1316 580 2608
1317 232 998
1318 3340 2697
1319 1162 510
1320 1686 3177
1321 2171 2361
1322 2996 3245
1323 782 3135
1324 1874 381
1325 1016 2704
1326 582 2954
1327 3356 1711
1328 2587 2400
1329 2797 2387
1330 801 1467
1331 1769 2120
1332 1389 1957
1333 3352 1745
1334 1925 2445
1335 2409 3399
1336 2267 1467
1337 170 3092
1338 1746 1984
1339 1370 2021
1340 91 687
1341 1334 189
1342 3225 1676
1343 364 2403
1344 80 2367
1345 2588 201
1346 1291 2024
1347 1259 2698
1348 1881 1754
1349 2546 57
1350 2056 2394
1351 1571 103
1352 2367 430
1353 1346 1635
1354 969 1653
1355 695 3308
1356 38 508
1357 3350 1079
1358 991 1850
1359 1662 1458
1360 1240 240
1361 1722 1375
1362 2438 208
1363 1726 365
1364 3133 558
1365 2058 627
1366 1046 31
1367 1340 630
1368 1458 1878
1369 2418 1058
1370 2849 89
1371 1673 2940
1372 2039 1637
1373 1916 1011
1374 3395 2852
1375 3012 1019
1376 1437 3446
1377 109 2305
1378 977 2893
1379 269 852
1380 912 2126
1381 80 1803
1382 3114 1389
1383 1044 2456
1384 1001 1356
1385 1054 1585
1386 245 474
1387 2284 2133
1388 1405 1525
1389 2064 741
1390 1093 3371
1391 1273 3431
1392 2792 1073
1393 1140 1007
1394 3088 2269
1395 3054 1824
1396 1844 140
1397 520 3249
1398 621 1310
1399 1111 61
1400 2515 1530
1401 1602 1256
1402 890 2466
1403 2876 71
1404 2741 1553
1405 846 1377
1406 3418 137
1407 137 2310
1408 2420 1405
1409 3423 2848
1410 860 1299
1411 2076 485
1412 1509 179
1413 271 1785
1414 2067 2221
1415 1498 2428
1416 1242 1034
1417 2662 2266
1418 1924 3105
1419 1094 1209
1420 1174 2563
1421 1995 1182
1422 3074 1
1423 896 3240
1424 991 1387
1425 782 3049
1426 1253 2260
1427 3163 275
1428 316 280
1429 671 2850
1430 895 2051
1431 2295 2511
1432 2015 2124
1433 282 2396
1434 394 1938
1435 1716 972
1436 2089 2025
1437 3189 1006
1438 3173 1512
1439 3405 541
1440 1165 926
1441 3258 987
1442 2866 1007
1443 1475 1638
1444 661 2413
1445 1777 2702
1446 653 582
1447 2160 764
1448 3393 3323
1449 1958 82
1450 2488 2593
1451 3320 1020
1452 2661 1639
1453 825 1083
1454 697 1876
1455 2890 804
1456 1199 2591
1457 1801 3387
1458 1976 672
1459 1540 449
1460 231 3241
1461 2058 787
1462 30 2333
1463 847 380
1464 185 2011
1465 2438 3344
1466 2535 1974
1467 2080 1285
1468 2359 995
1469 1784 2002
1470 3345 3036
1471 2371 2859
1472 1033 3340
1473 2616 2064
1474 498 1467
1475 2950 393
1476 3471 3052
1477 1536 102
1478 158 3476
1479 2410 2822
1480 1570 2032
1481 615 2090
1482 807 1066
1483 3238 3167
1484 103 2651
1485 2124 2471
1486 3147 517
1487 2466 3500
1488 666 3403
1489 1391 2521
1490 2489 381
1491 361 890
1492 3116 1599
1493 1845 2066
1494 504 155
1495 1803 2756
1496 3138 659
1497 1399 1847
1498 2911 2395
1499 1668 1569
1500 908 55
1501 2659 2817
1502 311 1885
1503 2664 28
1504 158 596
1505 2727 2041
1506 1413 1981
1507 1297 292
1508 3427 1597
1509 1404 185
1510 2017 3095
1511 512 116
1512 3077 1323
1513 2383 2460
1514 1632 804
1515 44 3365
1516 2546 117
1517 2612 1490
1518 1955 2558
1519 3249 2014
1520 291 465
1521 706 1101
1522 3373 1880
1523 382 2527
1524 1419 2386
1525 1812 2313
1526 481 1332
1527 2388 3307
1528 1564 3420
1529 1144 1233
1530 161 3174
1531 2137 3197
1532 2546 643
1533 1190 2056
1534 796 1424
1535 837 464
1536 635 720
1537 2130 1493
1538 381 732
1539 2269 1222
1540 2133 1502
1541 3387 731
1542 2087 1980
1543 2847 237
1544 1067 2971
1545 1936 3482
1546 2563 2971
1547 3283 3214
1548 2960 168
1549 1087 168
1550 269 486
1551 1413 3420
1552 3054 2033
1553 745 897
1554 590 3275
1555 1244 707
1556 169 1678
1557 392 3035
1558 2435 1629
1559 637 318
1560 309 1495
1561 2001 1483
1562 1345 3166
1563 1186 995
1564 1132 2121
1565 3406 1670
1566 2139 1060
1567 291 664
1568 901 1698
1569 3017 845
1570 292 521
1571 661 1652
1572 78 1305
1573 1075 2209
1574 534 2518
1575 1642 430
1576 307 636
1577 3026 2827
1578 2620 312
1579 382 1930
1580 2428 2089
1581 3 686
1582 1389 3470
1583 1853 2209
1584 1587 3477
1585 2357 24
1586 1722 2828
1587 1470 1126
1588 3276 472
1589 632 2089
1590 1032 2396
1591 774 1456
1592 3100 235
1593 3182 496
1594 1908 2040
1595 2703 1105
1596 207 1160
1597 1182 263
1598 1833 2889
1599 1077 2042
1600 513 1058
1601 428 1939
1602 685 798
1603 957 2737
1604 133 1926
1605 2207 166
1606 2448 2785
1607 1045 2553
1608 3485 1827
1609 323 552
1610 2904 2258
1611 885 2381
1612 1883 1510
1613 1963 2535
1614 2731 496
1615 2009 686
1616 139 2555
1617 808 1518
1618 1465 879
1619 1968 1060
1620 806 879
1621 1928 982
1622 2247 1328
1623 835 1809
1624 781 376
1625 2784 2716
1626 1909 1186
1627 3424 2818
1628 628 1584
1629 546 3288
1630 716 587
1631 1828 2364
1632 1412 1246
1633 1324 737
1634 949 3097
1635 1453 713
1636 1518 935
1637 371 1767
1638 2264 2938
1639 2820 1620
1640 101 2738
1641 2349 2291
1642 3398 2821
1643 1452 2516
1644 2408 3449
1645 3383 895
1646 2828 2966
1647 2009 2574
1648 573 370
1649 1716 3496
1650 2933 454
1651 2227 1742
1652 1439 2627
1653 328 2337
1654 2976 2309
1655 276 2046
1656 2813 2502
1657 18 7
1658 1256 274
1659 1202 3043
1660 1172 1638
1661 2607 2348
1662 2014 3250
1663 362 1778
1664 1885 2328
1665 2976 46
1666 622 2101
1667 902 236
1668 2337 218
1669 3308 2862
1670 2535 748
1671 312 454
1672 2076 379
1673 2507 2370
1674 2970 3165
1675 164 1702
1676 2702 1305
1677 832 26
1678 363 3366
1679 2794 945
1680 1405 715
1681 1312 1993
1682 824 3163
1683 922 2983
1684 3201 2097
1685 1265 2897
1686 1232 2071
1687 1902 450
1688 1307 2582
1689 1248 2850
1690 2241 1659
1691 3271 1070
1692 2998 2609
1693 2891 663
1694 834 1055
1695 1045 278
1696 2909 1019
1697 1844 2827
1698 1326 1879
1699 3331 1042
1700 3079 846
1701 2372 2349
1702 231 2407
1703 1320 104
1704 1445 178
1705 85 1961
1706 640 3035
1707 1948 423
1708 352 95
1709 2797 841
1710 3100 2600
1711 3223 1755
1712 1000 3424
1713 2980 3393
1714 485 2497
1715 1041 2211
1716 3006 1247
1717 3018 515
1718 3142 695
1719 1668 2456
1720 955 1199
1721 1882 3107
1722 2845 1813
1723 1753 809
1724 2347 2741
1725 276 1301
1726 401 1829
1727 1696 550
1728 2770 579
1729 1237 2654
1730 1332 2845
1731 492 788
1732 1847 1508
1733 1805 1811
1734 2674 919
1735 2688 2124
1736 592 2641
1737 1220 2082
1738 1973 1362
1739 3312 2512
1740 2323 2450
1741 3310 3135
1742 1456 1418
1743 2004 612
1744 105 523
1745 2953 1196
1746 2344 64
1747 1260 506
1748 2685 1227
1749 519 2737
1750 3218 1912
1751 2378 1887
1752 869 357
1753 321 760
1754 2822 557
1755 384 1551
1756 377 3322
1757 789 3018
1758 2821 1784
1759 3483 357
1760 2142 2492
1761 2077 1221
1762 333 3337
1763 2449 1441
1764 397 2970
1765 927 2680
1766 3031 245
1767 1412 2796
1768 3321 1430
1769 431 407
1770 256 1390
1771 1221 184
1772 165 2885
1773 2591 1784
1774 2229 1690
1775 2766 2205
1776 1852 2651
1777 1114 3054
1778 2518 1125
1779 1067 65
1780 1382 2728
1781 1280 1382
1782 2820 1338
1783 3489 1640
1784 10 2872
1785 240 1673
1786 1118 1362
1787 514 205
1788 1598 2596
1789 3307 615
1790 3052 2713
1791 2655 811
1792 884 2055
1793 1942 371
1794 3295 1235
1795 1919 657
1796 2565 422
1797 3012 505
1798 659 387
1799 2909 2711
1800 1517 856
1801 1622 1759
1802 1357 2052
1803 1717 1075
1804 845 1803
1805 1977 84
1806 2837 971
1807 715 3105
1808 2221 260
1809 695 2468
1810 2701 287
1811 2639 698
1812 1894 2131
1813 1502 494
1814 2496 1437
1815 804 1269
1816 3220 2481
1817 3235 1056
1818 1293 1816
1819 149 1793
1820 2401 1852
1821 2089 2079
1822 969 2094
1823 1647 3481
1824 633 1715
1825 488 529
1826 1644 3141
1827 1964 1673
1828 1840 2899
1829 382 217
1830 1456 540
1831 2906 2614
1832 2483 2543
1833 1849 1274
1834 2725 3090
1835 1462 1865
1836 1947 1985
1837 1382 1180
1838 544 2094
1839 445 1304
1840 3380 3027
1841 1580 89
1842 3475 1542
1843 1963 3336
1844 2400 431
1845 2964 161
1846 2339 1326
1847 3011 477
1848 229 3267
1849 1519 2543
1850 2289 623
1851 1908 993
1852 2526 2833
1853 778 1246
1854 2028 1721
1855 1475 2478
1856 3479 1536
1857 1021 1305
1858 1919 2473
1859 2303 2143
1860 1093 3357
1861 776 3400
1862 2548 1973
1863 783 2131
1864 2871 304
1865 2480 276
1866 2262 2170
1867 2035 1922
1868 2171 29
1869 3413 98
1870 1032 1345
1871 1931 374
1872 42 439
1873 1270 3417
1874 2072 766
1875 1215 3324
1876 2196 1972
1877 2830 1892
1878 1628 1236
1879 182 1048
1880 1613 2466
1881 1454 1345
1882 1632 2372
1883 1259 596
1884 902 1095
1885 2869 1337
1886 1338 2574
1887 1075 334
1888 864 1430
1889 3 1857
1890 2241 2029
1891 265 3073
1892 3044 1297
1893 2550 986
1894 2835 2611
1895 1804 740
1896 2682 529
1897 572 2170
1898 3454 2840
1899 2329 1731
1900 66 1254
1901 983 1253
1902 603 594
1903 2766 1504
1904 2338 1868
1905 612 2605
1906 2570 1951
1907 3384 323
1908 1694 750
1909 2880 2578
1910 2991 1247
1911 1005 1419
1912 598 662
1913 3218 3327
1914 497 34
1915 823 1011
1916 768 615
1917 2771 3186
1918 2122 1675
1919 196 697
1920 1575 498
1921 2973 1796
1922 880 3496
1923 2567 1814
1924 2297 1442
1925 2944 1255
1926 2635 1495
1927 582 300
1928 2370 228
1929 992 2243
1930 1669 2458
1931 2654 1623
1932 1635 2256
1933 197 3170
1934 1136 3128
1935 2925 2533
1936 516 302
1937 1874 1652
1938 1899 974
1939 2376 182
1940 1458 2377
1941 2815 1191
1942 941 2860
1943 2553 3372
1944 2030 3056
1945 442 1467
1946 1480 429
1947 835 260
1948 3284 448
1949 478 783
1950 756 1274
1951 2541 2600
1952 1821 3419
1953 1623 1547
1954 3262 439
1955 1774 639
1956 609 1060
1957 2547 1176
1958 190 48
1959 2380 2823
1960 669 365
1961 796 1667
1962 389 1074
1963 940 2082
1964 658 87
1965 8 1994
1966 199 2548
1967 3500 185
1968 1209 2882
1969 172 1210
1970 942 558
1971 217 328
1972 1901 850
1973 914 355
1974 337 2653
1975 3013 3113
1976 2636 35
1977 303 1631
1978 3222 1297
1979 2647 2253
1980 2458 3302
1981 3133 2928
1982 160 3162
1983 858 153
1984 1156 1989
1985 1493 720
1986 1622 2508
1987 1101 2935
1988 1815 1071
1989 2098 2028
1990 2515 3042
1991 3078 3170
1992 266 178
1993 2621 499
1994 716 2083
1995 3230 1209
1996 1872 880
1997 2715 1022
1998 940 872
1999 2235 2800
2000 1663 362
2001 2239 1779
2002 127 79
2003 47 574
2004 2318 2744
2005 73 1579
2006 459 2128
2007 2957 2426
2008 1224 2531
2009 895 2530
2010 2282 2459
2011 2031 549
2012 415 269
2013 2764 107
2014 2747 2283
2015 1083 658
2016 254 2157
2017 2544 1973
2018 2653 2305
2019 113 1438
2020 671 1280
2021 3453 779
2022 850 1402
2023 3172 3048
2024 2430 329
2025 2254 2141
2026 2937 2997
2027 1721 1719
2028 1591 1382
2029 271 3397
2030 3160 2506
2031 2454 1067
2032 244 3384
2033 957 511
2034 1303 1298
2035 388 882
2036 889 3323
2037 1108 486
2038 1703 2632
2039 2806 1977
2040 559 3164
2041 468 2064
2042 1104 2617
2043 2572 2557
2044 2930 1058
2045 2711 1426
2046 2204 733
2047 733 763
2048 1206 485
2049 3315 1417
2050 2089 1213
2051 3292 804
2052 1013 374
2053 353 2210
2054 3479 1167
2055 2043 1121
2056 311 361
2057 2331 3151
2058 3384 2748
2059 1187 1712
2060 749 3261
2061 1010 648
2062 774 3433
2063 634 2057
2064 236 2400
2065 829 139
2066 432 1054
2067 3114 3298
2068 1375 3432
2069 1184 816
2070 1778 898
2071 899 356
2072 2948 1403
2073 313 3410
2074 3248 629
2075 1004 2800
2076 2895 1223
2077 1039 1836
2078 639 1421
2079 974 1730
2080 1185 691
2081 1230 2977
2082 1856 2333
2083 972 3001
2084 1098 389
2085 2617 3288
2086 2607 261
2087 1454 1329
2088 1215 934
2089 2140 1200
2090 3309 1081
2091 3058 1672
2092 2966 1033
2093 386 2917
2094 1546 1058
2095 1366 262
2096 965 84
2097 2700 350
2098 328 2375
2099 1016 785
2100 991 1833
2101 3348 2961
2102 114 504
2103 1156 2694
2104 2887 1331
2105 3447 967
2106 355 2199
2107 1217 1685
2108 2586 1242
2109 1087 2173
2110 2544 710
2111 2824 2441
2112 3245 2534
2113 2134 1495
2114 2457 1315
2115 832 3454
2116 1261 13
2117 1753 1793
2118 3321 3456
2119 3017 1069
2120 526 1593
2121 2086 2077
2122 1581 1391
2123 646 3200
2124 904 3063
2125 698 3002
2126 661 1863
2127 2394 2755
2128 949 3426
2129 1839 2608
2130 2991 2101
2131 734 2387
2132 2533 1604
2133 3496 1126
2134 2689 720
2135 649 579
2136 452 2416
2137 660 447
2138 2020 145
2139 911 3275
2140 628 171
2141 3151 3425
2142 1760 2776
2143 1719 1927
2144 1060 499
2145 913 3433
2146 1049 2225
2147 205 1898
2148 1990 15
2149 3117 425
2150 57 2945
2151 1496 1084
2152 3010 460
2153 187 2184
2154 1683 226
2155 2377 742
2156 417 2902
2157 2166 546
2158 149 1022
2159 42 222
2160 3319 3029
2161 363 1834
2162 2963 1992
2163 792 1069
2164 377 1509
2165 1176 470
2166 2899 357
2167 2335 1680
2168 1604 778
2169 2934 714
2170 1151 477
2171 1740 3207
2172 1527 3252
2173 2607 1661
2174 1510 1448
2175 3441 1604
2176 1489 381
2177 3413 3330
2178 2902 3250
2179 1341 453
2180 425 2582
2181 2681 1733
2182 2367 2230
2183 3272 1966
2184 857 1849
2185 349 2847
2186 2483 983
2187 2529 1936
2188 204 1914
2189 1359 2346
2190 928 250
2191 2555 2273
2192 3091 1417
2193 1503 2027
2194 978 157
2195 3063 2374
2196 1123 2390
2197 1821 1233
2198 2254 916
2199 2016 779
2200 1953 350
2201 1364 1749
2202 1308 478
2203 1406 775
2204 2946 1275
2205 716 100
2206 2634 901
2207 892 1469
2208 2669 1128
2209 57 1915
2210 1674 2419
2211 1270 1392
2212 251 518
2213 2302 1415
2214 224 1774
2215 1840 959
2216 2334 384
2217 1860 470
2218 1733 2440
2219 1565 1230
2220 81 2883
2221 2960 3276
2222 1530 451
2223 2756 863
2224 3094 963
2225 1644 339
2226 1115 587
2227 338 534
2228 2648 1745
2229 1478 2540
2230 3384 243
2231 1382 1082
2232 461 751
2233 2163 2414
2234 1436 2657
2235 296 3385
2236 2390 1715
2237 3353 846
2238 392 999
2239 2087 1669
2240 958 2804
2241 3386 1994
2242 1368 454
2243 975 3333
2244 3375 3011
2245 1451 2021
2246 3179 1578
2247 1348 1192
2248 593 1643
2249 2586 839
2250 534 3227
2251 2993 1490
2252 2248 1442
2253 2573 3134
2254 637 146
2255 1889 3065
2256 3110 2922
2257 1784 3002
2258 606 2658
2259 1489 3325
2260 3283 417
2261 1775 1129
2262 3032 2072
2263 1005 872
2264 1972 1449
2265 2157 1423
2266 2557 2064
2267 878 3332
2268 3252 2664
2269 2546 120
2270 89 1150
2271 230 1236
2272 1494 1821
2273 2859 797
2274 2641 2386
2275 1289 282
2276 749 2562
2277 1984 2751
2278 3436 3067
2279 3256 3408
2280 402 252
2281 853 2896
2282 137 2123
2283 2509 666
2284 2058 374
2285 1382 2831
2286 2515 2470
2287 3279 2102
2288 2773 2666
2289 541 1436
2290 996 1131
2291 2809 1480
2292 2172 670
2293 1296 3126
2294 1594 751
2295 2571 2086
2296 3212 796
2297 3096 2408
2298 117 3441
2299 41 1021
2300 3041 795
2301 672 988
2302 1751 2182
2303 2070 2550
2304 636 780
2305 2748 1131
2306 1531 667
2307 2890 394
2308 2245 393
2309 2410 2651
2310 47 3050
2311 249 1199
2312 950 2754
2313 1528 1928
2314 678 293
2315 426 2893
2316 2674 1043
2317 2955 3128
2318 1079 3407
2319 1168 277
2320 294 183
2321 1146 3142
2322 783 3345
2323 437 2774
2324 3380 3348
2325 706 3038
2326 2815 2242
2327 3154 775
2328 759 493
2329 2772 579
2330 1176 3107
2331 252 514
2332 2916 1199
2333 2489 3172
2334 185 308
2335 1774 2412
2336 1288 3092
2337 781 1189
2338 3160 329
2339 2148 2138
2340 84 775
2341 2048 3155
2342 485 414
2343 786 77
2344 2236 2809
2345 399 71
2346 3106 16
2347 403 2619
2348 716 501
2349 2745 1435
2350 3129 361
2351 2382 2585
2352 1342 382
2353 3484 1771
2354 2781 560
2355 2129 1439
2356 318 1180
2357 516 2222
2358 90 3431
2359 941 1107
2360 572 159
2361 2931 534
2362 2140 3266
2363 2863 3182
2364 1350 852
2365 1143 3044
2366 1148 2087
2367 1626 1932
2368 775 3089
2369 1230 2813
2370 1335 3057
2371 1010 1901
2372 637 161
2373 2906 1078
2374 301 235
2375 2015 635
2376 3448 926
2377 1371 3417
2378 1823 3420
2379 1484 177
2380 617 113
2381 819 2014
2382 2581 1085
2383 1165 2095
2384 628 1981
2385 285 55
2386 2954 1384
2387 1793 1751
2388 550 3277
2389 426 2184
2390 1931 3281
2391 2236 402
2392 3031 226
2393 403 2556
2394 839 543
2395 146 2585
2396 2037 2310
2397 1393 18
2398 714 231
2399 2794 1412
2400 3268 1951
2401 556 2929
2402 3409 1150
2403 2540 1954
2404 892 1552
2405 804 1352
2406 2199 134
2407 932 1384
2408 1086 299
2409 2462 1371
2410 2547 2285
2411 2865 2085
2412 2191 2662
2413 898 1312
2414 1468 1714
2415 2107 3497
2416 2552 1623
2417 3203 3415
2418 1880 2809
2419 185 1443
2420 3220 135
2421 2216 782
2422 466 3140
2423 2996 1560
2424 2329 1582
2425 2666 438
2426 1948 1605
2427 454 2631
2428 3451 1281
2429 2116 2236
2430 1141 33
2431 563 3232
2432 359 1011
2433 798 1148
2434 3188 2328
2435 2955 920
2436 1185 1405
2437 1250 794
2438 1731 2954
2439 418 2916
2440 71 1438
2441 578 1952
2442 3181 7
2443 2323 409
2444 1908 2512
2445 1780 2321
2446 705 3000
2447 1686 166
2448 3094 561
2449 201 1850
2450 293 1980
2451 446 326
2452 3161 2135
2453 1783 791
2454 2939 1008
2455 2523 1902
2456 1077 2428
2457 1783 1462
2458 759 3076
2459 2753 2613
2460 1983 2858
2461 2339 1149
2462 2003 2471
2463 1832 1654
2464 3220 180
2465 648 1395
2466 62 3355
2467 3086 1068
2468 3273 3023
2469 2601 835
2470 2870 2815
2471 968 243
2472 1670 2771
2473 2007 1868
2474 1174 135
2475 2553 401
2476 851 215
2477 2419 2454
2478 2324 2347
2479 3225 2522
2480 3154 1168
2481 395 3012
2482 2272 352
2483 2367 2828
2484 1747 2967
2485 1209 68
2486 2747 2698
2487 275 3363
2488 467 1115
2489 1731 1958
2490 3217 2392
2491 2665 2938
2492 1177 1480
2493 3169 3325
2494 792 107
2495 3153 328
2496 908 3022
2497 3415 2012
2498 2802 184
2499 2649 3252
2500 1759 1291
2501 828 1791
2502 1167 25
2503 3230 2226
2504 303 1304
2505 2383 2140
2506 161 1296
2507 2599 1123
2508 3453 1904
2509 650 238
2510 242 2740
2511 968 1405
2512 2213 3433
2513 322 2633
2514 1245 3337
2515 2088 1761
2516 812 2513
2517 3393 119
2518 133 2709
2519 2556 1995
2520 1843 611
2521 608 3173
2522 1113 1910
2523 1694 1630
2524 3158 971
2525 1405 520
2526 3114 617
2527 3158 3053
2528 2362 2754
2529 1753 1193
2530 1565 2614
2531 1208 2743
2532 631 3315
2533 19 326
2534 1558 1741
2535 700 1340
2536 2007 1199
2537 996 438
2538 126 38
2539 2621 829
2540 1565 2094
2541 2425 85
2542 1258 1582
2543 3007 1808
2544 2134 1763
2545 3061 1365
2546 1597 1892
2547 2598 589
2548 768 1769
2549 3112 2302
2550 2494 157
2551 552 699
2552 3202 1500
2553 3357 2703
2554 391 333
2555 3422 365
2556 3201 1808
2557 2920 1535
2558 427 2595
2559 1900 441
2560 138 1670
2561 2776 1745
2562 353 1829
2563 1980 2929
2564 1494 2713
2565 3451 1525
2566 3400 2537
2567 3259 713
2568 2164 3267
2569 481 320
2570 1205 721
2571 700 3350
2572 3119 3417
2573 3045 523
2574 1519 893
2575 2319 1266
2576 2701 1879
2577 380 2245
2578 254 2392
2579 339 2625
2580 3141 2845
2581 2300 1125
2582 840 1006
2583 1837 294
2584 1118 3251
2585 2342 529
2586 2075 981
2587 123 668
2588 2162 814
2589 708 357
2590 1838 987
2591 545 2025
2592 944 952
2593 1371 897
2594 1092 629
2595 2296 46
2596 66 556
2597 2174 3318
2598 2091 35
2599 902 1089
2600 1080 2132
2601 126 421
2602 3382 1162
2603 2727 3438
2604 2199 390
2605 2729 1197
2606 828 5
2607 3495 1271
2608 1011 419
2609 1395 2120
2610 1298 3097
2611 533 1796
2612 381 703
2613 503 1442
2614 33 3105
2615 2366 2716
2616 2821 1983
2617 2507 2514
2618 2878 2862
2619 148 1982
2620 1353 2929
2621 3180 1322
2622 72 120
2623 1379 2220
2624 3069 1931
2625 2115 1455
2626 3017 699
2627 604 983
2628 2721 2533
2629 1698 1255
2630 489 1543
2631 2241 3061
2632 1138 838
2633 336 3334
2634 758 3488
2635 3282 158
2636 1005 411
2637 1545 634
2638 2330 1243
2639 3011 627
2640 2579 873
2641 107 1794
2642 3229 2115
2643 1856 451
2644 1015 3490
2645 1888 2531
2646 2852 953
2647 175 2749
2648 1387 664
2649 3217 370
2650 1591 1029
2651 2465 3295
2652 1631 2745
2653 3328 651
2654 735 670
2655 3034 3254
2656 2720 2288
2657 2431 2881
2658 2321 1338
2659 1236 1011
2660 714 178
2661 379 268
2662 2261 1483
2663 1076 1640
2664 2643 46
2665 398 693
2666 2852 2979
2667 2526 993
2668 1890 2766
2669 677 1014
2670 2327 438
2671 692 827
2672 1001 1148
2673 863 2884
2674 589 3439
2675 1562 1748
2676 991 1398
2677 1232 14
2678 1425 362
2679 1721 2329
2680 542 2110
2681 1147 2497
2682 2890 1184
2683 2695 551
2684 1771 2971
2685 28 447
2686 53 3466
2687 2060 811
2688 2953 3353
2689 2127 2250
2690 1738 1998
2691 1677 982
2692 114 1413
2693 1187 1939
2694 728 1129
2695 3484 2186
2696 977 2799
2697 1680 824
2698 2496 3032
2699 769 1811
2700 1017 1818
2701 2730 1829
2702 1734 2146
2703 2548 1942
2704 829 1232
2705 2431 2389
2706 1112 2943
2707 2793 3269
2708 570 2575
2709 469 2098
2710 2997 1868
2711 574 1009
2712 1632 58
2713 429 2840
2714 3335 3453
2715 109 43
2716 1665 429
2717 577 1394
2718 2365 3450
2719 895 3156
2720 940 1540
2721 1163 2523
2722 3194 711
2723 222 3169
2724 2675 1273
2725 2480 2934
2726 3360 3172
2727 3264 675
2728 2178 1489
2729 2506 2363
2730 2210 2425
2731 1673 560
2732 738 352
2733 1886 1760
2734 2583 2199
2735 1405 1660
2736 123 2230
2737 3427 2229
2738 1877 3353
2739 1840 209
2740 2698 3250
2741 1377 3440
2742 3194 3016
2743 1924 724
2744 116 3359
2745 1239 1529
2746 602 504
2747 523 910
2748 2321 61
2749 350 3364
2750 1664 2720
2751 1518 2168
2752 1006 413
2753 311 1738
2754 192 430
2755 1355 2690
2756 3003 3214
2757 229 68
2758 2211 1884
2759 760 236
2760 665 1393
2761 2976 1864
2762 3095 1056
2763 781 108
2764 3254 998
2765 447 1566
2766 2291 1654
2767 738 2590
2768 3436 3165
2769 1352 2904
2770 1080 1813
2771 575 2881
2772 1905 766
2773 1123 782
2774 1298 3073
2775 1575 1026
2776 2106 981
2777 710 778
2778 484 727
2779 1941 2444
2780 132 1227
2781 2839 1309
2782 56 1951
2783 634 379
2784 1590 186
2785 3032 1893
2786 389 454
2787 1140 1819
2788 317 1005
2789 2326 1773
2790 3484 2190
2791 1236 1612
2792 1207 938
2793 147 501
2794 2902 1205
2795 790 3172
2796 1379 1774
2797 3401 3427
2798 656 2378
2799 1640 186
2800 863 2909
2801 552 298
2802 1838 2313
2803 1022 747
2804 1139 887
2805 520 247
2806 3437 3387
2807 2481 1316
2808 1795 1776
2809 2517 2951
2810 1924 292
2811 3483 2821
2812 872 1865
2813 2457 834
2814 2999 1972
2815 2757 169
2816 2248 3157
2817 865 1027
2818 2055 1199
2819 1526 2676
2820 2258 333
2821 2208 1366
2822 2732 1861
2823 1841 3163
2824 455 1900
2825 1422 1829
2826 499 2766
2827 742 851
2828 815 847
2829 2546 3335
2830 828 355
2831 586 1522
2832 1420 1450
2833 3298 1912
2834 2345 2963
2835 2822 1585
2836 658 3190
2837 233 3343
2838 2853 1655
2839 448 180
2840 3062 445
2841 1256 1026
2842 1483 286
2843 1886 2298
2844 936 1033
2845 2694 2622
2846 832 1226
2847 2057 1838
2848 1420 5
2849 1734 3369
2850 2348 3233
2851 1112 2763
2852 1044 3234
2853 1729 278
2854 425 89
2855 534 865
2856 2212 171
2857 1321 2252
2858 2871 1021
2859 2067 629
2860 413 698
2861 336 3471
2862 1338 1257
2863 3435 2053
2864 3472 197
2865 2471 2665
2866 3183 2986
2867 998 894
2868 3412 2937
2869 2043 3158
2870 3444 3027
2871 1931 520
2872 2331 2339
2873 907 3101
2874 335 1950
2875 3269 318
2876 61 474
2877 2428 3045
2878 2815 2773
2879 817 767
2880 2163 2562
2881 984 3457
2882 3039 1241
2883 3114 702
2884 1781 2664
2885 667 2325
2886 1349 1646
2887 499 2615
2888 597 63
2889 249 558
2890 1884 2865
2891 308 2839
2892 2374 2993
2893 1606 2361
2894 871 2337
2895 1898 888
2896 2033 1368
2897 2268 1789
2898 316 794
2899 2190 1682
2900 1696 974
2901 3113 2469
2902 1953 1701
2903 1466 1888
2904 3482 1194
2905 1799 1191
2906 3006 1602
2907 3101 1905
2908 2908 2744
2909 1954 1824
2910 2789 2825
2911 2437 2987
2912 2916 1508
2913 1769 3289
2914 17 1522
2915 2328 32
2916 1456 1624
2917 574 671
2918 2475 957
2919 3196 3120
2920 679 969
2921 993 2688
2922 2292 2310
2923 394 964
2924 1745 982
2925 540 920
2926 1458 1961
2927 564 1446
2928 1201 1605
2929 1610 1205
2930 1322 2612
2931 2691 1682
2932 2922 1797
2933 2992 2631
2934 2276 2524
2935 1046 486
2936 708 3326
2937 911 2125
2938 475 2716
2939 500 467
2940 3486 1320
2941 2381 2025
2942 477 2210
2943 2202 379
2944 1003 1676
2945 1667 904
2946 2052 2260
2947 3239 1605
2948 1674 1337
2949 3456 400
2950 624 560
2951 1006 740
2952 1344 1164
2953 1421 429
2954 1694 1788
2955 1367 104
2956 3261 2064
2957 707 2137
2958 515 2152
2959 2911 602
2960 2992 2164
2961 228 144
2962 2167 3046
2963 3104 705
2964 1619 516
2965 2342 2920
2966 1158 3497
2967 937 1600
2968 119 240
2969 803 149
2970 766 1611
2971 472 2297
2972 2954 989
2973 2735 3370
2974 219 2873
2975 2547 1205
2976 596 1709
2977 333 2763
2978 2802 523
2979 3178 2925
2980 2921 1303
2981 671 2945
2982 2963 613
2983 460 2255
2984 1627 1308
2985 2089 685
2986 1343 1044
2987 1157 743
2988 1973 2024
2989 2326 1194
2990 74 1275
2991 798 1779
2992 2268 647
2993 2471 2758
2994 1198 2590
2995 989 3179
2996 2001 361
2997 713 3424
2998 2494 2466
2999 597 165
3000 677 1750
3001 3223 3361
3002 1556 1759
3003 3100 2070
3004 1053 3495
3005 626 963
3006 1739 3105
3007 3220 1151
3008 2520 1975
3009 2344 208
3010 2770 2460
3011 593 381
3012 1071 1478
3013 2190 353
3014 1847 1424
3015 3170 1258
3016 1680 3178
3017 2134 1281
3018 106 1241
3019 76 1946
3020 2614 2225
3021 1965 1385
3022 3283 2620
3023 3433 1850
3024 2315 848
3025 105 315
3026 111 1888
3027 450 3184
3028 830 3443
3029 2268 2152
3030 3028 1897
3031 598 1465
3032 226 1595
3033 232 1240
3034 2904 2017
3035 656 42
3036 1173 2162
3037 3349 1522
3038 1414 1654
3039 3157 2444
3040 446 1118
3041 2891 665
3042 381 2906
3043 3316 3244
3044 1075 399
3045 2869 2325
3046 947 1879
3047 2632 723
3048 2771 1701
3049 2110 851
3050 1466 1159
3051 1782 1963
3052 234 1950
3053 808 3320
3054 711 1053
3055 2676 737
3056 2460 2602
3057 16 2699
3058 2987 162
3059 1279 2917
3060 1054 2490
3061 3056 2995
3062 3156 906
3063 1358 437
3064 2492 1624
3065 2809 3150
3066 2486 2052
3067 225 121
3068 2092 1930
3069 2781 1117
3070 1199 2545
3071 3375 3000
3072 930 1739
3073 514 2477
3074 905 45
3075 2796 1866
3076 2306 253
3077 2181 907
3078 580 56
3079 1727 281
3080 589 2153
3081 3387 721
3082 794 2927
3083 3089 2396
3084 1800 1602
3085 192 1063
3086 2505 2096
3087 736 3279
3088 1219 1433
3089 2899 1179
3090 56 290
3091 885 2189
3092 2931 882
3093 239 1425
3094 3123 3223
3095 2487 1399
3096 553 39
3097 2050 804
3098 1630 3256
3099 2042 636
3100 2433 892
3101 181 735
3102 3202 1988
3103 2808 1852
3104 1448 249
3105 905 337
3106 232 2409
3107 1131 752
3108 3018 1808
3109 3248 1033
3110 1220 1842
3111 2218 673
3112 3401 1694
3113 1753 3026
3114 2839 3091
3115 656 2461
3116 128 1426
3117 2568 2524
3118 1465 617
3119 3472 2700
3120 2993 3214
3121 675 870
3122 1132 1495
3123 2255 1928
3124 179 1848
3125 367 1334
3126 2055 1930
3127 3136 253
3128 1636 3458
3129 2899 2601
3130 2477 1797
3131 2995 726
3132 2240 487
3133 1425 1212
3134 147 2081
3135 1207 111
3136 2521 1480
3137 372 1819
3138 133 2451
3139 271 1056
3140 49 1520
3141 776 786
3142 1918 545
3143 3485 1529
3144 3091 2100
3145 1110 3359
3146 1703 281
3147 1795 256
3148 2186 556
3149 1004 197
3150 740 866
3151 2592 2572
3152 2492 932
3153 74 1308
3154 3447 921
3155 565 982
3156 57 499
3157 603 2963
3158 2734 2026
3159 1645 2587
3160 85 3084
3161 3453 2485
3162 2853 32
3163 3320 1915
3164 138 2307
3165 773 1000
3166 1143 2232
3167 1005 2845
3168 355 3113
3169 3340 2885
3170 3497 1702
3171 1048 284
3172 886 158
3173 2657 2562
3174 610 3322
3175 2524 1055
3176 3463 532
3177 2980 2586
3178 3405 2812
3179 934 3267
3180 791 3043
3181 1452 3261
3182 128 249
3183 457 3120
3184 618 2995
3185 1946 3146
3186 579 2561
3187 2304 280
3188 2013 63
3189 2728 667
3190 3020 1359
3191 1935 3031
3192 1861 2998
3193 691 588
3194 1705 1431
3195 3101 2379
3196 634 2061
3197 3137 3472
3198 1145 2303
3199 987 2898
3200 2777 1710
3201 384 2842
3202 2862 3114
3203 1908 2788
3204 1402 1176
3205 2325 2214
3206 2384 944
3207 2216 1114
3208 1170 2265
3209 2034 2033
3210 777 3277
3211 618 1325
3212 1642 1019
3213 2712 1977
3214 547 785
3215 2773 915
3216 350 1123
3217 2826 847
3218 1226 1021
3219 1378 3132
3220 2808 421
3221 1672 722
3222 2191 161
3223 1076 2407
3224 2575 1706
3225 673 2623
3226 54 2317
3227 343 143
3228 120 2304
3229 1510 2311
3230 29 1704
3231 1054 1838
3232 2188 3221
3233 2928 1151
3234 2386 255
3235 1453 1606
3236 3047 3112
3237 674 2136
3238 409 871
3239 3056 1483
3240 2247 959
3241 2024 2872
3242 2071 2991
3243 2274 1914
3244 91 1732
3245 2773 2023
3246 2761 3075
3247 1402 645
3248 2589 2457
3249 2294 1099
3250 235 1563
3251 2045 1236
3252 3157 31
3253 485 985
3254 1609 3281
3255 2026 418
3256 3419 3290
3257 1647 452
3258 2577 1391
3259 2433 1650
3260 872 1280
3261 1767 3121
3262 1019 1262
3263 3489 778
3264 682 2941
3265 2513 1886
3266 1304 2774
3267 1630 1092
3268 2963 2118
3269 675 414
3270 1040 3107
3271 2192 2755
3272 2078 3159
3273 1123 2621
3274 424 1850
3275 1446 3135
3276 2803 3351
3277 434 661
3278 3220 3405
3279 3319 2686
3280 3314 3484
3281 2619 3134
3282 2802 1027
3283 2981 2672
3284 1088 1007
3285 2062 2962
3286 553 2682
3287 589 1080
3288 5 2453
3289 442 1057
3290 1371 2278
3291 2304 2388
3292 1515 277
3293 2936 2123
3294 188 1957
3295 2461 17
3296 1161 3319
3297 2597 1009
3298 2809 738
3299 2004 17
3300 369 2764
3301 2916 3248
3302 945 3345
3303 2352 2175
3304 968 1256
3305 3082 1490
3306 2819 866
3307 830 702
3308 2896 1355
3309 1648 2302
3310 1422 145
3311 1349 3459
3312 2157 2112
3313 2416 604
3314 1544 1171
3315 172 1366
3316 513 2113
3317 2452 1011
3318 383 2248
3319 1951 2830
3320 1794 2312
3321 2001 3302
3322 2075 1147
3323 2878 1802
3324 2092 1040
3325 1661 151
3326 3294 814
3327 252 668
3328 2219 2186
3329 2990 2595
3330 2635 599
3331 57 501
3332 1638 2472
3333 1137 148
3334 444 1587
3335 685 1602
3336 1299 1794
3337 2573 2730
3338 3356 1203
3339 435 3217
3340 36 2180
3341 749 1975
3342 818 2314
3343 1503 2071
3344 2098 561
3345 2685 1010
3346 387 1373
3347 1528 1900
3348 728 2923
3349 85 139
3350 2612 3175
3351 3186 2986
3352 3128 1069
3353 2188 2397
3354 1250 1621
3355 589 2682
3356 3459 1355
3357 1435 427
3358 679 79
3359 264 3029
3360 2296 2954
3361 1115 69
3362 2708 389
3363 2355 48
3364 2488 3277
3365 695 3352
3366 10 1795
3367 1186 513
3368 3377 1933
3369 2384 1781
3370 3288 374
3371 1992 664
3372 75 1306
3373 2423 2822
3374 3440 2549
3375 2337 3210
3376 537 2471
3377 2042 2771
3378 1181 856
3379 2072 1701
3380 3414 2203
3381 1511 739
3382 635 1080
3383 2481 950
3384 737 1842
3385 2448 1976
3386 1338 2405
3387 592 670
3388 892 2968
3389 2401 287
3390 1299 278
3391 2548 2482
3392 3178 2187
3393 2513 2273
3394 31 1793
3395 1613 3315
3396 1025 368
3397 1061 139
3398 926 473
3399 3235 3302
3400 353 3449
3401 383 2199
3402 213 1774
3403 741 1641
3404 443 402
3405 3237 3373
3406 668 1600
3407 1595 2485
3408 1723 2099
3409 1488 1619
3410 3390 264
3411 1444 1850
3412 866 2064
3413 1357 513
3414 1696 962
3415 408 2309
3416 1697 2834
3417 2143 2018
3418 1133 3317
3419 1855 2057
3420 2552 167
3421 2319 717
3422 2796 2391
3423 2236 1558
3424 3307 101
3425 143 1669
3426 29 1878
3427 896 1769
3428 2504 2779
3429 1859 2441
3430 164 311
3431 328 2447
3432 496 3
3433 627 389
3434 1421 683
3435 1914 1866
3436 1262 983
3437 3411 2307
3438 571 1337
3439 369 1082
3440 519 548
3441 3138 439
3442 1860 2322
3443 400 3273
3444 1764 966
3445 1708 1123
3446 1423 1633
3447 2156 1696
3448 2734 1126
3449 2719 120
3450 3078 831
3451 3499 1520
3452 1177 1694
3453 66 19
3454 2360 1208
3455 649 405
3456 6 2493
3457 3045 1064
3458 3204 2328
3459 1186 66
3460 262 2200
3461 2562 1343
3462 276 2583
3463 114 3307
3464 456 370
3465 2251 2138
3466 1975 1765
3467 2020 2938
3468 927 913
3469 3014 2616
3470 564 1547
3471 868 1611
3472 1173 1611
3473 3224 2266
3474 521 2904
3475 3349 1320
3476 637 2289
3477 3226 1540
3478 2596 1093
3479 27 1198
3480 1694 2224
3481 39 3260
3482 1197 802
3483 990 581
3484 162 875
3485 1668 448
3486 2098 1211
3487 3418 2520
3488 2216 42
3489 679 3419
3490 1946 1175
3491 2049 2711
3492 3054 666
3493 257 508
3494 467 444
3495 1820 1859
3496 539 1710
3497 1043 2886
3498 2164 2533
3499 254 1841
3500 3058 744
