5270 5270
1 4101 3268
2 4022 24
3 2477 2810
4 1096 4655
5 2034 839
6 3547 766
7 1793 1289
8 585 213
9 3782 3382
10 1444 5116
11 4634 547
12 2634 3067
13 1926 4797
14 3251 3115
15 3938 3806
16 326 4637
17 3649 5081
18 1569 1370
19 5115 4814
20 113 2495
21 3029 2307
22 3347 3746
23 1740 2329
24 175 2512
25 3908 3002
26 5127 2207
27 5067 1376
28 2877 483
29 1522 560
30 3792 4413
31 4325 4978
32 4767 3681
33 3029 5027
34 2909 1136
35 3281 3675
36 1414 1415
37 4489 3359
38 1872 4344
39 5218 5244
40 2556 3495
41 3097 164
42 1518 2877
43 3158 3759
44 675 3173
45 2966 3996
46 5114 2985
47 534 2371
48 2578 422
49 2109 6
50 1689 2729
51 3865 2724
52 219 566
53 1817 2396
54 2040 4300
55 1213 4979
56 2905 2442
57 2303 1345
58 4108 3704
59 3388 152
60 2327 4079
61 1024 1432
62 1904 3704
63 4920 1712
64 1738 198
65 632 3101
66 4216 1164
67 4816 4622
68 1541 3643
69 3804 4140
70 3146 1081
71 1394 1078
72 922 2034
73 1209 1707
74 3303 2260
75 1294 2742
76 1019 3666
77 877 175
78 4483 1903
79 3937 5076
80 3057 56
81 515 945
82 2634 1845
83 3384 1285
84 4372 784
85 1483 2676
86 4310 1398
87 917 3424
88 4946 2401
89 2817 3881
90 4677 1239
91 3405 1961
92 402 996
93 2314 339
94 771 1008
95 4890 357
96 2474 5036
97 3549 476
98 1281 4756
99 1860 2067
100 4659 4775
101 424 2998
102 1031 1271
103 4104 1294
104 339 653
105 4734 5128
106 4232 891
107 888 3854
108 404 3799
109 2024 115
110 1415 1321
111 404 446
112 2271 1344
113 4307 3265
114 2490 1016
115 3665 986
116 2866 2479
117 3098 615
118 323 4136
119 2892 3696
120 4481 742
121 323 4230
122 4894 3609
123 494 274
124 3177 975
125 4140 1715
126 1077 698
127 3954 5197
128 5132 1963
129 211 4835
130 1530 1999
131 1450 2396
132 2833 1114
133 2462 4916
134 1455 443
135 207 3156
136 3060 3599
137 5049 1698
138 4140 4070
139 4831 4635
140 2557 1101
141 982 3606
142 3635 3262
143 1969 2105
144 3125 1515
145 3690 1760
146 2211 819
147 1832 1739
148 2376 1904
149 3035 2969
150 77 4545
151 5164 3687
152 3242 3485
153 2635 709
154 3393 4369
155 3442 2648
156 3318 344
157 1703 3003
158 4077 1301
159 2407 689
160 2704 5115
161 3675 3353
162 2424 3957
163 3632 201
164 391 4200
165 5092 4439
166 2203 2471
167 4632 2210
168 2051 1032
169 2350 3195
170 459 4154
171 4428 3878
172 1918 2390
173 4115 472
174 3633 3907
175 4283 2701
176 4977 4791
177 2955 1190
178 1033 107
179 2001 2886
180 2587 3658
181 4660 1937
182 1984 31
183 3356 1864
184 561 2566
185 4627 2746
186 3505 4071
187 3502 3701
188 483 3105
189 2463 1070
190 4035 1919
191 2942 2803
192 5036 2383
193 4197 3712
194 848 719
195 783 716
196 1087 1624
197 2914 4253
198 1636 2885
199 3089 991
200 2541 1323
201 3826 3865
202 2417 3467
203 273 4391
204 3364 4048
205 729 4487
206 3866 2983
207 4717 3022
208 1342 4280
209 1698 2768
210 5181 4726
211 2445 3192
212 781 2845
213 3199 4273
214 4350 2559
215 3059 4831
216 3441 1032
217 3574 415
218 3863 1542
219 4190 1600
220 175 2613
221 474 924
222 2208 5202
223 583 3564
224 2147 1484
225 1321 4776
226 3654 3347
227 3487 1509
228 536 803
229 3468 2349
230 982 1438
231 4091 314
232 2087 4022
233 4402 3121
234 3325 2612
235 4074 846
236 186 58
237 3607 3180
238 2092 3088
239 4191 4431
240 969 4205
241 1237 713
242 2201 1164
243 861 4294
244 766 5213
245 871 2177
246 2615 1290
247 1044 3490
248 4795 210
249 3741 850
250 3675 1454
251 882 4475
252 2051 5164
253 3197 582
254 3399 3835
255 4442 835
256 4560 1996
257 1113 2539
258 3606 1931
259 678 719
260 665 1015
261 3651 4385
262 3873 1903
263 5035 1565
264 2473 5135
265 1874 4600
266 3018 5060
267 2441 1323
268 3678 785
269 905 2758
270 3065 3950
271 4199 1297
272 3790 646
273 1169 4481
274 4737 538
275 3087 4956
276 5095 597
277 4589 109
278 356 1770
279 604 4447
280 1085 3146
281 3550 2365
282 428 1487
283 1217 1102
284 5195 1819
285 3537 1606
286 2446 3911
287 1977 1301
288 4589 1098
289 1970 4110
290 3435 2265
291 1116 34
292 2358 2112
293 1610 1935
294 3972 2206
295 5041 2586
296 1257 4214
297 1708 148
298 1902 873
299 1813 4612
300 1862 211
301 138 612
302 3396 2897
303 2688 4374
304 1597 124
305 1663 49
306 336 1701
307 4525 4520
308 4061 4136
309 1909 127
310 2403 2553
311 2636 896
312 1035 628
313 1997 878
314 3869 3340
315 4014 4883
316 3996 4142
317 4833 4310
318 1179 2236
319 3449 5125
320 3367 3636
321 1713 3656
322 25 4975
323 4271 1717
324 4100 399
325 1338 2955
326 788 3825
327 4481 3616
328 3667 4357
329 553 3265
330 2109 2915
331 2783 2985
332 4884 1136
333 1 652
334 1420 806
335 4125 3911
336 741 3988
337 2315 3289
338 4615 1107
339 4596 4047
340 2042 394
341 3867 3249
342 1794 3915
343 2187 1271
344 2256 973
345 3923 4096
346 944 4692
347 5223 4590
348 1658 3195
349 5259 865
350 855 3756
351 2733 2032
352 2598 372
353 1712 3016
354 231 4169
355 799 3332
356 4948 5119
357 2129 4285
358 3793 4687
359 3624 2496
360 2670 5118
361 5021 2354
362 5194 2397
363 3076 503
364 3063 2813
365 5034 270
366 165 4396
367 1186 120
368 3553 651
369 2147 2005
370 2146 4028
371 3293 582
372 2168 2686
373 3290 2142
374 386 1437
375 153 1063
376 1783 238
377 1905 4491
378 2549 823
379 221 4235
380 137 1152
381 1737 3950
382 3980 1156
383 4819 2725
384 4564 2571
385 5060 478
386 2084 2770
387 1859 725
388 2238 888
389 5003 3343
390 809 999
391 3988 613
392 519 2500
393 4196 374
394 452 494
395 3284 1125
396 4248 5067
397 5219 3377
398 941 2855
399 635 209
400 4695 3154
401 3052 3826
402 3278 501
403 1862 2751
404 3548 1523
405 673 3093
406 3582 4786
407 2123 3434
408 2496 321
409 3757 3824
410 5023 5224
411 4210 835
412 2638 4881
413 7 1613
414 3568 3503
415 1288 4494
416 3404 994
417 3734 2004
418 4193 4276
419 4523 3150
420 298 394
421 1689 5214
422 3605 1227
423 3547 4050
424 1868 1325
425 1718 2685
426 5247 1252
427 2281 4789
428 4028 732
429 975 945
430 4952 5200
431 3393 948
432 1229 1056
433 4051 1825
434 1973 2215
435 4419 2330
436 1744 1974
437 3504 2890
438 3846 3124
439 3721 2729
440 2580 724
441 232 2809
442 3450 1485
443 3176 3670
444 3550 4870
445 5236 3560
446 3275 4629
447 3546 4059
448 1399 487
449 825 613
450 1149 1072
451 2994 1179
452 586 1768
453 3745 4340
454 2976 2727
455 4969 4806
456 258 4694
457 2477 1707
458 631 4699
459 660 323
460 859 175
461 4511 331
462 1816 4739
463 413 1297
464 4776 2128
465 4740 1335
466 4459 4476
467 5115 4502
468 3433 5094
469 4036 725
470 2461 1998
471 2971 3257
472 3765 5172
473 4412 2060
474 588 124
475 3608 366
476 3103 2718
477 2083 1962
478 233 1914
479 201 5129
480 253 4648
481 4124 439
482 951 1924
483 3734 2920
484 4457 738
485 4050 4659
486 1298 3426
487 954 3692
488 3786 2765
489 3697 2801
490 2821 2045
491 2563 1650
492 2019 350
493 4557 4871
494 2131 4072
495 181 4446
496 3004 4172
497 19 2994
498 4700 868
499 1647 364
500 4176 3114
501 4485 4605
502 2430 1109
503 1916 4632
504 4237 2625
505 3607 467
506 915 542
507 4327 1352
508 957 4721
509 3280 106
510 4518 879
511 4487 301
512 1100 1367
513 5032 2747
514 2782 4488
515 2095 1242
516 1680 1855
517 3620 614
518 1055 4801
519 590 3246
520 4844 936
521 877 2508
522 1112 2033
523 3315 2866
524 2521 2233
525 2783 1991
526 1934 4075
527 3043 1790
528 4091 298
529 25 2744
530 1354 4804
531 1679 3342
532 109 532
533 79 207
534 3887 733
535 875 4746
536 457 254
537 3804 1614
538 1915 420
539 134 4793
540 317 3088
541 4028 1850
542 4549 4172
543 886 2675
544 1524 2482
545 799 5252
546 2952 574
547 419 1955
548 3001 1994
549 605 3708
550 2328 4779
551 700 159
552 5112 1733
553 631 2066
554 4625 5264
555 2935 938
556 1397 3927
557 3730 1447
558 133 2074
559 528 2935
560 3273 1145
561 805 3049
562 1223 475
563 1083 3386
564 1456 4243
565 3575 1955
566 3418 1720
567 4864 3214
568 2298 4654
569 1704 3245
570 2798 1455
571 388 1863
572 842 4114
573 3073 4064
574 3304 358
575 3782 727
576 1507 4599
577 934 5096
578 2471 4792
579 4594 3200
580 487 4556
581 4267 4939
582 3478 4835
583 2804 1089
584 4548 2306
585 3730 3287
586 1505 2375
587 3843 2797
588 80 5259
589 822 53
590 4454 1921
591 3520 3400
592 3454 2795
593 1955 1000
594 4114 3119
595 1106 1557
596 3206 1785
597 1956 3771
598 4601 903
599 3663 222
600 950 3063
601 2146 701
602 2197 179
603 1042 3565
604 3911 4129
605 3183 67
606 892 4920
607 632 1140
608 2757 2599
609 1537 5265
610 1094 4832
611 4128 1393
612 2586 1150
613 4508 1150
614 3437 2900
615 1901 1580
616 1389 1061
617 977 2140
618 4999 2680
619 3085 1965
620 574 3183
621 427 2297
622 3266 2091
623 575 4545
624 2846 4201
625 2497 1356
626 2843 3346
627 593 170
628 3216 1202
629 1560 148
630 1727 1426
631 2289 3630
632 5139 2077
633 4125 1116
634 3442 3560
635 3887 2219
636 1615 4159
637 3105 4834
638 968 2977
639 2844 1781
640 1135 3626
641 4553 2902
642 3952 3617
643 788 5216
644 2514 1593
645 52 1444
646 2863 2743
647 4780 4169
648 4306 1097
649 4830 436
650 4398 939
651 4230 104
652 4314 2797
653 2389 3846
654 3146 1164
655 283 742
656 2528 3740
657 3176 4181
658 3636 1733
659 3086 1433
660 4718 4695
661 1059 816
662 3643 1271
663 3357 1938
664 786 623
665 796 5103
666 4020 4008
667 3049 2411
668 607 534
669 4458 4118
670 666 624
671 3146 2236
672 4765 1414
673 4254 991
674 4381 3497
675 1038 547
676 4599 468
677 734 366
678 4811 5268
679 4143 277
680 995 140
681 823 3535
682 2408 4171
683 2026 599
684 3911 3352
685 4828 942
686 4150 2886
687 2884 1596
688 4833 4486
689 4161 4843
690 1606 4699
691 3309 3540
692 300 375
693 4496 4392
694 517 1288
695 4317 1176
696 1886 3000
697 544 1010
698 164 2074
699 3295 584
700 3516 699
701 3015 2352
702 4790 1084
703 111 3347
704 3091 3108
705 290 1947
706 4539 3275
707 4351 186
708 905 4617
709 6 605
710 3520 2558
711 2658 1832
712 807 143
713 267 3857
714 4131 38
715 1192 1667
716 798 3527
717 4146 3916
718 2316 2864
719 1160 4922
720 3273 4817
721 3900 1111
722 682 1132
723 2509 1134
724 761 982
725 1150 673
726 50 603
727 2515 4508
728 4899 2864
729 2941 1817
730 2874 707
731 4019 2471
732 1184 983
733 4515 3399
734 4057 4034
735 4572 3553
736 3090 4737
737 3893 4631
738 737 1177
739 2527 1701
740 4006 1058
741 4731 4270
742 4340 1933
743 3567 256
744 1299 1804
745 382 1493
746 586 831
747 1745 274
748 2252 1424
749 3734 3739
750 675 251
751 4744 3367
752 2478 3685
753 4859 1188
754 1246 3870
755 4801 5244
756 514 5169
757 1481 1111
758 2949 68
759 1820 5129
760 3889 2689
761 564 1144
762 1966 4579
763 597 4515
764 2660 1264
765 3587 4124
766 4418 1008
767 3413 721
768 1771 1757
769 4169 5038
770 2697 4251
771 1458 2083
772 4141 4200
773 1941 2361
774 4485 3043
775 4269 2208
776 2429 5251
777 792 3524
778 3292 1307
779 1984 2204
780 312 3289
781 3437 1349
782 3978 3489
783 3443 15
784 2379 3591
785 217 3990
786 4255 654
787 4335 5242
788 965 3446
789 3013 1452
790 2252 4080
791 3699 4375
792 587 4376
793 3523 4871
794 196 4274
795 668 1908
796 2906 169
797 698 3119
798 4833 1076
799 1051 3829
800 4962 4860
801 664 5007
802 1462 1333
803 2338 3020
804 3342 1060
805 1474 3407
806 5184 373
807 2735 3231
808 2433 3617
809 2841 648
810 2119 4364
811 4226 4423
812 3402 807
813 227 2380
814 3567 3489
815 4593 2176
816 38 3486
817 4805 3738
818 1375 4321
819 4079 4592
820 2946 5007
821 1545 4905
822 3937 1801
823 1480 3687
824 2570 3980
825 274 4324
826 3191 2169
827 1903 2782
828 432 3993
829 3312 3669
830 1862 4487
831 3622 205
832 4404 111
833 4713 3975
834 3309 615
835 515 2653
836 93 2602
837 3200 3676
838 3650 4112
839 1633 1739
840 2417 3447
841 4323 5217
842 344 1786
843 350 2176
844 1267 4345
845 1046 1352
846 3047 5248
847 3272 3542
848 4780 1749
849 4705 494
850 5252 3759
851 2306 4355
852 2594 1512
853 5140 1945
854 4016 4048
855 3049 4400
856 3324 4549
857 3902 4236
858 2018 3509
859 1400 33
860 741 1500
861 210 4364
862 883 3352
863 2708 1802
864 653 3471
865 4172 3781
866 2724 327
867 2455 2668
868 2845 4558
869 5265 11
870 1111 4622
871 4206 3817
872 1766 1996
873 166 1512
874 2497 594
875 2065 672
876 2330 2613
877 2189 926
878 176 4946
879 2695 2032
880 1300 1452
881 4209 168
882 4580 118
883 1983 3872
884 740 3299
885 204 1050
886 224 1130
887 2883 4980
888 4009 3287
889 2862 3497
890 1155 2426
891 954 1794
892 2342 2430
893 2976 3220
894 2579 2041
895 4447 2364
896 1261 5126
897 985 1565
898 4837 2244
899 3507 59
900 4811 2083
901 3419 3340
902 51 4527
903 2581 4433
904 2733 538
905 1679 4180
906 168 3111
907 2397 2722
908 2753 3683
909 3030 5013
910 3830 4607
911 4357 3703
912 3044 975
913 4062 3971
914 4435 4515
915 2530 3055
916 2912 5004
917 4193 3236
918 4382 1567
919 153 4467
920 3382 947
921 1994 1571
922 385 3019
923 2931 3256
924 1345 1965
925 1540 2950
926 639 4354
927 417 4454
928 2663 2255
929 4089 315
930 2987 4594
931 4865 4080
932 3901 299
933 1079 2263
934 551 1756
935 1148 2577
936 3554 2747
937 4936 475
938 184 3521
939 2516 1846
940 420 2684
941 5136 4586
942 80 411
943 3906 3499
944 2952 4539
945 3284 3828
946 5201 1141
947 2793 1246
948 3524 8
949 2366 24
950 1388 939
951 1023 1328
952 4898 1150
953 4416 1471
954 1889 566
955 5005 863
956 382 1132
957 2217 1569
958 3312 4122
959 2028 667
960 4844 3826
961 4887 2442
962 477 2058
963 1880 4155
964 3870 4903
965 3385 3587
966 2119 4202
967 279 3758
968 4188 3479
969 2464 923
970 1230 1174
971 1867 2004
972 886 2417
973 3758 581
974 3071 2627
975 2838 3357
976 957 2956
977 2622 2097
978 267 2260
979 4019 3628
980 5131 3347
981 2786 1142
982 91 671
983 544 1019
984 3869 526
985 3281 2660
986 4301 2141
987 3125 347
988 4956 1530
989 206 4085
990 4286 2848
991 2007 4105
992 117 2897
993 627 392
994 3011 5228
995 1014 3122
996 2627 5206
997 4364 3007
998 3690 3375
999 4365 4669
1000 1044 2287
1001 3850 3319
1002 1888 1942
1003 3444 1987
1004 3181 3280
1005 3436 5052
1006 22 3312
1007 3220 1194
1008 1685 2745
1009 1095 3540
1010 555 2604
1011 2079 150
1012 3294 4959
1013 2399 4061
1014 1197 2289
1015 4878 860
1016 4899 401
1017 4002 2880
1018 411 49
1019 234 3423
1020 62 64
1021 1821 948
1022 4245 1928
1023 74 3242
1024 153 3167
1025 4942 2996
1026 3353 4664
1027 4037 4390
1028 3926 486
1029 3885 3208
1030 4771 1899
1031 262 1426
1032 4620 4566
1033 1620 1230
1034 1992 2880
1035 3720 3457
1036 2321 2805
1037 1718 830
1038 5076 2194
1039 1276 93
1040 2775 5257
1041 4718 2951
1042 603 1602
1043 3489 4239
1044 2393 2923
1045 2851 4994
1046 1868 4245
1047 2659 1039
1048 4449 4972
1049 3853 1596
1050 1689 1363
1051 2821 4134
1052 3568 3602
1053 1115 2437
1054 3296 4014
1055 4767 4763
1056 243 1815
1057 4539 403
1058 4234 420
1059 455 255
1060 4529 4579
1061 96 1032
1062 3148 1825
1063 1754 2411
1064 2612 4598
1065 92 16
1066 1951 467
1067 1566 3381
1068 2608 243
1069 1997 1115
1070 186 3020
1071 4345 4393
1072 2434 4174
1073 3122 5088
1074 4916 1551
1075 2973 2868
1076 286 1160
1077 1089 1410
1078 2812 3945
1079 50 1168
1080 704 3876
1081 1831 2967
1082 3900 214
1083 4435 72
1084 1618 2632
1085 278 149
1086 2121 2937
1087 5267 2411
1088 2664 4835
1089 1362 2591
1090 2538 4132
1091 1426 1224
1092 5216 3928
1093 2259 4435
1094 3599 1654
1095 969 1445
1096 2544 214
1097 3481 341
1098 5042 2298
1099 2846 1124
1100 4324 691
1101 2968 1576
1102 3615 4368
1103 3380 3191
1104 1743 1996
1105 24 625
1106 3909 1879
1107 2926 3050
1108 1354 1870
1109 4028 66
1110 2335 2811
1111 3790 289
1112 1812 161
1113 1626 39
1114 1555 2996
1115 1029 2240
1116 3837 4023
1117 3904 4362
1118 1977 1347
1119 4841 4018
1120 3854 693
1121 3199 858
1122 998 1194
1123 4024 1888
1124 1602 4802
1125 1426 3841
1126 937 2288
1127 1147 2787
1128 3801 3801
1129 293 4592
1130 5255 3703
1131 14 3044
1132 4207 2252
1133 1605 279
1134 3733 3568
1135 4571 3121
1136 3035 4094
1137 3161 4861
1138 2086 3736
1139 2192 2296
1140 1157 3706
1141 2196 4847
1142 1147 4669
1143 787 2137
1144 3663 423
1145 3384 2242
1146 3255 1545
1147 812 1810
1148 2316 3531
1149 2497 256
1150 2397 3617
1151 4357 2180
1152 4944 4099
1153 3750 1739
1154 1767 5069
1155 3598 2213
1156 3858 3505
1157 442 789
1158 5209 3378
1159 4958 1406
1160 1070 3797
1161 4136 4040
1162 4720 1738
1163 4205 263
1164 4836 4751
1165 1874 460
1166 1847 1496
1167 20 3822
1168 5093 2426
1169 439 902
1170 4526 2429
1171 4316 3496
1172 1104 2448
1173 4805 3256
1174 529 4524
1175 77 4604
1176 892 3589
1177 3230 2622
1178 3510 1107
1179 5006 2220
1180 4853 3905
1181 1795 4528
1182 4637 4152
1183 666 608
1184 2370 2367
1185 4386 5244
1186 2306 4593
1187 4316 913
1188 4624 5159
1189 5020 3808
1190 2513 4676
1191 3955 411
1192 153 3876
1193 3518 5193
1194 3846 4570
1195 4897 288
1196 4095 5147
1197 1898 2483
1198 3283 4870
1199 40 1386
1200 3154 1216
1201 2570 1074
1202 1069 3229
1203 2871 718
1204 2024 2020
1205 1236 1473
1206 2337 3226
1207 4379 4331
1208 5198 4566
1209 2457 70
1210 4504 1085
1211 742 4506
1212 3541 899
1213 3992 2357
1214 2961 906
1215 5175 141
1216 2534 3791
1217 1780 2099
1218 4772 1543
1219 4973 250
1220 1237 3773
1221 3342 3896
1222 1071 4686
1223 3102 45
1224 5131 4164
1225 1503 2297
1226 4762 2835
1227 1538 2484
1228 3417 3263
1229 4493 866
1230 5227 4028
1231 4298 1872
1232 4244 2964
1233 3879 4294
1234 917 1442
1235 1401 1445
1236 4176 4622
1237 700 3960
1238 3732 5174
1239 4622 3331
1240 4797 1132
1241 2459 467
1242 4870 1454
1243 928 4536
1244 3880 1385
1245 1991 4021
1246 3896 1799
1247 71 1515
1248 725 3252
1249 746 560
1250 206 563
1251 4465 1913
1252 3293 4467
1253 4097 3166
1254 1644 1335
1255 3346 2267
1256 1873 4214
1257 4707 35
1258 1458 3554
1259 4688 2669
1260 3659 4771
1261 2513 2393
1262 4292 419
1263 878 3196
1264 3601 202
1265 4537 659
1266 4452 3488
1267 1724 3866
1268 3123 3634
1269 3117 5210
1270 1298 4799
1271 1698 1218
1272 849 1031
1273 3382 4529
1274 3816 468
1275 3236 1052
1276 260 1119
1277 4402 1118
1278 2852 664
1279 5009 300
1280 370 1476
1281 2081 3037
1282 3601 3431
1283 4562 2893
1284 4008 3547
1285 4180 4302
1286 765 1370
1287 4380 3197
1288 877 4151
1289 2211 2043
1290 2482 2632
1291 3251 2505
1292 3279 781
1293 4046 1583
1294 4081 189
1295 1814 3174
1296 8 4146
1297 16 773
1298 2088 4674
1299 289 2627
1300 270 110
1301 1889 3266
1302 2737 1229
1303 51 2302
1304 2651 894
1305 4795 3477
1306 4099 2225
1307 2469 3907
1308 2304 2847
1309 4129 3927
1310 4061 3594
1311 4470 4329
1312 2027 3885
1313 3031 1978
1314 727 3105
1315 40 756
1316 1292 865
1317 591 3000
1318 342 2717
1319 1880 674
1320 2675 3527
1321 2925 170
1322 2973 2967
1323 1371 3081
1324 4283 3384
1325 1942 5218
1326 3502 4788
1327 931 872
1328 1067 5033
1329 5150 4
1330 1305 5001
1331 1887 2336
1332 1720 4389
1333 2208 4308
1334 2339 1732
1335 574 2076
1336 1970 3194
1337 3399 4444
1338 803 2006
1339 2716 1301
1340 279 1179
1341 2217 2897
1342 4083 977
1343 1150 3223
1344 1559 1814
1345 1420 5064
1346 4282 3655
1347 4353 4183
1348 3019 2115
1349 3740 1945
1350 2179 2732
1351 4932 1356
1352 807 1321
1353 1202 1495
1354 3912 1613
1355 4911 4909
1356 2834 3689
1357 169 3697
1358 5011 431
1359 2696 2346
1360 2589 3537
1361 4872 1391
1362 84 5045
1363 2966 2910
1364 2459 2861
1365 2742 2258
1366 3680 166
1367 3588 2552
1368 1684 4561
1369 4033 2772
1370 808 3908
1371 1075 792
1372 1511 4132
1373 1431 3036
1374 3024 3029
1375 612 3666
1376 670 1832
1377 914 4741
1378 1185 2163
1379 591 2025
1380 2979 1881
1381 2383 3250
1382 4063 3464
1383 968 787
1384 1076 2353
1385 3655 1988
1386 437 4443
1387 2204 3810
1388 936 3246
1389 2118 2653
1390 1099 2081
1391 5055 2542
1392 2783 437
1393 3475 2597
1394 633 4808
1395 74 3686
1396 3321 2422
1397 4563 5123
1398 3348 1504
1399 3568 3346
1400 5249 2199
1401 4544 325
1402 3322 915
1403 4611 1121
1404 2686 2192
1405 519 2360
1406 1568 2435
1407 1428 3524
1408 494 3517
1409 2307 4570
1410 4133 1552
1411 1061 5258
1412 3777 588
1413 1661 2034
1414 231 1120
1415 3197 356
1416 4587 1481
1417 1662 2311
1418 1096 4388
1419 3234 1443
1420 1171 3706
1421 4190 3024
1422 4761 2370
1423 3084 2247
1424 433 1676
1425 1701 1390
1426 5056 745
1427 3174 458
1428 441 2299
1429 4043 4997
1430 2624 4873
1431 1981 4646
1432 2708 2131
1433 383 2985
1434 2855 3544
1435 5150 1601
1436 1739 2230
1437 5222 3582
1438 970 18
1439 2745 1238
1440 3884 4047
1441 3997 5240
1442 4166 1198
1443 1687 3882
1444 4471 3359
1445 4991 2705
1446 157 1192
1447 4320 3172
1448 184 2379
1449 1837 4853
1450 4002 902
1451 3901 4167
1452 275 199
1453 1531 5174
1454 4365 1601
1455 4122 527
1456 3141 5058
1457 4992 4827
1458 900 4545
1459 4691 3104
1460 4044 4117
1461 2255 3471
1462 2216 583
1463 2698 3768
1464 5082 3856
1465 4057 3225
1466 1591 655
1467 4488 5094
1468 3599 1148
1469 772 4717
1470 4886 1976
1471 3133 4065
1472 285 3001
1473 3805 919
1474 468 2878
1475 3089 159
1476 2397 78
1477 2851 1531
1478 2201 4010
1479 588 83
1480 3636 1049
1481 4951 5005
1482 1892 3875
1483 2502 1957
1484 826 795
1485 1083 3623
1486 2368 1796
1487 4391 466
1488 1448 2543
1489 2403 2430
1490 4930 3948
1491 2899 5123
1492 872 684
1493 4284 2030
1494 433 3573
1495 3062 902
1496 2413 1708
1497 4598 4630
1498 4581 2766
1499 4992 4497
1500 4375 4671
1501 4599 4355
1502 4033 3863
1503 1740 5175
1504 794 530
1505 3101 2837
1506 5160 4818
1507 1192 2196
1508 1884 1139
1509 3930 4746
1510 2324 1084
1511 2807 2443
1512 4934 1167
1513 1806 5155
1514 444 2221
1515 205 1170
1516 4832 625
1517 5089 1032
1518 2946 3259
1519 692 4105
1520 4103 3624
1521 4645 3083
1522 570 1253
1523 764 1730
1524 3 45
1525 3636 3412
1526 4399 4152
1527 1673 931
1528 3427 457
1529 5123 1968
1530 3467 1712
1531 4335 4966
1532 1428 4430
1533 4910 513
1534 240 2486
1535 2407 2434
1536 4717 804
1537 4978 5163
1538 4588 552
1539 1885 2862
1540 1415 1697
1541 2827 4497
1542 3007 1454
1543 811 1101
1544 4036 2858
1545 4862 4817
1546 1789 4683
1547 4701 2321
1548 2036 3636
1549 4001 2460
1550 2139 2744
1551 934 3987
1552 4620 1407
1553 772 2727
1554 2291 2304
1555 4127 3381
1556 3990 276
1557 3101 3833
1558 3710 2596
1559 4120 2895
1560 463 4978
1561 5202 4096
1562 3302 3888
1563 4883 3521
1564 263 2026
1565 4472 2319
1566 3007 2789
1567 159 3675
1568 924 532
1569 1412 3316
1570 1483 2970
1571 2240 2697
1572 3022 2752
1573 2960 2895
1574 4332 3050
1575 4259 314
1576 1474 404
1577 4923 2258
1578 5185 2470
1579 1347 3522
1580 3158 3810
1581 4186 3001
1582 2 551
1583 3742 326
1584 1209 4238
1585 1496 853
1586 2229 1835
1587 3117 2997
1588 3126 4153
1589 778 1910
1590 1370 1581
1591 757 4113
1592 1098 4229
1593 2683 4633
1594 2145 2277
1595 2014 4171
1596 4657 4904
1597 2032 1373
1598 2476 3877
1599 2959 2640
1600 1087 3882
1601 767 2004
1602 3270 4454
1603 582 5112
1604 5190 4731
1605 77 1478
1606 4659 928
1607 9 4444
1608 1328 3324
1609 1609 2261
1610 3372 881
1611 1277 2993
1612 2065 3947
1613 3191 4742
1614 1966 2828
1615 2367 2155
1616 4343 5225
1617 1142 3942
1618 3168 421
1619 3574 2788
1620 1789 2188
1621 2430 2102
1622 3929 3680
1623 2444 4772
1624 4088 3087
1625 2407 1895
1626 3900 2125
1627 392 961
1628 182 1827
1629 4478 1534
1630 5174 3127
1631 561 4868
1632 1643 4590
1633 291 1917
1634 2139 3234
1635 400 1254
1636 1706 1067
1637 2867 3507
1638 5219 585
1639 696 792
1640 9 628
1641 3832 1944
1642 879 5108
1643 2215 2969
1644 3058 3300
1645 1434 1628
1646 3964 1632
1647 4146 1443
1648 1690 2170
1649 1029 944
1650 220 3335
1651 3194 946
1652 3109 597
1653 5007 4173
1654 2705 2175
1655 3658 4486
1656 1201 1049
1657 3369 42
1658 1357 1686
1659 661 874
1660 1157 2535
1661 1166 1967
1662 1241 3765
1663 2077 1126
1664 4871 4529
1665 1926 2493
1666 246 3381
1667 1166 3925
1668 446 2726
1669 658 4100
1670 2075 1198
1671 742 136
1672 2744 4132
1673 673 3117
1674 5107 3493
1675 634 5112
1676 1151 1694
1677 4707 5137
1678 885 3109
1679 4156 3100
1680 2576 5141
1681 4873 1315
1682 4879 611
1683 4374 1508
1684 925 4556
1685 4882 2043
1686 127 2614
1687 596 1147
1688 4708 2991
1689 2843 2660
1690 4838 936
1691 1069 4372
1692 1396 1063
1693 132 4234
1694 180 1343
1695 1383 1073
1696 1937 5000
1697 4070 301
1698 1470 827
1699 5222 1299
1700 4590 168
1701 3288 101
1702 1727 1845
1703 1095 1466
1704 4795 552
1705 5164 603
1706 652 4203
1707 3648 4093
1708 4768 2503
1709 2889 971
1710 3328 2292
1711 3315 2070
1712 5211 253
1713 2306 1571
1714 4693 5089
1715 1835 839
1716 1339 2176
1717 151 4869
1718 2173 4699
1719 2396 788
1720 2254 3141
1721 5095 3370
1722 716 4548
1723 2261 3777
1724 557 732
1725 4247 2231
1726 2670 3209
1727 1174 750
1728 3365 309
1729 3396 3022
1730 400 793
1731 1500 5030
1732 3230 4360
1733 4209 613
1734 3683 5149
1735 4423 3873
1736 4973 552
1737 1118 1481
1738 186 4292
1739 3609 425
1740 4801 283
1741 2919 4731
1742 2058 1203
1743 145 3263
1744 4255 2842
1745 4611 629
1746 4739 386
1747 4391 4123
1748 488 2075
1749 1850 2448
1750 733 3434
1751 1134 1299
1752 1987 1106
1753 3278 1635
1754 3434 4931
1755 2483 1377
1756 4143 846
1757 466 5087
1758 576 3769
1759 2891 1570
1760 322 1150
1761 2422 3103
1762 914 357
1763 2883 997
1764 3669 4613
1765 2715 1331
1766 460 3768
1767 452 5198
1768 3809 4834
1769 1566 2869
1770 4116 241
1771 3511 2762
1772 4405 2531
1773 2919 2117
1774 1255 1294
1775 835 3920
1776 3190 173
1777 1418 4396
1778 1277 2315
1779 4468 4282
1780 4473 609
1781 1658 5084
1782 2934 3793
1783 4801 1148
1784 945 1653
1785 2805 467
1786 1660 3783
1787 3529 3479
1788 123 4727
1789 4495 4401
1790 2825 975
1791 3958 1400
1792 1505 1152
1793 4240 2954
1794 1046 2445
1795 3572 3149
1796 4390 1353
1797 5096 3792
1798 2105 3300
1799 96 1557
1800 1261 1835
1801 3156 159
1802 2885 3765
1803 3946 5200
1804 889 4950
1805 1585 3461
1806 4522 3440
1807 462 2532
1808 1947 1163
1809 1716 2396
1810 3507 910
1811 341 1231
1812 4160 2275
1813 2366 1427
1814 665 4903
1815 202 523
1816 3155 265
1817 950 4601
1818 4569 4054
1819 2498 1830
1820 417 3435
1821 995 2883
1822 132 3897
1823 3522 2800
1824 1054 3442
1825 4951 293
1826 1231 15
1827 4761 3783
1828 4451 3824
1829 3081 716
1830 2282 2822
1831 2474 184
1832 3131 1647
1833 814 5131
1834 4465 1952
1835 3788 4706
1836 4504 374
1837 2310 883
1838 3201 3822
1839 2240 461
1840 2858 4764
1841 2700 4659
1842 1272 3741
1843 245 727
1844 3355 3428
1845 5044 634
1846 5174 3492
1847 1745 3158
1848 4506 4687
1849 1980 2386
1850 4950 5147
1851 2331 440
1852 1239 2119
1853 2696 847
1854 3720 1096
1855 1301 4786
1856 102 4623
1857 3524 2801
1858 649 1259
1859 4097 4011
1860 1189 4209
1861 2958 3033
1862 1647 3809
1863 4984 1318
1864 5256 3248
1865 581 2639
1866 2274 1248
1867 3630 645
1868 3166 4439
1869 1492 3563
1870 896 2167
1871 2395 2618
1872 586 1788
1873 1670 1858
1874 3771 3817
1875 3602 2684
1876 491 2146
1877 1944 1893
1878 1934 1663
1879 1506 3973
1880 3754 1008
1881 193 2678
1882 1437 1767
1883 4248 2745
1884 5118 4674
1885 2504 1004
1886 3155 493
1887 565 3501
1888 1501 724
1889 2477 2924
1890 885 285
1891 477 1401
1892 3052 1210
1893 2876 4611
1894 3257 4189
1895 4451 3948
1896 600 921
1897 825 1485
1898 4285 3404
1899 2344 523
1900 4153 3562
1901 4821 1327
1902 638 1073
1903 1846 3945
1904 3880 2876
1905 5214 2874
1906 846 3437
1907 3986 1172
1908 4643 1204
1909 4677 849
1910 4488 2561
1911 2206 285
1912 3207 2243
1913 2831 4367
1914 3778 2708
1915 651 1068
1916 4145 4560
1917 2610 223
1918 4391 2336
1919 1034 3230
1920 2263 1866
1921 3755 3075
1922 4092 2990
1923 939 4632
1924 3256 526
1925 3851 4693
1926 201 1316
1927 4690 3042
1928 1959 1209
1929 22 1187
1930 941 203
1931 4647 4854
1932 4774 3986
1933 3427 2678
1934 760 2564
1935 2087 1110
1936 984 1134
1937 2389 4797
1938 3994 2027
1939 3794 228
1940 1407 3948
1941 4346 811
1942 3578 3018
1943 1190 2822
1944 474 5020
1945 71 499
1946 3042 1529
1947 4449 1140
1948 4970 404
1949 2337 2362
1950 2265 4007
1951 1852 1263
1952 650 5224
1953 3457 969
1954 1313 3480
1955 259 3704
1956 859 2006
1957 2885 1268
1958 4249 2511
1959 3673 4686
1960 2299 1368
1961 1812 2982
1962 3188 3935
1963 18 4187
1964 617 2667
1965 700 1562
1966 3144 524
1967 5187 3719
1968 2944 3761
1969 3904 4822
1970 759 739
1971 721 1487
1972 3303 1466
1973 4317 1544
1974 1060 5032
1975 3474 659
1976 3132 2423
1977 4424 1653
1978 4853 5196
1979 1625 4675
1980 4955 3771
1981 3876 1317
1982 2729 4607
1983 445 738
1984 1236 986
1985 1701 4288
1986 3419 558
1987 205 2028
1988 2587 1955
1989 996 2292
1990 3221 1005
1991 4068 2024
1992 2724 2673
1993 545 4561
1994 2618 5236
1995 4861 182
1996 681 579
1997 608 3040
1998 2003 3396
1999 951 2018
2000 979 5010
2001 5233 37
2002 2639 148
2003 607 3715
2004 4172 3523
2005 964 3387
2006 4634 3610
2007 2960 1079
2008 3519 473
2009 796 4996
2010 2577 4973
2011 5087 448
2012 211 451
2013 2426 5070
2014 1770 2665
2015 3524 94
2016 4581 5113
2017 3979 208
2018 4425 694
2019 3120 1290
2020 3378 4348
2021 1600 4608
2022 1322 1822
2023 2700 1138
2024 3768 4675
2025 3985 742
2026 786 1734
2027 1090 3321
2028 553 5219
2029 124 4501
2030 365 941
2031 4283 1493
2032 864 2686
2033 128 474
2034 3598 257
2035 5270 982
2036 723 58
2037 628 3807
2038 4469 1426
2039 1691 722
2040 5091 497
2041 1699 26
2042 3666 1409
2043 820 3007
2044 5057 2010
2045 3156 5217
2046 4191 2551
2047 3243 172
2048 128 2521
2049 3991 2830
2050 2366 2692
2051 2057 780
2052 4689 218
2053 447 3334
2054 2181 490
2055 2235 3418
2056 4240 5204
2057 2361 3879
2058 1649 1024
2059 988 604
2060 1665 602
2061 3215 465
2062 4810 3427
2063 3841 2931
2064 235 438
2065 3996 926
2066 4590 1640
2067 3593 3743
2068 3754 1984
2069 4952 4291
2070 2994 1054
2071 4108 2750
2072 4309 1419
2073 2581 4992
2074 2630 3873
2075 2878 4102
2076 2767 4779
2077 1263 1498
2078 4830 499
2079 4018 558
2080 2419 5050
2081 4256 2302
2082 1118 658
2083 4628 5160
2084 1456 4080
2085 954 1732
2086 610 2034
2087 2943 285
2088 4672 838
2089 1139 4669
2090 3787 2559
2091 2278 1361
2092 3049 1790
2093 2731 1836
2094 3705 4061
2095 2842 1276
2096 4868 1339
2097 2344 884
2098 3703 179
2099 3811 797
2100 3557 387
2101 1492 3453
2102 2065 5170
2103 4687 359
2104 506 445
2105 140 4120
2106 3949 1226
2107 2517 4769
2108 4688 4512
2109 4211 2467
2110 247 3176
2111 4422 4390
2112 898 4035
2113 299 2186
2114 543 488
2115 2062 2028
2116 1555 1696
2117 1843 2488
2118 1387 4955
2119 5196 3667
2120 901 5217
2121 3386 3777
2122 1766 420
2123 284 3134
2124 867 1043
2125 1492 4282
2126 655 3717
2127 1631 2586
2128 712 4916
2129 4160 410
2130 744 1719
2131 4198 3746
2132 1539 2737
2133 2432 485
2134 2965 534
2135 4897 3130
2136 4804 2448
2137 4488 998
2138 3960 2836
2139 2105 876
2140 4632 3959
2141 781 4421
2142 1091 2692
2143 4748 3689
2144 1394 3749
2145 2204 198
2146 396 1560
2147 3796 4762
2148 1749 3460
2149 3559 146
2150 3447 763
2151 1694 4986
2152 2849 2084
2153 5175 4735
2154 1264 477
2155 296 592
2156 1248 5180
2157 2889 4046
2158 2810 1551
2159 3424 658
2160 4081 2553
2161 222 144
2162 2513 993
2163 2450 1390
2164 2653 1268
2165 3573 4542
2166 3427 364
2167 360 1284
2168 727 1659
2169 4080 5056
2170 3019 3983
2171 3434 1705
2172 1111 4146
2173 1409 2399
2174 1624 3420
2175 3568 1592
2176 2064 796
2177 228 5166
2178 1686 1527
2179 2206 961
2180 2817 4527
2181 4822 4960
2182 1027 2623
2183 2673 1509
2184 1084 3252
2185 858 1791
2186 287 5056
2187 1761 1816
2188 1501 42
2189 348 917
2190 4384 735
2191 2149 2697
2192 3221 4318
2193 667 150
2194 2400 3845
2195 4408 3036
2196 4183 477
2197 2436 1301
2198 3585 813
2199 4912 2106
2200 546 4098
2201 2608 4068
2202 3883 2347
2203 4752 1299
2204 774 1401
2205 2443 3237
2206 1956 2739
2207 4151 659
2208 2318 1746
2209 3305 1972
2210 1871 3887
2211 2608 557
2212 1521 3602
2213 4931 935
2214 1305 3191
2215 3808 4589
2216 4382 1855
2217 3467 1452
2218 2219 4218
2219 3549 326
2220 4781 691
2221 236 529
2222 1988 2717
2223 1023 2499
2224 1612 2744
2225 394 1064
2226 788 887
2227 1349 3901
2228 4665 1989
2229 91 4038
2230 25 1583
2231 4784 2234
2232 1298 1701
2233 3190 3344
2234 4610 3749
2235 1434 3668
2236 984 2022
2237 806 1976
2238 5065 899
2239 945 4028
2240 315 908
2241 3989 4715
2242 3109 1025
2243 352 2839
2244 468 2257
2245 3753 1297
2246 1963 3945
2247 2497 5074
2248 4455 2142
2249 4381 1409
2250 944 1435
2251 986 3056
2252 1978 1683
2253 3544 4969
2254 3349 809
2255 2687 853
2256 3306 1479
2257 3121 656
2258 2754 2086
2259 2087 3899
2260 1384 3882
2261 4600 2553
2262 1595 2951
2263 297 2536
2264 1739 2785
2265 127 51
2266 863 598
2267 1118 560
2268 1971 3486
2269 4063 4302
2270 3491 550
2271 3638 4868
2272 1881 729
2273 3650 1719
2274 2859 1707
2275 1903 101
2276 5133 1494
2277 585 2888
2278 4910 2812
2279 3131 4926
2280 4811 4812
2281 2646 1750
2282 995 2580
2283 3484 1701
2284 370 2271
2285 1976 4060
2286 3252 5174
2287 1643 4390
2288 2393 3598
2289 774 1859
2290 2262 4471
2291 196 1222
2292 4562 3661
2293 2372 731
2294 3734 3470
2295 1735 4921
2296 4177 3407
2297 2954 4767
2298 4213 3984
2299 2624 2404
2300 3395 401
2301 892 5257
2302 4336 795
2303 262 5167
2304 2880 787
2305 108 3641
2306 4425 2441
2307 3758 3999
2308 1163 590
2309 4690 1977
2310 4383 2417
2311 3107 1412
2312 1285 3573
2313 1331 4289
2314 3351 4706
2315 5217 2045
2316 2536 5254
2317 2472 2862
2318 3005 3852
2319 4655 2210
2320 2926 2208
2321 1194 2441
2322 4391 2198
2323 4491 3351
2324 5068 4672
2325 320 4180
2326 2453 4564
2327 4150 2011
2328 951 195
2329 3675 4121
2330 2755 2195
2331 755 947
2332 4339 1934
2333 8 2284
2334 3585 4283
2335 501 4514
2336 895 2383
2337 2301 4074
2338 4120 3751
2339 1841 411
2340 3429 3519
2341 701 1823
2342 464 686
2343 4519 615
2344 4949 3247
2345 1777 4993
2346 4300 171
2347 2085 4029
2348 4064 4614
2349 181 2887
2350 1516 3563
2351 4400 5067
2352 3116 383
2353 1576 4188
2354 4251 1689
2355 2127 3207
2356 3731 2125
2357 4784 977
2358 4878 4787
2359 3165 3961
2360 4908 895
2361 2434 3419
2362 2116 5174
2363 4870 199
2364 340 1543
2365 2453 3938
2366 4894 724
2367 4077 3748
2368 1181 2119
2369 484 1308
2370 4099 993
2371 895 4433
2372 5142 2464
2373 2002 2816
2374 905 3219
2375 643 3923
2376 5222 3960
2377 4755 4527
2378 701 691
2379 2925 5192
2380 3413 178
2381 894 3926
2382 1241 1062
2383 1222 2061
2384 1745 2919
2385 368 747
2386 504 2371
2387 4214 704
2388 1959 1663
2389 2746 1999
2390 2900 4415
2391 3223 4540
2392 3116 3284
2393 1776 979
2394 929 1208
2395 379 4745
2396 5143 1978
2397 3429 3539
2398 4250 3308
2399 2569 1309
2400 173 4271
2401 3593 1303
2402 1822 4085
2403 2113 797
2404 4214 2546
2405 3768 2947
2406 1667 3821
2407 4113 3906
2408 1486 4117
2409 1070 1153
2410 2354 1599
2411 2487 204
2412 2587 588
2413 5029 3367
2414 5211 3068
2415 3610 973
2416 3443 2350
2417 3010 2147
2418 5220 125
2419 882 452
2420 3556 791
2421 547 1740
2422 3644 3151
2423 1094 1066
2424 4301 4567
2425 1844 961
2426 228 1387
2427 4886 2783
2428 3743 143
2429 5128 3225
2430 2334 1746
2431 3263 333
2432 4272 172
2433 4181 3498
2434 4715 140
2435 1993 3452
2436 4398 3043
2437 4720 4900
2438 2256 3969
2439 2936 1953
2440 119 4991
2441 2031 4929
2442 849 1096
2443 1366 119
2444 3021 4524
2445 4864 5124
2446 1219 4039
2447 219 294
2448 1723 1177
2449 4977 208
2450 1247 795
2451 2093 3514
2452 1686 560
2453 2126 2364
2454 3121 2418
2455 74 145
2456 4924 4346
2457 5182 1679
2458 944 2244
2459 1976 725
2460 4619 2906
2461 452 1587
2462 402 2809
2463 3009 4531
2464 525 2811
2465 3616 3312
2466 847 2048
2467 581 3546
2468 2456 3807
2469 32 3223
2470 4583 2737
2471 4475 2999
2472 505 4986
2473 4860 1282
2474 3013 932
2475 2555 1904
2476 300 1845
2477 2644 169
2478 1687 1304
2479 4807 1386
2480 1213 4769
2481 20 3812
2482 4779 263
2483 1423 2811
2484 155 4892
2485 2135 662
2486 4338 771
2487 2205 243
2488 3170 2123
2489 246 3173
2490 5258 205
2491 1686 4876
2492 3304 755
2493 3283 3058
2494 3258 1477
2495 1528 80
2496 4723 77
2497 4992 4305
2498 617 3342
2499 793 3342
2500 3291 1143
2501 3088 1750
2502 4031 455
2503 2006 1336
2504 2600 3081
2505 5058 3713
2506 4557 2283
2507 1378 1950
2508 4571 4744
2509 2333 5248
2510 827 1007
2511 3056 5038
2512 4820 3939
2513 4693 2484
2514 5083 4374
2515 2412 3527
2516 1515 177
2517 4514 5215
2518 2156 2606
2519 2535 401
2520 1917 5067
2521 2417 2610
2522 2412 4640
2523 2262 1715
2524 4154 4681
2525 1254 3932
2526 471 1548
2527 2087 1230
2528 3912 3809
2529 287 71
2530 3781 2248
2531 1528 404
2532 4811 172
2533 4940 1443
2534 684 321
2535 2894 1901
2536 1668 1122
2537 3968 1770
2538 4741 1630
2539 4273 4319
2540 883 4227
2541 2055 4917
2542 1670 4600
2543 2306 5044
2544 2509 4055
2545 2208 2131
2546 1393 1443
2547 3908 2028
2548 182 877
2549 3916 5247
2550 3703 4653
2551 812 4354
2552 4621 2817
2553 4272 4150
2554 1006 3263
2555 1377 1669
2556 408 2196
2557 1827 4521
2558 4409 977
2559 284 577
2560 3345 74
2561 3131 1267
2562 1955 1692
2563 4553 2266
2564 4354 172
2565 2015 868
2566 2292 835
2567 414 810
2568 4084 1063
2569 2360 1389
2570 2721 1295
2571 3121 1281
2572 1207 3096
2573 506 113
2574 253 2419
2575 2903 3342
2576 1308 2349
2577 4998 2817
2578 4057 3732
2579 1886 1203
2580 1683 3923
2581 3132 5218
2582 868 4891
2583 1476 603
2584 1325 715
2585 111 1988
2586 4944 1318
2587 249 608
2588 3986 4293
2589 202 5242
2590 4642 3561
2591 4658 684
2592 606 4831
2593 234 1485
2594 844 4024
2595 4644 1224
2596 977 2143
2597 2322 5110
2598 3670 2901
2599 1930 1175
2600 3962 4752
2601 1578 833
2602 1880 4178
2603 3211 3316
2604 3427 602
2605 4050 2888
2606 1902 34
2607 1643 3120
2608 1723 1894
2609 395 4033
2610 2918 1853
2611 2759 1539
2612 3877 1548
2613 4380 4893
2614 1925 4170
2615 2450 448
2616 1902 3063
2617 2445 282
2618 1747 2331
2619 1822 4838
2620 2858 2605
2621 1546 2284
2622 4826 3132
2623 3240 4686
2624 2097 4146
2625 4079 4287
2626 4898 2774
2627 4718 4808
2628 3705 1242
2629 2287 1045
2630 4323 5020
2631 718 4383
2632 1261 4747
2633 3541 767
2634 225 5037
2635 1015 1547
2636 3706 694
2637 1993 1345
2638 2656 619
2639 1170 2190
2640 2539 2216
2641 4956 571
2642 3053 1651
2643 3649 2950
2644 4724 1222
2645 2886 3461
2646 591 2767
2647 607 635
2648 3960 3516
2649 1450 2620
2650 1736 2155
2651 2045 837
2652 1379 4002
2653 1058 1333
2654 3241 2340
2655 445 483
2656 3107 2292
2657 2522 5093
2658 5162 1442
2659 3672 4168
2660 4029 3737
2661 2355 1325
2662 3187 3972
2663 21 709
2664 633 2898
2665 4322 1279
2666 2286 1498
2667 4797 2331
2668 4049 1474
2669 1848 3413
2670 1421 3327
2671 2403 4890
2672 816 1120
2673 3038 4759
2674 3696 1981
2675 2256 4776
2676 2084 2745
2677 3165 686
2678 1016 4504
2679 4409 1925
2680 3389 4548
2681 246 2622
2682 676 4314
2683 5009 3156
2684 4476 4240
2685 930 1553
2686 3545 1436
2687 1266 603
2688 4767 2291
2689 2777 3339
2690 3789 1803
2691 4422 1565
2692 1581 2490
2693 2395 3367
2694 5038 1233
2695 209 3227
2696 4334 1156
2697 4691 61
2698 4923 9
2699 3463 2061
2700 1766 3918
2701 2312 3612
2702 1803 790
2703 419 1467
2704 4055 2253
2705 4779 3824
2706 534 4565
2707 3269 514
2708 336 1900
2709 442 1028
2710 4484 268
2711 2487 2210
2712 4216 1642
2713 2524 3872
2714 4765 1218
2715 245 4690
2716 1841 4919
2717 485 2683
2718 1723 4216
2719 3698 2339
2720 539 3147
2721 2093 4987
2722 3510 3233
2723 1744 5105
2724 3663 3771
2725 1703 4012
2726 2394 1150
2727 1552 3361
2728 60 1369
2729 722 2472
2730 4423 3467
2731 3452 675
2732 11 4981
2733 1505 3454
2734 4535 3851
2735 4850 2675
2736 1749 3419
2737 5077 3675
2738 2191 15
2739 4387 3487
2740 1461 2608
2741 1057 3104
2742 2311 298
2743 1005 2253
2744 3478 2541
2745 2011 1140
2746 1525 984
2747 3531 4179
2748 2524 2944
2749 1913 442
2750 3727 2218
2751 2193 582
2752 5070 2613
2753 3561 3056
2754 2360 2239
2755 380 1241
2756 4637 2734
2757 3123 4798
2758 1181 5198
2759 1448 1351
2760 3577 2516
2761 4873 933
2762 1767 2508
2763 3061 3959
2764 3191 4490
2765 2247 2729
2766 4978 2844
2767 4356 4033
2768 1397 1848
2769 3530 253
2770 4355 3568
2771 3880 4895
2772 445 651
2773 3680 1980
2774 5169 2575
2775 4405 4067
2776 5201 5023
2777 2398 985
2778 129 4265
2779 3251 5059
2780 1488 4036
2781 3390 3960
2782 4396 1536
2783 1166 868
2784 132 4962
2785 4429 532
2786 1920 3465
2787 3821 3348
2788 2414 381
2789 2977 1420
2790 4453 765
2791 1989 1453
2792 757 2999
2793 1531 4924
2794 2633 4153
2795 3459 4756
2796 944 1695
2797 2659 2950
2798 5012 4491
2799 1004 4605
2800 62 4059
2801 1456 2440
2802 990 565
2803 596 1104
2804 3392 1100
2805 4112 1544
2806 1402 3828
2807 1894 3144
2808 5 1022
2809 2680 471
2810 2759 2219
2811 3495 801
2812 2512 977
2813 1837 714
2814 3263 4244
2815 4459 2211
2816 1521 380
2817 1372 976
2818 4347 4567
2819 2146 3148
2820 3721 1259
2821 4110 2980
2822 2328 5137
2823 1723 2761
2824 2097 4094
2825 4301 2745
2826 3881 185
2827 2942 2432
2828 4096 546
2829 1437 3906
2830 1825 275
2831 3855 1059
2832 2945 4984
2833 2571 908
2834 3590 2120
2835 3346 1421
2836 19 5006
2837 3996 3282
2838 1683 3184
2839 1357 3794
2840 1310 1831
2841 1282 889
2842 3928 4214
2843 1362 110
2844 558 3612
2845 2995 980
2846 2732 3602
2847 4801 3052
2848 2698 1855
2849 3325 5077
2850 1829 2625
2851 4793 2329
2852 4642 1099
2853 547 1052
2854 3131 433
2855 1595 3114
2856 1711 4205
2857 1692 3877
2858 650 4042
2859 384 3346
2860 4113 4416
2861 4948 1839
2862 4865 5161
2863 991 4148
2864 1839 603
2865 2925 1565
2866 851 2967
2867 4559 1063
2868 2846 480
2869 280 3512
2870 3746 345
2871 2540 4483
2872 3176 531
2873 2467 1127
2874 2842 3235
2875 5063 1726
2876 1702 4722
2877 1489 480
2878 2337 5129
2879 3058 108
2880 2500 4844
2881 1692 585
2882 2942 1709
2883 4139 4301
2884 218 3299
2885 3847 148
2886 2249 5086
2887 2447 2752
2888 4828 3456
2889 890 1889
2890 4461 4064
2891 3944 2741
2892 4721 1444
2893 3643 1810
2894 776 1240
2895 326 2973
2896 1944 2808
2897 965 2180
2898 1972 3681
2899 2505 5214
2900 1592 1413
2901 5149 3722
2902 2456 858
2903 3467 4252
2904 919 3144
2905 4659 1799
2906 1111 4527
2907 4130 3816
2908 2733 4759
2909 85 4221
2910 2187 936
2911 2500 1211
2912 4928 3080
2913 4261 1026
2914 3997 4171
2915 229 4335
2916 1193 617
2917 1616 552
2918 2736 1214
2919 4078 663
2920 1438 1401
2921 267 991
2922 1060 176
2923 4928 4001
2924 362 2568
2925 3888 60
2926 3130 502
2927 5075 3017
2928 2620 9
2929 3280 416
2930 3213 143
2931 2450 1526
2932 2358 4158
2933 5009 2527
2934 815 302
2935 2059 1566
2936 3261 1604
2937 435 4769
2938 239 2222
2939 2653 3970
2940 4456 4749
2941 1653 4950
2942 4111 4785
2943 2846 105
2944 3548 4855
2945 3584 4691
2946 1881 3542
2947 101 1718
2948 783 1722
2949 4266 2656
2950 4102 4955
2951 911 2358
2952 3189 2287
2953 2418 2997
2954 1969 1797
2955 3931 74
2956 33 1198
2957 4379 3945
2958 868 2675
2959 3896 946
2960 1502 5248
2961 4194 4581
2962 3234 4615
2963 369 2750
2964 132 1525
2965 1506 266
2966 1255 1927
2967 2757 3032
2968 2545 108
2969 1053 107
2970 684 419
2971 1853 2652
2972 1833 3319
2973 3689 107
2974 651 544
2975 2095 501
2976 1214 5052
2977 2180 1728
2978 470 2172
2979 3801 2260
2980 1020 2344
2981 552 3301
2982 10 4846
2983 1458 3380
2984 3047 1544
2985 1591 5022
2986 2327 2433
2987 5094 4885
2988 470 707
2989 3239 993
2990 5264 3939
2991 6 5218
2992 4366 2814
2993 3879 651
2994 2418 4265
2995 1527 659
2996 1016 1557
2997 2127 823
2998 4484 165
2999 37 696
3000 2222 4103
3001 3213 1367
3002 3952 3788
3003 549 1576
3004 3915 345
3005 1968 3520
3006 55 3124
3007 4088 3237
3008 206 3247
3009 1992 970
3010 774 2986
3011 1409 4102
3012 386 2910
3013 3858 4025
3014 1657 3510
3015 1969 2143
3016 2116 3420
3017 2679 2461
3018 141 3260
3019 4889 1989
3020 4254 922
3021 3285 3831
3022 5260 1049
3023 168 3107
3024 2431 1625
3025 782 3353
3026 572 816
3027 4194 1585
3028 2295 1184
3029 4395 2242
3030 2390 2859
3031 4759 4140
3032 4026 4949
3033 68 2742
3034 1110 619
3035 4083 54
3036 4514 2699
3037 5203 3238
3038 2431 4636
3039 3849 1486
3040 5205 3038
3041 1416 130
3042 252 88
3043 1686 4809
3044 2063 2123
3045 5237 2818
3046 409 2997
3047 416 3583
3048 930 1050
3049 1755 1820
3050 5211 759
3051 1040 3014
3052 554 4068
3053 2639 2281
3054 2739 4846
3055 32 3072
3056 2620 2460
3057 2640 2784
3058 2200 1837
3059 800 4868
3060 2504 206
3061 2960 1312
3062 953 2143
3063 3156 1289
3064 869 998
3065 3449 826
3066 1906 2002
3067 4858 950
3068 4438 867
3069 924 1400
3070 2044 4180
3071 1098 4799
3072 3828 2854
3073 1249 1621
3074 2208 1674
3075 2955 225
3076 412 2705
3077 3409 71
3078 3342 4783
3079 4738 845
3080 4716 977
3081 737 791
3082 2710 2522
3083 4682 230
3084 664 578
3085 5267 2553
3086 1304 1544
3087 1092 2926
3088 273 1870
3089 1481 3130
3090 2989 336
3091 156 1031
3092 4197 3798
3093 1764 1345
3094 2602 4713
3095 3791 4019
3096 904 4691
3097 4212 2650
3098 4975 345
3099 5240 3577
3100 1622 2865
3101 3116 4160
3102 149 286
3103 2077 4052
3104 755 3996
3105 1033 3160
3106 2955 3676
3107 1140 3726
3108 2735 3360
3109 2942 191
3110 2971 2675
3111 3514 4134
3112 3466 2753
3113 969 3585
3114 610 5031
3115 24 2970
3116 3146 247
3117 2874 5011
3118 5133 3134
3119 1295 587
3120 3462 633
3121 5043 908
3122 1023 2735
3123 1109 4075
3124 1788 1219
3125 3024 2106
3126 3923 3853
3127 3436 4379
3128 1164 2691
3129 1353 4806
3130 3106 1470
3131 2903 1405
3132 2143 4451
3133 4577 822
3134 1551 1447
3135 4681 3527
3136 4684 4214
3137 2714 1888
3138 4648 1920
3139 4428 1764
3140 2247 3367
3141 1410 2420
3142 2927 3418
3143 3534 1324
3144 1261 4209
3145 2073 2623
3146 2869 4192
3147 1174 3502
3148 1189 4724
3149 572 51
3150 4994 4072
3151 5108 3262
3152 2258 2397
3153 1233 302
3154 3678 217
3155 1929 3374
3156 806 1087
3157 819 2784
3158 2077 5107
3159 1263 2556
3160 4531 1020
3161 4983 2638
3162 1351 3056
3163 214 3140
3164 5083 1954
3165 3483 2811
3166 2234 2069
3167 4611 4640
3168 364 1366
3169 3540 792
3170 4747 1732
3171 1176 2446
3172 2126 4873
3173 1551 627
3174 4438 4940
3175 2771 3769
3176 3901 774
3177 2420 3263
3178 2798 1753
3179 2882 2917
3180 2067 5019
3181 4729 4997
3182 5066 1688
3183 1085 4745
3184 2436 1993
3185 1910 1952
3186 3770 2177
3187 316 4686
3188 4378 3881
3189 4931 1995
3190 3040 4057
3191 3437 1138
3192 3917 3300
3193 3557 3279
3194 1892 383
3195 4238 1105
3196 4832 2818
3197 877 578
3198 2882 107
3199 1587 2283
3200 4736 3744
3201 183 2282
3202 1286 3061
3203 3692 2763
3204 858 1886
3205 5063 470
3206 4718 4596
3207 5040 2318
3208 1954 3114
3209 1631 3197
3210 232 1188
3211 472 578
3212 1944 2782
3213 3501 3828
3214 3682 2128
3215 4234 1704
3216 2780 1919
3217 250 4773
3218 1105 3919
3219 959 1508
3220 1074 2407
3221 48 1225
3222 3974 5100
3223 5007 1461
3224 1057 5014
3225 4889 924
3226 4511 2819
3227 384 4005
3228 4596 2226
3229 4796 277
3230 3602 4628
3231 1174 1990
3232 4844 958
3233 1581 4076
3234 1118 2987
3235 2630 4403
3236 2770 676
3237 1849 5211
3238 3848 3286
3239 1895 4202
3240 74 241
3241 2199 3662
3242 1995 3098
3243 3357 3992
3244 3974 4834
3245 278 2178
3246 2724 1570
3247 1962 3745
3248 1500 5251
3249 1695 12
3250 1337 2473
3251 1557 4867
3252 1118 1737
3253 4197 3213
3254 1464 2668
3255 449 843
3256 4672 391
3257 2706 880
3258 851 4497
3259 3281 1188
3260 1057 1202
3261 3447 2900
3262 3928 3046
3263 1942 3925
3264 673 3128
3265 3259 3315
3266 2276 313
3267 3880 237
3268 5199 522
3269 1171 578
3270 189 4784
3271 1274 269
3272 4635 525
3273 3744 53
3274 2653 4537
3275 1590 3134
3276 195 3432
3277 4298 2134
3278 527 892
3279 1032 2262
3280 3799 975
3281 1718 2393
3282 4273 2536
3283 4502 4137
3284 2943 1775
3285 4361 1878
3286 2063 3456
3287 624 4743
3288 686 4845
3289 698 315
3290 1233 122
3291 3612 213
3292 2693 3644
3293 2569 1767
3294 995 1455
3295 1891 4231
3296 4467 3309
3297 4761 1837
3298 1072 2657
3299 2219 2492
3300 4906 1274
3301 3474 4491
3302 239 1747
3303 2298 4170
3304 3335 545
3305 4638 2998
3306 4909 838
3307 3436 239
3308 859 1952
3309 1994 2911
3310 119 395
3311 1216 445
3312 2615 1555
3313 4612 2016
3314 5025 5259
3315 398 2781
3316 5084 2319
3317 1608 4550
3318 2356 4869
3319 1154 5208
3320 4239 5040
3321 4281 3389
3322 4865 2610
3323 3168 966
3324 5038 4160
3325 3209 1310
3326 4876 784
3327 741 1923
3328 2698 1079
3329 2762 4351
3330 4932 2405
3331 562 2890
3332 2671 4509
3333 1060 2680
3334 64 922
3335 1215 333
3336 2549 3400
3337 4502 797
3338 4476 1890
3339 95 5214
3340 301 1367
3341 2603 1325
3342 5106 3251
3343 2182 1377
3344 2004 1249
3345 1727 4215
3346 2253 4798
3347 1030 3007
3348 3677 301
3349 4002 1705
3350 4773 3061
3351 3509 3575
3352 108 5173
3353 1336 4296
3354 2816 1397
3355 1345 1615
3356 4883 3200
3357 1712 4243
3358 5139 1856
3359 1758 4831
3360 1194 1860
3361 5048 2154
3362 1925 3055
3363 103 4267
3364 526 4806
3365 793 2526
3366 2041 4357
3367 1269 1262
3368 3957 4520
3369 4680 4079
3370 612 1877
3371 5103 4483
3372 3501 3903
3373 3097 1862
3374 1559 3344
3375 2555 4124
3376 176 1982
3377 1479 2060
3378 462 2305
3379 5245 3009
3380 4824 3764
3381 2072 674
3382 4752 3004
3383 5138 2430
3384 3432 151
3385 4374 1927
3386 4833 2304
3387 2910 3873
3388 57 5236
3389 2098 2162
3390 2466 2625
3391 542 4405
3392 1085 2257
3393 3025 1780
3394 3597 3407
3395 4437 3615
3396 2225 1444
3397 247 1445
3398 3383 16
3399 5128 4222
3400 5222 1736
3401 1821 2969
3402 3015 3123
3403 4391 4980
3404 4796 4116
3405 3322 1338
3406 4771 3847
3407 4975 3057
3408 2331 4428
3409 4611 4331
3410 1755 4773
3411 773 1552
3412 4662 246
3413 2733 646
3414 601 4974
3415 3388 1963
3416 1283 3562
3417 3571 5137
3418 158 4158
3419 839 2933
3420 2012 4301
3421 1862 78
3422 2236 1619
3423 360 232
3424 1105 2421
3425 4481 3241
3426 2141 543
3427 95 2623
3428 409 694
3429 5134 1549
3430 3022 488
3431 1370 3610
3432 2753 2165
3433 1390 5121
3434 4526 3257
3435 953 226
3436 2747 1259
3437 4373 118
3438 1960 5061
3439 972 684
3440 263 4096
3441 753 1803
3442 96 4639
3443 3420 273
3444 4022 1913
3445 4079 237
3446 2421 2256
3447 2125 639
3448 87 2070
3449 899 1128
3450 2661 5213
3451 3344 1656
3452 3309 2569
3453 5022 1274
3454 1007 2063
3455 5054 3693
3456 4211 3078
3457 3114 1384
3458 858 2656
3459 4655 4700
3460 2953 2981
3461 3638 4377
3462 1616 4276
3463 909 4256
3464 1778 4785
3465 1183 1809
3466 2006 2306
3467 654 3571
3468 3378 4549
3469 824 4409
3470 4976 2592
3471 2580 769
3472 321 1659
3473 1190 3254
3474 3538 651
3475 3891 4354
3476 2014 1574
3477 1338 3907
3478 2101 1543
3479 3967 3916
3480 3875 1698
3481 2345 1053
3482 4559 176
3483 1106 4626
3484 736 1641
3485 2656 3194
3486 3011 3632
3487 3230 3834
3488 3865 1406
3489 296 1489
3490 1331 2704
3491 2353 994
3492 4793 2888
3493 324 352
3494 2220 593
3495 4012 4680
3496 1681 2730
3497 1396 3662
3498 2279 4316
3499 3513 4416
3500 5251 1550
3501 190 2887
3502 2187 3161
3503 177 3526
3504 715 4313
3505 3795 1756
3506 4217 1057
3507 1033 301
3508 618 3150
3509 3145 881
3510 2645 1390
3511 1093 3843
3512 4410 1945
3513 488 2653
3514 3910 4257
3515 1188 4165
3516 369 2542
3517 1079 3853
3518 4808 3132
3519 5149 2645
3520 1199 2254
3521 4388 3674
3522 1595 3612
3523 227 4308
3524 3266 839
3525 4454 4996
3526 4343 4898
3527 2807 4443
3528 3568 1396
3529 3947 1953
3530 1059 5193
3531 3706 300
3532 2703 1480
3533 1166 4057
3534 2465 2373
3535 1677 349
3536 230 1044
3537 5190 2644
3538 795 2310
3539 4804 863
3540 1241 2423
3541 605 887
3542 66 3219
3543 1390 607
3544 4574 2415
3545 4289 122
3546 1646 476
3547 2984 3709
3548 2441 2750
3549 4882 693
3550 86 1387
3551 3538 4983
3552 3190 1651
3553 950 1533
3554 3231 4754
3555 3594 2815
3556 402 1958
3557 663 1168
3558 1647 2286
3559 3511 2064
3560 1554 336
3561 3763 3188
3562 4023 270
3563 105 555
3564 712 618
3565 726 716
3566 2424 1677
3567 2729 1994
3568 1197 4319
3569 4397 1285
3570 3046 291
3571 2364 111
3572 3565 4464
3573 56 3692
3574 1489 316
3575 4602 3214
3576 1401 1460
3577 2203 594
3578 5219 2897
3579 723 1999
3580 4313 3291
3581 4569 4566
3582 1217 474
3583 3387 1
3584 4551 323
3585 4762 3894
3586 4274 1490
3587 2533 1751
3588 2253 1400
3589 3482 4389
3590 60 1796
3591 547 1226
3592 866 4945
3593 2761 3911
3594 2762 3557
3595 2697 2721
3596 4156 615
3597 2836 220
3598 1545 3100
3599 4828 2830
3600 4696 3122
3601 1013 3013
3602 236 4966
3603 3672 3227
3604 4877 5053
3605 3144 4361
3606 1778 4644
3607 4633 1312
3608 4192 981
3609 3195 559
3610 1573 2102
3611 3189 2470
3612 2095 4617
3613 1759 1227
3614 3038 68
3615 2695 4243
3616 2866 3693
3617 2533 909
3618 5156 4884
3619 4656 5100
3620 4433 165
3621 1667 3934
3622 1489 210
3623 131 3890
3624 3184 4235
3625 2286 89
3626 4100 5118
3627 2108 1469
3628 2205 723
3629 349 4081
3630 1710 2819
3631 4770 3071
3632 3667 530
3633 1625 900
3634 4437 1677
3635 4131 3135
3636 3710 1696
3637 2694 363
3638 5085 3069
3639 2377 2759
3640 3562 3451
3641 988 1882
3642 2754 2765
3643 2786 3862
3644 3689 4781
3645 1616 4501
3646 5083 4541
3647 2328 3889
3648 4538 4241
3649 1476 1407
3650 939 900
3651 44 3437
3652 1302 2802
3653 358 2492
3654 2469 151
3655 1957 5029
3656 2049 2455
3657 4254 4074
3658 1455 2007
3659 1909 4878
3660 3855 4890
3661 1352 402
3662 1253 4686
3663 4051 3505
3664 1017 188
3665 559 3725
3666 2620 1539
3667 185 896
3668 1471 4159
3669 351 2577
3670 1004 3434
3671 4570 3622
3672 4689 230
3673 4546 4026
3674 3951 1417
3675 733 219
3676 1084 4234
3677 4612 3586
3678 3339 4855
3679 286 1500
3680 4853 973
3681 4109 3104
3682 1448 3578
3683 4552 744
3684 1312 3892
3685 4121 3320
3686 4906 4817
3687 2849 2480
3688 2114 4425
3689 3593 147
3690 3949 2390
3691 3265 1200
3692 4696 2977
3693 3967 2381
3694 3205 1906
3695 4738 225
3696 2521 1049
3697 2107 2263
3698 1585 433
3699 4196 1121
3700 141 3526
3701 2453 226
3702 3080 4291
3703 420 70
3704 2312 3184
3705 1176 611
3706 250 5026
3707 1121 3796
3708 1033 4002
3709 1251 4742
3710 3757 1261
3711 411 1360
3712 1971 5154
3713 1837 3143
3714 596 31
3715 4138 2259
3716 1798 5009
3717 5261 1540
3718 66 3996
3719 206 1755
3720 363 5003
3721 2220 1807
3722 874 1027
3723 4475 2637
3724 2037 4201
3725 1620 418
3726 4751 625
3727 3056 2262
3728 1693 4466
3729 2892 22
3730 1140 1907
3731 3895 3722
3732 4099 3147
3733 1254 1893
3734 2054 649
3735 4907 5128
3736 459 700
3737 988 494
3738 826 1880
3739 2873 4514
3740 794 1564
3741 3689 2438
3742 1175 2825
3743 699 4884
3744 571 2275
3745 4743 4509
3746 1111 4297
3747 5266 2574
3748 1818 4857
3749 99 4533
3750 396 3183
3751 3687 693
3752 1450 2593
3753 1479 5022
3754 4328 1963
3755 4412 886
3756 4302 248
3757 1826 3121
3758 4799 1146
3759 5193 438
3760 865 1146
3761 787 615
3762 4642 4139
3763 2251 3919
3764 664 525
3765 4241 3218
3766 3904 1599
3767 3118 4424
3768 2584 3494
3769 2978 2564
3770 2589 774
3771 686 4087
3772 2999 4363
3773 4258 5229
3774 1545 3382
3775 3168 545
3776 2934 4748
3777 3083 3196
3778 4003 3491
3779 2138 2801
3780 5127 5011
3781 3167 323
3782 1283 2705
3783 3125 682
3784 63 3737
3785 2141 4038
3786 3603 5226
3787 4817 581
3788 1236 2632
3789 3279 3182
3790 535 221
3791 2105 4934
3792 5240 1833
3793 658 4104
3794 3654 138
3795 5100 4599
3796 3606 3130
3797 1371 3393
3798 1669 3296
3799 1788 3418
3800 5150 5225
3801 299 1015
3802 1201 2831
3803 1053 1830
3804 1463 1163
3805 1601 17
3806 854 309
3807 4667 1445
3808 224 2187
3809 523 4486
3810 1461 1109
3811 3515 508
3812 4363 4174
3813 3222 4537
3814 1659 490
3815 4056 3684
3816 857 1571
3817 279 1242
3818 2554 3175
3819 4563 5108
3820 1262 4188
3821 4103 5089
3822 260 4572
3823 2277 2449
3824 3634 2506
3825 4971 589
3826 1532 2743
3827 3724 2129
3828 245 4344
3829 1278 1033
3830 1326 173
3831 4787 1723
3832 5192 798
3833 1338 4129
3834 2966 5157
3835 1643 2899
3836 3409 4678
3837 5006 628
3838 2757 3249
3839 3768 4302
3840 4115 588
3841 3129 4374
3842 2059 1225
3843 2450 2078
3844 2134 5068
3845 3107 5197
3846 5156 4432
3847 1584 4670
3848 4937 1490
3849 3081 4863
3850 5134 2255
3851 3094 2145
3852 1690 3593
3853 698 387
3854 2307 3386
3855 4907 2015
3856 103 4516
3857 1635 4795
3858 4503 840
3859 2812 543
3860 230 1098
3861 338 1747
3862 35 3045
3863 3042 2501
3864 1468 3803
3865 395 830
3866 3542 2458
3867 3678 3166
3868 1503 1846
3869 281 383
3870 3240 191
3871 765 3435
3872 503 1249
3873 5176 4697
3874 3258 5041
3875 1285 5077
3876 2767 5249
3877 292 3269
3878 1315 772
3879 1246 1479
3880 1147 3046
3881 203 3303
3882 2361 4216
3883 432 344
3884 3378 99
3885 4020 5250
3886 4436 4532
3887 3820 3846
3888 2249 1545
3889 2507 2699
3890 111 851
3891 63 331
3892 272 1435
3893 769 4149
3894 4922 5196
3895 1569 97
3896 2702 902
3897 1736 4671
3898 5113 4677
3899 3681 2519
3900 674 4234
3901 3133 2567
3902 4133 4898
3903 4771 1979
3904 2206 4898
3905 3337 4893
3906 795 817
3907 641 2376
3908 4747 1022
3909 595 290
3910 184 3821
3911 4562 769
3912 1134 5218
3913 5251 4792
3914 486 1990
3915 144 4343
3916 3636 2924
3917 5201 3659
3918 3834 2467
3919 3483 4608
3920 610 3659
3921 4887 3756
3922 1002 3351
3923 4287 258
3924 1775 3433
3925 3065 3309
3926 311 2781
3927 688 5238
3928 4209 416
3929 2636 453
3930 2190 1249
3931 1046 3244
3932 4 1753
3933 3491 500
3934 274 1237
3935 4391 200
3936 3366 1146
3937 130 382
3938 2670 2593
3939 2859 931
3940 4835 2778
3941 1486 4791
3942 4820 3941
3943 4235 3354
3944 4281 2286
3945 2612 29
3946 2213 302
3947 3398 567
3948 349 781
3949 3510 2395
3950 4677 937
3951 1842 3368
3952 2790 2245
3953 701 3334
3954 5262 3073
3955 2644 1961
3956 3277 3449
3957 54 1964
3958 895 4893
3959 1294 4702
3960 50 2520
3961 3238 580
3962 2225 968
3963 1689 1109
3964 4423 2996
3965 2399 1590
3966 590 4118
3967 3467 4678
3968 2140 2407
3969 2770 5264
3970 1647 2752
3971 993 1858
3972 1515 1551
3973 540 3647
3974 4190 782
3975 2931 2379
3976 6 4918
3977 3595 217
3978 2106 2623
3979 4371 71
3980 218 1739
3981 618 1248
3982 3005 3792
3983 391 913
3984 4598 950
3985 4208 349
3986 3305 591
3987 971 1908
3988 2061 1855
3989 3918 1600
3990 1537 1268
3991 2558 3947
3992 2497 871
3993 816 4517
3994 5001 2663
3995 2709 2523
3996 2474 3143
3997 1476 4428
3998 2214 4505
3999 1146 5140
4000 3208 3563
4001 3233 1446
4002 4579 4792
4003 3803 5019
4004 263 167
4005 3470 1944
4006 3646 4639
4007 3895 2779
4008 529 2126
4009 153 1324
4010 1722 163
4011 1934 2793
4012 5250 2076
4013 1063 2878
4014 4143 3090
4015 51 2727
4016 1949 3996
4017 915 1857
4018 4907 1179
4019 5211 2885
4020 4230 3253
4021 1068 834
4022 5241 3296
4023 1252 1439
4024 3316 918
4025 4907 1761
4026 2159 1612
4027 629 2104
4028 234 4370
4029 4738 2907
4030 559 2647
4031 2417 599
4032 4728 1219
4033 491 3027
4034 4229 5220
4035 221 5108
4036 1389 1349
4037 3728 2368
4038 2696 3473
4039 4522 2968
4040 3512 3426
4041 3594 1040
4042 2042 516
4043 1951 2153
4044 1065 4592
4045 1247 657
4046 8 856
4047 3463 4329
4048 1191 3343
4049 958 357
4050 3457 2438
4051 120 3657
4052 4770 2747
4053 3685 3
4054 1602 4836
4055 1818 1489
4056 1266 438
4057 4539 20
4058 5169 1915
4059 4235 3288
4060 2055 1858
4061 4413 3861
4062 1001 2343
4063 7 35
4064 1989 796
4065 1184 158
4066 2179 4558
4067 1982 4963
4068 978 3799
4069 4733 2909
4070 3249 482
4071 2785 2613
4072 1244 4250
4073 3576 4726
4074 3474 4285
4075 3294 2212
4076 1359 2122
4077 1587 1368
4078 3020 1513
4079 5129 661
4080 4658 4361
4081 3359 4052
4082 1633 3223
4083 4478 3565
4084 3367 1961
4085 2301 1845
4086 40 4440
4087 4003 3710
4088 5070 3054
4089 2832 3454
4090 403 1826
4091 4782 3668
4092 2327 3051
4093 4518 1185
4094 3076 2693
4095 3031 4288
4096 2540 3020
4097 3132 519
4098 1733 3436
4099 313 2723
4100 4609 2675
4101 2232 5106
4102 1838 1264
4103 1353 4248
4104 3074 2427
4105 3164 2505
4106 4026 3252
4107 1288 3484
4108 2293 5031
4109 2605 678
4110 975 1815
4111 3569 3053
4112 2889 3133
4113 3593 170
4114 2217 2960
4115 4868 2521
4116 2574 4245
4117 854 1428
4118 4813 4682
4119 4004 1873
4120 4772 3098
4121 3477 987
4122 2305 1319
4123 4636 2557
4124 4256 158
4125 254 2859
4126 2769 5201
4127 1240 2407
4128 521 3921
4129 2437 4124
4130 4474 2378
4131 4652 76
4132 1948 4247
4133 4913 530
4134 1519 774
4135 3467 4567
4136 3116 5075
4137 3702 3181
4138 1811 317
4139 73 4084
4140 1751 2031
4141 4720 99
4142 3321 3213
4143 3826 1179
4144 2338 5028
4145 681 1037
4146 322 5097
4147 1285 5137
4148 3223 1832
4149 4539 3787
4150 4263 4116
4151 1567 860
4152 3826 72
4153 1349 902
4154 3666 946
4155 323 2817
4156 3376 2447
4157 230 2779
4158 762 724
4159 3748 2797
4160 509 4226
4161 4486 1696
4162 3164 2010
4163 3254 4555
4164 872 3669
4165 3254 111
4166 1800 487
4167 1255 835
4168 2477 4754
4169 4813 1000
4170 106 778
4171 4367 3377
4172 18 1192
4173 209 3544
4174 1972 2459
4175 3271 5217
4176 5234 859
4177 1785 300
4178 1025 2643
4179 2539 786
4180 303 2192
4181 335 2841
4182 3792 1868
4183 2282 2687
4184 991 5267
4185 4260 3810
4186 4267 2508
4187 628 3763
4188 4043 4424
4189 1472 2508
4190 1286 2452
4191 3282 1602
4192 764 5234
4193 3083 343
4194 4658 1710
4195 285 3184
4196 437 4917
4197 4796 2988
4198 1616 1305
4199 4378 3259
4200 1688 1017
4201 3718 2471
4202 4589 2261
4203 3650 2451
4204 1395 2915
4205 1856 3132
4206 5230 3979
4207 3972 4843
4208 2220 2412
4209 657 2718
4210 4708 2019
4211 1060 497
4212 4037 2829
4213 2150 2476
4214 1136 4060
4215 626 3993
4216 3842 78
4217 668 1035
4218 1021 2433
4219 928 2985
4220 644 4819
4221 2050 2359
4222 2048 3070
4223 710 3106
4224 4716 1253
4225 3617 4774
4226 1717 3253
4227 1637 2349
4228 3251 3146
4229 15 4279
4230 474 1731
4231 2667 3833
4232 4829 4529
4233 1187 13
4234 1580 1822
4235 2636 4116
4236 2044 4729
4237 3087 3923
4238 888 405
4239 1005 1992
4240 3768 501
4241 2164 4233
4242 4762 3799
4243 389 4182
4244 1169 2970
4245 4061 4178
4246 2846 427
4247 3336 1522
4248 3571 2213
4249 4805 2582
4250 126 3671
4251 3589 5069
4252 3951 5230
4253 2434 3894
4254 2008 1105
4255 3423 480
4256 3530 2
4257 2186 5138
4258 2342 1893
4259 4382 764
4260 3102 505
4261 4019 1976
4262 2578 4961
4263 512 399
4264 3040 4302
4265 3834 134
4266 880 1210
4267 1347 747
4268 2823 1764
4269 877 1011
4270 1368 2577
4271 1709 2148
4272 3966 3469
4273 1205 4336
4274 1567 3865
4275 3495 4765
4276 1923 3092
4277 42 4268
4278 238 1211
4279 4888 1307
4280 3632 3608
4281 5125 3218
4282 2618 355
4283 2163 2336
4284 786 3711
4285 1373 1009
4286 1848 2077
4287 1747 5103
4288 2461 1057
4289 1884 873
4290 2272 3529
4291 3868 689
4292 2594 392
4293 3842 2886
4294 2166 3081
4295 581 2588
4296 401 463
4297 3037 3498
4298 496 454
4299 4498 2718
4300 2190 2091
4301 339 605
4302 5004 1981
4303 3454 3803
4304 451 302
4305 2646 4237
4306 1351 2792
4307 4526 3307
4308 3584 3569
4309 5251 109
4310 5135 271
4311 333 1239
4312 488 892
4313 52 110
4314 3008 3000
4315 1992 4641
4316 3070 1861
4317 484 1685
4318 1677 3366
4319 4222 753
4320 3214 1598
4321 5229 3209
4322 4236 2265
4323 143 2666
4324 4909 4957
4325 1074 2704
4326 3443 2262
4327 847 4119
4328 3863 1955
4329 4263 4926
4330 4958 4746
4331 1570 2406
4332 1004 838
4333 3717 4215
4334 165 4188
4335 1893 4198
4336 4267 493
4337 2535 2280
4338 2200 4705
4339 2330 3271
4340 4687 4880
4341 1975 4979
4342 4729 2578
4343 1103 932
4344 5158 2958
4345 269 2691
4346 504 4590
4347 1894 4305
4348 5190 4828
4349 1959 5087
4350 2175 4075
4351 27 5228
4352 2798 1202
4353 3623 5167
4354 999 1027
4355 244 712
4356 3260 1789
4357 4979 5263
4358 4768 5129
4359 3976 5231
4360 547 3634
4361 37 3255
4362 4708 2428
4363 1399 2618
4364 1844 807
4365 3289 2241
4366 3968 4804
4367 3787 1824
4368 2513 123
4369 4591 4946
4370 5068 786
4371 4570 1595
4372 1368 5101
4373 3545 2258
4374 4426 4286
4375 1102 574
4376 1268 16
4377 1902 5152
4378 1985 980
4379 3091 642
4380 5082 3673
4381 3973 2237
4382 4600 1583
4383 2971 1159
4384 2922 1170
4385 734 4461
4386 559 2165
4387 95 637
4388 827 2428
4389 3164 987
4390 2101 216
4391 2672 3763
4392 3821 5052
4393 5218 2697
4394 3599 1667
4395 1033 4443
4396 2594 1249
4397 2448 4439
4398 659 1157
4399 4787 4461
4400 3936 4562
4401 4860 1186
4402 3921 2727
4403 4823 595
4404 4999 2886
4405 491 3399
4406 3108 3949
4407 1223 2753
4408 3960 3934
4409 5095 5237
4410 2535 5084
4411 3254 636
4412 3552 1717
4413 3446 2841
4414 3216 1410
4415 2233 1072
4416 3567 2226
4417 3775 3505
4418 3926 4479
4419 317 582
4420 2512 3179
4421 769 3102
4422 2046 4811
4423 4873 4080
4424 1956 1065
4425 1790 942
4426 4438 4787
4427 1743 1978
4428 3539 843
4429 1036 1205
4430 2086 3516
4431 2266 62
4432 3199 500
4433 1793 1602
4434 3836 563
4435 211 2480
4436 2325 434
4437 4997 1172
4438 5029 1843
4439 2935 1240
4440 305 4245
4441 3001 3557
4442 790 1070
4443 4751 4749
4444 3807 3534
4445 850 218
4446 4547 936
4447 1081 4558
4448 2319 402
4449 4724 4137
4450 4437 929
4451 954 3381
4452 5078 2745
4453 2361 2032
4454 1712 5153
4455 3279 5167
4456 753 618
4457 491 4499
4458 537 2999
4459 1723 3876
4460 2562 5257
4461 4274 471
4462 740 3938
4463 3561 528
4464 4931 1552
4465 1975 1564
4466 4047 3689
4467 2418 4295
4468 2421 520
4469 2324 613
4470 3803 2941
4471 3686 2066
4472 2000 5250
4473 5155 1976
4474 4202 4149
4475 2958 34
4476 2530 1906
4477 202 1777
4478 2859 4534
4479 383 3062
4480 309 1693
4481 1403 523
4482 3101 3830
4483 4924 4880
4484 1738 1552
4485 2538 464
4486 3580 5015
4487 4682 1996
4488 4292 3836
4489 4386 3491
4490 3418 3896
4491 3394 4234
4492 2243 1483
4493 2611 878
4494 1372 2151
4495 3749 1377
4496 1497 1972
4497 5003 1136
4498 1388 4435
4499 2149 2978
4500 1423 1221
4501 2829 912
4502 4833 2248
4503 824 3123
4504 3681 603
4505 4709 5229
4506 2011 2610
4507 2540 1614
4508 1779 3703
4509 147 836
4510 3529 191
4511 2259 4418
4512 4513 982
4513 453 3895
4514 3794 2018
4515 1733 2645
4516 942 4722
4517 598 509
4518 1314 28
4519 4079 2946
4520 4861 879
4521 1983 304
4522 1802 1662
4523 1505 16
4524 3440 4582
4525 3562 3938
4526 594 754
4527 774 1675
4528 1648 714
4529 508 5076
4530 3338 509
4531 3521 3141
4532 163 4163
4533 16 2979
4534 4705 4737
4535 4634 2878
4536 1236 1024
4537 4781 2812
4538 2819 2271
4539 4142 663
4540 3508 3534
4541 4702 683
4542 4265 1671
4543 2308 1220
4544 4375 142
4545 1991 3150
4546 2256 3688
4547 1391 84
4548 1175 3290
4549 533 4853
4550 840 381
4551 1842 2987
4552 122 4240
4553 471 4994
4554 3088 917
4555 1920 2278
4556 4612 1545
4557 4676 4172
4558 863 622
4559 4376 3358
4560 1192 3252
4561 3895 2910
4562 1460 52
4563 4804 2401
4564 48 3302
4565 1947 4858
4566 1728 142
4567 4897 1518
4568 2816 168
4569 4942 2435
4570 1137 814
4571 4862 2913
4572 4506 4146
4573 3796 1055
4574 2880 3380
4575 3797 3598
4576 3898 473
4577 969 4249
4578 2364 649
4579 2120 3009
4580 1494 2377
4581 2785 3921
4582 1093 561
4583 3510 4081
4584 1148 1104
4585 2341 16
4586 3562 3412
4587 2363 1567
4588 197 4458
4589 5222 4239
4590 2233 2057
4591 1960 223
4592 2463 292
4593 3647 545
4594 4380 4215
4595 4846 3543
4596 1909 264
4597 1449 5164
4598 730 3977
4599 2505 3927
4600 186 510
4601 4187 2988
4602 3269 2911
4603 2372 687
4604 1456 2443
4605 3746 1795
4606 1203 3273
4607 28 704
4608 1917 405
4609 480 210
4610 1004 1095
4611 3391 4289
4612 3357 1261
4613 4930 4519
4614 4554 4337
4615 4184 3495
4616 4922 3962
4617 1945 695
4618 4206 3903
4619 455 3667
4620 343 313
4621 453 3929
4622 744 1813
4623 1439 3597
4624 4244 754
4625 1654 2167
4626 2515 736
4627 770 3035
4628 734 3668
4629 4287 114
4630 21 707
4631 1902 2727
4632 2644 2800
4633 5060 3933
4634 4876 3266
4635 4311 2690
4636 3982 3000
4637 5019 3788
4638 4612 5147
4639 1836 3812
4640 1286 3534
4641 3041 4561
4642 5029 280
4643 2276 342
4644 552 942
4645 2141 517
4646 1913 4369
4647 2984 2042
4648 3262 4125
4649 1775 25
4650 159 20
4651 3310 4397
4652 638 4171
4653 2473 2458
4654 4695 1340
4655 2583 4302
4656 1771 145
4657 2210 4292
4658 367 1307
4659 3111 3663
4660 1477 477
4661 2139 2984
4662 309 4696
4663 2833 1655
4664 1956 4244
4665 2435 3014
4666 2869 1283
4667 1932 2392
4668 55 5016
4669 3391 5049
4670 2101 1686
4671 1373 4372
4672 3138 47
4673 1204 3903
4674 1932 4102
4675 2370 997
4676 3251 699
4677 4828 1696
4678 2070 2132
4679 2578 2258
4680 3693 4690
4681 2602 2792
4682 4090 4627
4683 984 148
4684 2512 3023
4685 1266 3060
4686 1881 1515
4687 1618 831
4688 2073 4409
4689 788 567
4690 3016 1233
4691 3721 3045
4692 2571 4579
4693 3067 3574
4694 4022 411
4695 2645 897
4696 1003 1471
4697 5 4964
4698 1152 1059
4699 2873 3230
4700 4567 1377
4701 4601 1875
4702 1345 3106
4703 4205 4945
4704 3907 4757
4705 2757 74
4706 4983 250
4707 1891 375
4708 1799 2678
4709 600 777
4710 3960 824
4711 938 4957
4712 328 1089
4713 498 4965
4714 597 2514
4715 4037 3696
4716 3851 2537
4717 1371 4952
4718 1749 2639
4719 1759 962
4720 385 811
4721 533 1021
4722 304 2813
4723 2596 2815
4724 1402 1791
4725 2872 1647
4726 2478 389
4727 5204 70
4728 2090 3374
4729 887 3403
4730 81 848
4731 3659 3942
4732 2516 1823
4733 3275 5115
4734 1876 3240
4735 3634 3398
4736 4727 3728
4737 4374 3053
4738 4650 3335
4739 313 3034
4740 1097 5012
4741 3988 445
4742 2968 3069
4743 733 2136
4744 4813 2839
4745 2653 4233
4746 2351 2425
4747 1373 2719
4748 816 1393
4749 1484 3801
4750 336 2614
4751 4500 3189
4752 761 3538
4753 4483 1596
4754 2577 4325
4755 981 593
4756 1675 1877
4757 3197 515
4758 2228 1462
4759 1440 2333
4760 3975 163
4761 3503 1918
4762 1264 1774
4763 2534 1548
4764 3525 1536
4765 1031 525
4766 3805 4736
4767 2926 3439
4768 2033 2382
4769 4452 2989
4770 3664 5167
4771 5248 4244
4772 4325 3428
4773 774 2812
4774 1002 378
4775 4056 1026
4776 4844 100
4777 5141 686
4778 3340 4961
4779 3554 602
4780 1831 4112
4781 2702 5241
4782 1823 595
4783 4344 3604
4784 1411 3976
4785 4096 2930
4786 2653 2799
4787 4141 2135
4788 3071 1195
4789 2138 1091
4790 3980 358
4791 491 2031
4792 1398 4854
4793 2728 545
4794 5058 944
4795 1294 2354
4796 1983 2691
4797 3036 1930
4798 2541 281
4799 2951 1788
4800 2228 3742
4801 812 3442
4802 1206 4549
4803 356 2145
4804 4698 4771
4805 4342 2998
4806 3988 644
4807 4183 1867
4808 1527 1243
4809 2312 2554
4810 1574 1907
4811 3607 1980
4812 3059 2955
4813 4868 819
4814 3393 5022
4815 5080 2993
4816 1120 1651
4817 2411 2792
4818 2635 2932
4819 3928 3236
4820 579 3092
4821 191 2564
4822 1920 1475
4823 3823 3475
4824 684 4684
4825 1104 576
4826 2530 629
4827 1159 3376
4828 2242 469
4829 367 3798
4830 4611 1236
4831 1706 2154
4832 2895 1541
4833 4216 2128
4834 2980 3830
4835 3791 4844
4836 124 1328
4837 3448 4263
4838 321 1795
4839 4357 1352
4840 1813 548
4841 1930 3510
4842 1582 281
4843 3848 3819
4844 87 3590
4845 834 290
4846 3956 389
4847 1210 424
4848 3367 786
4849 2573 2967
4850 1757 4727
4851 4460 2085
4852 1450 5073
4853 4845 3550
4854 5001 4516
4855 1792 1008
4856 1842 979
4857 4047 3197
4858 4576 2057
4859 947 2208
4860 2814 2314
4861 3460 2997
4862 4280 4408
4863 3033 3552
4864 2870 1775
4865 3095 1460
4866 602 1812
4867 362 4062
4868 4899 1090
4869 4381 4024
4870 48 37
4871 1975 3163
4872 3363 4561
4873 642 1243
4874 225 2409
4875 280 1363
4876 3061 4697
4877 2810 470
4878 697 3382
4879 1794 3102
4880 3962 3879
4881 54 3519
4882 5097 514
4883 5156 3868
4884 671 4067
4885 3081 3239
4886 2138 4486
4887 4109 3062
4888 3630 2058
4889 3560 1452
4890 3413 1083
4891 1880 3433
4892 956 3409
4893 3394 3388
4894 1655 3056
4895 1956 976
4896 885 1622
4897 5235 4422
4898 4369 845
4899 655 1487
4900 1123 2762
4901 4140 2096
4902 2103 2691
4903 279 1698
4904 1439 1146
4905 2766 2261
4906 4327 4770
4907 1636 971
4908 1151 3231
4909 3649 575
4910 768 4909
4911 1335 4823
4912 5237 4614
4913 4418 3939
4914 202 3811
4915 2567 3801
4916 3197 3996
4917 1239 2544
4918 3431 2235
4919 1128 3982
4920 4232 3976
4921 3910 3625
4922 3518 1229
4923 481 521
4924 3423 1805
4925 4185 2986
4926 3837 1551
4927 1170 5130
4928 2194 661
4929 3190 2888
4930 3599 3853
4931 21 4652
4932 1940 1498
4933 3743 2313
4934 724 4136
4935 789 4762
4936 3566 967
4937 1977 3106
4938 3184 3270
4939 5066 4303
4940 3356 1315
4941 3194 1544
4942 4799 578
4943 1326 2253
4944 707 221
4945 1746 4289
4946 4985 1679
4947 2529 653
4948 1040 2938
4949 2111 4776
4950 1919 1014
4951 2561 2807
4952 4233 3363
4953 4665 3909
4954 2377 2473
4955 266 2178
4956 1053 3224
4957 2183 4503
4958 392 4840
4959 968 1617
4960 4382 191
4961 3600 3966
4962 1025 4943
4963 1948 582
4964 1140 3570
4965 2487 1518
4966 4238 4126
4967 2626 2630
4968 2709 3578
4969 3740 3869
4970 4769 808
4971 50 761
4972 5262 26
4973 3689 765
4974 1837 2378
4975 4983 3851
4976 268 4312
4977 1601 5209
4978 2870 3513
4979 446 179
4980 4426 1371
4981 1498 4429
4982 3579 1672
4983 5181 3273
4984 2964 3841
4985 2527 1194
4986 4468 4216
4987 3029 727
4988 2898 4570
4989 4850 685
4990 248 4457
4991 4044 4114
4992 1014 938
4993 4285 1822
4994 1096 620
4995 4762 2079
4996 2476 4133
4997 4363 1247
4998 2760 2311
4999 3186 4254
5000 4096 2686
5001 2407 2239
5002 3647 3829
5003 1845 2547
5004 4181 1485
5005 2682 2152
5006 4199 1793
5007 2112 2160
5008 2706 1753
5009 3577 344
5010 3058 495
5011 2155 1147
5012 4220 4940
5013 2191 1841
5014 301 3337
5015 2889 298
5016 3305 893
5017 3484 4337
5018 3156 17
5019 4721 1899
5020 2772 1026
5021 5088 1811
5022 1686 80
5023 1301 1667
5024 1362 4203
5025 3643 2418
5026 4247 800
5027 265 291
5028 3858 1891
5029 2249 2466
5030 494 4864
5031 443 4032
5032 4137 3113
5033 1618 3576
5034 1372 3543
5035 1078 207
5036 2119 1503
5037 4714 1947
5038 931 4395
5039 52 1516
5040 961 5009
5041 2576 2021
5042 659 4317
5043 85 4043
5044 107 4730
5045 5260 5021
5046 3333 2737
5047 1849 4037
5048 1144 3410
5049 112 538
5050 1769 3938
5051 4161 990
5052 2627 1182
5053 3943 4748
5054 4240 4324
5055 4823 388
5056 1288 170
5057 2469 4043
5058 2095 1990
5059 763 3898
5060 2622 2541
5061 3581 3739
5062 1070 5016
5063 1187 4499
5064 1643 4986
5065 2144 4422
5066 4198 2274
5067 1317 675
5068 1654 1051
5069 913 5208
5070 2055 1669
5071 296 2708
5072 233 770
5073 3463 3885
5074 1901 2718
5075 3046 4662
5076 5179 2941
5077 2957 4914
5078 4565 1975
5079 2381 692
5080 510 1604
5081 1375 2099
5082 4213 1295
5083 2569 4881
5084 4523 222
5085 3032 1668
5086 1601 2204
5087 4366 3986
5088 1351 4803
5089 4429 4413
5090 4935 2417
5091 5156 5197
5092 3097 2960
5093 89 1906
5094 3423 4817
5095 4536 2348
5096 2414 1437
5097 4179 746
5098 3140 1773
5099 2582 3890
5100 672 2357
5101 1092 4057
5102 62 4456
5103 4912 4801
5104 4004 825
5105 2287 156
5106 747 3267
5107 3468 45
5108 3312 2348
5109 2771 4258
5110 584 4195
5111 4232 2716
5112 4856 4367
5113 998 4466
5114 3278 882
5115 2887 4744
5116 3995 4442
5117 3399 2275
5118 868 2212
5119 4920 935
5120 2682 4165
5121 2076 671
5122 2088 883
5123 4671 31
5124 2618 1278
5125 2184 2629
5126 2938 474
5127 2620 4235
5128 1140 160
5129 4373 4899
5130 4451 4362
5131 4320 975
5132 3578 1123
5133 1648 2405
5134 3825 3092
5135 4854 4461
5136 517 107
5137 2764 2586
5138 1128 120
5139 770 1796
5140 1181 2175
5141 5197 3391
5142 4359 2109
5143 3599 1580
5144 4226 3060
5145 2673 4127
5146 4014 2673
5147 1066 4017
5148 127 4900
5149 4366 5160
5150 3297 2878
5151 4481 3190
5152 2865 3679
5153 2048 5194
5154 1552 3860
5155 502 628
5156 243 3765
5157 3891 2749
5158 3819 453
5159 3950 1584
5160 4771 2532
5161 4070 2309
5162 4415 105
5163 1279 3556
5164 4134 726
5165 3000 2912
5166 564 176
5167 1043 1902
5168 3792 3986
5169 944 1273
5170 4573 847
5171 4339 5132
5172 3741 4050
5173 1913 2078
5174 788 689
5175 4350 2169
5176 3222 3130
5177 4248 1800
5178 4483 4924
5179 47 2587
5180 3117 3772
5181 1708 772
5182 2004 2155
5183 1623 3346
5184 1885 5218
5185 3317 1610
5186 2511 758
5187 3810 1007
5188 4997 308
5189 5080 830
5190 3278 3258
5191 4776 1053
5192 427 4558
5193 5186 4180
5194 2868 1866
5195 3447 1609
5196 4921 989
5197 401 4221
5198 2128 1852
5199 241 3182
5200 4370 300
5201 544 4526
5202 4472 4875
5203 4879 2401
5204 3004 780
5205 2129 4777
5206 2842 209
5207 2683 4672
5208 4725 4651
5209 1172 4514
5210 2170 1192
5211 2198 2743
5212 2658 3805
5213 1164 537
5214 3515 3842
5215 1909 5113
5216 2594 3663
5217 1982 1149
5218 128 346
5219 1125 2855
5220 4249 2446
5221 5048 3106
5222 2546 4520
5223 4219 3454
5224 330 519
5225 2649 2359
5226 1366 2001
5227 304 1491
5228 378 4140
5229 4808 3721
5230 3301 3154
5231 397 950
5232 3434 2664
5233 2882 3590
5234 59 1667
5235 2386 1657
5236 2778 410
5237 498 715
5238 1836 1521
5239 3615 1136
5240 4622 2531
5241 1832 3593
5242 1553 2567
5243 5192 4372
5244 1381 3729
5245 3778 1323
5246 4391 2917
5247 3911 1087
5248 856 5013
5249 5258 2102
5250 2978 3251
5251 2461 2016
5252 4727 3039
5253 1368 576
5254 5252 2742
5255 4946 1933
5256 4437 1081
5257 3646 2779
5258 2037 1688
5259 686 4864
5260 651 4734
5261 3230 54
5262 123 836
5263 1854 4707
5264 916 4184
5265 2285 3799
5266 3978 3485
5267 401 4641
5268 1494 5139
5269 3933 3741
5270 4322 2604
