2620 2620
1 1264 926
2 1228 1865
3 227 2155
4 938 1955
5 1879 771
6 1760 2016
7 2171 488
8 1224 2414
9 817 255
10 1146 1091
11 1263 1559
12 355 1705
13 412 808
14 1775 2447
15 1861 1404
16 1462 941
17 2322 1837
18 899 63
19 622 2093
20 2238 802
21 1172 1958
22 1756 287
23 2522 2094
24 1400 1480
25 1747 858
26 1197 1180
27 1388 1921
28 313 2123
29 1054 2043
30 2436 306
31 60 71
32 1962 2332
33 2002 2010
34 1753 1829
35 1912 1549
36 1026 713
37 2257 2509
38 137 1057
39 2422 2440
40 198 553
41 1832 2595
42 875 1094
43 653 22
44 1992 874
45 25 2111
46 570 1592
47 339 1211
48 1771 1222
49 685 1893
50 1449 1343
51 2078 348
52 781 734
53 1766 2307
54 1385 1684
55 2155 971
56 2201 2006
57 2111 2569
58 11 375
59 648 497
60 2186 1407
61 483 871
62 840 1868
63 1984 1955
64 2038 1067
65 142 486
66 1955 2222
67 1118 150
68 2095 2077
69 1636 1190
70 1195 1107
71 1406 295
72 1174 2518
73 1103 422
74 1418 1437
75 2403 740
76 1335 1405
77 1778 682
78 1703 786
79 2422 1236
80 2279 2216
81 2136 1944
82 1688 433
83 1017 1831
84 1310 1588
85 1173 128
86 785 2347
87 513 2272
88 2421 2265
89 2562 840
90 1699 335
91 2361 1197
92 868 756
93 1956 2493
94 718 830
95 1064 1186
96 1777 724
97 1965 2408
98 716 1273
99 1867 1570
100 1064 905
101 2407 10
102 552 2110
103 581 1409
104 497 2264
105 2443 605
106 475 2490
107 278 313
108 689 225
109 1715 1856
110 2302 2077
111 1928 461
112 2133 2603
113 1484 1846
114 794 1132
115 1797 41
116 1073 1176
117 2116 1568
118 1179 2551
119 2043 584
120 1390 458
121 678 251
122 1638 1725
123 1842 951
124 1653 87
125 521 770
126 823 2195
127 569 2281
128 1986 1641
129 2613 1398
130 1419 492
131 2281 2298
132 2078 511
133 2422 1501
134 1090 2054
135 2109 631
136 1705 907
137 1174 1522
138 323 2592
139 1697 2573
140 437 202
141 456 1117
142 1452 354
143 1131 1150
144 2401 1691
145 2060 792
146 1191 45
147 1541 914
148 1894 1812
149 1488 339
150 471 580
151 13 1603
152 1654 1943
153 1301 804
154 2471 1959
155 1675 2561
156 1272 2563
157 1079 2035
158 1897 2472
159 554 1303
160 153 2168
161 509 2219
162 1653 693
163 1143 705
164 727 2287
165 1489 1036
166 1084 884
167 917 1403
168 1180 1519
169 1110 891
170 1317 2147
171 388 173
172 263 2213
173 613 2509
174 1519 1612
175 382 2281
176 939 2073
177 1292 1221
178 797 2262
179 693 1862
180 1058 2602
181 2011 2553
182 1213 658
183 1491 1173
184 1216 1010
185 2010 1841
186 902 411
187 2416 375
188 1069 240
189 1296 1439
190 1402 130
191 1632 184
192 2291 1281
193 2565 1076
194 888 2095
195 522 2431
196 1157 1683
197 1373 1110
198 2087 1791
199 458 1195
200 1133 1341
201 1487 2296
202 457 2116
203 1187 855
204 551 1228
205 1479 189
206 297 1995
207 698 844
208 144 1800
209 2512 2325
210 2002 1733
211 325 2290
212 352 1949
213 579 630
214 53 2397
215 1109 2371
216 1328 1691
217 1042 2073
218 867 2320
219 1373 2431
220 1761 194
221 834 39
222 45 2162
223 1237 157
224 1939 1274
225 673 1440
226 1918 271
227 1820 608
228 286 1421
229 1917 1007
230 1045 807
231 2226 2123
232 1857 824
233 2203 2159
234 719 246
235 443 2550
236 986 781
237 1717 2112
238 153 1004
239 1065 2386
240 1747 2136
241 1857 1340
242 1397 2257
243 2174 937
244 2300 285
245 2535 2011
246 2128 2126
247 1952 1075
248 2579 892
249 2579 2132
250 363 527
251 1795 459
252 2035 2342
253 2600 881
254 1854 1759
255 19 1860
256 2525 2453
257 1746 2171
258 1594 1972
259 539 2169
260 2226 2192
261 2229 1967
262 804 2452
263 487 361
264 1686 1084
265 1168 1446
266 1760 1481
267 1663 1191
268 623 2412
269 1983 1178
270 1464 21
271 1209 1311
272 1648 2425
273 1 43
274 1406 439
275 743 2411
276 2159 2547
277 2152 1699
278 1465 2076
279 2599 364
280 1015 63
281 911 730
282 704 1599
283 2245 1170
284 2607 695
285 1015 1111
286 2298 710
287 617 31
288 1501 1837
289 1587 1429
290 1416 1478
291 2030 1608
292 2599 148
293 2154 619
294 2295 1431
295 684 647
296 2170 2609
297 2193 1820
298 2571 913
299 1195 1240
300 1802 1719
301 906 1360
302 1392 2424
303 1445 512
304 252 20
305 2270 909
306 1241 1333
307 1716 1540
308 1124 1270
309 2152 602
310 580 2523
311 2222 1319
312 1174 2607
313 1512 2448
314 1252 2287
315 731 204
316 2201 1701
317 277 1120
318 1456 65
319 2387 1805
320 2296 2386
321 1868 730
322 2185 301
323 1793 583
324 1607 2549
325 2126 822
326 1795 2263
327 993 448
328 1644 2604
329 1930 297
330 1516 2194
331 2547 1287
332 2251 280
333 433 2124
334 315 480
335 170 923
336 2609 796
337 1516 474
338 1999 253
339 2254 313
340 2347 1462
341 2049 293
342 34 1752
343 658 1813
344 1688 2112
345 2 2049
346 1959 1302
347 2422 1726
348 170 664
349 48 2000
350 72 1578
351 1402 627
352 2397 2413
353 1049 891
354 1416 1909
355 2525 1450
356 1405 1600
357 663 532
358 1526 2272
359 1619 1880
360 1693 1520
361 1536 2490
362 1536 417
363 776 554
364 1691 1590
365 1848 912
366 601 1478
367 319 234
368 2593 813
369 1697 1250
370 235 2290
371 1435 1381
372 456 863
373 654 351
374 2378 74
375 1061 1603
376 523 726
377 559 201
378 891 1925
379 13 10
380 1804 1413
381 1943 1524
382 2138 1096
383 964 1011
384 1248 2257
385 2095 2063
386 2565 2539
387 1089 1951
388 2194 1940
389 2149 989
390 1714 2066
391 2065 2447
392 651 509
393 281 1502
394 993 1817
395 681 1509
396 469 1949
397 531 1103
398 40 1597
399 1579 709
400 16 707
401 907 1066
402 1065 1392
403 1661 236
404 2515 534
405 63 2312
406 312 977
407 1941 2472
408 297 1190
409 1389 820
410 622 1574
411 1328 514
412 2545 1907
413 1675 747
414 1831 371
415 1096 315
416 285 230
417 809 2442
418 1856 1710
419 145 1788
420 2216 2341
421 1150 1442
422 634 1554
423 2535 1610
424 68 1351
425 651 289
426 209 231
427 2558 2114
428 889 906
429 387 138
430 2294 301
431 393 2618
432 1848 451
433 521 2397
434 2302 1360
435 2047 2151
436 533 870
437 417 1880
438 1592 2153
439 2506 301
440 269 1703
441 139 627
442 1839 948
443 391 169
444 2445 2026
445 858 1425
446 521 492
447 1115 470
448 281 1912
449 191 2217
450 90 2262
451 1797 32
452 1637 2203
453 760 510
454 2459 51
455 1205 820
456 899 2543
457 590 2435
458 131 1857
459 2055 891
460 2044 1327
461 742 1396
462 2534 1594
463 1650 1659
464 1335 2008
465 1251 487
466 1164 89
467 2374 1252
468 281 275
469 1191 591
470 1574 595
471 1298 748
472 399 2385
473 254 953
474 1874 1339
475 2370 520
476 854 1022
477 1738 666
478 282 554
479 1078 1417
480 1342 375
481 1286 2202
482 1350 1096
483 882 1659
484 28 1591
485 786 61
486 223 121
487 900 2157
488 817 623
489 1288 452
490 1116 533
491 761 2335
492 2324 178
493 262 1024
494 1836 1028
495 1792 759
496 244 110
497 526 432
498 777 51
499 1721 229
500 1627 473
501 2525 1974
502 119 1781
503 1439 1023
504 1312 1437
505 672 1138
506 1416 827
507 1290 1082
508 446 1396
509 690 1519
510 2486 1681
511 1634 1174
512 1622 1200
513 1852 2551
514 1232 1015
515 2086 466
516 210 1232
517 1664 43
518 2012 2336
519 1123 1798
520 740 1985
521 1983 1837
522 1490 2494
523 2183 1091
524 751 291
525 859 1077
526 576 24
527 470 2146
528 2263 634
529 349 97
530 945 1762
531 1195 2397
532 1156 1196
533 2603 1032
534 1770 1413
535 1472 253
536 311 305
537 963 2514
538 1744 741
539 2354 2071
540 1900 2435
541 1287 1126
542 1307 349
543 1474 1011
544 2557 114
545 1607 168
546 1164 246
547 1576 100
548 389 2482
549 618 1033
550 2189 109
551 750 565
552 2254 1841
553 1246 393
554 283 212
555 1377 289
556 2284 2540
557 2523 320
558 1123 1921
559 656 2217
560 1300 930
561 2096 628
562 2170 1163
563 1207 2549
564 62 1513
565 1530 2585
566 1183 2387
567 569 2178
568 640 1103
569 1322 1766
570 2182 1780
571 878 1747
572 1320 71
573 1231 1174
574 739 267
575 1282 239
576 969 5
577 2258 1771
578 1983 1596
579 89 2253
580 767 830
581 2033 1614
582 2271 579
583 613 1168
584 1038 13
585 2261 2325
586 2390 2580
587 523 1143
588 740 607
589 1964 807
590 1268 1607
591 746 579
592 1080 344
593 2567 2512
594 1638 1389
595 206 87
596 171 2483
597 1437 1674
598 211 365
599 2550 687
600 931 39
601 2610 1553
602 134 2616
603 2031 290
604 2007 1416
605 148 1460
606 1525 1894
607 1079 1419
608 916 1878
609 902 318
610 2532 1962
611 1650 1385
612 915 250
613 1768 1070
614 568 1070
615 881 483
616 41 903
617 2273 1435
618 272 2069
619 2538 1544
620 2370 643
621 429 13
622 759 1167
623 1057 1452
624 2042 175
625 1775 362
626 1180 964
627 2550 1577
628 59 1883
629 1136 498
630 1405 2193
631 20 2139
632 480 551
633 1145 1215
634 164 1329
635 2492 2529
636 1392 1147
637 945 2377
638 1125 1042
639 1512 1241
640 1841 796
641 538 1200
642 2319 1530
643 468 517
644 2290 1508
645 295 1933
646 1218 2154
647 1093 2544
648 145 1714
649 1844 17
650 151 1003
651 449 85
652 989 204
653 2486 2574
654 1300 691
655 2604 1860
656 1342 1024
657 1759 1231
658 1892 440
659 158 2511
660 220 735
661 103 1921
662 1413 914
663 2002 422
664 1868 141
665 1737 756
666 933 576
667 2189 2075
668 155 1135
669 663 1070
670 248 791
671 2601 2303
672 1269 1639
673 2210 29
674 1480 1183
675 1858 639
676 550 2011
677 1371 2160
678 2496 1192
679 89 281
680 352 1607
681 2168 990
682 1021 2370
683 1084 2516
684 232 1531
685 268 762
686 1312 2229
687 463 783
688 749 1605
689 1275 992
690 366 2254
691 1298 1591
692 560 765
693 1099 1611
694 1423 2044
695 1172 1896
696 1770 956
697 633 809
698 508 1020
699 386 1136
700 2260 2552
701 917 550
702 301 2194
703 1082 2588
704 2554 799
705 2350 869
706 2144 2361
707 65 825
708 2429 2488
709 190 370
710 2043 1375
711 29 349
712 253 404
713 2481 1442
714 1246 1890
715 91 2191
716 1772 2214
717 2253 506
718 1242 1996
719 890 1778
720 37 1228
721 2327 1492
722 319 389
723 1802 2171
724 246 1704
725 978 1104
726 2031 2576
727 1279 450
728 1438 1788
729 1350 1413
730 169 1369
731 2251 1221
732 528 738
733 1330 1910
734 1992 1797
735 2216 2073
736 602 537
737 710 625
738 1861 709
739 367 811
740 2222 382
741 510 2379
742 2045 27
743 1082 952
744 177 2507
745 61 382
746 1144 1260
747 387 2241
748 55 511
749 539 1937
750 802 713
751 1582 1204
752 2268 2484
753 2343 1224
754 962 2593
755 2115 334
756 510 1328
757 2503 1345
758 514 1456
759 1530 1151
760 1497 2165
761 170 580
762 1861 996
763 517 1881
764 249 2142
765 2229 300
766 161 1982
767 117 1360
768 1424 2483
769 1583 2104
770 105 321
771 2250 2251
772 130 332
773 183 1567
774 1436 376
775 1459 2178
776 1007 2499
777 678 100
778 373 183
779 1531 1259
780 2032 582
781 2314 1831
782 1697 2454
783 934 1325
784 2013 2098
785 2036 1998
786 807 158
787 1980 724
788 1849 662
789 1235 1249
790 51 2246
791 1761 1799
792 1870 2208
793 1903 935
794 367 2555
795 1679 712
796 777 775
797 615 2054
798 793 1845
799 1339 1719
800 1180 2367
801 772 846
802 996 719
803 549 2263
804 927 1113
805 1599 1095
806 1111 2331
807 36 904
808 1742 832
809 1611 2263
810 580 283
811 1199 1083
812 819 2009
813 2292 1613
814 1089 81
815 1918 2414
816 2297 1332
817 161 1052
818 323 833
819 1841 2081
820 1509 1429
821 2519 396
822 1866 2602
823 1180 2222
824 1889 116
825 212 524
826 1543 144
827 1053 2470
828 2164 465
829 726 2323
830 19 2508
831 1326 2461
832 643 493
833 2605 988
834 1384 2123
835 1244 2502
836 2195 2122
837 1320 910
838 1295 1295
839 265 1165
840 685 1279
841 2096 1264
842 129 2593
843 279 271
844 712 2386
845 1131 677
846 648 1582
847 1566 1494
848 1639 860
849 1343 1489
850 641 2513
851 1443 1154
852 24 2033
853 628 359
854 2608 806
855 2243 221
856 150 1249
857 2526 1973
858 1465 1694
859 2516 2167
860 1176 1756
861 892 871
862 2495 449
863 1388 943
864 1248 447
865 1522 2017
866 1443 1431
867 1828 84
868 2177 805
869 1773 1588
870 262 2416
871 987 1129
872 2037 379
873 705 1388
874 1924 2204
875 1652 1990
876 1432 2588
877 1406 449
878 158 2471
879 231 165
880 443 653
881 424 1838
882 973 1138
883 1228 1922
884 1173 1578
885 2233 2045
886 2172 2376
887 1539 863
888 2553 2516
889 1179 2001
890 786 2594
891 1419 648
892 1743 617
893 112 2039
894 1733 2031
895 883 1679
896 2475 1207
897 1888 172
898 680 1449
899 420 614
900 2365 509
901 810 1713
902 894 1062
903 448 921
904 1516 1868
905 623 2308
906 1710 148
907 1001 2177
908 2034 243
909 1117 324
910 2613 1550
911 1548 691
912 1141 1348
913 1994 1289
914 2415 2428
915 942 2461
916 285 2417
917 1571 458
918 2446 1683
919 231 656
920 2455 1416
921 2309 613
922 2112 1586
923 310 2040
924 1960 1539
925 1955 1642
926 2426 2403
927 2450 735
928 1776 1156
929 2090 1512
930 524 1696
931 1044 2499
932 1004 2590
933 823 1898
934 138 1090
935 111 2619
936 704 994
937 1713 411
938 1134 1997
939 1206 86
940 2202 175
941 257 1727
942 1231 2194
943 593 725
944 1553 295
945 2224 2284
946 231 2324
947 1028 219
948 2431 2324
949 108 418
950 706 295
951 111 2012
952 479 60
953 871 1095
954 857 1956
955 1073 655
956 551 1818
957 179 1436
958 704 1359
959 205 1335
960 2580 1890
961 2508 2274
962 517 1064
963 528 863
964 2205 2536
965 993 2054
966 839 1815
967 2133 2437
968 1816 1494
969 591 1937
970 2472 2216
971 571 807
972 2320 1269
973 737 1469
974 1627 1875
975 1003 1201
976 1456 752
977 1790 1394
978 794 49
979 2559 1097
980 283 2325
981 2526 2205
982 1460 481
983 2344 1476
984 1826 1227
985 382 2125
986 2249 1119
987 2344 658
988 2109 1998
989 2267 2441
990 1225 653
991 2029 797
992 1046 430
993 1567 1984
994 2125 1693
995 277 682
996 1592 412
997 1127 1429
998 1271 525
999 1443 2455
1000 1229 1235
1001 1106 1983
1002 804 1135
1003 1941 939
1004 2073 488
1005 2549 2229
1006 965 57
1007 472 1137
1008 2617 1399
1009 2069 2387
1010 1987 695
1011 702 2542
1012 277 1524
1013 1140 1452
1014 1985 1151
1015 896 130
1016 1842 458
1017 2364 422
1018 1698 2360
1019 768 271
1020 153 1960
1021 683 1174
1022 121 44
1023 709 1091
1024 1894 1063
1025 2265 793
1026 2199 2476
1027 1030 993
1028 1985 857
1029 1697 1263
1030 1696 448
1031 1494 1503
1032 1193 5
1033 1165 1512
1034 1027 2409
1035 999 1695
1036 1844 1992
1037 2365 2150
1038 2241 2073
1039 1310 1433
1040 2192 1578
1041 1152 1836
1042 994 830
1043 477 1338
1044 289 2271
1045 1959 2350
1046 1548 1955
1047 845 1052
1048 489 1859
1049 2439 1267
1050 486 1766
1051 220 1004
1052 1895 2283
1053 1583 1309
1054 754 1284
1055 213 827
1056 2612 773
1057 1700 845
1058 912 312
1059 1571 1530
1060 1593 23
1061 2476 2133
1062 388 237
1063 2453 335
1064 1963 948
1065 1960 860
1066 2168 1127
1067 661 2293
1068 1317 126
1069 1505 1289
1070 1256 2146
1071 2576 1103
1072 621 2555
1073 1707 888
1074 2232 343
1075 1000 102
1076 1516 1016
1077 2501 567
1078 1373 549
1079 1399 1450
1080 2302 2265
1081 2130 1343
1082 1920 36
1083 2584 2409
1084 819 1555
1085 1380 1949
1086 1878 222
1087 1189 648
1088 25 2520
1089 1579 2293
1090 1682 625
1091 1348 40
1092 651 2551
1093 22 38
1094 1487 463
1095 1241 1730
1096 547 2525
1097 1435 1027
1098 2555 2234
1099 1779 2619
1100 2169 341
1101 1882 1736
1102 1077 1696
1103 1303 2377
1104 337 1052
1105 498 27
1106 299 2332
1107 723 892
1108 1869 1438
1109 952 260
1110 693 1747
1111 1064 414
1112 2001 540
1113 2334 689
1114 712 1121
1115 2549 788
1116 1554 320
1117 1025 235
1118 1616 2521
1119 1038 1819
1120 807 704
1121 1619 2039
1122 771 1644
1123 1765 1460
1124 1279 1935
1125 713 2086
1126 1971 1070
1127 644 1200
1128 1185 2603
1129 782 1022
1130 2544 2151
1131 738 1892
1132 170 2221
1133 831 2222
1134 1416 152
1135 461 322
1136 1743 2284
1137 1558 1729
1138 2233 1448
1139 55 1086
1140 1216 1314
1141 35 1044
1142 2059 1915
1143 1706 1722
1144 1503 88
1145 625 2560
1146 1463 442
1147 2034 2227
1148 1530 1115
1149 2098 508
1150 48 117
1151 406 1034
1152 1820 870
1153 906 237
1154 1562 932
1155 2271 951
1156 1093 1561
1157 1037 365
1158 2070 46
1159 168 197
1160 2142 1006
1161 530 515
1162 1756 1873
1163 1045 1289
1164 946 2066
1165 336 887
1166 65 260
1167 1068 1114
1168 739 1644
1169 1613 2531
1170 2597 2116
1171 103 1415
1172 1382 1666
1173 1882 543
1174 2119 664
1175 504 1881
1176 730 1066
1177 1813 1717
1178 1540 657
1179 931 373
1180 1393 535
1181 1639 1205
1182 503 1294
1183 1971 852
1184 1844 73
1185 450 1650
1186 315 665
1187 321 2126
1188 922 128
1189 836 656
1190 1383 1248
1191 16 2094
1192 1125 2134
1193 1906 2464
1194 1874 440
1195 1632 1356
1196 1560 2044
1197 318 447
1198 2013 158
1199 2111 2406
1200 350 434
1201 749 996
1202 1896 277
1203 2567 1912
1204 2234 1600
1205 66 957
1206 2061 2182
1207 614 1976
1208 1636 345
1209 2181 158
1210 267 1137
1211 1160 1346
1212 2523 2444
1213 2557 133
1214 440 573
1215 2433 1913
1216 1649 1237
1217 1959 2519
1218 451 991
1219 604 144
1220 965 1021
1221 548 1578
1222 139 43
1223 2313 518
1224 1638 572
1225 1490 1301
1226 2518 1505
1227 2131 1979
1228 1069 2404
1229 140 1627
1230 1103 1229
1231 695 1256
1232 386 1909
1233 2262 1520
1234 2589 360
1235 1987 1979
1236 1684 2139
1237 630 1238
1238 1153 842
1239 1872 1169
1240 1525 1993
1241 6 470
1242 288 1882
1243 29 1415
1244 1650 2146
1245 599 969
1246 1895 1033
1247 518 1537
1248 53 1383
1249 2527 2331
1250 2141 138
1251 1902 1274
1252 758 354
1253 1308 1123
1254 520 1615
1255 693 1425
1256 1389 718
1257 1839 2600
1258 96 159
1259 183 1049
1260 1811 109
1261 1050 1902
1262 1031 354
1263 2375 522
1264 2581 2129
1265 2322 11
1266 1196 2252
1267 1428 322
1268 892 2387
1269 1058 2295
1270 620 866
1271 867 582
1272 1019 263
1273 2014 701
1274 2219 972
1275 751 1458
1276 1448 2142
1277 1257 191
1278 1036 1106
1279 2116 365
1280 447 850
1281 1244 1274
1282 2237 947
1283 1045 1930
1284 1829 149
1285 968 1787
1286 1500 1296
1287 1230 1064
1288 2591 2399
1289 2152 795
1290 2125 18
1291 1915 1106
1292 188 1903
1293 2376 1996
1294 2174 208
1295 1598 1176
1296 1507 402
1297 279 2230
1298 1505 1194
1299 1925 1585
1300 426 2077
1301 862 423
1302 1021 540
1303 1346 634
1304 80 550
1305 1243 855
1306 2137 1028
1307 633 329
1308 2596 1719
1309 1607 185
1310 2484 2580
1311 2006 2284
1312 1612 1862
1313 445 164
1314 911 281
1315 728 1850
1316 1095 1798
1317 628 235
1318 1314 1687
1319 1471 1513
1320 295 824
1321 1001 133
1322 1064 122
1323 1055 1335
1324 1159 839
1325 163 678
1326 366 1583
1327 1339 2196
1328 222 649
1329 164 1428
1330 1364 984
1331 10 1886
1332 119 1604
1333 1475 478
1334 960 140
1335 1225 1153
1336 587 1018
1337 544 1601
1338 693 1457
1339 231 1564
1340 1198 2049
1341 1902 50
1342 1114 1268
1343 872 38
1344 1734 847
1345 510 1773
1346 1584 2308
1347 399 1397
1348 47 751
1349 761 1618
1350 1519 2031
1351 2249 1570
1352 661 2386
1353 278 1614
1354 1845 1504
1355 2439 327
1356 2489 2368
1357 269 34
1358 2553 1951
1359 2575 608
1360 2416 885
1361 33 2073
1362 614 848
1363 1960 1923
1364 502 1992
1365 1080 1377
1366 2326 568
1367 341 1268
1368 2536 1823
1369 2070 1614
1370 496 931
1371 838 101
1372 1883 2384
1373 1801 2170
1374 1546 1540
1375 1319 135
1376 2215 1358
1377 2483 1714
1378 1807 1273
1379 171 1599
1380 2169 2350
1381 2466 2600
1382 1713 980
1383 2438 2022
1384 1361 2298
1385 1175 335
1386 2133 1874
1387 1088 2542
1388 2533 834
1389 1360 1418
1390 622 776
1391 1748 595
1392 704 2410
1393 2555 37
1394 2342 1929
1395 1685 1727
1396 151 2345
1397 2401 115
1398 1066 810
1399 1813 2098
1400 2568 2457
1401 811 270
1402 868 150
1403 389 2026
1404 2046 1313
1405 1628 406
1406 1276 574
1407 1410 1888
1408 1206 1113
1409 1505 1430
1410 2380 14
1411 2075 201
1412 1093 2046
1413 2303 1765
1414 2126 1762
1415 252 374
1416 2024 1711
1417 273 2499
1418 1618 2231
1419 545 4
1420 1674 397
1421 144 349
1422 1518 2063
1423 1129 509
1424 102 620
1425 617 2373
1426 1148 832
1427 1551 1994
1428 2183 1068
1429 2330 2176
1430 396 477
1431 1565 151
1432 641 1749
1433 249 1449
1434 507 1735
1435 1432 2350
1436 1075 2034
1437 2299 1053
1438 2304 1378
1439 2457 32
1440 1435 1046
1441 2531 1773
1442 855 673
1443 983 850
1444 1632 2523
1445 81 2346
1446 2321 374
1447 2390 33
1448 1613 2406
1449 127 1910
1450 586 320
1451 1034 2414
1452 2255 605
1453 1815 836
1454 2368 1363
1455 1070 1951
1456 1050 728
1457 2091 1076
1458 1449 27
1459 674 172
1460 1260 2503
1461 1008 572
1462 1540 1137
1463 97 459
1464 1 1810
1465 615 616
1466 64 2473
1467 647 589
1468 1642 1810
1469 1519 591
1470 799 1162
1471 2524 411
1472 2383 169
1473 701 1568
1474 1945 2142
1475 1583 2618
1476 1329 597
1477 1474 1598
1478 2563 1335
1479 1860 1123
1480 1048 257
1481 2557 2152
1482 56 1086
1483 895 467
1484 1965 415
1485 463 1018
1486 2292 1388
1487 1259 1908
1488 2033 2077
1489 1157 542
1490 1755 1324
1491 124 870
1492 500 1144
1493 493 2151
1494 1110 1075
1495 1193 895
1496 572 176
1497 1477 394
1498 819 2364
1499 547 908
1500 1772 2510
1501 239 1404
1502 1416 316
1503 303 1673
1504 1537 776
1505 1007 1665
1506 1909 2611
1507 4 2585
1508 2376 1537
1509 2380 133
1510 2414 677
1511 1451 484
1512 621 2286
1513 2224 941
1514 313 914
1515 353 1279
1516 562 666
1517 1283 2247
1518 1002 1603
1519 721 2016
1520 870 691
1521 484 1955
1522 2536 1990
1523 347 207
1524 1099 1299
1525 963 2546
1526 331 602
1527 114 2506
1528 1684 252
1529 1740 87
1530 2133 2072
1531 1758 201
1532 223 104
1533 75 1301
1534 288 1255
1535 391 511
1536 2289 1845
1537 1174 2218
1538 219 974
1539 969 2443
1540 2317 2158
1541 1943 483
1542 2140 1592
1543 666 2188
1544 2581 456
1545 982 570
1546 1047 2163
1547 331 2078
1548 1013 314
1549 2311 1371
1550 1530 770
1551 471 1883
1552 2577 2482
1553 782 524
1554 2340 1214
1555 1086 1499
1556 931 114
1557 566 2000
1558 1090 622
1559 643 1872
1560 1935 900
1561 2263 2355
1562 1372 342
1563 1554 1342
1564 1589 374
1565 1943 9
1566 777 492
1567 187 2140
1568 2127 1723
1569 953 95
1570 2287 1990
1571 1934 601
1572 725 1196
1573 1297 605
1574 2596 113
1575 1001 456
1576 651 496
1577 1353 1374
1578 1252 1217
1579 2417 793
1580 382 1528
1581 2176 2398
1582 1005 2303
1583 825 489
1584 1063 855
1585 2102 1379
1586 341 1466
1587 165 866
1588 1230 1863
1589 2060 129
1590 663 83
1591 1988 1369
1592 1984 286
1593 658 1299
1594 1810 1749
1595 563 1226
1596 2010 619
1597 2256 576
1598 1637 405
1599 376 596
1600 1824 714
1601 724 2050
1602 2382 639
1603 1019 42
1604 1711 1999
1605 880 410
1606 1427 2051
1607 668 1979
1608 2319 2192
1609 2573 1734
1610 1911 401
1611 931 1255
1612 1673 607
1613 1533 813
1614 1130 2345
1615 1471 99
1616 1342 393
1617 2533 2351
1618 257 1972
1619 2568 1625
1620 1163 1073
1621 1011 2418
1622 939 2545
1623 38 162
1624 427 2477
1625 1697 2162
1626 2107 1089
1627 1295 70
1628 2128 1380
1629 1965 1438
1630 2283 128
1631 2232 1095
1632 195 1115
1633 204 1041
1634 638 1645
1635 2249 1795
1636 2191 720
1637 535 474
1638 2143 2146
1639 2456 2269
1640 1309 2122
1641 1884 1948
1642 2017 82
1643 1410 28
1644 1951 2375
1645 338 1951
1646 361 1689
1647 142 2312
1648 2564 1068
1649 2124 2001
1650 7 2583
1651 2172 1187
1652 1926 760
1653 1470 1878
1654 1813 389
1655 1859 1989
1656 509 1726
1657 409 1664
1658 1621 1683
1659 432 1373
1660 705 2575
1661 30 403
1662 1503 748
1663 1237 1658
1664 1924 1901
1665 2391 1131
1666 1806 1317
1667 1158 982
1668 1073 1962
1669 698 2037
1670 2354 2262
1671 664 1451
1672 1162 1401
1673 2472 1726
1674 1260 1256
1675 829 944
1676 1599 1804
1677 1831 4
1678 402 1717
1679 437 204
1680 1885 896
1681 296 2106
1682 687 2488
1683 1376 1576
1684 104 657
1685 1622 1409
1686 1261 2450
1687 757 2032
1688 861 808
1689 237 2430
1690 1634 2201
1691 521 75
1692 2332 798
1693 1352 2476
1694 6 69
1695 1286 896
1696 587 1420
1697 471 552
1698 2107 466
1699 1736 2581
1700 514 585
1701 1177 1728
1702 331 1052
1703 700 347
1704 2169 481
1705 1616 39
1706 1254 1635
1707 740 1932
1708 1629 2426
1709 764 1600
1710 2294 603
1711 1416 616
1712 2363 1178
1713 1008 1195
1714 1473 1573
1715 588 205
1716 839 2451
1717 1569 1919
1718 471 2400
1719 2472 1411
1720 2107 1835
1721 121 2506
1722 213 2053
1723 826 1004
1724 1821 2536
1725 2305 1480
1726 491 1800
1727 1771 2069
1728 869 1304
1729 63 2076
1730 2378 1896
1731 847 387
1732 2004 1230
1733 2445 2114
1734 1579 1743
1735 776 339
1736 46 1843
1737 1136 543
1738 1654 2252
1739 2067 219
1740 2389 506
1741 378 2224
1742 2536 2351
1743 111 571
1744 1192 2549
1745 1061 2407
1746 914 320
1747 2209 1716
1748 681 1962
1749 825 2324
1750 1331 1180
1751 1598 1908
1752 259 2307
1753 921 570
1754 2550 1238
1755 1276 392
1756 2473 470
1757 1223 2456
1758 2374 2452
1759 1385 2497
1760 1584 2521
1761 2212 2608
1762 1428 1216
1763 2477 1996
1764 2462 1339
1765 1689 2443
1766 1712 331
1767 2389 2250
1768 1581 1990
1769 969 919
1770 1489 2145
1771 1159 1593
1772 980 867
1773 1956 679
1774 2168 2511
1775 2115 341
1776 1395 2361
1777 1793 1651
1778 769 1236
1779 1405 2195
1780 2153 878
1781 2149 913
1782 2446 357
1783 1293 1989
1784 1181 1752
1785 1542 2529
1786 1438 1749
1787 1169 448
1788 391 2342
1789 1013 1846
1790 495 493
1791 2103 1529
1792 2214 136
1793 728 2299
1794 92 1229
1795 836 2533
1796 2121 314
1797 673 7
1798 2288 8
1799 1094 2257
1800 2491 2074
1801 313 2166
1802 1742 984
1803 195 698
1804 369 1137
1805 2170 309
1806 275 2469
1807 547 898
1808 164 2579
1809 1298 701
1810 2206 2217
1811 1906 2373
1812 1840 260
1813 2361 549
1814 427 871
1815 64 2109
1816 850 1619
1817 1551 1820
1818 812 2292
1819 1727 59
1820 203 870
1821 1336 744
1822 839 1587
1823 2617 396
1824 1539 1648
1825 1897 673
1826 2455 163
1827 2567 1697
1828 483 2166
1829 534 1951
1830 1614 2083
1831 1043 1147
1832 447 1255
1833 1690 2000
1834 76 1757
1835 2091 703
1836 1568 865
1837 2341 1211
1838 551 1688
1839 1035 1187
1840 559 553
1841 951 707
1842 454 1788
1843 1463 2283
1844 901 502
1845 1638 848
1846 1774 378
1847 2359 769
1848 1217 71
1849 2472 437
1850 1324 2241
1851 922 1397
1852 1925 2505
1853 2478 869
1854 2120 255
1855 2319 2358
1856 329 829
1857 2187 503
1858 1455 2150
1859 1879 2508
1860 402 1056
1861 414 326
1862 2503 559
1863 412 336
1864 281 650
1865 424 57
1866 134 1546
1867 1203 1455
1868 2342 1590
1869 432 159
1870 2082 260
1871 1904 2178
1872 2357 2161
1873 1464 896
1874 1883 1792
1875 2513 2619
1876 2524 11
1877 2075 727
1878 480 1074
1879 1482 2335
1880 2242 1176
1881 1253 2298
1882 1634 1632
1883 8 731
1884 998 2548
1885 153 657
1886 2501 903
1887 2485 2115
1888 1314 2560
1889 2604 1312
1890 1178 142
1891 174 2046
1892 1381 2287
1893 123 2276
1894 1933 620
1895 2026 1940
1896 2285 746
1897 1617 1949
1898 2197 2013
1899 1704 2210
1900 2373 276
1901 1711 2527
1902 667 1597
1903 2212 1525
1904 2085 842
1905 266 1053
1906 1759 2081
1907 1514 795
1908 2593 508
1909 2484 2421
1910 388 652
1911 1846 69
1912 566 1843
1913 2039 210
1914 1103 1127
1915 2163 1560
1916 1420 917
1917 2544 537
1918 731 1966
1919 2508 308
1920 61 1940
1921 2238 632
1922 2459 892
1923 814 2004
1924 2325 18
1925 1425 1145
1926 1462 255
1927 148 2135
1928 2176 39
1929 1887 781
1930 2011 1533
1931 1897 196
1932 719 2375
1933 194 2470
1934 667 1844
1935 321 1492
1936 2139 2473
1937 1980 404
1938 2506 551
1939 868 1455
1940 384 1726
1941 2341 898
1942 2058 1307
1943 702 2286
1944 96 2190
1945 1777 710
1946 2337 2056
1947 782 1444
1948 2545 2066
1949 88 1564
1950 139 2573
1951 1079 2116
1952 1883 2521
1953 2132 1935
1954 195 1299
1955 2582 2080
1956 1479 2176
1957 1506 130
1958 1981 698
1959 186 1710
1960 1501 309
1961 1133 836
1962 2515 1766
1963 2042 2530
1964 2339 2231
1965 2441 85
1966 501 464
1967 494 1057
1968 1668 456
1969 1450 1391
1970 2006 2295
1971 2311 717
1972 2262 114
1973 1787 2342
1974 1474 731
1975 1170 2210
1976 128 1711
1977 1991 1844
1978 2042 2498
1979 1697 1263
1980 477 2001
1981 2295 218
1982 806 1193
1983 1503 319
1984 1018 2023
1985 1338 97
1986 424 255
1987 1014 20
1988 336 334
1989 2168 470
1990 1099 1267
1991 388 2116
1992 2544 89
1993 1211 1750
1994 2073 1089
1995 1735 2527
1996 1014 1385
1997 1213 43
1998 1872 169
1999 2456 1158
2000 446 2033
2001 1972 1877
2002 1393 2588
2003 1673 571
2004 2226 643
2005 1625 429
2006 1816 1121
2007 1795 1626
2008 1914 561
2009 921 998
2010 206 2453
2011 2217 1233
2012 2462 1266
2013 2223 175
2014 2183 2199
2015 1142 97
2016 196 87
2017 2228 2539
2018 2028 2521
2019 99 2128
2020 2379 2382
2021 562 1449
2022 2326 1869
2023 887 1485
2024 321 1158
2025 694 2568
2026 2297 2489
2027 2565 2027
2028 410 712
2029 413 1112
2030 619 1752
2031 2573 774
2032 1535 1899
2033 1010 1719
2034 1134 1318
2035 1984 2376
2036 1472 1126
2037 1995 16
2038 397 132
2039 1748 325
2040 2130 2145
2041 1420 131
2042 1427 1293
2043 1604 2199
2044 658 2359
2045 1487 572
2046 367 110
2047 682 2091
2048 188 2255
2049 2527 1552
2050 1858 1747
2051 612 870
2052 2533 2515
2053 1108 1651
2054 688 1821
2055 2549 1270
2056 993 684
2057 1436 341
2058 260 430
2059 179 914
2060 877 460
2061 662 104
2062 1063 27
2063 1863 2169
2064 798 2019
2065 1861 1399
2066 2397 257
2067 1731 296
2068 1789 1257
2069 1045 1310
2070 1688 2616
2071 900 1383
2072 737 1378
2073 435 1868
2074 455 1675
2075 1116 1756
2076 1020 622
2077 2368 2428
2078 48 591
2079 1434 1000
2080 2430 1637
2081 1986 1864
2082 1378 75
2083 9 2552
2084 1696 2089
2085 994 1653
2086 2280 1029
2087 1597 929
2088 2267 483
2089 719 645
2090 1485 1776
2091 1405 1029
2092 807 1470
2093 622 1027
2094 334 2356
2095 642 376
2096 1296 1071
2097 1988 775
2098 410 622
2099 2614 895
2100 1788 1434
2101 1536 15
2102 1673 2317
2103 1046 1972
2104 2270 372
2105 782 1636
2106 1853 1642
2107 1345 784
2108 944 1174
2109 1240 967
2110 2600 2144
2111 1462 1376
2112 2455 1157
2113 985 1044
2114 1425 309
2115 1686 2261
2116 34 1832
2117 657 1402
2118 799 1431
2119 188 588
2120 2407 344
2121 399 532
2122 1752 1028
2123 599 963
2124 1874 76
2125 915 694
2126 135 2262
2127 1252 1605
2128 1512 985
2129 776 1622
2130 1546 1600
2131 501 2286
2132 1965 96
2133 323 1580
2134 2241 1431
2135 2055 2549
2136 121 575
2137 737 2058
2138 1697 1230
2139 889 756
2140 1111 1976
2141 349 1157
2142 906 1247
2143 2079 1868
2144 1662 489
2145 1860 1234
2146 842 675
2147 1772 1061
2148 1030 1809
2149 1232 1438
2150 2411 1642
2151 1112 2362
2152 1705 2081
2153 1666 1631
2154 1345 2428
2155 642 2520
2156 2472 2396
2157 1532 1820
2158 214 502
2159 1391 2182
2160 558 1768
2161 891 2468
2162 2360 423
2163 2333 552
2164 2188 259
2165 1494 1708
2166 1995 271
2167 481 285
2168 1447 187
2169 497 1149
2170 640 1103
2171 342 1258
2172 1572 286
2173 1310 2098
2174 250 1607
2175 20 1786
2176 2151 1231
2177 1080 1260
2178 1721 1359
2179 1041 1937
2180 937 1419
2181 571 1709
2182 2070 2271
2183 1287 1100
2184 1118 1572
2185 2430 2320
2186 1249 1770
2187 1129 380
2188 328 782
2189 1765 1217
2190 983 2443
2191 745 459
2192 2194 1401
2193 1755 2542
2194 72 227
2195 1357 1665
2196 369 328
2197 577 1935
2198 167 1032
2199 1435 2204
2200 967 657
2201 2249 238
2202 1253 1298
2203 2251 2508
2204 387 1926
2205 2456 2227
2206 85 2356
2207 545 1108
2208 1410 1730
2209 2272 646
2210 1614 588
2211 900 1968
2212 1945 2054
2213 2395 1464
2214 1995 1932
2215 847 1537
2216 901 597
2217 1298 317
2218 455 2006
2219 2320 296
2220 1730 56
2221 1607 1565
2222 2191 2273
2223 2289 1946
2224 256 1218
2225 2087 1627
2226 1719 2193
2227 601 381
2228 1617 2026
2229 1661 549
2230 601 1371
2231 1469 1530
2232 597 148
2233 985 1287
2234 312 2478
2235 1968 1402
2236 192 207
2237 162 679
2238 1782 1963
2239 390 1729
2240 212 998
2241 612 2198
2242 30 2458
2243 2086 226
2244 1600 495
2245 1934 650
2246 2451 2527
2247 660 1176
2248 682 270
2249 126 498
2250 2603 218
2251 2519 2151
2252 1786 432
2253 1676 2297
2254 1593 1412
2255 1760 1049
2256 1125 1821
2257 2599 1571
2258 1864 268
2259 1138 1381
2260 2515 2465
2261 272 1742
2262 1273 2226
2263 456 1340
2264 1589 1436
2265 185 387
2266 1681 2059
2267 750 774
2268 412 950
2269 1911 1131
2270 809 851
2271 867 2334
2272 1284 4
2273 2349 1458
2274 1052 1286
2275 764 359
2276 765 2044
2277 326 2427
2278 1672 87
2279 892 2100
2280 753 1081
2281 1398 1941
2282 117 1980
2283 659 1253
2284 181 201
2285 1930 2216
2286 1593 1944
2287 804 1987
2288 2620 598
2289 756 866
2290 1011 2200
2291 2082 748
2292 1639 713
2293 500 1147
2294 752 1219
2295 186 132
2296 620 102
2297 1374 790
2298 2136 2033
2299 1771 214
2300 1025 121
2301 1498 1353
2302 2522 108
2303 1369 2197
2304 1486 343
2305 1329 2561
2306 1568 2494
2307 1623 112
2308 969 863
2309 1919 175
2310 1216 1753
2311 1085 518
2312 2035 233
2313 439 336
2314 1842 1791
2315 1611 1398
2316 2538 2195
2317 405 2046
2318 2568 50
2319 436 456
2320 569 2095
2321 1145 33
2322 292 609
2323 1887 1798
2324 2142 451
2325 493 335
2326 2217 617
2327 1825 985
2328 1596 176
2329 207 1208
2330 302 2401
2331 1049 1193
2332 130 2214
2333 2456 2439
2334 1062 158
2335 551 4
2336 926 1691
2337 2510 2375
2338 1714 364
2339 826 511
2340 418 2255
2341 23 1039
2342 1974 2227
2343 1370 2424
2344 871 799
2345 1060 1294
2346 237 1275
2347 359 1807
2348 2009 2051
2349 967 556
2350 1644 1689
2351 2300 677
2352 688 1082
2353 2558 219
2354 1503 1916
2355 996 652
2356 2562 745
2357 1717 214
2358 1688 1988
2359 1961 2360
2360 1159 2516
2361 792 2274
2362 814 1242
2363 1796 679
2364 1688 1868
2365 1163 2160
2366 455 2126
2367 425 270
2368 1669 1732
2369 2359 1088
2370 999 1647
2371 1734 1922
2372 1934 1709
2373 1608 982
2374 1591 791
2375 2616 117
2376 837 1309
2377 2497 1831
2378 1526 1429
2379 1775 2362
2380 270 15
2381 362 1088
2382 1855 457
2383 844 2293
2384 1426 777
2385 431 1908
2386 1865 104
2387 1774 624
2388 2105 37
2389 2322 2357
2390 2310 997
2391 428 802
2392 597 674
2393 113 1407
2394 2296 1176
2395 1318 1473
2396 2468 956
2397 2517 280
2398 1412 1159
2399 2304 352
2400 2529 106
2401 1885 2101
2402 886 624
2403 1837 1461
2404 2432 615
2405 2569 616
2406 921 1300
2407 2369 2209
2408 2190 925
2409 2031 2320
2410 2081 1328
2411 844 994
2412 2246 877
2413 1129 1156
2414 1620 1022
2415 1625 1664
2416 638 1191
2417 89 2300
2418 517 1557
2419 716 456
2420 675 15
2421 2447 2395
2422 102 1866
2423 1676 16
2424 1824 2000
2425 987 1859
2426 197 1612
2427 1501 505
2428 1159 2012
2429 241 1140
2430 98 2293
2431 1595 2180
2432 1660 2394
2433 1502 1689
2434 2211 98
2435 549 782
2436 821 959
2437 758 2437
2438 230 451
2439 1463 964
2440 644 762
2441 189 2396
2442 267 1968
2443 1145 168
2444 460 937
2445 1304 1447
2446 60 2185
2447 1746 1018
2448 2012 337
2449 2206 624
2450 1247 1551
2451 222 2171
2452 1386 1737
2453 277 1900
2454 828 261
2455 300 493
2456 2146 120
2457 1653 1014
2458 2364 1220
2459 980 1941
2460 1096 342
2461 560 1883
2462 1170 2040
2463 974 456
2464 1790 1667
2465 2220 668
2466 1162 917
2467 601 2243
2468 1875 221
2469 2515 1818
2470 409 2098
2471 65 1119
2472 369 2601
2473 819 2431
2474 1643 1061
2475 282 470
2476 2456 1105
2477 2172 766
2478 833 2081
2479 195 1991
2480 2077 809
2481 300 611
2482 612 2595
2483 700 1854
2484 196 361
2485 1190 488
2486 508 1698
2487 2040 698
2488 2186 2385
2489 1051 833
2490 261 702
2491 1639 1385
2492 1003 2393
2493 1144 1609
2494 2053 161
2495 2381 1059
2496 1069 885
2497 1799 483
2498 1196 1973
2499 1441 2295
2500 1848 419
2501 1781 1290
2502 1687 283
2503 1628 1469
2504 2356 2352
2505 501 2061
2506 1953 932
2507 471 418
2508 758 267
2509 1732 1164
2510 405 838
2511 1936 244
2512 607 622
2513 323 161
2514 1034 2547
2515 602 199
2516 1548 2150
2517 2008 987
2518 2286 1875
2519 200 2377
2520 1904 1055
2521 1333 27
2522 1736 1385
2523 787 1671
2524 1561 850
2525 324 1374
2526 906 1026
2527 597 18
2528 935 981
2529 2609 692
2530 1155 1458
2531 1854 1930
2532 1603 1619
2533 947 101
2534 2334 1517
2535 2406 1510
2536 294 469
2537 463 331
2538 190 619
2539 2009 1891
2540 291 1954
2541 2560 1409
2542 1144 1797
2543 754 1360
2544 700 2404
2545 2321 1714
2546 399 2590
2547 373 2516
2548 1398 968
2549 1614 394
2550 2183 1034
2551 521 120
2552 1889 862
2553 112 556
2554 910 22
2555 342 1025
2556 165 2195
2557 1008 1607
2558 1686 485
2559 1544 555
2560 2159 966
2561 1084 121
2562 1842 885
2563 1251 221
2564 12 600
2565 1813 819
2566 2580 1133
2567 613 1331
2568 1669 2015
2569 1234 823
2570 2576 2448
2571 543 822
2572 1438 2430
2573 72 2225
2574 840 1172
2575 1540 999
2576 2096 1515
2577 476 1843
2578 2458 617
2579 1084 1640
2580 243 460
2581 2068 1572
2582 2050 114
2583 254 914
2584 807 1963
2585 867 2424
2586 1681 1851
2587 1526 2282
2588 1479 406
2589 236 743
2590 1223 290
2591 1296 28
2592 902 516
2593 2179 2206
2594 806 2393
2595 1072 815
2596 1888 1374
2597 1568 73
2598 732 401
2599 1656 1718
2600 1535 910
2601 1385 2583
2602 1573 219
2603 1573 380
2604 1263 2608
2605 2084 1088
2606 1863 1013
2607 2062 2090
2608 1321 584
2609 1367 366
2610 2440 430
2611 523 1516
2612 1897 2349
2613 891 189
2614 491 2011
2615 1191 1932
2616 540 1229
2617 2538 2352
2618 2083 1042
2619 2311 1082
2620 243 638
