1660 1660
1 1271 111
2 924 719
3 387 122
4 1621 724
5 1312 978
6 1434 1655
7 1261 1335
8 83 710
9 1518 509
10 720 1009
11 46 355
12 1036 567
13 1642 103
14 942 517
15 1509 810
16 1529 227
17 1528 633
18 254 139
19 1296 36
20 716 1647
21 422 798
22 578 493
23 1570 337
24 305 337
25 211 1440
26 420 443
27 1158 590
28 1227 1413
29 81 533
30 1241 651
31 1550 26
32 1156 697
33 11 351
34 962 261
35 1556 782
36 1093 661
37 371 984
38 798 275
39 1108 22
40 987 948
41 330 1258
42 606 562
43 1580 746
44 869 993
45 659 876
46 632 1168
47 23 1645
48 976 1559
49 744 1160
50 1369 1536
51 135 801
52 1049 678
53 913 79
54 646 621
55 1339 1597
56 490 852
57 998 392
58 23 479
59 1481 937
60 1530 341
61 969 381
62 1263 65
63 673 1330
64 245 1119
65 906 224
66 1505 441
67 924 292
68 13 850
69 1593 1355
70 887 427
71 54 94
72 1127 1601
73 340 676
74 421 1470
75 244 86
76 498 843
77 855 634
78 1650 1321
79 615 986
80 647 59
81 1590 3
82 1524 164
83 392 1079
84 1432 1117
85 98 100
86 1107 457
87 333 970
88 565 986
89 756 512
90 1582 1631
91 86 98
92 1173 1356
93 388 517
94 794 326
95 298 456
96 1246 284
97 363 613
98 1628 349
99 362 1335
100 1153 46
101 114 947
102 947 1114
103 357 1412
104 1355 1273
105 1189 1004
106 16 1290
107 1575 391
108 584 228
109 1028 454
110 701 110
111 545 48
112 146 1098
113 366 1259
114 483 779
115 147 923
116 342 747
117 509 907
118 1464 1351
119 1570 300
120 907 100
121 1107 1046
122 657 118
123 310 844
124 1073 347
125 349 683
126 976 1322
127 897 1398
128 335 137
129 1214 1325
130 988 1379
131 1526 1399
132 862 474
133 380 924
134 12 1056
135 379 299
136 284 12
137 1071 580
138 1484 1180
139 568 1369
140 1137 1569
141 197 1262
142 912 202
143 110 1559
144 522 1168
145 1024 77
146 318 554
147 84 1464
148 1525 92
149 1075 599
150 1505 1121
151 1573 352
152 1250 1021
153 573 225
154 529 1108
155 1224 251
156 769 853
157 1420 1267
158 283 1430
159 635 570
160 113 812
161 232 1581
162 1547 1394
163 81 1508
164 250 25
165 1645 575
166 1445 918
167 288 731
168 61 539
169 925 418
170 923 1222
171 303 421
172 727 1656
173 479 1248
174 215 298
175 321 527
176 81 1458
177 1525 1416
178 794 1355
179 1604 1526
180 1003 1052
181 1371 1312
182 370 322
183 1267 444
184 313 1381
185 777 614
186 508 458
187 388 659
188 813 1650
189 1497 347
190 1519 1333
191 779 739
192 1303 72
193 1111 1619
194 507 923
195 1433 1607
196 647 127
197 1352 631
198 1391 1079
199 898 260
200 94 13
201 172 517
202 63 848
203 1120 210
204 661 1251
205 892 43
206 511 540
207 678 909
208 738 550
209 840 1221
210 1526 1152
211 1274 581
212 1659 1628
213 393 1147
214 1531 1319
215 130 114
216 716 325
217 1468 875
218 1352 1243
219 127 9
220 677 1299
221 285 1201
222 1494 1499
223 1585 1205
224 1093 1370
225 1057 662
226 1059 1148
227 384 1059
228 1505 1560
229 1641 1608
230 324 975
231 1151 407
232 871 1586
233 977 661
234 779 1000
235 1552 228
236 735 33
237 1462 1248
238 1390 494
239 897 600
240 1230 930
241 249 266
242 186 585
243 1290 341
244 1606 35
245 173 146
246 377 915
247 316 341
248 1611 1328
249 585 686
250 713 1343
251 91 1436
252 117 234
253 227 1112
254 1354 1385
255 1002 1417
256 1072 443
257 810 606
258 404 1372
259 1114 672
260 1262 1204
261 1185 122
262 1030 554
263 202 814
264 140 326
265 1537 1647
266 1480 1544
267 1142 1412
268 962 422
269 1639 1606
270 570 303
271 1343 236
272 514 681
273 1612 1205
274 75 1372
275 1540 1507
276 406 913
277 936 163
278 15 246
279 1305 1094
280 639 146
281 332 302
282 209 150
283 150 1652
284 698 769
285 231 1264
286 1230 1026
287 944 1105
288 86 680
289 1324 1472
290 504 1115
291 81 1471
292 600 1500
293 895 10
294 1460 913
295 744 480
296 50 614
297 263 1597
298 1153 899
299 14 796
300 1205 1303
301 223 1397
302 598 1192
303 71 237
304 1083 1492
305 2 629
306 592 835
307 901 446
308 1153 1614
309 1029 1242
310 814 1096
311 1495 828
312 1499 255
313 1537 696
314 382 957
315 752 41
316 83 1247
317 650 602
318 607 1106
319 1021 947
320 521 340
321 453 1038
322 1449 909
323 239 1306
324 1278 555
325 671 343
326 1511 771
327 1499 706
328 872 1269
329 1196 513
330 662 1021
331 668 1410
332 1044 1343
333 776 253
334 1647 1211
335 1561 376
336 664 650
337 1462 759
338 57 1057
339 124 747
340 1318 139
341 1040 253
342 36 849
343 368 1602
344 1035 800
345 1060 462
346 759 631
347 535 1616
348 1064 661
349 823 309
350 1275 433
351 1489 675
352 1225 1584
353 380 1418
354 1450 707
355 935 407
356 656 1241
357 197 841
358 1225 360
359 181 921
360 139 463
361 222 1067
362 1519 330
363 1569 290
364 1139 654
365 440 546
366 852 1154
367 1413 1504
368 522 639
369 1428 709
370 326 654
371 541 1232
372 674 1343
373 977 130
374 1371 62
375 507 647
376 423 639
377 94 1370
378 652 804
379 381 1644
380 77 673
381 1102 989
382 1060 1351
383 1522 1395
384 464 578
385 1049 1187
386 1027 1040
387 937 809
388 495 803
389 602 576
390 68 924
391 493 338
392 213 336
393 1383 1165
394 1268 783
395 1464 30
396 275 1224
397 1550 249
398 113 368
399 356 505
400 839 407
401 964 1041
402 1379 483
403 812 1375
404 443 1566
405 633 268
406 422 1530
407 528 1248
408 260 578
409 910 1651
410 1250 4
411 1385 1385
412 1575 277
413 1623 506
414 1321 1441
415 150 317
416 408 712
417 1325 798
418 485 200
419 1322 1013
420 245 1316
421 1568 65
422 175 1035
423 1375 476
424 1152 1517
425 1430 593
426 990 799
427 477 556
428 771 710
429 19 869
430 1478 874
431 1061 687
432 789 778
433 919 6
434 93 751
435 246 1227
436 399 1480
437 1243 643
438 81 1625
439 1355 203
440 61 1569
441 152 550
442 204 1524
443 1539 655
444 333 341
445 1510 693
446 746 954
447 300 1072
448 120 1473
449 719 918
450 1571 1607
451 1653 597
452 1236 456
453 109 471
454 147 1506
455 1188 548
456 703 1165
457 219 1010
458 320 674
459 676 1575
460 979 666
461 1069 1242
462 639 358
463 936 595
464 191 701
465 696 1484
466 199 1518
467 390 692
468 105 746
469 939 288
470 501 1483
471 377 3
472 1650 662
473 888 1278
474 362 1003
475 1508 1147
476 803 219
477 1332 276
478 696 790
479 568 868
480 972 41
481 187 339
482 1269 234
483 914 155
484 1260 663
485 25 1082
486 1322 476
487 1327 1640
488 582 772
489 1575 1336
490 1566 57
491 958 123
492 1559 1206
493 182 1216
494 509 1638
495 129 1080
496 674 1431
497 1575 44
498 233 536
499 120 1483
500 562 899
501 958 405
502 820 1229
503 177 332
504 427 1335
505 627 1418
506 1036 73
507 1374 584
508 1082 781
509 212 1090
510 654 770
511 131 18
512 1164 1317
513 37 957
514 99 364
515 761 495
516 1643 45
517 418 1402
518 210 1282
519 948 78
520 1494 818
521 373 344
522 612 1334
523 1297 888
524 1296 1430
525 1353 1288
526 895 1173
527 233 254
528 828 256
529 868 361
530 608 1550
531 984 979
532 104 1599
533 1090 824
534 1624 770
535 1031 1590
536 1105 1003
537 1208 1297
538 95 582
539 143 1090
540 640 1018
541 1606 996
542 320 997
543 903 1072
544 841 388
545 429 336
546 822 1085
547 611 115
548 179 247
549 110 1516
550 1471 402
551 1515 1497
552 1402 704
553 5 273
554 631 39
555 592 43
556 416 220
557 1291 873
558 1389 984
559 963 1425
560 191 1321
561 1084 1551
562 1086 1082
563 631 96
564 1393 198
565 1345 725
566 393 1026
567 1408 1438
568 311 686
569 71 1384
570 1397 843
571 786 389
572 895 934
573 1319 167
574 42 859
575 38 660
576 1522 62
577 12 373
578 1069 473
579 26 257
580 287 172
581 660 1359
582 383 742
583 93 993
584 146 477
585 759 1123
586 826 152
587 476 1479
588 1025 1226
589 1534 35
590 572 417
591 1023 682
592 674 1480
593 1626 854
594 853 1650
595 608 1194
596 1104 1337
597 1082 1162
598 1029 678
599 718 639
600 1097 1553
601 1581 345
602 1584 1474
603 1512 606
604 1319 749
605 1145 652
606 749 28
607 1476 106
608 31 839
609 173 1519
610 280 505
611 1312 1079
612 555 1032
613 92 219
614 744 441
615 600 451
616 1534 1629
617 616 1018
618 1049 1387
619 278 936
620 463 807
621 20 1147
622 922 1062
623 129 1332
624 1450 1195
625 22 275
626 1333 574
627 1019 209
628 1466 1139
629 1538 1317
630 582 644
631 751 173
632 956 6
633 288 1175
634 1628 358
635 1108 692
636 1234 1332
637 642 530
638 696 416
639 707 1380
640 413 548
641 1220 690
642 1067 1348
643 1145 504
644 1516 1368
645 1627 56
646 356 743
647 534 378
648 1654 1321
649 295 1186
650 73 1518
651 1203 215
652 832 155
653 744 519
654 1021 174
655 1102 1487
656 1041 1437
657 656 373
658 844 800
659 1389 298
660 813 1356
661 1276 153
662 1295 402
663 1350 9
664 846 1399
665 126 1242
666 623 204
667 1534 1111
668 978 1242
669 1174 190
670 15 1264
671 877 1260
672 1083 1348
673 1654 863
674 415 1658
675 599 781
676 961 298
677 1628 591
678 1358 221
679 495 998
680 563 611
681 1528 980
682 636 624
683 1350 899
684 1134 1043
685 51 93
686 892 638
687 1201 339
688 281 575
689 1489 1492
690 448 514
691 956 1148
692 579 1432
693 1099 602
694 1080 507
695 984 1125
696 717 476
697 1059 1086
698 1635 122
699 1578 451
700 670 915
701 635 1030
702 1510 1163
703 1593 57
704 309 635
705 122 1408
706 1299 1172
707 900 628
708 218 480
709 1223 895
710 687 1346
711 1297 295
712 624 1641
713 851 399
714 716 1093
715 1060 1468
716 948 478
717 639 1160
718 1140 504
719 1154 1413
720 649 876
721 1060 872
722 920 1367
723 906 140
724 1555 164
725 802 1628
726 90 436
727 1155 967
728 1164 495
729 1173 964
730 439 1162
731 1108 769
732 1078 139
733 1255 120
734 334 1013
735 223 391
736 691 1433
737 1332 755
738 703 636
739 1031 1068
740 1627 238
741 528 256
742 1345 1030
743 654 1450
744 1461 490
745 1657 888
746 960 1346
747 523 1414
748 1367 664
749 514 681
750 992 1430
751 313 1376
752 1317 1504
753 1081 950
754 432 315
755 1342 1076
756 194 1179
757 390 752
758 784 1540
759 1129 947
760 476 1614
761 866 1415
762 1328 1206
763 1437 1083
764 1094 215
765 1293 519
766 950 1067
767 492 51
768 429 707
769 1044 1595
770 807 1448
771 1420 817
772 1536 566
773 240 1498
774 1499 517
775 177 354
776 823 959
777 912 1581
778 1437 1245
779 945 445
780 741 1497
781 351 810
782 1052 1467
783 1067 432
784 810 179
785 92 1421
786 1421 671
787 493 1338
788 1470 817
789 1317 689
790 426 1635
791 386 599
792 43 452
793 749 1467
794 508 874
795 1568 996
796 1055 930
797 1317 523
798 170 564
799 198 1224
800 1328 616
801 214 1493
802 256 603
803 620 467
804 262 586
805 905 1386
806 397 836
807 102 1415
808 1289 786
809 351 604
810 1565 872
811 1653 578
812 164 634
813 1407 965
814 116 1408
815 243 1093
816 391 181
817 1466 173
818 1193 1482
819 985 181
820 1406 978
821 1066 619
822 1044 845
823 644 905
824 1475 53
825 1582 1228
826 1045 136
827 1585 753
828 1080 1060
829 884 737
830 798 1416
831 179 470
832 791 1080
833 1243 1116
834 365 1590
835 718 1259
836 360 929
837 1561 1515
838 823 774
839 382 525
840 1039 453
841 259 1276
842 1346 954
843 100 1088
844 875 1289
845 1468 1642
846 880 599
847 1093 1472
848 676 1323
849 422 1086
850 162 648
851 1048 1625
852 790 527
853 1089 1599
854 766 306
855 157 968
856 1615 358
857 1089 159
858 374 410
859 61 1183
860 277 826
861 128 1116
862 875 1203
863 691 841
864 986 939
865 106 484
866 210 1403
867 1494 464
868 850 1511
869 232 1173
870 1162 1359
871 388 865
872 1357 1451
873 277 1289
874 1064 1140
875 1024 671
876 646 1120
877 1428 1027
878 49 630
879 13 328
880 1269 1108
881 332 753
882 184 105
883 785 743
884 1490 134
885 1394 1148
886 757 143
887 644 540
888 412 294
889 463 1255
890 695 1303
891 830 1307
892 427 1094
893 1063 1400
894 315 177
895 1340 1353
896 978 478
897 67 697
898 1107 1440
899 920 1346
900 605 1305
901 568 660
902 877 515
903 504 1213
904 856 77
905 1126 644
906 1581 65
907 651 696
908 1582 1251
909 1098 846
910 750 848
911 256 1185
912 1127 144
913 1396 164
914 1237 709
915 1381 758
916 1407 1554
917 114 1550
918 1236 1491
919 1585 817
920 1349 597
921 1543 1088
922 741 480
923 1238 1520
924 204 1654
925 937 317
926 912 899
927 292 1307
928 477 1059
929 1219 115
930 905 788
931 4 381
932 304 1089
933 1391 1357
934 12 134
935 102 203
936 818 1573
937 785 1579
938 659 1129
939 400 1085
940 158 1428
941 142 1378
942 915 1614
943 741 1575
944 649 483
945 1575 893
946 199 1441
947 846 1290
948 1544 476
949 144 757
950 47 722
951 152 1120
952 621 195
953 1405 562
954 1051 1231
955 936 1275
956 594 53
957 532 928
958 490 300
959 1338 1014
960 209 80
961 1413 635
962 487 844
963 1267 1266
964 47 201
965 144 675
966 1351 1461
967 1659 1595
968 289 1009
969 1203 1208
970 1253 80
971 1043 1548
972 570 1117
973 33 1027
974 353 614
975 536 839
976 87 278
977 272 612
978 801 268
979 1162 1015
980 1461 1542
981 844 621
982 299 1496
983 374 552
984 919 256
985 230 798
986 721 858
987 1021 966
988 272 1492
989 418 1527
990 839 940
991 550 570
992 682 133
993 377 252
994 1021 262
995 1600 44
996 514 285
997 627 1222
998 391 543
999 794 267
1000 553 308
1001 1222 543
1002 259 1546
1003 681 1577
1004 158 1293
1005 2 869
1006 746 1098
1007 1449 1056
1008 637 1580
1009 1655 1323
1010 1579 1151
1011 1205 1213
1012 934 874
1013 562 1187
1014 267 982
1015 286 957
1016 1324 1369
1017 868 243
1018 1155 1424
1019 712 1275
1020 587 1425
1021 946 1060
1022 1445 184
1023 1289 288
1024 958 1500
1025 511 430
1026 71 872
1027 1431 1639
1028 1373 243
1029 1081 410
1030 1143 1149
1031 1211 413
1032 220 315
1033 268 810
1034 1065 412
1035 85 82
1036 163 624
1037 293 173
1038 244 753
1039 525 1634
1040 892 449
1041 148 1496
1042 854 828
1043 1293 1357
1044 1184 1455
1045 751 190
1046 967 1179
1047 1392 1440
1048 342 1381
1049 613 449
1050 221 1026
1051 1537 141
1052 1509 74
1053 1024 711
1054 347 1387
1055 57 263
1056 1183 135
1057 680 394
1058 34 1330
1059 973 868
1060 849 61
1061 1621 848
1062 331 553
1063 1054 1460
1064 144 1292
1065 72 1363
1066 1432 941
1067 675 1537
1068 447 883
1069 138 446
1070 98 372
1071 367 469
1072 819 598
1073 1148 678
1074 912 1169
1075 1532 702
1076 1554 1498
1077 986 926
1078 1539 119
1079 68 887
1080 12 16
1081 1521 228
1082 120 66
1083 1056 701
1084 636 1194
1085 1004 1082
1086 1214 685
1087 648 807
1088 1216 505
1089 826 1606
1090 1429 1370
1091 653 1425
1092 1497 1166
1093 1283 379
1094 1171 865
1095 708 1393
1096 1460 1629
1097 126 973
1098 131 1337
1099 335 1101
1100 592 737
1101 1442 1320
1102 117 97
1103 907 1086
1104 670 1406
1105 1602 226
1106 75 573
1107 580 1177
1108 808 233
1109 627 1132
1110 908 599
1111 1571 1360
1112 66 967
1113 1246 1565
1114 811 1622
1115 365 893
1116 828 26
1117 227 471
1118 1652 206
1119 362 788
1120 337 1451
1121 1043 404
1122 376 82
1123 683 584
1124 313 1018
1125 615 1611
1126 820 1452
1127 771 1298
1128 40 1157
1129 1299 220
1130 766 1249
1131 54 1586
1132 30 1162
1133 116 1415
1134 324 722
1135 1065 1016
1136 413 808
1137 1494 914
1138 199 1340
1139 1068 376
1140 746 422
1141 115 851
1142 1100 1081
1143 616 86
1144 884 1069
1145 186 815
1146 1607 1117
1147 1209 967
1148 111 757
1149 272 277
1150 1579 202
1151 101 86
1152 1362 799
1153 47 343
1154 1147 521
1155 1059 1244
1156 1082 1046
1157 314 1524
1158 1197 238
1159 833 389
1160 1137 1585
1161 558 1197
1162 449 175
1163 1467 1473
1164 1659 1622
1165 952 1228
1166 527 730
1167 1570 463
1168 1097 211
1169 661 416
1170 1262 1007
1171 789 229
1172 133 67
1173 468 275
1174 1041 1043
1175 367 1150
1176 107 1490
1177 612 326
1178 1170 399
1179 931 954
1180 1347 1515
1181 479 456
1182 694 346
1183 487 890
1184 252 279
1185 1248 1444
1186 295 1343
1187 1198 1474
1188 367 800
1189 62 1499
1190 1118 1208
1191 1062 1413
1192 258 1515
1193 1295 1163
1194 261 653
1195 150 252
1196 1593 1434
1197 294 174
1198 318 1346
1199 1341 644
1200 233 1300
1201 1177 1531
1202 1006 644
1203 713 423
1204 1632 272
1205 832 676
1206 303 609
1207 953 187
1208 206 294
1209 396 206
1210 110 1533
1211 843 239
1212 107 1508
1213 1201 1613
1214 1005 25
1215 763 623
1216 1050 1470
1217 840 1486
1218 1659 624
1219 662 852
1220 1156 1278
1221 1421 606
1222 47 1421
1223 612 694
1224 1359 133
1225 478 1346
1226 1497 91
1227 627 1385
1228 275 924
1229 479 409
1230 1165 1484
1231 1538 965
1232 529 1365
1233 1652 703
1234 638 1109
1235 727 1226
1236 1051 1127
1237 202 1018
1238 696 913
1239 556 416
1240 481 1606
1241 1378 348
1242 1638 1386
1243 382 80
1244 843 524
1245 117 1611
1246 121 1003
1247 1549 177
1248 944 1120
1249 210 489
1250 131 1205
1251 529 404
1252 1241 371
1253 755 1456
1254 121 1109
1255 85 981
1256 380 226
1257 1500 302
1258 257 227
1259 567 1475
1260 822 639
1261 1102 122
1262 1433 1074
1263 649 984
1264 725 797
1265 409 1165
1266 354 586
1267 1367 1463
1268 690 1214
1269 1043 482
1270 930 1649
1271 534 1592
1272 1312 1396
1273 635 1655
1274 950 1158
1275 426 1159
1276 1219 1524
1277 35 1054
1278 49 1441
1279 1658 729
1280 1091 810
1281 1326 1213
1282 779 729
1283 795 73
1284 290 1600
1285 1282 1458
1286 371 1516
1287 1160 1485
1288 482 547
1289 896 919
1290 726 927
1291 377 1459
1292 1220 472
1293 1611 1467
1294 929 1555
1295 267 108
1296 642 1068
1297 173 588
1298 566 1589
1299 1293 1037
1300 474 1056
1301 1485 123
1302 792 1064
1303 1594 360
1304 1204 38
1305 6 267
1306 31 1469
1307 845 1415
1308 344 543
1309 727 1558
1310 57 578
1311 912 282
1312 770 607
1313 597 1586
1314 1020 1604
1315 1238 1316
1316 1508 332
1317 1028 334
1318 1273 783
1319 1481 406
1320 1287 131
1321 1262 890
1322 662 1474
1323 181 464
1324 1267 968
1325 806 542
1326 905 1196
1327 107 1214
1328 678 478
1329 994 112
1330 1471 1440
1331 1042 1228
1332 1474 1326
1333 1538 781
1334 218 510
1335 477 590
1336 1332 576
1337 683 45
1338 716 632
1339 1291 233
1340 1225 109
1341 453 772
1342 1289 758
1343 581 1240
1344 705 1659
1345 1649 1049
1346 509 1474
1347 1492 756
1348 810 1315
1349 688 42
1350 199 585
1351 1501 276
1352 1409 253
1353 1590 214
1354 931 868
1355 387 1086
1356 178 1228
1357 592 730
1358 1170 571
1359 101 1616
1360 224 500
1361 1414 1593
1362 160 1426
1363 69 280
1364 294 1250
1365 129 193
1366 1453 1123
1367 414 157
1368 632 1288
1369 391 1243
1370 441 926
1371 766 963
1372 1310 874
1373 214 1607
1374 1422 789
1375 921 1607
1376 176 1578
1377 1324 1281
1378 1642 1520
1379 904 1076
1380 1400 781
1381 810 1533
1382 1378 290
1383 955 524
1384 904 1180
1385 1157 1132
1386 1384 485
1387 1552 1589
1388 1069 931
1389 200 1084
1390 86 474
1391 1625 76
1392 109 1525
1393 620 760
1394 1377 527
1395 1434 1565
1396 894 1138
1397 1019 858
1398 747 140
1399 1465 41
1400 280 672
1401 1548 651
1402 178 231
1403 584 967
1404 1152 751
1405 793 51
1406 735 923
1407 310 467
1408 1135 649
1409 362 62
1410 1187 1045
1411 766 1427
1412 855 590
1413 863 1420
1414 1317 1574
1415 1091 361
1416 42 865
1417 1477 1186
1418 794 1418
1419 1126 453
1420 1497 838
1421 306 1235
1422 783 252
1423 64 1345
1424 951 1273
1425 109 1128
1426 555 32
1427 45 1236
1428 311 217
1429 247 80
1430 347 1152
1431 222 210
1432 873 1555
1433 220 1480
1434 684 827
1435 612 640
1436 1085 823
1437 234 1040
1438 1452 833
1439 1462 9
1440 1635 235
1441 513 733
1442 677 1229
1443 859 738
1444 286 1091
1445 98 1449
1446 128 918
1447 849 1307
1448 1337 1234
1449 965 526
1450 1103 426
1451 1396 59
1452 461 1491
1453 1370 1463
1454 760 1494
1455 113 1296
1456 260 569
1457 727 517
1458 1209 1444
1459 987 1004
1460 412 1252
1461 1140 791
1462 186 167
1463 1293 1645
1464 266 1205
1465 486 1315
1466 473 1027
1467 1298 230
1468 3 1526
1469 982 198
1470 1397 338
1471 1528 112
1472 1171 1052
1473 495 640
1474 1063 944
1475 1178 1479
1476 225 391
1477 507 1122
1478 960 1224
1479 1046 914
1480 512 673
1481 1134 811
1482 653 1557
1483 1039 1410
1484 1293 1560
1485 1545 172
1486 690 1454
1487 44 1359
1488 746 1247
1489 1448 1147
1490 863 1435
1491 31 774
1492 757 581
1493 969 295
1494 1281 777
1495 1271 1357
1496 283 791
1497 71 1274
1498 1531 1450
1499 1282 1430
1500 1561 988
1501 715 802
1502 271 338
1503 1560 872
1504 1479 1508
1505 831 237
1506 125 143
1507 1139 489
1508 920 1362
1509 1342 1390
1510 967 634
1511 621 271
1512 943 245
1513 1261 597
1514 1388 1140
1515 1044 246
1516 901 1156
1517 926 98
1518 164 1358
1519 1233 728
1520 1581 17
1521 231 907
1522 509 1509
1523 601 596
1524 690 970
1525 603 1093
1526 1545 219
1527 647 1622
1528 441 899
1529 166 239
1530 1510 1636
1531 1013 735
1532 1332 78
1533 1447 931
1534 81 290
1535 371 1374
1536 828 1524
1537 601 192
1538 43 1017
1539 738 1100
1540 811 885
1541 844 94
1542 47 392
1543 822 680
1544 379 427
1545 771 681
1546 418 1562
1547 160 28
1548 162 1039
1549 553 510
1550 218 1349
1551 293 402
1552 491 375
1553 1029 1152
1554 559 1295
1555 1357 1604
1556 204 418
1557 632 1352
1558 697 1288
1559 561 681
1560 106 607
1561 1383 557
1562 800 113
1563 358 1065
1564 879 243
1565 1654 542
1566 1323 1457
1567 671 1281
1568 952 370
1569 1194 523
1570 690 994
1571 187 1380
1572 1011 535
1573 355 640
1574 1131 296
1575 1385 1571
1576 967 1053
1577 1395 413
1578 485 378
1579 170 246
1580 1395 890
1581 1318 1255
1582 1308 128
1583 1123 6
1584 1198 255
1585 140 1430
1586 1642 999
1587 744 529
1588 302 30
1589 631 1048
1590 1197 356
1591 1073 808
1592 456 71
1593 366 245
1594 1171 606
1595 629 1008
1596 1186 1123
1597 458 237
1598 1457 1203
1599 842 1337
1600 1349 1221
1601 1257 240
1602 1357 242
1603 1575 478
1604 1187 944
1605 1005 74
1606 796 364
1607 670 64
1608 1319 78
1609 102 227
1610 1656 411
1611 1483 1042
1612 860 240
1613 1010 305
1614 718 361
1615 699 970
1616 1429 1495
1617 1518 1437
1618 417 683
1619 1173 595
1620 112 1124
1621 824 10
1622 1174 652
1623 1232 245
1624 1222 1321
1625 183 421
1626 490 414
1627 831 165
1628 497 847
1629 521 1634
1630 184 860
1631 708 410
1632 71 890
1633 950 1454
1634 256 738
1635 133 1509
1636 1223 1232
1637 1250 143
1638 744 395
1639 506 1429
1640 627 1518
1641 714 703
1642 827 78
1643 901 1112
1644 1309 861
1645 1316 32
1646 997 750
1647 33 396
1648 357 370
1649 1030 290
1650 400 1419
1651 1088 1423
1652 1502 1486
1653 787 737
1654 131 206
1655 733 1268
1656 1125 763
1657 1231 1195
1658 161 305
1659 614 11
1660 228 1077
