3830 3830
1 2181 3541
2 2701 1936
3 101 583
4 1965 1583
5 2164 3355
6 2354 2019
7 540 1209
8 2674 1352
9 1811 3812
10 374 852
11 673 1995
12 2252 773
13 598 1351
14 2005 1996
15 882 2212
16 777 2541
17 2059 3683
18 3623 1195
19 3139 1954
20 2925 2853
21 2258 988
22 2548 3761
23 2258 710
24 1843 1903
25 2563 360
26 2223 90
27 1464 2998
28 3083 168
29 342 1365
30 3406 599
31 1632 22
32 927 3057
33 993 2505
34 2651 293
35 787 92
36 1999 1136
37 2372 1143
38 626 2736
39 3451 173
40 3820 405
41 967 922
42 2825 42
43 2801 675
44 661 1365
45 2385 2009
46 2463 2068
47 1611 927
48 2202 460
49 2959 957
50 871 334
51 54 1314
52 2467 307
53 2468 1914
54 2412 2006
55 999 1838
56 1146 621
57 2014 1695
58 2635 1155
59 3029 2226
60 1998 2584
61 3664 1090
62 3303 1783
63 2866 2305
64 2362 2425
65 3753 3673
66 659 253
67 2109 516
68 2306 2293
69 2412 3377
70 975 1188
71 2537 3328
72 1481 1805
73 3368 2131
74 1694 1280
75 185 26
76 3267 514
77 1872 2231
78 3686 1470
79 2026 1601
80 2796 2762
81 1204 1524
82 1851 1501
83 156 3297
84 3122 3230
85 1556 2908
86 890 3264
87 928 2759
88 371 3382
89 3451 3241
90 1762 784
91 2215 2688
92 869 955
93 1420 2519
94 2658 262
95 951 1005
96 1717 133
97 2412 3530
98 3444 2933
99 1138 3
100 3342 1132
101 1283 3269
102 3339 2242
103 1919 2143
104 2524 2824
105 1870 1634
106 1203 1695
107 1014 1866
108 2494 1371
109 1517 1027
110 558 1506
111 1618 1075
112 3095 3586
113 765 1547
114 2323 388
115 3178 622
116 3750 144
117 2459 1118
118 3560 1447
119 3292 1006
120 1809 2458
121 2392 1430
122 526 2596
123 1787 3328
124 1590 3649
125 429 1787
126 2844 1277
127 1869 1581
128 62 638
129 1050 2175
130 3470 2856
131 3244 740
132 3224 2030
133 751 628
134 209 2468
135 821 2344
136 1685 952
137 181 223
138 677 3734
139 72 1414
140 1193 1344
141 584 599
142 2645 2843
143 1369 1937
144 870 257
145 2426 382
146 2519 1838
147 1402 1967
148 2999 3619
149 2370 1141
150 2168 3019
151 1891 709
152 2433 977
153 2650 1415
154 488 3612
155 890 3302
156 308 520
157 63 2906
158 341 69
159 1176 769
160 1230 3500
161 1407 1624
162 1500 712
163 1669 873
164 705 1064
165 243 154
166 3012 776
167 1663 507
168 300 3250
169 946 3584
170 1782 2823
171 3422 2615
172 1149 2309
173 3235 3788
174 1002 826
175 771 2731
176 2614 531
177 372 151
178 328 1115
179 94 53
180 1858 476
181 2522 124
182 586 3590
183 1378 3232
184 1979 1001
185 3571 3457
186 2143 3620
187 2288 3256
188 1470 3336
189 1610 3715
190 2055 2729
191 2727 1902
192 758 3389
193 1605 2404
194 1487 2515
195 81 889
196 1136 2184
197 3651 3359
198 2536 3525
199 1968 657
200 2469 1249
201 3616 1019
202 441 3112
203 315 2389
204 3510 2951
205 1075 3007
206 3492 3781
207 380 2216
208 139 3011
209 1343 3614
210 3641 935
211 1325 3556
212 676 3283
213 3512 109
214 3754 2392
215 1935 1216
216 3379 2250
217 3438 1644
218 1945 1771
219 1298 2773
220 371 1953
221 613 990
222 1063 242
223 3779 2141
224 776 1994
225 1257 2273
226 363 1722
227 2787 635
228 1567 3596
229 189 3455
230 421 1964
231 3729 3625
232 162 3711
233 3175 343
234 2149 28
235 217 852
236 2402 3443
237 3796 1096
238 1169 1523
239 1817 1063
240 3769 557
241 1227 1830
242 558 820
243 2273 1368
244 867 564
245 1040 2500
246 1927 2696
247 2258 3684
248 2540 830
249 3297 68
250 3794 1256
251 682 370
252 1457 480
253 61 1933
254 2142 400
255 2229 562
256 2354 3345
257 2740 1759
258 2082 90
259 262 1023
260 116 2017
261 1836 248
262 1074 323
263 1064 1519
264 1311 466
265 3331 2347
266 2828 1976
267 2594 2585
268 1102 2469
269 1728 1960
270 1472 2376
271 3509 1434
272 3614 3263
273 1233 3090
274 1099 1354
275 3309 2166
276 654 3186
277 3364 2106
278 2171 1178
279 2105 3276
280 690 3696
281 3560 1754
282 315 1225
283 1716 1161
284 876 2389
285 1454 2895
286 1772 147
287 3419 285
288 1665 1473
289 3539 749
290 1874 2565
291 642 1475
292 1068 2459
293 3337 144
294 2304 3470
295 3627 2831
296 3419 2405
297 771 1227
298 2442 126
299 3295 2171
300 3097 1905
301 308 778
302 1411 1688
303 3672 597
304 211 160
305 1078 155
306 2727 2061
307 3738 2501
308 3151 1374
309 2355 1606
310 2403 3665
311 2722 1357
312 3100 3548
313 1018 3558
314 1365 1466
315 2907 1963
316 520 2003
317 122 13
318 1327 3446
319 3545 387
320 3608 407
321 2200 1472
322 3268 3671
323 3766 1202
324 411 365
325 1350 1248
326 2559 316
327 2983 3500
328 1224 2761
329 3031 1606
330 2020 757
331 1358 360
332 3577 862
333 3057 1454
334 766 1826
335 2436 289
336 2819 1341
337 3672 39
338 141 1824
339 100 1688
340 1050 462
341 2439 3468
342 2027 1299
343 1741 2056
344 3337 3513
345 338 2975
346 2972 2832
347 1700 2357
348 2070 1091
349 1396 3255
350 3245 1281
351 1566 3560
352 951 135
353 39 2113
354 1493 2397
355 747 1326
356 2858 2448
357 2537 2304
358 1351 1260
359 3679 527
360 3720 1360
361 2970 3636
362 1950 1421
363 2847 2800
364 3052 789
365 2645 3424
366 2506 2393
367 1848 2033
368 911 1368
369 3201 610
370 2719 1867
371 1063 3510
372 1296 465
373 1447 3138
374 2791 2886
375 2111 2907
376 2841 1822
377 2141 2392
378 100 1279
379 2985 435
380 2311 3337
381 2307 2801
382 2943 1873
383 1762 3776
384 296 857
385 1561 3197
386 2631 499
387 2912 1060
388 2268 319
389 3132 3120
390 3513 2872
391 3238 1766
392 3518 798
393 37 2153
394 1560 312
395 2546 880
396 117 1222
397 41 378
398 452 1926
399 2037 2033
400 3319 974
401 2576 3351
402 3033 2776
403 3168 1754
404 2112 332
405 3378 957
406 271 3826
407 3590 380
408 2840 3729
409 1305 1005
410 268 1491
411 3782 35
412 795 2851
413 2653 2662
414 2432 1737
415 966 1601
416 2072 8
417 3824 2487
418 1487 3352
419 1378 3653
420 3353 1121
421 2133 2441
422 2598 658
423 3651 2091
424 249 902
425 1133 2843
426 2942 2643
427 2685 673
428 813 1484
429 3660 1541
430 3531 26
431 793 961
432 1219 2379
433 1514 596
434 2376 670
435 1890 627
436 1080 503
437 530 29
438 41 3559
439 3171 1371
440 3073 1508
441 2282 3330
442 141 3256
443 896 3505
444 1543 3744
445 3296 677
446 1385 3135
447 3457 2493
448 1390 341
449 1973 506
450 2013 2923
451 1512 2358
452 2101 3271
453 1734 2202
454 3012 125
455 2445 1271
456 1843 437
457 1881 3092
458 1164 3203
459 178 801
460 330 683
461 852 1028
462 3435 2468
463 2929 3108
464 40 785
465 2925 3192
466 1404 3368
467 1003 723
468 2382 3758
469 733 697
470 1509 3019
471 2739 649
472 511 2541
473 3780 904
474 3407 3594
475 3688 2342
476 702 3528
477 205 1282
478 110 881
479 2663 1062
480 381 1418
481 1150 2676
482 3271 2458
483 388 854
484 3225 2848
485 934 1147
486 2565 1033
487 2035 136
488 1975 931
489 1094 2630
490 874 820
491 1086 1380
492 2582 2825
493 33 3382
494 1006 3319
495 1977 1911
496 318 3520
497 3123 3472
498 1412 1030
499 1941 2847
500 1048 749
501 116 2234
502 888 1647
503 3116 1705
504 2978 2933
505 3018 2072
506 2903 2295
507 877 1021
508 2292 357
509 3603 1891
510 1685 1068
511 310 2767
512 112 1737
513 3309 160
514 3257 3713
515 1673 1754
516 2285 2524
517 1499 1213
518 1834 1657
519 1649 585
520 3041 1576
521 353 2248
522 971 2200
523 193 1459
524 632 635
525 43 1441
526 278 2821
527 623 2936
528 250 2378
529 763 2494
530 3055 1903
531 1245 357
532 1682 2343
533 975 1151
534 988 2077
535 2358 2285
536 1488 277
537 3809 2200
538 613 210
539 3524 2954
540 333 3661
541 96 1409
542 2589 2338
543 1743 514
544 1016 2563
545 828 506
546 2731 147
547 311 651
548 2293 3485
549 2855 716
550 330 2606
551 2001 3447
552 419 1773
553 172 2100
554 3547 2342
555 1860 2855
556 521 246
557 3767 1877
558 3796 2703
559 2189 1750
560 3774 2987
561 3648 678
562 1669 1678
563 3752 867
564 3572 2595
565 2844 2257
566 1854 2476
567 2989 2478
568 36 2167
569 3797 3676
570 2567 957
571 778 2830
572 973 100
573 2036 1079
574 366 3125
575 1027 3594
576 2030 690
577 3317 2112
578 117 1601
579 1673 2285
580 3067 2872
581 2939 3722
582 2459 878
583 192 831
584 2465 2415
585 2559 851
586 269 3695
587 870 2914
588 3397 340
589 256 507
590 3677 1077
591 3825 87
592 3130 546
593 3198 2913
594 1740 940
595 2172 290
596 2811 881
597 2489 2487
598 762 2922
599 1364 2156
600 1124 666
601 839 2293
602 1388 3261
603 1570 230
604 3765 808
605 1136 1507
606 1285 2073
607 3080 1082
608 3160 3342
609 602 1037
610 6 1107
611 701 2676
612 1231 168
613 2878 1315
614 2201 913
615 765 1230
616 723 1626
617 2071 781
618 888 3811
619 1157 3454
620 1258 667
621 1756 597
622 2891 3503
623 769 3303
624 2684 2809
625 2961 1531
626 2861 1342
627 1343 2409
628 813 1046
629 3270 2820
630 2014 3711
631 6 983
632 1088 3367
633 237 2140
634 977 3505
635 2708 3034
636 1664 106
637 2512 2235
638 2463 3144
639 2394 2268
640 2068 1357
641 1018 1636
642 394 2975
643 1065 2309
644 2563 3577
645 2736 3089
646 133 1412
647 820 1007
648 3551 1576
649 289 2258
650 900 884
651 1761 1396
652 785 2464
653 2002 2222
654 2918 434
655 1662 1643
656 2332 2848
657 2018 1848
658 1431 1339
659 1636 582
660 1758 2464
661 1955 3594
662 334 3221
663 801 3089
664 730 204
665 1977 711
666 3318 2115
667 3337 1462
668 1882 3594
669 1709 2168
670 2508 3282
671 58 1760
672 2591 253
673 2049 3797
674 341 238
675 1539 3160
676 1986 1519
677 3641 1832
678 3426 3410
679 1071 569
680 366 391
681 1983 3734
682 695 127
683 2787 685
684 2487 3352
685 2599 560
686 771 3387
687 464 1738
688 484 1184
689 2214 3432
690 872 2583
691 654 1148
692 1103 1321
693 1905 257
694 20 1318
695 742 48
696 3616 899
697 1574 394
698 3377 1007
699 689 3394
700 2908 1765
701 12 421
702 666 2620
703 3754 3317
704 1964 2360
705 2244 2088
706 1674 2737
707 257 1886
708 1020 2199
709 1402 1181
710 1166 3053
711 2449 1810
712 1652 2791
713 1075 41
714 3003 1861
715 3273 2497
716 3256 2440
717 1537 3347
718 2185 2814
719 3263 216
720 867 1952
721 2629 2233
722 3542 1829
723 43 1293
724 899 823
725 3716 2510
726 54 638
727 3416 1950
728 3316 918
729 1141 2514
730 2713 1033
731 1570 2881
732 462 1920
733 625 3558
734 3206 1931
735 1381 3247
736 193 1281
737 788 2356
738 1750 1802
739 3229 36
740 974 1270
741 1402 2008
742 2653 1803
743 135 1734
744 657 2648
745 1910 2825
746 555 1511
747 1197 2692
748 1048 1603
749 848 1933
750 342 2148
751 190 2007
752 2315 1842
753 2981 2077
754 3076 301
755 1237 3101
756 432 2684
757 1389 2396
758 2607 2750
759 283 370
760 1269 622
761 1725 1798
762 2249 1982
763 659 142
764 2822 2211
765 2706 1333
766 1713 1347
767 2322 3608
768 473 1473
769 485 2998
770 267 1317
771 930 650
772 2941 1404
773 1577 2419
774 2506 1765
775 591 2236
776 3610 426
777 2238 1387
778 2038 1524
779 1557 319
780 2970 3358
781 3628 220
782 2681 3755
783 1588 1186
784 2173 3715
785 649 191
786 129 2842
787 2905 355
788 2180 324
789 2753 1955
790 701 2628
791 889 3694
792 2534 1008
793 3736 3400
794 3117 875
795 3485 2419
796 3582 2280
797 98 311
798 327 1642
799 2134 2838
800 1106 2496
801 2223 72
802 116 699
803 3624 1022
804 2271 2085
805 2630 2861
806 662 1846
807 701 2021
808 2482 212
809 3002 1413
810 182 1159
811 199 1025
812 1019 2344
813 846 3178
814 2382 1281
815 1417 2682
816 1401 1705
817 3010 2527
818 3655 886
819 1798 2372
820 1600 140
821 1808 465
822 765 1842
823 98 3072
824 889 734
825 136 2048
826 709 1331
827 2598 2699
828 1654 2408
829 3448 33
830 422 2949
831 842 437
832 3160 2850
833 1146 1765
834 3121 1702
835 1361 363
836 2612 454
837 3347 1439
838 1101 746
839 1822 1281
840 1373 2469
841 3653 3696
842 1974 2435
843 2123 454
844 2301 2779
845 1129 1092
846 3055 3051
847 3638 996
848 3304 2504
849 1484 2484
850 2820 3107
851 2542 1233
852 2445 656
853 1278 2095
854 1351 3027
855 3627 3061
856 1394 799
857 3251 2897
858 415 2072
859 3528 137
860 2124 107
861 2768 2807
862 2308 82
863 3363 1229
864 2810 2096
865 271 2005
866 2812 1617
867 1002 222
868 591 1526
869 2304 2429
870 3762 1203
871 411 424
872 1618 3197
873 3005 728
874 3547 1206
875 3602 3828
876 2644 2708
877 3105 2760
878 1711 582
879 2635 2757
880 1181 2375
881 1748 481
882 621 3068
883 187 722
884 2299 611
885 270 2291
886 2931 92
887 807 1194
888 2084 1562
889 2214 2376
890 1027 1186
891 954 3039
892 1777 3745
893 2748 516
894 1402 2964
895 360 459
896 1549 860
897 3677 3448
898 2717 2197
899 3660 3213
900 1982 2441
901 1692 2236
902 1559 1918
903 3356 1771
904 3485 3286
905 2638 2665
906 2525 3323
907 1548 2962
908 1495 1241
909 83 2299
910 1959 2198
911 668 768
912 37 349
913 752 980
914 1542 1356
915 1062 2283
916 3641 2783
917 3635 1394
918 2357 3331
919 2886 3303
920 3335 191
921 1264 107
922 277 3354
923 3809 3327
924 165 622
925 3189 1424
926 2269 876
927 2281 2949
928 2785 407
929 1614 23
930 192 2859
931 875 3226
932 9 555
933 512 3432
934 1666 3500
935 1584 3601
936 2778 2141
937 1367 2001
938 2702 2510
939 3726 1375
940 2340 254
941 2180 2974
942 810 1545
943 1484 3358
944 835 2051
945 2472 2699
946 3050 3450
947 215 2040
948 1499 1656
949 1117 2509
950 2225 1123
951 3453 3093
952 3610 3004
953 3577 2308
954 787 704
955 1239 3349
956 3437 1230
957 1120 2947
958 3730 3314
959 3620 542
960 352 1362
961 291 3747
962 2597 3658
963 1848 2876
964 1724 669
965 955 3699
966 828 2521
967 279 574
968 1895 2779
969 2899 1654
970 3405 2917
971 3643 1945
972 798 2262
973 1002 603
974 2298 991
975 1384 1201
976 918 3107
977 29 2867
978 1968 2276
979 147 3140
980 2183 10
981 2674 2146
982 1091 3335
983 1839 2991
984 3710 3340
985 3180 516
986 290 3451
987 477 2688
988 3483 957
989 171 2286
990 2689 3390
991 3762 1463
992 213 3287
993 595 3017
994 3459 3583
995 1522 307
996 2475 564
997 2021 79
998 2388 443
999 1859 758
1000 40 2902
1001 1792 3056
1002 2894 2099
1003 2679 958
1004 354 1480
1005 2837 2282
1006 881 136
1007 2413 1352
1008 3376 3185
1009 1228 1476
1010 3422 2888
1011 161 2132
1012 2850 2113
1013 604 3411
1014 1126 473
1015 1420 2233
1016 3373 3259
1017 3673 3076
1018 3535 317
1019 1731 1563
1020 921 82
1021 2904 2388
1022 2224 3367
1023 2305 3512
1024 1307 850
1025 1500 486
1026 774 2689
1027 3565 3667
1028 3784 358
1029 1646 38
1030 1388 2775
1031 3423 516
1032 3443 1273
1033 1754 3594
1034 2625 3779
1035 2428 2995
1036 2158 848
1037 2695 2127
1038 2721 924
1039 2999 1717
1040 22 1315
1041 891 1715
1042 3810 340
1043 202 34
1044 2149 1385
1045 1036 2815
1046 1736 2831
1047 1528 3247
1048 1699 2485
1049 2914 1524
1050 2296 3220
1051 1171 1684
1052 2963 2077
1053 3588 2155
1054 516 1887
1055 2892 1297
1056 1936 1274
1057 490 1151
1058 2965 390
1059 2921 3016
1060 2702 2089
1061 3086 620
1062 2874 3318
1063 1856 680
1064 1947 3678
1065 3302 1294
1066 434 2107
1067 441 511
1068 760 2242
1069 1333 2979
1070 575 3382
1071 2634 1266
1072 753 3550
1073 866 3575
1074 1024 1815
1075 1705 1056
1076 1066 3371
1077 3501 1761
1078 838 63
1079 1283 1439
1080 2257 952
1081 248 376
1082 3452 2586
1083 708 3272
1084 2563 1265
1085 954 2833
1086 3195 2916
1087 1290 704
1088 1466 3056
1089 1646 2131
1090 2494 146
1091 3258 3094
1092 749 2472
1093 448 1632
1094 187 346
1095 214 2721
1096 3482 2923
1097 781 2480
1098 1603 807
1099 12 2342
1100 715 2219
1101 1846 3209
1102 2306 1792
1103 2300 2588
1104 3765 1259
1105 658 2583
1106 1252 238
1107 2911 685
1108 2081 1915
1109 936 163
1110 3368 1188
1111 2572 940
1112 2444 82
1113 1618 2659
1114 477 967
1115 2043 2078
1116 977 3245
1117 2462 3325
1118 2486 3396
1119 715 3576
1120 3732 226
1121 2450 1188
1122 2253 1372
1123 3351 1623
1124 936 989
1125 2519 1818
1126 2202 427
1127 915 1938
1128 20 2667
1129 239 3477
1130 566 3392
1131 821 2220
1132 3806 3080
1133 308 1827
1134 670 1714
1135 1490 2524
1136 3636 1770
1137 3390 862
1138 1956 1089
1139 1425 2704
1140 223 2563
1141 531 3255
1142 1712 3519
1143 2386 3113
1144 3700 3641
1145 411 1398
1146 251 2409
1147 1554 2578
1148 522 2339
1149 1312 1046
1150 1890 1757
1151 1191 478
1152 2141 644
1153 1878 2677
1154 1939 293
1155 3037 1216
1156 2654 315
1157 1703 986
1158 131 2262
1159 3186 227
1160 1620 3801
1161 1554 3374
1162 478 393
1163 206 3450
1164 1820 1807
1165 2370 610
1166 3531 1261
1167 759 1108
1168 264 710
1169 906 3299
1170 1666 2827
1171 2721 897
1172 99 862
1173 2884 2016
1174 808 2030
1175 484 2726
1176 3423 1562
1177 867 1321
1178 2207 3507
1179 3071 2226
1180 1176 3721
1181 3262 430
1182 1717 2177
1183 3807 1339
1184 953 469
1185 818 2656
1186 1039 1855
1187 2792 1721
1188 1253 2059
1189 830 1711
1190 2850 928
1191 1784 1824
1192 3657 195
1193 1413 1899
1194 3431 2556
1195 3801 189
1196 374 3681
1197 275 2823
1198 3646 2162
1199 1727 3694
1200 1846 1575
1201 2288 527
1202 1675 1142
1203 2703 2879
1204 568 2783
1205 3696 2954
1206 2826 420
1207 3644 2846
1208 3054 1865
1209 204 1412
1210 3436 219
1211 2973 3371
1212 3129 12
1213 1088 2723
1214 2915 3087
1215 1352 127
1216 810 1601
1217 1646 1651
1218 952 156
1219 2455 1923
1220 2083 2937
1221 2093 396
1222 3700 657
1223 3595 1392
1224 869 401
1225 1394 1973
1226 2794 2967
1227 2988 847
1228 2317 150
1229 1375 454
1230 1218 827
1231 1120 2231
1232 193 3823
1233 3211 2964
1234 2640 2580
1235 3442 2432
1236 277 3446
1237 3563 3008
1238 790 1322
1239 136 3771
1240 3819 1719
1241 2236 868
1242 3370 1484
1243 2535 1763
1244 402 640
1245 544 1296
1246 2391 1429
1247 20 2942
1248 441 1902
1249 2274 1253
1250 2866 143
1251 2926 3371
1252 69 729
1253 2363 3019
1254 66 2485
1255 3377 3166
1256 123 3822
1257 2442 3323
1258 658 457
1259 1700 1710
1260 74 2880
1261 1744 599
1262 919 2816
1263 559 3774
1264 97 3291
1265 1266 1670
1266 321 705
1267 2117 1640
1268 643 3292
1269 2018 3153
1270 701 2476
1271 2271 3037
1272 3331 1482
1273 778 2076
1274 2931 2833
1275 689 3582
1276 844 3759
1277 366 2926
1278 1092 1168
1279 687 349
1280 487 3700
1281 823 1987
1282 947 168
1283 1917 1019
1284 985 3642
1285 2130 27
1286 182 2985
1287 783 3510
1288 411 285
1289 2304 1209
1290 2307 3431
1291 2807 125
1292 323 2894
1293 1074 1205
1294 400 2412
1295 2301 697
1296 1031 1138
1297 3191 3234
1298 2610 2059
1299 1224 3649
1300 3289 2972
1301 3486 3730
1302 1965 558
1303 445 3072
1304 1113 2580
1305 3473 2530
1306 1978 3416
1307 413 2452
1308 2305 925
1309 2479 2685
1310 3584 947
1311 1888 148
1312 3506 2725
1313 2863 2039
1314 213 924
1315 330 673
1316 3588 1795
1317 3799 2078
1318 1860 1064
1319 3336 1128
1320 515 682
1321 3199 3445
1322 2173 3485
1323 2584 1313
1324 1448 3771
1325 1398 3408
1326 2629 3046
1327 732 1758
1328 126 1287
1329 3174 2118
1330 1438 634
1331 3475 2879
1332 269 2926
1333 3669 186
1334 371 3096
1335 3141 982
1336 308 1117
1337 3709 788
1338 2708 893
1339 641 2847
1340 1572 2630
1341 1788 117
1342 3155 3028
1343 241 140
1344 778 1733
1345 2687 1510
1346 2065 2890
1347 1405 692
1348 1735 3394
1349 198 896
1350 3547 3082
1351 3028 3449
1352 1556 3777
1353 3304 1035
1354 2987 2641
1355 3474 918
1356 2042 2917
1357 279 1326
1358 3556 3256
1359 3643 3162
1360 258 639
1361 2423 3211
1362 866 419
1363 3707 350
1364 1294 402
1365 3163 520
1366 1281 1235
1367 2455 1325
1368 2145 217
1369 1897 2005
1370 1575 2075
1371 517 521
1372 2026 2134
1373 1919 1359
1374 115 523
1375 2368 890
1376 3798 1561
1377 2034 2414
1378 30 2928
1379 514 923
1380 2267 687
1381 1819 1183
1382 1352 287
1383 2277 1942
1384 2315 37
1385 3134 3496
1386 3435 582
1387 2177 2460
1388 2616 82
1389 3579 3757
1390 1894 2645
1391 3290 474
1392 687 3121
1393 2356 3102
1394 910 3064
1395 2929 271
1396 118 1372
1397 3629 179
1398 485 374
1399 1339 3336
1400 2531 242
1401 785 908
1402 2479 2918
1403 2807 1651
1404 27 1844
1405 2034 2124
1406 1797 2929
1407 1059 198
1408 441 3262
1409 2856 1449
1410 1892 3220
1411 898 576
1412 747 3583
1413 1065 2745
1414 3509 2444
1415 2012 205
1416 3487 1417
1417 440 2257
1418 717 3159
1419 1137 3286
1420 60 1610
1421 1203 985
1422 1678 3579
1423 231 3090
1424 886 2228
1425 353 721
1426 1376 3623
1427 1509 256
1428 2623 957
1429 1405 1629
1430 1219 3147
1431 1253 3485
1432 567 2615
1433 2913 523
1434 1875 446
1435 1124 3691
1436 3213 976
1437 1504 3016
1438 850 3357
1439 2932 758
1440 499 2140
1441 3063 204
1442 754 2757
1443 1757 775
1444 184 2201
1445 767 2626
1446 3574 3354
1447 1246 2900
1448 874 2213
1449 1694 1302
1450 755 1968
1451 2586 1383
1452 2120 2141
1453 2841 108
1454 1621 1406
1455 1618 2747
1456 3517 3588
1457 3790 318
1458 2281 3321
1459 457 1961
1460 436 1298
1461 1983 3722
1462 1823 1763
1463 3443 1008
1464 1947 3440
1465 1243 3664
1466 1960 3809
1467 1636 1330
1468 284 2365
1469 1618 3579
1470 2053 239
1471 353 3774
1472 1210 2653
1473 2905 3036
1474 2270 3720
1475 375 2433
1476 2099 3045
1477 987 633
1478 420 2993
1479 2609 434
1480 1980 1189
1481 818 998
1482 2873 3288
1483 1735 1331
1484 2283 2063
1485 527 2901
1486 1501 622
1487 2473 1179
1488 394 2400
1489 260 824
1490 25 2743
1491 142 1299
1492 3268 3473
1493 2129 3393
1494 2981 2259
1495 9 462
1496 1517 312
1497 2141 3570
1498 2592 2367
1499 85 1808
1500 2283 970
1501 1746 589
1502 182 3709
1503 2069 451
1504 877 2660
1505 1995 469
1506 1672 1269
1507 1911 1566
1508 3542 65
1509 2855 3170
1510 1220 2397
1511 2987 1298
1512 3033 3706
1513 455 1498
1514 1505 841
1515 2091 1544
1516 208 1549
1517 1825 714
1518 2160 2529
1519 588 1614
1520 139 2588
1521 1394 2657
1522 3563 3539
1523 3701 3755
1524 3171 1965
1525 3501 1621
1526 3034 673
1527 3262 1082
1528 1568 2951
1529 2827 2628
1530 864 166
1531 938 1943
1532 463 3455
1533 2752 1246
1534 443 2412
1535 871 1780
1536 2269 2361
1537 2284 265
1538 2914 3118
1539 1946 790
1540 503 3170
1541 2605 2385
1542 2718 1969
1543 3735 3132
1544 48 867
1545 2186 190
1546 1508 2183
1547 3121 1071
1548 1297 1411
1549 2595 1282
1550 1674 135
1551 2050 255
1552 94 3182
1553 2018 919
1554 358 2466
1555 12 1411
1556 69 1680
1557 2441 2574
1558 3090 1767
1559 1470 3168
1560 2477 2996
1561 3284 460
1562 36 1461
1563 1638 3019
1564 1610 3078
1565 2731 200
1566 3145 948
1567 1249 668
1568 3688 1319
1569 3810 609
1570 2926 598
1571 1382 3357
1572 1097 777
1573 1363 2981
1574 2726 1042
1575 1312 1236
1576 2444 586
1577 2695 206
1578 1570 3165
1579 671 1303
1580 3082 3525
1581 1041 209
1582 2588 275
1583 2947 3733
1584 2925 2149
1585 2275 3690
1586 2768 746
1587 3277 3584
1588 3037 932
1589 608 1700
1590 3194 1153
1591 1414 425
1592 576 804
1593 1156 3284
1594 1032 2210
1595 693 3552
1596 2937 546
1597 418 2949
1598 2002 3283
1599 3655 871
1600 2798 159
1601 2568 3730
1602 1834 1848
1603 3462 815
1604 3440 3220
1605 2599 2637
1606 1819 3422
1607 2604 1337
1608 2831 1201
1609 1862 1062
1610 2294 278
1611 1443 12
1612 2880 2746
1613 2386 2678
1614 2977 3615
1615 1707 1016
1616 869 646
1617 2947 536
1618 2087 3223
1619 2801 2354
1620 2636 373
1621 726 1466
1622 622 1466
1623 2850 2514
1624 499 3332
1625 1959 2637
1626 3283 1564
1627 1505 998
1628 1441 605
1629 1567 314
1630 729 827
1631 3218 2531
1632 3008 2273
1633 297 1855
1634 399 2028
1635 3555 2376
1636 755 193
1637 206 523
1638 3340 783
1639 2369 435
1640 416 2541
1641 2330 2487
1642 665 436
1643 8 2420
1644 2904 3077
1645 1002 2590
1646 1555 3799
1647 2079 2566
1648 2122 2597
1649 348 1241
1650 1312 1333
1651 2996 1507
1652 1982 2569
1653 1902 722
1654 3080 2573
1655 1070 3564
1656 281 1153
1657 1210 906
1658 52 3140
1659 2583 1960
1660 1994 2262
1661 2786 1622
1662 1125 2648
1663 2090 43
1664 279 2329
1665 3205 1468
1666 2575 2894
1667 1499 2993
1668 93 2031
1669 1482 1980
1670 203 2890
1671 260 3
1672 3553 3795
1673 3551 1442
1674 3243 131
1675 938 2044
1676 44 3202
1677 2114 3424
1678 2356 1068
1679 2490 756
1680 2327 1075
1681 2921 3032
1682 1098 3746
1683 829 358
1684 3554 940
1685 3029 235
1686 1888 1150
1687 1364 3452
1688 2852 1222
1689 3148 1543
1690 2685 1832
1691 1796 1764
1692 318 2602
1693 468 1523
1694 3500 584
1695 3062 1207
1696 1849 3720
1697 1116 329
1698 1464 1735
1699 3302 2089
1700 634 2683
1701 2023 218
1702 3412 3118
1703 3800 2998
1704 2088 535
1705 2638 1911
1706 630 746
1707 508 701
1708 344 3295
1709 92 787
1710 265 981
1711 2858 515
1712 316 2130
1713 2723 371
1714 1037 198
1715 2839 3118
1716 678 2733
1717 1937 982
1718 3046 896
1719 2850 1837
1720 291 69
1721 1161 978
1722 190 3386
1723 1482 1057
1724 2135 204
1725 2710 3388
1726 1142 300
1727 2753 2122
1728 1553 1113
1729 1941 666
1730 1021 731
1731 3270 1000
1732 68 993
1733 3596 2707
1734 350 1869
1735 3279 3658
1736 120 1313
1737 2872 857
1738 3642 474
1739 3289 3397
1740 695 2041
1741 2290 1986
1742 591 2076
1743 1612 174
1744 3649 2666
1745 3090 1977
1746 1359 1062
1747 34 3144
1748 1366 90
1749 2626 3303
1750 4 2316
1751 3586 2851
1752 1059 821
1753 2894 2664
1754 1786 2696
1755 787 3249
1756 1892 243
1757 3776 163
1758 320 440
1759 123 1224
1760 3223 28
1761 1460 666
1762 2007 2705
1763 178 852
1764 1405 273
1765 3498 2233
1766 318 179
1767 689 2387
1768 2814 2128
1769 1365 1837
1770 1180 2825
1771 23 2162
1772 1182 3443
1773 952 2627
1774 772 3529
1775 370 2532
1776 3074 2777
1777 1612 2311
1778 3785 3732
1779 1082 2517
1780 1073 2388
1781 1225 2644
1782 465 1448
1783 2265 197
1784 3192 1709
1785 2159 901
1786 736 1679
1787 774 902
1788 1480 2998
1789 2402 752
1790 279 3267
1791 2856 146
1792 2397 665
1793 2053 854
1794 2844 48
1795 1523 2556
1796 1910 1070
1797 3495 1156
1798 3464 152
1799 1215 1509
1800 2779 3445
1801 3101 110
1802 1931 35
1803 2942 2003
1804 823 653
1805 3428 657
1806 2289 49
1807 1818 2094
1808 2317 1491
1809 1200 729
1810 2586 1134
1811 396 2684
1812 1852 1341
1813 1733 1474
1814 1707 2628
1815 2901 3537
1816 1960 327
1817 2772 1272
1818 300 2888
1819 2290 1258
1820 877 451
1821 513 2358
1822 1755 1892
1823 977 1579
1824 2908 2587
1825 1204 692
1826 39 1540
1827 121 2
1828 2890 3291
1829 3013 3328
1830 2068 1124
1831 3444 3558
1832 1775 3390
1833 3491 3493
1834 328 1574
1835 660 2609
1836 1832 2781
1837 262 1043
1838 450 1025
1839 1617 1657
1840 1916 2734
1841 3699 2757
1842 3312 877
1843 3239 3596
1844 3414 795
1845 1980 2472
1846 1647 1894
1847 359 1044
1848 3060 439
1849 1951 1906
1850 3530 579
1851 2567 1131
1852 2402 543
1853 674 266
1854 3568 3683
1855 1743 2898
1856 1995 886
1857 1289 1132
1858 1800 1275
1859 1769 1763
1860 2036 3652
1861 3819 3450
1862 535 1365
1863 2772 2342
1864 1774 2855
1865 284 2987
1866 3355 1376
1867 1580 3454
1868 1100 3406
1869 507 29
1870 567 739
1871 2452 1683
1872 3470 3407
1873 529 518
1874 2363 3120
1875 1895 2869
1876 1852 1828
1877 860 2574
1878 3519 1881
1879 353 676
1880 1335 1767
1881 1806 725
1882 2198 3265
1883 2454 1807
1884 3477 787
1885 979 2742
1886 2625 476
1887 710 2968
1888 3490 2360
1889 3624 1637
1890 1231 2501
1891 1409 26
1892 1930 1635
1893 3210 1968
1894 80 1915
1895 1617 2951
1896 280 1243
1897 3358 450
1898 1616 1253
1899 273 2100
1900 840 573
1901 2365 2157
1902 3482 922
1903 1686 2843
1904 3685 200
1905 1196 1238
1906 1460 1853
1907 1628 456
1908 285 622
1909 1310 1056
1910 3539 2030
1911 3707 1671
1912 779 2118
1913 3813 3519
1914 2756 945
1915 3011 1803
1916 890 3591
1917 1866 3796
1918 2000 1342
1919 30 3418
1920 1229 2103
1921 2926 1030
1922 1860 1442
1923 583 809
1924 2392 3745
1925 1250 2520
1926 1703 1045
1927 1334 1322
1928 1820 1147
1929 1101 929
1930 2096 3225
1931 1312 1852
1932 1772 2328
1933 1273 267
1934 1737 110
1935 301 3469
1936 332 3207
1937 951 2573
1938 832 1493
1939 2809 1631
1940 1188 2513
1941 520 1663
1942 687 1571
1943 2519 924
1944 2194 3341
1945 1997 551
1946 2936 2131
1947 3386 701
1948 151 2213
1949 1430 3609
1950 2005 3648
1951 791 2686
1952 2875 1377
1953 509 3029
1954 3171 916
1955 1895 2258
1956 473 1802
1957 770 2149
1958 662 220
1959 84 3820
1960 1769 2821
1961 2116 322
1962 929 2721
1963 3097 697
1964 2280 3314
1965 1815 604
1966 3410 1311
1967 1619 2957
1968 2032 1033
1969 3341 2815
1970 71 3689
1971 487 2518
1972 1721 1556
1973 1428 265
1974 963 1649
1975 3567 1076
1976 3617 3242
1977 1662 1440
1978 1957 1079
1979 2086 850
1980 1448 1190
1981 534 2148
1982 184 1570
1983 890 701
1984 1837 2512
1985 2582 2203
1986 2736 979
1987 1351 1030
1988 3651 611
1989 130 662
1990 86 1114
1991 3477 2977
1992 397 2901
1993 3726 3252
1994 3400 2186
1995 414 1087
1996 3085 2213
1997 2833 3667
1998 2746 1360
1999 2366 916
2000 171 793
2001 3616 892
2002 3237 3068
2003 990 732
2004 2233 957
2005 2928 609
2006 1647 1493
2007 1079 1150
2008 2018 3246
2009 664 1980
2010 953 344
2011 812 1830
2012 931 1865
2013 2804 1721
2014 2377 3540
2015 3542 3560
2016 245 3367
2017 1096 140
2018 40 2748
2019 1557 2929
2020 893 3481
2021 34 633
2022 2892 1363
2023 3717 1329
2024 3294 1216
2025 3043 83
2026 109 878
2027 1026 3564
2028 441 903
2029 1253 2509
2030 587 1562
2031 333 2699
2032 3797 27
2033 3622 1056
2034 561 2985
2035 1496 56
2036 2010 2432
2037 2848 692
2038 654 2247
2039 1408 2084
2040 3095 3712
2041 2606 727
2042 2548 1840
2043 1900 2161
2044 491 688
2045 3146 1870
2046 598 2032
2047 3240 1403
2048 2999 313
2049 131 1624
2050 313 2448
2051 648 784
2052 1804 1172
2053 2673 169
2054 2420 3068
2055 2585 2473
2056 2645 2061
2057 1647 1397
2058 3577 2946
2059 569 1219
2060 3157 195
2061 3573 3160
2062 2669 2156
2063 3735 2382
2064 466 3724
2065 2440 534
2066 3761 2321
2067 2376 232
2068 1402 3656
2069 1360 2131
2070 1220 1013
2071 482 348
2072 3820 1808
2073 1513 709
2074 3197 463
2075 1094 3127
2076 106 1131
2077 3485 3202
2078 2816 1649
2079 2772 328
2080 740 996
2081 1001 584
2082 3042 1195
2083 802 2100
2084 1308 3378
2085 3218 3544
2086 1588 3438
2087 2072 1710
2088 209 1860
2089 55 3092
2090 2701 2114
2091 424 1401
2092 3656 264
2093 2891 2504
2094 47 3170
2095 2702 3191
2096 2631 2614
2097 1915 3150
2098 941 2302
2099 2935 2917
2100 1398 812
2101 123 799
2102 3390 1489
2103 3380 3264
2104 2227 22
2105 561 2612
2106 2969 1959
2107 2434 1542
2108 3797 1346
2109 2556 3130
2110 2319 396
2111 462 2392
2112 69 3490
2113 552 3079
2114 263 2875
2115 156 3534
2116 1351 859
2117 30 1206
2118 1397 743
2119 3532 2636
2120 2214 2781
2121 271 2554
2122 2340 2106
2123 1758 3584
2124 2660 1495
2125 174 2742
2126 158 2716
2127 3748 1331
2128 2103 1261
2129 2829 2729
2130 417 109
2131 1415 3595
2132 2773 510
2133 1861 439
2134 2312 352
2135 2199 3473
2136 2950 1054
2137 3565 98
2138 20 1220
2139 2086 2522
2140 50 2678
2141 155 558
2142 3674 3302
2143 2929 73
2144 1414 1824
2145 1801 3463
2146 2528 2647
2147 1312 3233
2148 262 1183
2149 1471 3389
2150 1360 3683
2151 3425 2255
2152 1909 1249
2153 2387 3343
2154 757 903
2155 845 3628
2156 253 231
2157 1710 2884
2158 14 2098
2159 408 3431
2160 3674 1460
2161 3199 966
2162 3055 2498
2163 2654 946
2164 557 3191
2165 1851 2882
2166 1862 3001
2167 3293 1912
2168 2322 3563
2169 2635 1089
2170 2506 1866
2171 1964 2882
2172 547 2002
2173 976 560
2174 2296 2413
2175 2963 961
2176 2015 454
2177 1593 136
2178 172 2694
2179 1982 1682
2180 411 2766
2181 371 537
2182 2051 3295
2183 1404 334
2184 3819 1559
2185 2877 2420
2186 1107 526
2187 555 2711
2188 1414 1117
2189 808 877
2190 1521 281
2191 3025 163
2192 859 540
2193 2103 3175
2194 2279 694
2195 1491 1519
2196 2760 2272
2197 2816 2082
2198 3574 580
2199 3016 1435
2200 2848 3014
2201 1161 3078
2202 924 3046
2203 1639 2204
2204 1010 237
2205 986 3743
2206 197 631
2207 3355 1366
2208 1875 645
2209 1242 2348
2210 3746 2004
2211 3067 2560
2212 1830 3390
2213 2964 2886
2214 1282 2320
2215 1588 3663
2216 1617 1411
2217 127 3769
2218 3780 2359
2219 566 2647
2220 2396 2196
2221 2052 2113
2222 1692 1972
2223 1729 1987
2224 2279 2424
2225 3517 3392
2226 2786 175
2227 1061 163
2228 3137 3299
2229 458 1573
2230 1106 618
2231 62 2981
2232 860 1470
2233 617 2922
2234 1301 718
2235 45 2411
2236 2053 1917
2237 1048 1988
2238 3007 1919
2239 2426 3342
2240 361 3022
2241 999 3389
2242 1883 633
2243 576 2947
2244 3061 1898
2245 2081 455
2246 3032 2858
2247 3203 521
2248 3236 3826
2249 3379 523
2250 17 2466
2251 345 360
2252 91 452
2253 454 284
2254 304 2305
2255 907 1704
2256 3576 2312
2257 136 3102
2258 3531 1103
2259 1308 3427
2260 3739 116
2261 1331 3396
2262 1952 3620
2263 148 3018
2264 2694 2055
2265 3113 3645
2266 1793 2969
2267 158 3509
2268 1102 2430
2269 958 1859
2270 823 1091
2271 1264 1499
2272 1305 3317
2273 475 2723
2274 1303 3528
2275 516 139
2276 2430 3731
2277 2253 74
2278 3410 417
2279 1007 3229
2280 645 2672
2281 3786 2196
2282 3825 2658
2283 1697 1920
2284 541 1590
2285 2302 358
2286 3731 456
2287 49 2113
2288 3584 2000
2289 191 2298
2290 3678 3425
2291 1538 201
2292 22 2099
2293 712 2998
2294 3601 3496
2295 265 2912
2296 853 3003
2297 2039 2105
2298 2896 2352
2299 913 1890
2300 3028 353
2301 3282 2472
2302 1402 2112
2303 1595 1296
2304 245 1730
2305 2048 3003
2306 3406 955
2307 3151 1005
2308 1885 3475
2309 140 3253
2310 1288 3056
2311 185 2193
2312 3478 545
2313 1227 1922
2314 2614 1126
2315 1535 422
2316 639 464
2317 3030 705
2318 688 922
2319 139 3248
2320 74 2646
2321 206 336
2322 55 68
2323 420 1291
2324 2125 3093
2325 1323 2845
2326 3757 1178
2327 2299 1261
2328 1671 205
2329 3336 3029
2330 2341 3549
2331 1455 2668
2332 999 860
2333 157 2732
2334 2500 221
2335 1104 3299
2336 1014 3782
2337 3202 1989
2338 18 2119
2339 1297 1563
2340 2307 1040
2341 1976 3205
2342 3414 2026
2343 1026 1649
2344 2004 3230
2345 46 1557
2346 604 956
2347 2089 1509
2348 2596 1078
2349 1268 337
2350 1377 2878
2351 2371 676
2352 1240 89
2353 2455 2742
2354 3743 3745
2355 662 1119
2356 1246 983
2357 2699 87
2358 2465 3768
2359 3243 1129
2360 3611 2957
2361 2520 1572
2362 1049 390
2363 718 955
2364 3717 402
2365 2234 2180
2366 2087 1084
2367 1516 3181
2368 2979 2438
2369 2486 2335
2370 626 2817
2371 2452 172
2372 1386 2929
2373 592 3567
2374 3129 3257
2375 1054 90
2376 2025 1406
2377 1825 1891
2378 952 766
2379 273 403
2380 3304 415
2381 1813 3157
2382 1748 3160
2383 1767 3791
2384 1024 1444
2385 59 1638
2386 1355 3552
2387 935 2832
2388 1567 677
2389 1603 2723
2390 2533 709
2391 2854 1116
2392 3218 3322
2393 3405 758
2394 580 1387
2395 1678 3569
2396 2649 322
2397 1223 1422
2398 48 3771
2399 2217 1507
2400 2313 2792
2401 2914 3504
2402 2161 2465
2403 1561 2637
2404 1707 2667
2405 2647 3083
2406 1648 555
2407 559 1751
2408 1471 2985
2409 1547 1378
2410 1918 1515
2411 20 3174
2412 1145 350
2413 1165 515
2414 2643 1371
2415 3779 2203
2416 2090 847
2417 397 423
2418 567 3267
2419 2244 2979
2420 2799 488
2421 1398 2369
2422 2305 1230
2423 252 457
2424 656 3360
2425 1508 2977
2426 3558 2499
2427 1142 1793
2428 538 3028
2429 2244 1703
2430 2011 331
2431 3231 2035
2432 83 3342
2433 3462 489
2434 917 2819
2435 2291 82
2436 3087 2926
2437 545 3690
2438 1673 1553
2439 896 2996
2440 187 775
2441 2920 383
2442 2404 1820
2443 2072 789
2444 2800 3397
2445 719 1848
2446 8 1579
2447 3004 1903
2448 78 1159
2449 845 2708
2450 1611 1348
2451 2833 450
2452 1037 3620
2453 2681 1494
2454 2463 2007
2455 727 3282
2456 2685 241
2457 642 1892
2458 54 2875
2459 809 315
2460 766 2204
2461 2966 3627
2462 202 3451
2463 3519 3203
2464 552 1949
2465 3316 2540
2466 3615 1168
2467 1288 1717
2468 876 1488
2469 2649 2002
2470 2718 1758
2471 2354 2529
2472 3762 2263
2473 503 1188
2474 3226 3065
2475 1002 1019
2476 692 3772
2477 803 2761
2478 2773 1260
2479 3190 160
2480 3612 2472
2481 3251 2530
2482 1950 2850
2483 304 1583
2484 1523 2429
2485 1153 1075
2486 1773 1207
2487 1697 3296
2488 3086 283
2489 2281 1594
2490 2479 175
2491 889 208
2492 3524 1960
2493 2124 2908
2494 1953 3477
2495 3529 684
2496 529 2641
2497 1022 821
2498 2291 1395
2499 2647 2497
2500 2126 1026
2501 1787 2085
2502 3656 1142
2503 755 2247
2504 2678 2384
2505 1833 2458
2506 3282 3442
2507 3509 1214
2508 3203 2714
2509 685 1200
2510 2629 1079
2511 2765 2538
2512 2375 1690
2513 2438 3073
2514 112 1124
2515 561 3567
2516 2481 3525
2517 1241 3580
2518 2621 1037
2519 2921 797
2520 3086 652
2521 2580 1
2522 2605 1210
2523 2656 626
2524 1129 3641
2525 1642 151
2526 1614 2883
2527 522 3128
2528 2574 1578
2529 24 753
2530 1965 788
2531 2586 2269
2532 60 1023
2533 791 2257
2534 1872 1171
2535 1921 853
2536 2526 3092
2537 1894 2217
2538 836 506
2539 1611 1060
2540 1055 3374
2541 2396 2133
2542 418 2341
2543 1648 775
2544 1159 3162
2545 2381 503
2546 1648 1224
2547 2910 823
2548 3197 3516
2549 2475 2327
2550 1646 3067
2551 3092 3109
2552 295 1710
2553 883 1205
2554 1355 1511
2555 1215 89
2556 3133 3696
2557 2384 857
2558 561 101
2559 51 251
2560 1795 662
2561 2273 2861
2562 633 3231
2563 3499 3647
2564 452 321
2565 3554 1048
2566 68 116
2567 1675 2371
2568 3574 1025
2569 138 3387
2570 2873 2236
2571 306 3440
2572 2631 3160
2573 1799 3506
2574 174 3583
2575 394 863
2576 3267 3365
2577 456 133
2578 2957 3737
2579 1761 327
2580 189 1354
2581 1623 1487
2582 3786 2697
2583 2394 2445
2584 1899 2752
2585 1006 571
2586 1989 2356
2587 1669 2009
2588 152 1768
2589 2019 1374
2590 2933 1862
2591 1503 2407
2592 327 3709
2593 1849 3203
2594 2885 55
2595 1606 521
2596 1632 2234
2597 1417 608
2598 1588 718
2599 306 1675
2600 1200 3670
2601 1338 163
2602 2123 228
2603 3528 805
2604 2482 119
2605 925 2628
2606 612 2278
2607 2325 3472
2608 1573 1116
2609 3617 3659
2610 1503 2651
2611 252 2460
2612 405 3010
2613 2046 335
2614 1000 3199
2615 1650 596
2616 3381 2010
2617 2295 2616
2618 3729 3533
2619 2526 3200
2620 1738 1965
2621 1410 3374
2622 742 213
2623 3201 1436
2624 3065 3261
2625 1131 2306
2626 3315 1101
2627 999 1464
2628 14 3477
2629 2102 2872
2630 3177 1673
2631 870 662
2632 1632 430
2633 3243 3126
2634 1317 761
2635 2658 3697
2636 3458 593
2637 1168 1274
2638 3211 797
2639 2466 1404
2640 1935 550
2641 2008 1076
2642 70 2384
2643 2582 578
2644 364 200
2645 510 1339
2646 2480 1250
2647 2319 3393
2648 2137 909
2649 3030 2704
2650 2176 1639
2651 1657 1118
2652 210 3505
2653 353 1504
2654 1533 3587
2655 274 1736
2656 2355 1007
2657 3134 1758
2658 556 3657
2659 2156 2066
2660 2010 2257
2661 781 2754
2662 2646 1893
2663 254 1865
2664 670 493
2665 837 2215
2666 2972 961
2667 1203 2440
2668 1813 2630
2669 730 2710
2670 1579 2569
2671 307 1287
2672 2761 2190
2673 2579 1739
2674 3357 330
2675 2100 2723
2676 1480 2301
2677 2080 3775
2678 2314 2675
2679 1819 710
2680 36 3211
2681 431 1523
2682 3785 716
2683 3100 1940
2684 3417 3263
2685 1840 1265
2686 1147 2754
2687 407 1106
2688 3520 978
2689 2576 2087
2690 2392 1819
2691 1084 1539
2692 1482 2522
2693 1774 2190
2694 2271 1777
2695 3214 3350
2696 288 923
2697 1232 2478
2698 2158 3278
2699 2460 3747
2700 2100 3211
2701 2707 1053
2702 1026 176
2703 236 3158
2704 1819 2935
2705 2710 3302
2706 2657 1329
2707 3004 2253
2708 1549 3155
2709 117 3728
2710 3738 320
2711 3738 507
2712 3409 980
2713 2567 396
2714 752 3320
2715 2599 3120
2716 3251 2583
2717 1412 1133
2718 3724 2318
2719 2984 112
2720 606 1032
2721 1197 1478
2722 2351 2238
2723 387 3135
2724 3141 352
2725 1951 3755
2726 3694 2364
2727 680 2119
2728 2245 1121
2729 3243 1941
2730 1393 1435
2731 2275 1771
2732 2700 2511
2733 196 2972
2734 693 3007
2735 2170 2580
2736 1775 2881
2737 2543 1929
2738 3094 649
2739 772 1248
2740 284 2352
2741 3515 898
2742 2538 3416
2743 2940 318
2744 931 1810
2745 698 3414
2746 1235 3707
2747 2491 3603
2748 2457 3448
2749 2060 2780
2750 2552 284
2751 2499 385
2752 2767 3499
2753 2651 32
2754 1834 1562
2755 3734 104
2756 2975 1824
2757 1378 3426
2758 1958 1924
2759 1665 69
2760 853 2406
2761 2917 3098
2762 1279 2987
2763 1818 1522
2764 2633 914
2765 3526 881
2766 2059 1514
2767 708 1291
2768 2100 1057
2769 2437 2509
2770 1068 1003
2771 1305 1154
2772 1864 3524
2773 3082 3288
2774 250 1404
2775 3440 444
2776 1065 3293
2777 2894 409
2778 3389 2301
2779 647 2544
2780 2288 1669
2781 1452 853
2782 496 1254
2783 3443 362
2784 220 280
2785 3147 3593
2786 326 485
2787 2237 3360
2788 3569 1314
2789 1182 3777
2790 3810 3625
2791 928 1861
2792 3404 2050
2793 770 572
2794 2633 2082
2795 2894 2686
2796 1983 724
2797 3665 3578
2798 434 1257
2799 1299 814
2800 1628 3089
2801 2959 3332
2802 2130 211
2803 80 222
2804 3447 2427
2805 2607 383
2806 2449 3088
2807 2229 120
2808 1846 1535
2809 2544 3559
2810 1753 3148
2811 1105 589
2812 1232 1356
2813 2580 427
2814 205 3661
2815 2436 3801
2816 3820 1363
2817 806 1199
2818 3057 3317
2819 1268 622
2820 910 1071
2821 1427 2915
2822 888 1908
2823 1523 1305
2824 2509 1373
2825 2212 2388
2826 524 2446
2827 713 912
2828 3601 624
2829 3710 1350
2830 1129 775
2831 2797 757
2832 1960 773
2833 637 3756
2834 977 2263
2835 2997 3300
2836 1553 567
2837 2258 184
2838 881 38
2839 767 72
2840 247 87
2841 1759 569
2842 2142 1141
2843 1737 1150
2844 969 23
2845 1411 2532
2846 287 2318
2847 567 1480
2848 2081 2481
2849 1198 2100
2850 1854 3088
2851 1729 1100
2852 3540 2704
2853 1113 1284
2854 3770 1642
2855 3742 3489
2856 3331 1478
2857 2228 1466
2858 3003 3760
2859 1338 1417
2860 1612 789
2861 2288 1291
2862 1580 945
2863 864 2218
2864 1929 1438
2865 1572 2073
2866 605 1576
2867 2 980
2868 1427 3489
2869 3697 1968
2870 2825 3186
2871 303 3367
2872 3664 2713
2873 3715 3616
2874 1221 3728
2875 2752 617
2876 3817 1780
2877 2212 2456
2878 2116 1189
2879 3391 988
2880 2029 429
2881 2446 1288
2882 244 3684
2883 3456 1451
2884 1489 1227
2885 305 2950
2886 1967 3225
2887 3406 2224
2888 608 3684
2889 694 2003
2890 3436 387
2891 1254 1551
2892 994 1604
2893 367 3051
2894 1141 2859
2895 3716 1828
2896 1007 283
2897 2716 1041
2898 3798 11
2899 2528 665
2900 2992 2909
2901 1988 542
2902 2153 1975
2903 594 2643
2904 1837 3178
2905 2439 2106
2906 2681 272
2907 3723 2403
2908 3797 738
2909 1375 2932
2910 2173 1046
2911 932 2463
2912 3669 2429
2913 331 2057
2914 3244 2392
2915 3097 1522
2916 3300 1654
2917 130 699
2918 2226 37
2919 806 2170
2920 1633 3561
2921 3661 2024
2922 2215 3071
2923 991 1426
2924 1831 3242
2925 2107 108
2926 2782 1864
2927 1484 2386
2928 1858 3360
2929 3787 2784
2930 2063 3474
2931 2648 180
2932 2 969
2933 65 2843
2934 613 3506
2935 2462 968
2936 2163 3543
2937 1532 2685
2938 3185 348
2939 1455 3323
2940 1098 580
2941 1466 1375
2942 1830 2024
2943 2576 2005
2944 2536 1021
2945 1061 3230
2946 767 1395
2947 489 2225
2948 2831 3256
2949 2354 295
2950 15 1839
2951 2826 1396
2952 2418 3705
2953 1642 2747
2954 367 1070
2955 3419 1797
2956 3144 2688
2957 1242 194
2958 747 2028
2959 681 96
2960 124 2040
2961 2164 1125
2962 3715 636
2963 2006 969
2964 468 450
2965 654 1123
2966 1015 1051
2967 133 770
2968 1614 3104
2969 977 718
2970 2593 2680
2971 3179 831
2972 2932 949
2973 154 517
2974 973 1063
2975 1752 180
2976 762 24
2977 2120 865
2978 2084 3511
2979 364 1280
2980 3095 1258
2981 2573 2186
2982 2082 2010
2983 396 731
2984 895 2241
2985 686 70
2986 3814 874
2987 556 2775
2988 1186 1815
2989 1933 619
2990 1412 3381
2991 2501 2014
2992 598 3649
2993 1394 1590
2994 2388 805
2995 2038 2987
2996 3674 1791
2997 3286 1044
2998 3827 11
2999 3792 1709
3000 355 2221
3001 3527 2424
3002 1826 3226
3003 1448 1106
3004 554 421
3005 2557 1604
3006 1402 2
3007 2739 318
3008 1117 1339
3009 355 3148
3010 2639 1136
3011 2134 3004
3012 3481 2590
3013 2554 2775
3014 3470 3076
3015 401 2072
3016 3292 1764
3017 2800 743
3018 393 3227
3019 1231 3412
3020 509 1437
3021 1317 3158
3022 724 1906
3023 266 89
3024 2751 3815
3025 557 1408
3026 440 739
3027 3113 2144
3028 184 1814
3029 897 391
3030 371 891
3031 3 1533
3032 889 190
3033 227 3167
3034 2018 2838
3035 1789 3729
3036 2876 2044
3037 388 3540
3038 3425 36
3039 2369 1285
3040 1904 1124
3041 482 1882
3042 1917 919
3043 1170 1712
3044 3170 776
3045 3424 2508
3046 3692 1821
3047 3558 294
3048 1153 3802
3049 2541 665
3050 3684 3557
3051 1717 3395
3052 1623 1301
3053 150 2991
3054 1653 3164
3055 2831 1802
3056 1587 2206
3057 1499 3126
3058 1294 2088
3059 2409 98
3060 2901 3088
3061 680 995
3062 478 1431
3063 1080 329
3064 1252 776
3065 1489 1933
3066 2389 1305
3067 584 1686
3068 2856 565
3069 2168 1609
3070 332 874
3071 1092 2582
3072 360 3409
3073 1477 1848
3074 1744 1213
3075 713 1720
3076 3683 193
3077 1417 1193
3078 1620 772
3079 1431 2824
3080 2410 1589
3081 3618 2755
3082 1526 54
3083 2757 2200
3084 1421 2645
3085 1103 2321
3086 1849 1862
3087 3517 2931
3088 409 2106
3089 3301 1844
3090 3476 1180
3091 1999 2122
3092 2388 2434
3093 3230 640
3094 1000 861
3095 3377 1801
3096 544 3700
3097 62 1747
3098 670 3308
3099 3362 1793
3100 1748 1158
3101 2163 2377
3102 2220 1587
3103 1699 945
3104 745 2225
3105 824 806
3106 755 3134
3107 3793 2876
3108 2071 2876
3109 1066 1831
3110 598 968
3111 1972 3261
3112 1162 484
3113 2715 2911
3114 3668 1765
3115 623 3345
3116 1687 3089
3117 1101 156
3118 453 1431
3119 3518 744
3120 178 3185
3121 1850 3514
3122 623 1795
3123 3316 2639
3124 1759 292
3125 419 2860
3126 280 325
3127 3458 1782
3128 2334 3364
3129 824 2870
3130 1186 3104
3131 971 866
3132 2294 274
3133 2937 1554
3134 675 2308
3135 382 1835
3136 1999 1600
3137 473 984
3138 3328 780
3139 2163 135
3140 3684 3413
3141 1157 3803
3142 2903 2381
3143 2704 945
3144 3211 3508
3145 3542 650
3146 3479 3475
3147 2017 2051
3148 3572 1744
3149 1112 402
3150 1072 3816
3151 3817 3362
3152 2068 2770
3153 2184 1535
3154 1048 688
3155 2900 963
3156 3494 3272
3157 2205 2036
3158 3254 756
3159 1509 570
3160 189 767
3161 3760 1092
3162 2093 1117
3163 2345 190
3164 1920 1384
3165 459 3579
3166 264 1682
3167 359 3689
3168 2425 3226
3169 2166 569
3170 439 2928
3171 554 1003
3172 1745 1286
3173 1968 2449
3174 814 2647
3175 88 966
3176 2231 273
3177 1082 2933
3178 3478 2314
3179 3212 2261
3180 1625 2187
3181 3594 2069
3182 2420 3084
3183 1776 3796
3184 3211 2657
3185 191 1858
3186 2216 2913
3187 3461 3008
3188 2623 2026
3189 887 3402
3190 2308 3723
3191 2181 3361
3192 3209 2226
3193 2682 505
3194 1759 1393
3195 461 410
3196 1241 2640
3197 3250 331
3198 3636 3671
3199 3782 903
3200 3090 1771
3201 620 86
3202 3701 1972
3203 506 436
3204 1603 1298
3205 2286 1408
3206 437 37
3207 1434 3091
3208 2749 3589
3209 2448 3318
3210 436 729
3211 1120 3025
3212 2102 1826
3213 1855 3527
3214 871 3307
3215 81 378
3216 3079 174
3217 2612 1711
3218 528 1396
3219 1540 430
3220 3750 3591
3221 2592 3469
3222 2380 370
3223 1402 666
3224 2834 1079
3225 1406 2858
3226 2171 2655
3227 2550 1108
3228 1511 3684
3229 1320 3482
3230 37 3517
3231 1949 2979
3232 2296 625
3233 2681 2827
3234 685 2861
3235 2921 1686
3236 2438 2930
3237 2814 1124
3238 3414 1122
3239 3204 2195
3240 140 3496
3241 2622 3661
3242 2829 1806
3243 3506 201
3244 3383 3813
3245 2184 3362
3246 2800 256
3247 352 165
3248 507 3076
3249 3632 1514
3250 3661 3746
3251 2400 2969
3252 1907 2022
3253 894 3214
3254 1810 2056
3255 2123 1510
3256 931 1516
3257 3107 325
3258 3824 861
3259 3290 2505
3260 1645 966
3261 3617 1509
3262 203 3055
3263 2546 483
3264 1111 416
3265 1366 2085
3266 876 1818
3267 1679 131
3268 1940 2898
3269 3615 1833
3270 2660 768
3271 793 2300
3272 2334 458
3273 1484 924
3274 1898 2035
3275 47 926
3276 661 1727
3277 16 2073
3278 324 129
3279 3143 2763
3280 924 604
3281 203 197
3282 2058 2462
3283 2155 2283
3284 1273 525
3285 2347 2977
3286 1282 3328
3287 1972 660
3288 2131 2833
3289 2238 615
3290 2746 694
3291 125 352
3292 1193 1363
3293 1854 2678
3294 615 3057
3295 1128 1642
3296 1668 2407
3297 1818 3278
3298 1206 3791
3299 3215 2855
3300 2694 1110
3301 3689 151
3302 1518 1717
3303 450 3814
3304 3432 263
3305 3379 794
3306 3564 2801
3307 1911 1057
3308 3805 1273
3309 3341 2500
3310 243 400
3311 2416 2038
3312 1037 2214
3313 129 3713
3314 2969 1322
3315 2239 2581
3316 1560 1243
3317 951 332
3318 2967 224
3319 71 3310
3320 640 3263
3321 1548 1859
3322 3263 1940
3323 1352 2955
3324 347 48
3325 2850 2275
3326 2646 3658
3327 1550 3829
3328 3332 1267
3329 457 976
3330 1799 2876
3331 1834 3109
3332 2815 3645
3333 3526 1842
3334 562 538
3335 1399 3100
3336 1574 1673
3337 2227 232
3338 1621 593
3339 2606 3474
3340 3750 1135
3341 1638 2590
3342 208 3438
3343 428 3555
3344 2444 3533
3345 363 3757
3346 1094 487
3347 2597 2753
3348 2692 1422
3349 707 1152
3350 313 3038
3351 2136 2100
3352 1090 2101
3353 3575 1551
3354 3532 1624
3355 1010 108
3356 2489 1770
3357 445 1333
3358 2776 97
3359 1068 2079
3360 1851 2514
3361 725 1024
3362 1715 192
3363 3544 2444
3364 2759 622
3365 1700 1822
3366 1434 398
3367 2230 991
3368 1926 689
3369 673 3222
3370 3693 199
3371 108 631
3372 2709 1488
3373 3322 3480
3374 1059 1184
3375 927 2881
3376 151 2525
3377 2750 324
3378 3684 2032
3379 2960 1477
3380 126 2780
3381 3274 3010
3382 2727 148
3383 1327 1798
3384 1518 1835
3385 3409 2079
3386 1920 3361
3387 1011 1819
3388 999 1275
3389 3161 2797
3390 251 3572
3391 1836 1850
3392 847 818
3393 1170 1821
3394 2781 1750
3395 950 1770
3396 642 2375
3397 2532 1600
3398 2581 2971
3399 2594 1083
3400 1354 1604
3401 2424 769
3402 1447 2365
3403 1118 3069
3404 1829 1014
3405 3829 1414
3406 874 1538
3407 639 1750
3408 1289 2052
3409 2540 2556
3410 1608 158
3411 3272 3602
3412 1871 2991
3413 1589 288
3414 251 3551
3415 1234 1429
3416 1022 1336
3417 3162 3066
3418 413 344
3419 3056 11
3420 537 3739
3421 3137 1741
3422 1340 1663
3423 685 3710
3424 325 3400
3425 3107 3253
3426 226 2710
3427 58 511
3428 2878 2854
3429 1191 2474
3430 112 361
3431 2356 380
3432 764 844
3433 2038 2813
3434 803 390
3435 1909 2815
3436 769 1591
3437 1361 1360
3438 495 2401
3439 2887 3390
3440 862 79
3441 1580 2363
3442 3818 2476
3443 2839 3549
3444 1681 3769
3445 2842 2050
3446 2293 3326
3447 976 3632
3448 3172 3091
3449 2181 941
3450 1635 22
3451 1821 861
3452 2144 1781
3453 1234 3239
3454 3159 2165
3455 193 3330
3456 3054 3226
3457 1253 2018
3458 3536 3126
3459 2836 3408
3460 1626 2606
3461 3273 3826
3462 133 1903
3463 3294 2479
3464 2982 575
3465 1521 360
3466 1089 551
3467 1522 3175
3468 2803 2328
3469 2844 2966
3470 3528 1883
3471 2694 175
3472 2599 1595
3473 650 3356
3474 3312 3611
3475 3734 2762
3476 3310 662
3477 3801 2679
3478 173 405
3479 2013 1473
3480 3238 438
3481 2577 858
3482 1189 1544
3483 710 121
3484 1116 575
3485 1080 2366
3486 2616 2018
3487 3151 1276
3488 1804 3263
3489 752 1834
3490 282 287
3491 398 2649
3492 3299 1112
3493 544 2699
3494 2158 1402
3495 3572 2680
3496 1255 1054
3497 3092 798
3498 567 2104
3499 1761 7
3500 3761 846
3501 3077 1839
3502 3157 3418
3503 1680 861
3504 1076 2863
3505 1598 1699
3506 3085 1385
3507 3560 1196
3508 513 3471
3509 1869 3577
3510 3721 1891
3511 1764 147
3512 956 1397
3513 1568 3503
3514 1698 442
3515 2060 1842
3516 197 828
3517 1409 2493
3518 2787 3060
3519 1922 3009
3520 3175 2434
3521 153 1097
3522 2076 1906
3523 240 2551
3524 56 1046
3525 303 2730
3526 3358 2660
3527 713 2454
3528 109 616
3529 2798 3641
3530 2391 1539
3531 1668 22
3532 3088 509
3533 1325 3584
3534 2989 11
3535 2104 1654
3536 1725 785
3537 1801 153
3538 2091 213
3539 559 1995
3540 3427 1784
3541 1898 2959
3542 2557 1054
3543 1687 1654
3544 960 3563
3545 1267 2115
3546 1318 3527
3547 1614 73
3548 642 3457
3549 2446 2098
3550 150 2659
3551 3552 3562
3552 3768 2003
3553 2897 1825
3554 3724 3143
3555 2840 2961
3556 437 2316
3557 273 961
3558 2820 3313
3559 2668 3058
3560 2580 1219
3561 3283 2661
3562 2697 241
3563 1346 3333
3564 2571 641
3565 1748 1680
3566 36 2329
3567 1754 1523
3568 3380 1413
3569 2680 1265
3570 3327 1745
3571 3399 1711
3572 1124 1148
3573 1293 2226
3574 554 1168
3575 904 3530
3576 1711 3038
3577 2720 1209
3578 546 2926
3579 6 992
3580 3066 3210
3581 2498 723
3582 1613 2223
3583 2107 309
3584 820 2596
3585 3276 2415
3586 3648 2350
3587 375 2663
3588 2134 1213
3589 92 2733
3590 3246 3334
3591 1427 2132
3592 3407 1626
3593 169 777
3594 2938 231
3595 1963 3032
3596 1228 352
3597 3613 29
3598 1736 3376
3599 1614 928
3600 3809 3351
3601 1611 1837
3602 1490 2312
3603 3089 1361
3604 339 3065
3605 2351 3421
3606 522 3165
3607 1301 543
3608 3586 2950
3609 2509 407
3610 940 3321
3611 214 2053
3612 3191 1431
3613 1789 677
3614 251 1250
3615 804 3604
3616 1995 3776
3617 3030 2755
3618 2608 2348
3619 1407 1505
3620 2198 3602
3621 889 1256
3622 2448 3762
3623 1112 508
3624 93 3793
3625 2059 1973
3626 1376 2893
3627 1070 3063
3628 2975 1516
3629 3419 1473
3630 3400 628
3631 749 2669
3632 1848 3290
3633 442 587
3634 2130 3562
3635 636 1326
3636 3760 1593
3637 2902 289
3638 2932 2655
3639 1570 1289
3640 2917 1957
3641 1681 1671
3642 3424 670
3643 1171 72
3644 1634 528
3645 2883 1927
3646 2545 1149
3647 3495 1459
3648 702 210
3649 708 3371
3650 2432 3189
3651 3646 3804
3652 447 241
3653 1024 2298
3654 1001 1165
3655 948 2211
3656 994 2228
3657 2872 2786
3658 2870 888
3659 260 775
3660 3001 3245
3661 431 127
3662 975 283
3663 142 1249
3664 2500 1961
3665 3784 276
3666 1647 551
3667 1942 921
3668 249 2066
3669 3542 829
3670 804 572
3671 3599 964
3672 508 2757
3673 2349 794
3674 3599 1784
3675 2024 164
3676 3478 1846
3677 47 2951
3678 1569 3119
3679 1909 399
3680 1199 1248
3681 1026 322
3682 477 462
3683 2037 44
3684 3296 2528
3685 1201 2475
3686 120 413
3687 1652 3816
3688 1061 2718
3689 3124 1666
3690 149 3258
3691 913 1387
3692 3519 3158
3693 940 3087
3694 835 3643
3695 3114 3297
3696 2897 3288
3697 1994 3024
3698 1336 2162
3699 2483 99
3700 581 240
3701 3804 2190
3702 1844 2315
3703 549 2207
3704 2054 2308
3705 1730 1865
3706 2388 2193
3707 1706 846
3708 1679 1834
3709 1376 1163
3710 401 1334
3711 1599 3755
3712 2428 1132
3713 1258 3495
3714 271 1452
3715 247 76
3716 2902 1222
3717 3611 3721
3718 805 1905
3719 320 3389
3720 1414 2324
3721 2693 3237
3722 1901 537
3723 367 545
3724 3121 2493
3725 2081 640
3726 1057 1588
3727 859 3315
3728 810 344
3729 1810 2231
3730 1852 3450
3731 928 2009
3732 3405 3579
3733 452 880
3734 3756 2858
3735 1966 1914
3736 697 3309
3737 1936 2804
3738 1349 1049
3739 3618 1700
3740 3449 3539
3741 1136 3128
3742 1052 398
3743 1952 603
3744 988 3681
3745 164 1288
3746 874 1746
3747 880 341
3748 1849 1761
3749 3425 952
3750 442 2850
3751 3202 60
3752 835 448
3753 2096 3397
3754 2558 1768
3755 2556 1767
3756 2319 2700
3757 2484 1582
3758 353 1379
3759 2231 273
3760 604 1307
3761 1250 2147
3762 2787 1808
3763 3815 3198
3764 3749 180
3765 680 2135
3766 2326 1644
3767 1013 1023
3768 432 2290
3769 2313 1743
3770 3108 1970
3771 2015 1245
3772 1744 5
3773 1891 2429
3774 1492 2572
3775 2993 234
3776 1352 3561
3777 2674 185
3778 2411 1399
3779 1647 3028
3780 3785 2992
3781 705 1635
3782 3436 3220
3783 161 2960
3784 2147 110
3785 2911 3362
3786 3574 1740
3787 563 2402
3788 1834 2890
3789 1414 31
3790 2759 1554
3791 552 164
3792 1751 953
3793 1095 1700
3794 541 3780
3795 27 2984
3796 2391 3037
3797 1254 2464
3798 792 1731
3799 1276 261
3800 1634 2378
3801 2845 2135
3802 3692 3678
3803 722 2892
3804 1649 238
3805 36 3502
3806 3734 542
3807 1979 3213
3808 2246 2039
3809 2018 3479
3810 111 3230
3811 1747 326
3812 1933 2692
3813 411 684
3814 2066 651
3815 2978 3558
3816 2429 2841
3817 124 2862
3818 2786 3111
3819 449 435
3820 1751 1108
3821 3031 955
3822 3158 3417
3823 1273 255
3824 3511 3205
3825 1490 1312
3826 239 1228
3827 357 3448
3828 2020 674
3829 3406 2846
3830 899 435
