2390 2390
1 470 1870
2 1786 1666
3 287 8
4 118 704
5 1278 2065
6 1802 1290
7 1350 1909
8 190 296
9 2329 1648
10 1683 427
11 86 2001
12 41 1864
13 1428 971
14 1195 380
15 1967 198
16 716 500
17 1794 575
18 1215 580
19 259 2334
20 562 2151
21 399 2383
22 1217 456
23 541 1158
24 1312 546
25 854 242
26 2370 1280
27 1571 9
28 899 1513
29 1136 561
30 639 2148
31 7 360
32 2254 1993
33 1014 546
34 1404 830
35 1294 1865
36 2048 1045
37 1685 680
38 1 2097
39 492 1558
40 139 2081
41 1638 1018
42 763 2105
43 2053 2082
44 1662 299
45 1022 1046
46 1278 1894
47 981 976
48 2208 1982
49 614 1146
50 572 980
51 1928 1998
52 1197 685
53 1416 1339
54 365 227
55 1377 274
56 403 262
57 1189 758
58 2385 621
59 592 183
60 1175 1010
61 1614 1870
62 395 2382
63 1464 768
64 27 441
65 2070 347
66 668 608
67 1363 1689
68 2163 1959
69 276 2262
70 449 2205
71 1956 981
72 664 1374
73 2181 700
74 2213 2042
75 302 954
76 347 2322
77 1740 1778
78 1389 2232
79 1080 1501
80 1623 2103
81 700 1586
82 1268 1696
83 1535 926
84 531 1017
85 1027 1341
86 736 2064
87 1024 834
88 222 1112
89 1126 3
90 2032 2347
91 1253 1817
92 1077 875
93 1240 1902
94 509 2148
95 2194 189
96 315 797
97 2073 121
98 581 1768
99 2342 729
100 1119 1472
101 269 239
102 1415 326
103 425 1102
104 380 1314
105 10 1279
106 565 1989
107 777 1917
108 1542 1845
109 1337 2358
110 813 81
111 349 2358
112 1674 583
113 2200 760
114 1929 1438
115 945 1073
116 1940 1505
117 1775 926
118 929 1612
119 656 1698
120 410 1784
121 130 1976
122 953 1746
123 646 1056
124 2293 1515
125 1873 1561
126 1980 1848
127 301 921
128 375 406
129 1185 1138
130 99 956
131 639 1270
132 1306 661
133 449 1655
134 1515 1305
135 1178 798
136 957 607
137 392 1611
138 1577 330
139 1593 1448
140 1479 1998
141 993 2007
142 1254 2337
143 994 1394
144 1647 570
145 829 267
146 1845 1271
147 290 276
148 282 1542
149 1766 1681
150 1274 963
151 1106 1384
152 952 310
153 2097 1773
154 143 1936
155 612 178
156 694 603
157 935 400
158 1370 530
159 710 451
160 515 2054
161 232 1241
162 918 954
163 2191 472
164 1305 2330
165 2335 945
166 1409 79
167 595 1998
168 5 1701
169 1768 585
170 474 1208
171 1523 1840
172 133 2166
173 854 1300
174 1306 1210
175 95 199
176 168 401
177 2206 1361
178 649 596
179 2128 2187
180 1011 1875
181 462 1455
182 372 2242
183 1157 137
184 796 1857
185 15 313
186 1632 1288
187 2330 1807
188 2055 935
189 1292 1398
190 371 296
191 1524 384
192 384 5
193 383 1007
194 612 1491
195 1015 621
196 1806 387
197 2321 749
198 2104 1492
199 1567 496
200 1585 221
201 536 137
202 1315 930
203 2077 1267
204 1911 2081
205 1409 463
206 1982 1206
207 1557 2094
208 612 1525
209 661 1555
210 712 1861
211 1812 2254
212 679 2210
213 751 135
214 1634 56
215 1640 247
216 1626 1373
217 864 239
218 2328 215
219 1854 1744
220 234 185
221 368 333
222 327 1893
223 1189 1980
224 981 128
225 764 668
226 873 253
227 1349 1267
228 386 720
229 543 598
230 1869 1175
231 1856 298
232 1922 1696
233 1616 1169
234 330 933
235 1715 2023
236 309 2136
237 413 1456
238 869 1014
239 1766 1497
240 2296 2278
241 116 404
242 2359 2
243 1206 42
244 968 1597
245 1399 1041
246 578 1623
247 1342 2275
248 1384 1323
249 1716 1084
250 1873 1489
251 364 1920
252 2013 1151
253 711 186
254 536 1636
255 1897 2065
256 1262 773
257 1540 802
258 2359 2065
259 608 2307
260 2136 1321
261 1950 741
262 1018 888
263 580 1287
264 1680 1750
265 401 524
266 2271 2308
267 1255 585
268 1119 2062
269 2128 1424
270 677 1051
271 540 1038
272 1424 1721
273 2072 1206
274 97 1243
275 1829 2256
276 507 1127
277 516 1672
278 616 1551
279 400 1339
280 371 49
281 2383 23
282 1259 2129
283 2091 1909
284 559 2195
285 753 508
286 1652 271
287 2095 1207
288 2227 1332
289 452 1642
290 1983 524
291 324 900
292 1928 218
293 1897 1399
294 903 1735
295 1981 1996
296 1865 1133
297 426 1493
298 287 1018
299 856 251
300 1234 1245
301 536 2326
302 2076 5
303 1437 608
304 1403 1962
305 198 435
306 1425 516
307 72 1290
308 976 1547
309 1335 1572
310 348 1273
311 1375 77
312 2000 1715
313 1636 2059
314 130 125
315 1044 2259
316 2338 1651
317 653 505
318 584 592
319 2276 1013
320 443 157
321 1752 1375
322 402 454
323 1309 1030
324 766 1568
325 2250 435
326 141 697
327 79 609
328 60 1948
329 1171 1925
330 513 544
331 2027 581
332 2357 2121
333 2290 1306
334 1614 685
335 1189 446
336 1517 1685
337 1466 1076
338 1540 273
339 1541 454
340 2011 865
341 580 2015
342 105 175
343 1321 1093
344 1791 1961
345 669 1285
346 1869 673
347 1139 155
348 140 1656
349 1231 1427
350 1066 956
351 194 352
352 1689 32
353 2176 925
354 1006 1931
355 2014 1242
356 315 1007
357 1447 458
358 1781 2273
359 124 1446
360 2050 856
361 1770 1714
362 877 1628
363 1844 1479
364 688 1686
365 1057 2022
366 2347 1777
367 1658 443
368 2092 1994
369 1937 607
370 1776 1610
371 930 2017
372 513 2219
373 101 1854
374 1568 697
375 2108 543
376 769 1173
377 644 1697
378 332 1451
379 2172 2308
380 1817 1926
381 1956 1474
382 1707 68
383 431 1837
384 141 695
385 1196 1876
386 365 1603
387 546 46
388 1264 1309
389 663 1029
390 1357 47
391 917 1686
392 637 651
393 1326 1100
394 659 582
395 120 425
396 322 365
397 721 2311
398 511 619
399 1275 837
400 1408 2261
401 1411 316
402 1106 1508
403 1456 1111
404 1589 1920
405 1089 1670
406 1985 2227
407 2175 1033
408 1623 1471
409 680 1477
410 2300 2179
411 198 2128
412 1539 1831
413 942 199
414 454 2070
415 2127 248
416 1579 843
417 1335 1065
418 1178 1245
419 1141 76
420 497 1885
421 724 668
422 1919 909
423 1920 1560
424 601 1391
425 2054 1675
426 2254 539
427 1100 407
428 1231 247
429 422 1742
430 169 679
431 894 1520
432 793 510
433 730 73
434 170 1754
435 1899 7
436 2139 1407
437 2311 1
438 2347 1415
439 309 1110
440 2295 2236
441 1624 2232
442 935 537
443 1176 2240
444 304 774
445 1055 895
446 1701 1580
447 300 1973
448 872 1219
449 1058 1459
450 1397 1592
451 1907 536
452 2100 36
453 416 1327
454 2084 835
455 551 950
456 531 1091
457 2050 1290
458 1859 892
459 1514 1296
460 1347 1065
461 649 2239
462 1643 675
463 646 2038
464 919 202
465 1393 470
466 332 1026
467 2081 2012
468 1800 386
469 177 825
470 1284 1739
471 2118 1680
472 2079 806
473 204 1451
474 1008 2032
475 468 140
476 1843 2212
477 2109 2108
478 1006 1043
479 2268 409
480 716 519
481 498 208
482 641 330
483 603 2358
484 1952 1650
485 1259 835
486 813 1239
487 1053 1472
488 2124 1192
489 2146 2228
490 1176 999
491 828 1298
492 643 2203
493 1547 1988
494 129 995
495 691 2284
496 1417 743
497 153 2071
498 535 1113
499 92 1220
500 552 297
501 626 1989
502 480 2240
503 918 1606
504 615 1344
505 665 740
506 82 946
507 1644 1536
508 674 1773
509 1180 2353
510 1066 2246
511 2043 1250
512 761 1877
513 1515 280
514 257 586
515 1122 974
516 1748 1326
517 2035 1834
518 118 489
519 843 619
520 1264 714
521 1131 1647
522 869 946
523 1936 1670
524 1830 2011
525 1214 902
526 1422 2056
527 1854 797
528 567 815
529 1590 1695
530 758 2075
531 2228 247
532 1115 2231
533 1764 1684
534 1271 1614
535 1312 1478
536 1286 2192
537 2124 2055
538 1228 1089
539 67 843
540 1222 903
541 474 1181
542 1525 2161
543 1472 1669
544 1315 2292
545 155 210
546 1939 1743
547 217 399
548 762 1177
549 1876 457
550 2043 692
551 75 1704
552 2353 1791
553 1533 1832
554 2263 784
555 531 931
556 792 1572
557 1180 562
558 25 848
559 1212 1557
560 391 139
561 1074 1980
562 635 1236
563 103 1050
564 389 1462
565 1355 1844
566 1249 1294
567 702 852
568 2033 344
569 1340 147
570 315 1838
571 1696 2070
572 394 1017
573 464 880
574 1686 1884
575 1736 189
576 2024 808
577 2053 2273
578 871 1833
579 82 843
580 1382 2279
581 571 2049
582 2123 1912
583 256 521
584 270 1746
585 2143 2329
586 235 2295
587 1896 337
588 241 1310
589 1242 188
590 1040 494
591 972 22
592 868 1862
593 796 1445
594 839 1739
595 706 1464
596 2096 1473
597 1594 1354
598 54 2365
599 611 2332
600 2150 1000
601 830 1750
602 2110 1216
603 1893 323
604 1230 2176
605 1656 1002
606 1506 2162
607 593 460
608 808 1910
609 1869 223
610 1830 554
611 1873 850
612 1877 960
613 333 1736
614 325 1477
615 2230 2082
616 108 1328
617 2092 1336
618 1581 752
619 717 2182
620 150 1618
621 2237 356
622 355 1756
623 1611 1557
624 1629 232
625 2289 2034
626 1002 1599
627 1435 363
628 2132 619
629 1942 1454
630 1757 1479
631 1522 1382
632 586 458
633 747 611
634 783 989
635 1838 618
636 638 1392
637 437 753
638 1670 1008
639 924 314
640 2094 1245
641 2158 1117
642 2389 719
643 300 317
644 167 2384
645 2334 776
646 737 836
647 1027 484
648 1147 249
649 1176 790
650 487 326
651 895 552
652 1532 1535
653 1571 1293
654 2381 1280
655 554 235
656 1646 788
657 1580 569
658 1106 1568
659 2111 363
660 132 2382
661 506 338
662 1216 2112
663 869 294
664 1414 838
665 1595 2079
666 1103 1572
667 2366 452
668 652 2123
669 707 378
670 441 1558
671 485 6
672 404 907
673 1352 1789
674 1852 326
675 1300 491
676 687 490
677 234 81
678 1629 1404
679 1895 46
680 997 643
681 225 586
682 1360 1069
683 1895 1830
684 1969 1139
685 774 1876
686 615 836
687 2051 1420
688 1557 858
689 892 1386
690 93 1360
691 1515 339
692 166 338
693 2217 631
694 114 917
695 1526 319
696 186 829
697 1453 592
698 1327 1647
699 1573 60
700 2269 2388
701 238 780
702 1206 128
703 2158 2147
704 2179 2330
705 1316 1435
706 875 2189
707 1280 1268
708 664 1133
709 2376 910
710 1618 163
711 1936 336
712 1328 1531
713 1111 271
714 1781 2373
715 446 1799
716 1091 2174
717 2033 2331
718 159 1846
719 2145 571
720 1027 510
721 1036 2309
722 1023 1728
723 1165 1208
724 1870 360
725 1412 526
726 1861 1369
727 1242 1357
728 284 1857
729 1515 2192
730 1443 1630
731 296 712
732 352 550
733 542 2203
734 1221 2245
735 1310 1519
736 934 125
737 1173 978
738 1153 220
739 2088 2199
740 1450 1647
741 28 86
742 671 1297
743 2312 894
744 1450 1272
745 1584 1437
746 1062 203
747 2181 364
748 256 630
749 2097 1536
750 297 296
751 997 1666
752 693 1161
753 1151 1890
754 1834 2385
755 2233 1152
756 1139 111
757 1322 1264
758 1977 120
759 1884 1579
760 2040 1607
761 1246 2324
762 401 1589
763 718 1260
764 677 1105
765 393 2156
766 1485 450
767 1514 734
768 2103 2203
769 2094 305
770 258 1317
771 1830 788
772 2349 2103
773 2227 1950
774 2184 1097
775 440 2295
776 1331 962
777 430 928
778 2257 428
779 745 1861
780 2172 2026
781 70 410
782 2044 1697
783 1819 857
784 1225 1180
785 1041 1036
786 1813 2385
787 766 1781
788 1696 683
789 1063 30
790 792 646
791 1892 1575
792 1667 2195
793 1460 2249
794 2277 1244
795 279 1278
796 499 28
797 1997 1887
798 951 961
799 526 1745
800 208 92
801 1508 1030
802 578 1092
803 2355 2059
804 939 1531
805 240 1940
806 339 664
807 1254 682
808 1289 659
809 181 2034
810 1911 710
811 1078 1730
812 1343 967
813 564 1226
814 2293 649
815 1691 2124
816 2256 1984
817 1545 1001
818 594 1442
819 1016 1278
820 1133 432
821 1478 2157
822 2376 1990
823 1750 209
824 502 1621
825 1309 493
826 1242 1671
827 471 2004
828 813 115
829 41 604
830 617 1792
831 536 684
832 2382 1704
833 1590 651
834 379 1664
835 1768 436
836 614 3
837 21 1316
838 231 1068
839 1480 2101
840 287 1460
841 316 216
842 1379 1133
843 1607 220
844 1169 582
845 294 814
846 360 2351
847 429 923
848 2064 243
849 1773 1688
850 547 2007
851 1421 2258
852 1477 451
853 1681 48
854 1589 456
855 1283 1469
856 2305 305
857 916 1400
858 2063 1585
859 1125 2322
860 1263 46
861 817 1633
862 821 1300
863 2383 1203
864 1448 1649
865 1152 1097
866 661 1725
867 1917 247
868 332 1331
869 8 2373
870 128 1022
871 1965 620
872 1032 340
873 976 147
874 1671 1750
875 792 2329
876 2319 947
877 97 2140
878 2008 709
879 900 230
880 975 1463
881 175 262
882 1999 397
883 1455 1897
884 2017 2177
885 126 2117
886 804 2258
887 281 819
888 2251 1715
889 1130 415
890 1992 2060
891 2034 1773
892 455 1612
893 1404 404
894 1178 580
895 1086 1826
896 450 670
897 1679 1941
898 2082 1698
899 2293 1390
900 1099 1495
901 1376 1589
902 1039 588
903 1824 1280
904 96 1477
905 947 1375
906 369 568
907 1842 1830
908 2028 2110
909 1845 651
910 1079 231
911 529 1288
912 664 1622
913 2026 1719
914 1847 1452
915 1250 421
916 1382 2236
917 708 1775
918 1357 2004
919 269 1557
920 325 109
921 1068 496
922 1332 1120
923 1644 937
924 424 96
925 922 245
926 2025 1384
927 565 1421
928 388 2244
929 1982 2029
930 863 1972
931 968 1024
932 1182 1227
933 1555 2267
934 1923 178
935 1211 538
936 1193 1847
937 1063 1404
938 182 2105
939 133 637
940 964 1758
941 1910 1701
942 1639 297
943 1177 593
944 1456 441
945 2001 2219
946 417 798
947 1666 793
948 2261 1060
949 1880 1648
950 842 2130
951 1728 1538
952 947 1032
953 194 1555
954 2114 1224
955 1133 740
956 2164 2382
957 1231 361
958 1970 720
959 620 1596
960 910 2334
961 149 935
962 1435 2277
963 1522 743
964 1586 596
965 338 884
966 14 861
967 1633 352
968 1588 849
969 1809 475
970 1081 1979
971 259 1393
972 138 1321
973 1473 2123
974 613 631
975 1274 1779
976 246 375
977 1286 1978
978 80 886
979 2144 2231
980 1583 748
981 366 1626
982 1288 2026
983 1401 1668
984 1021 2136
985 1400 1772
986 1936 1401
987 645 379
988 541 1364
989 2145 2002
990 2357 1725
991 1398 528
992 2325 328
993 1784 588
994 1716 1997
995 1714 1482
996 577 18
997 1632 1434
998 1442 1350
999 852 262
1000 1598 238
1001 2320 179
1002 2378 1627
1003 302 917
1004 530 1192
1005 2063 100
1006 2066 2313
1007 292 651
1008 440 1144
1009 29 1245
1010 468 2121
1011 460 529
1012 2036 2045
1013 407 1946
1014 288 733
1015 1157 1502
1016 187 1106
1017 1760 1369
1018 2138 1719
1019 668 779
1020 1331 2230
1021 48 979
1022 1794 22
1023 1692 515
1024 1890 52
1025 2272 1567
1026 666 1868
1027 1349 1751
1028 2243 2268
1029 134 2093
1030 1743 1708
1031 1760 843
1032 1883 1110
1033 2388 1448
1034 1655 753
1035 1456 2164
1036 1454 1794
1037 394 640
1038 847 1672
1039 436 2226
1040 2016 424
1041 423 927
1042 871 475
1043 2221 1385
1044 2249 1263
1045 1493 799
1046 876 1727
1047 2139 938
1048 130 59
1049 393 2302
1050 2016 1901
1051 336 1828
1052 88 952
1053 1234 238
1054 1626 445
1055 956 1434
1056 606 1209
1057 737 14
1058 1676 1275
1059 575 96
1060 1769 1282
1061 761 1070
1062 571 1653
1063 737 1320
1064 371 1825
1065 1841 403
1066 929 1487
1067 1805 259
1068 1187 437
1069 386 229
1070 705 792
1071 484 924
1072 2216 326
1073 917 580
1074 2306 443
1075 1428 1281
1076 1512 1538
1077 1702 119
1078 1339 1661
1079 430 1230
1080 489 75
1081 1542 706
1082 1213 2013
1083 1837 2062
1084 1206 1336
1085 1082 371
1086 1152 1700
1087 2072 110
1088 1515 1145
1089 49 597
1090 1314 2337
1091 1588 2198
1092 160 528
1093 2296 627
1094 2326 1249
1095 671 1575
1096 113 2096
1097 472 2063
1098 2247 139
1099 1852 1237
1100 1054 627
1101 1837 1486
1102 1273 784
1103 1951 65
1104 1711 915
1105 621 1805
1106 1672 1077
1107 1297 445
1108 1852 881
1109 2223 2186
1110 622 1620
1111 254 1586
1112 2256 190
1113 929 234
1114 30 1087
1115 1916 1370
1116 240 47
1117 1104 930
1118 19 446
1119 1791 193
1120 2223 1641
1121 1724 1157
1122 2281 2048
1123 450 1130
1124 1154 421
1125 2172 2370
1126 500 906
1127 1718 142
1128 1426 974
1129 1503 2233
1130 455 1539
1131 371 1920
1132 23 1372
1133 801 204
1134 134 334
1135 1915 1240
1136 1830 1911
1137 1067 1075
1138 992 2093
1139 1994 140
1140 167 1421
1141 1825 1451
1142 1791 646
1143 1091 2250
1144 984 478
1145 409 1108
1146 1884 2273
1147 370 2375
1148 1268 1581
1149 769 1119
1150 921 482
1151 1610 207
1152 301 2054
1153 1144 575
1154 1144 453
1155 1051 875
1156 977 2038
1157 869 1079
1158 1570 689
1159 2301 1684
1160 1574 561
1161 2025 2162
1162 306 301
1163 257 1175
1164 112 1399
1165 852 385
1166 1700 2252
1167 1200 2296
1168 853 1683
1169 1366 1374
1170 938 1160
1171 1264 593
1172 2259 2174
1173 1697 1199
1174 710 517
1175 1380 42
1176 746 2366
1177 1488 2202
1178 2295 2209
1179 1113 877
1180 853 1220
1181 895 1184
1182 1116 1548
1183 2367 2105
1184 523 76
1185 833 779
1186 1987 709
1187 1845 1675
1188 978 1014
1189 1607 1752
1190 725 315
1191 876 2344
1192 1881 1607
1193 1485 43
1194 1110 1256
1195 1980 603
1196 1988 1099
1197 1440 213
1198 852 2144
1199 2358 735
1200 802 955
1201 659 182
1202 1144 1075
1203 970 1368
1204 1945 490
1205 1299 1666
1206 2143 1282
1207 1606 993
1208 490 455
1209 236 343
1210 1599 965
1211 2245 1198
1212 2380 65
1213 1644 1336
1214 909 1658
1215 466 2020
1216 462 537
1217 954 651
1218 686 1162
1219 245 1036
1220 777 1507
1221 1471 2253
1222 2051 2238
1223 1339 998
1224 1310 2127
1225 1753 206
1226 2149 1407
1227 1958 1460
1228 1882 205
1229 1360 1615
1230 616 426
1231 2121 2268
1232 2348 1179
1233 446 484
1234 206 890
1235 240 303
1236 1944 1550
1237 437 1737
1238 1641 2327
1239 1591 223
1240 202 951
1241 1557 189
1242 789 2350
1243 1517 2221
1244 21 1573
1245 440 813
1246 638 867
1247 1840 520
1248 1809 1130
1249 2331 2120
1250 634 1196
1251 1873 206
1252 1725 851
1253 1289 1103
1254 46 1396
1255 2147 268
1256 870 1172
1257 1271 154
1258 2042 1496
1259 663 568
1260 1466 1497
1261 1445 1768
1262 2352 1260
1263 1659 621
1264 342 1383
1265 1568 1142
1266 2225 2019
1267 246 1051
1268 1545 2010
1269 1653 954
1270 193 307
1271 437 1375
1272 1220 1539
1273 1517 2343
1274 1897 646
1275 802 1097
1276 1628 2064
1277 145 2217
1278 1302 1968
1279 1194 1601
1280 1822 1904
1281 1355 1677
1282 788 542
1283 369 1472
1284 737 814
1285 1544 1258
1286 1879 1628
1287 25 37
1288 529 152
1289 526 1825
1290 1454 225
1291 295 1574
1292 1060 1627
1293 1495 1592
1294 911 1981
1295 95 1506
1296 1932 1631
1297 2127 676
1298 1016 433
1299 1814 2141
1300 384 1581
1301 1672 1599
1302 2217 1777
1303 1049 1957
1304 1141 562
1305 2318 1210
1306 1138 1361
1307 1938 796
1308 2379 2292
1309 575 1705
1310 1854 2311
1311 1064 46
1312 809 1557
1313 233 1251
1314 2150 1978
1315 350 295
1316 861 429
1317 2057 235
1318 349 1959
1319 1605 1228
1320 1297 509
1321 349 1025
1322 701 727
1323 1014 1990
1324 2023 672
1325 646 969
1326 1048 1277
1327 1679 1733
1328 273 1645
1329 1581 1724
1330 2377 2011
1331 1337 1061
1332 1525 1006
1333 2029 2209
1334 528 2006
1335 829 833
1336 1302 2182
1337 1033 788
1338 1234 2174
1339 2019 2244
1340 1573 1282
1341 1889 180
1342 210 1608
1343 559 163
1344 117 2215
1345 135 413
1346 596 456
1347 235 1351
1348 19 457
1349 920 989
1350 548 63
1351 910 327
1352 753 258
1353 1918 1391
1354 2147 1010
1355 1939 684
1356 1592 1760
1357 1089 820
1358 1387 1265
1359 756 2230
1360 121 2182
1361 1115 412
1362 125 1339
1363 1024 115
1364 830 2071
1365 1838 1983
1366 234 383
1367 1300 293
1368 997 2039
1369 2252 2339
1370 791 416
1371 494 2248
1372 1243 2177
1373 127 276
1374 2180 2304
1375 1899 2208
1376 1437 1193
1377 187 404
1378 1909 140
1379 866 1109
1380 1952 2320
1381 345 1036
1382 2132 439
1383 796 1654
1384 598 148
1385 593 1118
1386 2021 813
1387 146 264
1388 2131 1888
1389 575 20
1390 1212 2015
1391 1575 501
1392 1110 572
1393 186 1078
1394 56 1215
1395 1356 1572
1396 2056 740
1397 559 1155
1398 1635 1421
1399 1247 1587
1400 2257 521
1401 2358 302
1402 1149 935
1403 1626 1733
1404 687 605
1405 230 508
1406 208 1406
1407 106 1623
1408 643 615
1409 868 101
1410 957 66
1411 2047 1853
1412 493 1309
1413 1821 942
1414 2332 2143
1415 1765 1696
1416 800 2281
1417 635 1452
1418 988 533
1419 1926 1670
1420 2262 1793
1421 980 1187
1422 1538 1871
1423 870 871
1424 1519 277
1425 1676 1233
1426 1460 692
1427 1459 2262
1428 1064 2195
1429 1081 1001
1430 973 43
1431 808 529
1432 287 439
1433 1851 1032
1434 596 1064
1435 83 587
1436 1248 1408
1437 626 1811
1438 1111 2050
1439 1803 358
1440 1817 1572
1441 296 1436
1442 442 1318
1443 1539 745
1444 1080 1234
1445 1081 1620
1446 111 1121
1447 1581 1376
1448 2369 929
1449 2183 1282
1450 1754 914
1451 265 342
1452 1960 861
1453 1754 115
1454 1648 1596
1455 2199 842
1456 981 12
1457 955 1439
1458 1580 1183
1459 809 368
1460 918 12
1461 1165 2071
1462 1626 1453
1463 1851 1766
1464 1205 482
1465 197 351
1466 1480 869
1467 129 1435
1468 1531 215
1469 1477 309
1470 1106 1558
1471 1005 1027
1472 1525 23
1473 2033 1589
1474 1712 1235
1475 2227 763
1476 2327 1475
1477 997 930
1478 561 1210
1479 50 576
1480 494 585
1481 1635 1852
1482 1903 1348
1483 1455 617
1484 1544 1214
1485 1692 807
1486 166 225
1487 598 652
1488 1863 2232
1489 907 907
1490 397 1740
1491 231 895
1492 1255 1759
1493 2315 1549
1494 844 575
1495 2125 1802
1496 1915 2076
1497 1985 527
1498 1398 1080
1499 1905 767
1500 1872 1175
1501 1213 1026
1502 2230 677
1503 938 801
1504 76 1837
1505 2123 103
1506 295 1591
1507 1871 71
1508 805 58
1509 699 1484
1510 256 2129
1511 724 220
1512 964 300
1513 1521 1360
1514 54 1196
1515 181 1707
1516 1680 854
1517 935 62
1518 1157 1225
1519 1324 194
1520 1406 1185
1521 1678 2273
1522 1318 2079
1523 897 1019
1524 1363 8
1525 1288 1371
1526 1692 224
1527 1107 1198
1528 1365 516
1529 1900 779
1530 684 759
1531 1120 517
1532 1883 1300
1533 684 86
1534 699 502
1535 1404 1286
1536 1897 587
1537 1734 1641
1538 1315 1425
1539 1974 2341
1540 1605 1139
1541 1362 1144
1542 1899 858
1543 14 883
1544 2049 1484
1545 1322 1052
1546 1652 541
1547 1036 89
1548 299 1212
1549 2365 876
1550 853 234
1551 796 2095
1552 975 1718
1553 1374 1667
1554 2246 562
1555 1244 966
1556 880 1636
1557 1284 1426
1558 34 794
1559 2017 2242
1560 234 1315
1561 1449 2367
1562 1339 1324
1563 1688 572
1564 203 1659
1565 20 816
1566 941 1779
1567 158 2359
1568 819 1134
1569 686 651
1570 1307 1126
1571 1678 1650
1572 1297 2054
1573 730 1826
1574 2063 891
1575 1470 406
1576 2369 1492
1577 1869 1512
1578 1541 127
1579 1095 1452
1580 2153 1673
1581 2036 1747
1582 1622 720
1583 1188 1467
1584 1205 153
1585 1839 343
1586 114 1681
1587 1437 2001
1588 480 220
1589 67 1950
1590 635 636
1591 1251 1408
1592 2249 459
1593 1480 738
1594 1997 455
1595 1017 1859
1596 1914 960
1597 1770 1729
1598 179 132
1599 775 1537
1600 2274 447
1601 840 1798
1602 1306 1808
1603 1795 284
1604 193 1488
1605 671 1394
1606 1060 908
1607 812 1753
1608 1893 34
1609 566 2290
1610 1079 352
1611 1868 1266
1612 394 1278
1613 441 200
1614 1395 711
1615 2317 938
1616 1070 1652
1617 1872 1283
1618 685 2102
1619 2302 1959
1620 1495 2322
1621 525 443
1622 1433 2219
1623 1338 1678
1624 1924 380
1625 419 1931
1626 1264 1961
1627 632 176
1628 1882 1657
1629 276 679
1630 1833 1780
1631 317 1778
1632 1478 996
1633 2328 534
1634 236 1471
1635 1468 183
1636 336 549
1637 315 759
1638 1942 311
1639 2283 1760
1640 938 252
1641 1327 889
1642 583 1961
1643 1123 441
1644 2165 1109
1645 803 896
1646 1847 1286
1647 570 2099
1648 893 840
1649 1618 271
1650 199 1537
1651 1929 406
1652 1519 828
1653 418 224
1654 1030 1503
1655 1062 1220
1656 598 1844
1657 1504 385
1658 480 1822
1659 330 1545
1660 1795 1075
1661 479 961
1662 1430 962
1663 2360 2298
1664 1474 1135
1665 535 2217
1666 831 1543
1667 502 1244
1668 1344 314
1669 834 1179
1670 934 172
1671 910 2008
1672 1548 159
1673 2249 1637
1674 26 257
1675 370 925
1676 2001 900
1677 532 2365
1678 1600 2170
1679 1235 1099
1680 1658 1180
1681 881 1296
1682 2031 49
1683 139 2348
1684 187 1609
1685 1252 1182
1686 2146 1964
1687 250 2326
1688 1338 806
1689 772 759
1690 2021 1458
1691 1635 759
1692 2301 2359
1693 808 428
1694 313 2198
1695 571 1968
1696 872 1951
1697 1064 602
1698 318 1409
1699 743 626
1700 2179 2203
1701 2366 1869
1702 1086 1592
1703 935 1722
1704 267 506
1705 75 340
1706 2114 1770
1707 774 547
1708 880 1734
1709 462 401
1710 632 1045
1711 8 1918
1712 1299 693
1713 500 1524
1714 29 431
1715 492 1188
1716 1569 2330
1717 788 471
1718 989 255
1719 1081 2159
1720 10 2119
1721 1460 572
1722 59 938
1723 1955 2141
1724 1694 443
1725 39 1368
1726 172 420
1727 1229 1009
1728 1019 1796
1729 997 354
1730 737 798
1731 299 2313
1732 2147 502
1733 1996 1696
1734 323 861
1735 469 1476
1736 1530 1003
1737 71 635
1738 1035 420
1739 1140 1946
1740 508 1959
1741 1778 705
1742 1654 1034
1743 794 15
1744 1179 1143
1745 1975 858
1746 651 1739
1747 1426 925
1748 1905 685
1749 1914 371
1750 281 2240
1751 1996 1625
1752 1380 1737
1753 296 395
1754 367 1681
1755 425 1490
1756 2321 863
1757 1760 251
1758 1659 1847
1759 390 2065
1760 1216 61
1761 1158 1705
1762 701 100
1763 12 70
1764 1904 29
1765 1244 1572
1766 688 2163
1767 1362 810
1768 182 704
1769 679 1409
1770 1886 726
1771 1940 1945
1772 166 1654
1773 2231 2152
1774 1561 2208
1775 671 60
1776 1935 552
1777 2058 2249
1778 1142 604
1779 25 2131
1780 2184 818
1781 1700 113
1782 5 2183
1783 84 971
1784 2006 2125
1785 833 1142
1786 889 359
1787 2314 737
1788 1782 1636
1789 1665 1755
1790 2376 2102
1791 938 578
1792 2117 1575
1793 1020 1145
1794 865 2128
1795 690 1968
1796 1072 1544
1797 2291 1057
1798 105 1789
1799 1726 991
1800 2355 1710
1801 688 826
1802 2250 2
1803 597 1106
1804 1559 1556
1805 1621 190
1806 2058 1211
1807 1847 595
1808 149 1376
1809 2250 127
1810 2173 168
1811 1893 252
1812 2041 1430
1813 645 1284
1814 1497 1170
1815 954 95
1816 1875 2318
1817 1873 1687
1818 922 91
1819 1284 1157
1820 728 2133
1821 1267 653
1822 1278 1931
1823 1320 199
1824 2332 1640
1825 2097 605
1826 533 793
1827 1479 1078
1828 2384 2383
1829 870 1064
1830 932 840
1831 2029 552
1832 1197 684
1833 236 1863
1834 745 379
1835 1356 1725
1836 885 359
1837 1474 173
1838 38 505
1839 18 128
1840 234 946
1841 1692 1910
1842 988 1529
1843 1726 2025
1844 1458 878
1845 598 1038
1846 1659 631
1847 311 1949
1848 2324 2390
1849 2190 2253
1850 1113 944
1851 1913 2289
1852 2230 1063
1853 725 930
1854 1060 1738
1855 1337 1840
1856 1510 306
1857 1473 662
1858 361 2303
1859 2182 1387
1860 681 1923
1861 1551 1151
1862 1786 1078
1863 1071 67
1864 1457 2116
1865 504 2368
1866 1433 1560
1867 2331 1975
1868 2240 185
1869 2283 632
1870 606 2206
1871 470 279
1872 2166 1717
1873 1884 1336
1874 1656 1666
1875 349 1197
1876 764 944
1877 1365 1342
1878 130 1654
1879 2065 1653
1880 949 685
1881 1594 706
1882 1450 941
1883 1638 1633
1884 1466 185
1885 1551 2138
1886 2061 1578
1887 1825 285
1888 2347 1744
1889 1670 2240
1890 1352 570
1891 559 1436
1892 393 1586
1893 1074 1541
1894 2320 2221
1895 1398 2158
1896 56 1978
1897 623 2237
1898 1927 202
1899 1604 62
1900 126 420
1901 1799 2140
1902 653 223
1903 1291 1948
1904 1491 1019
1905 1276 2050
1906 1419 1676
1907 1324 38
1908 1637 992
1909 709 354
1910 2365 1582
1911 224 457
1912 1479 1366
1913 239 1359
1914 1575 1159
1915 1954 806
1916 816 2300
1917 824 1786
1918 2195 1539
1919 888 1228
1920 2104 1223
1921 1152 1137
1922 73 797
1923 502 1437
1924 1142 1442
1925 1306 93
1926 1464 246
1927 1433 1928
1928 44 1365
1929 388 326
1930 1508 478
1931 2069 639
1932 1025 1111
1933 1206 1529
1934 1887 759
1935 2296 592
1936 2274 1308
1937 363 2255
1938 1643 1619
1939 1390 158
1940 1325 415
1941 1516 1740
1942 1838 117
1943 2095 1345
1944 1509 1769
1945 1333 693
1946 92 2009
1947 297 2086
1948 2314 989
1949 55 1814
1950 1110 294
1951 370 455
1952 1778 1215
1953 1751 1674
1954 2306 982
1955 1156 625
1956 189 1216
1957 2382 1808
1958 1262 342
1959 2022 1684
1960 1047 2034
1961 632 1307
1962 492 49
1963 111 1218
1964 1139 2335
1965 2345 379
1966 1893 2188
1967 2263 1575
1968 60 1613
1969 990 123
1970 1270 1209
1971 20 2130
1972 2200 2349
1973 858 263
1974 1616 76
1975 2377 788
1976 1685 586
1977 943 1008
1978 732 1171
1979 553 235
1980 793 1442
1981 1102 1430
1982 1501 2018
1983 2145 266
1984 326 72
1985 1932 1032
1986 1537 857
1987 1632 1600
1988 237 285
1989 1388 1467
1990 2029 1881
1991 2281 616
1992 2028 299
1993 834 1334
1994 1935 6
1995 321 668
1996 2170 743
1997 2310 995
1998 1999 1155
1999 1009 355
2000 298 993
2001 1953 2035
2002 278 1891
2003 2128 392
2004 1506 25
2005 930 1286
2006 2342 1160
2007 1206 384
2008 987 627
2009 577 1490
2010 1784 64
2011 159 1306
2012 2060 638
2013 697 878
2014 1316 289
2015 197 1228
2016 447 581
2017 129 2147
2018 1851 2196
2019 382 1209
2020 1942 763
2021 1542 673
2022 2034 2192
2023 2365 2038
2024 914 2384
2025 1135 300
2026 2066 1091
2027 467 1280
2028 1705 1505
2029 553 867
2030 1175 1819
2031 1398 913
2032 1927 174
2033 318 376
2034 693 1680
2035 710 1997
2036 925 2050
2037 1193 263
2038 2302 1405
2039 452 1386
2040 1759 580
2041 392 2050
2042 1506 1146
2043 1302 60
2044 2332 683
2045 698 1060
2046 1554 289
2047 1180 1865
2048 1788 86
2049 1601 503
2050 1512 953
2051 1298 2050
2052 524 331
2053 1629 2382
2054 585 331
2055 2081 1745
2056 755 138
2057 321 1149
2058 858 308
2059 1368 537
2060 1759 267
2061 2345 226
2062 1442 824
2063 1550 1096
2064 840 607
2065 1360 2218
2066 104 2334
2067 681 690
2068 784 962
2069 1137 1174
2070 1134 1205
2071 252 1994
2072 1598 1873
2073 1894 867
2074 1585 1750
2075 34 1857
2076 2257 1325
2077 228 2222
2078 1168 2075
2079 2161 1048
2080 1262 1375
2081 2077 421
2082 1524 1986
2083 1135 971
2084 36 410
2085 85 1029
2086 1738 1804
2087 1583 660
2088 1869 1482
2089 1616 379
2090 1017 790
2091 791 1426
2092 1302 2200
2093 2043 1027
2094 385 632
2095 243 796
2096 2138 1318
2097 446 261
2098 1227 171
2099 1514 818
2100 373 1281
2101 538 859
2102 2218 1301
2103 84 380
2104 835 1497
2105 2159 1939
2106 970 1942
2107 2317 2151
2108 129 897
2109 1836 1871
2110 464 1960
2111 1239 1074
2112 1219 410
2113 2035 1786
2114 845 1250
2115 702 571
2116 1482 378
2117 476 261
2118 22 888
2119 2378 1747
2120 829 1032
2121 725 2319
2122 1511 546
2123 246 422
2124 2351 2256
2125 137 1110
2126 1408 277
2127 687 251
2128 1021 2375
2129 460 571
2130 1652 32
2131 2337 1916
2132 1718 326
2133 1278 904
2134 1797 1772
2135 87 1916
2136 462 1570
2137 996 364
2138 341 1446
2139 1122 831
2140 685 844
2141 1562 565
2142 472 1384
2143 1644 1127
2144 1655 2051
2145 1293 742
2146 475 1211
2147 1533 1093
2148 427 651
2149 234 1682
2150 876 2082
2151 2228 458
2152 342 2244
2153 871 2082
2154 1966 318
2155 1589 133
2156 792 828
2157 859 1047
2158 1405 1530
2159 1348 1744
2160 1208 1108
2161 1551 629
2162 322 2322
2163 1932 1159
2164 714 1924
2165 425 855
2166 168 968
2167 2128 682
2168 1818 1475
2169 952 833
2170 2044 2027
2171 1717 1904
2172 1525 882
2173 1957 1285
2174 806 57
2175 1477 1807
2176 833 1570
2177 329 949
2178 1764 216
2179 351 734
2180 578 607
2181 1537 72
2182 526 2367
2183 943 2148
2184 1068 427
2185 840 1606
2186 654 1890
2187 544 1502
2188 1725 37
2189 612 1069
2190 1391 28
2191 1663 40
2192 1671 2361
2193 1821 1028
2194 1996 623
2195 1125 1856
2196 392 1695
2197 177 287
2198 743 2365
2199 1565 2366
2200 800 246
2201 1144 1525
2202 1979 1710
2203 849 1484
2204 1602 1073
2205 2142 1191
2206 1113 1118
2207 192 1293
2208 2143 54
2209 1352 1256
2210 933 38
2211 386 742
2212 895 1669
2213 1819 2130
2214 1330 455
2215 1067 570
2216 1627 1426
2217 1466 786
2218 285 1225
2219 2364 2356
2220 1037 1659
2221 231 741
2222 649 1629
2223 96 1195
2224 1350 1768
2225 1420 633
2226 522 1819
2227 1781 1495
2228 2118 1077
2229 685 2140
2230 2123 225
2231 266 735
2232 444 2047
2233 1728 274
2234 795 1568
2235 1395 1189
2236 904 128
2237 893 1881
2238 2390 880
2239 1363 498
2240 454 1328
2241 751 542
2242 337 407
2243 1444 1013
2244 684 1516
2245 1561 1629
2246 207 498
2247 1714 386
2248 1296 2247
2249 844 1558
2250 2213 1803
2251 382 1561
2252 53 1652
2253 206 292
2254 1891 588
2255 552 982
2256 1608 1092
2257 149 350
2258 1667 1191
2259 2335 1688
2260 1755 471
2261 1063 1210
2262 1554 1107
2263 1452 1475
2264 736 1134
2265 1822 2116
2266 869 317
2267 1107 908
2268 1782 1504
2269 414 517
2270 1894 91
2271 1049 682
2272 853 1698
2273 735 2121
2274 662 15
2275 1284 1789
2276 604 2262
2277 2284 487
2278 1904 516
2279 650 822
2280 78 2258
2281 499 422
2282 595 1979
2283 542 2103
2284 823 1100
2285 681 297
2286 1698 58
2287 1116 1367
2288 1384 53
2289 1239 429
2290 1667 528
2291 2262 616
2292 2366 622
2293 2155 1130
2294 2104 278
2295 826 1751
2296 1316 1667
2297 1582 1804
2298 1151 1421
2299 473 182
2300 1833 1521
2301 173 1775
2302 621 851
2303 747 1061
2304 2296 210
2305 1088 1099
2306 1182 290
2307 2101 1583
2308 966 896
2309 2078 2038
2310 949 574
2311 72 1761
2312 2029 856
2313 915 322
2314 2256 2150
2315 959 1465
2316 2283 428
2317 449 983
2318 1396 771
2319 2296 514
2320 656 1107
2321 2100 1777
2322 1510 1588
2323 2386 2280
2324 1196 232
2325 1378 1789
2326 2027 1907
2327 1608 769
2328 1479 986
2329 127 1290
2330 938 2212
2331 1712 975
2332 10 934
2333 1683 429
2334 2307 2211
2335 1987 2204
2336 1695 2039
2337 2322 99
2338 1200 2315
2339 1653 636
2340 730 222
2341 767 1030
2342 2090 2087
2343 1832 38
2344 989 490
2345 2234 1150
2346 2044 2054
2347 405 1939
2348 1012 27
2349 1351 1919
2350 963 409
2351 480 2089
2352 2139 2277
2353 492 1560
2354 2213 690
2355 1491 1778
2356 2318 47
2357 1273 27
2358 1305 946
2359 886 475
2360 172 862
2361 2 800
2362 1569 1061
2363 1537 2137
2364 2090 1847
2365 2021 2162
2366 1471 2182
2367 2179 935
2368 397 1449
2369 826 2088
2370 366 1731
2371 438 1234
2372 900 626
2373 1222 1804
2374 1554 25
2375 1650 1321
2376 9 1562
2377 2237 1450
2378 621 1397
2379 392 695
2380 1417 1328
2381 2179 249
2382 1412 396
2383 1270 856
2384 1721 546
2385 2381 1379
2386 675 1288
2387 1786 722
2388 1277 468
2389 1646 1520
2390 270 181
