2770 2770
1 220 2455
2 1419 2195
3 1039 649
4 273 741
5 634 825
6 265 904
7 1701 2233
8 861 1552
9 1695 1117
10 1587 495
11 1634 1473
12 2256 1734
13 590 2657
14 94 2180
15 1279 346
16 1923 937
17 1906 517
18 221 2482
19 1514 1327
20 2058 1208
21 1833 135
22 1388 2743
23 1453 2422
24 369 398
25 1868 1550
26 318 280
27 2647 1666
28 1641 573
29 1682 585
30 224 141
31 1700 1298
32 23 891
33 1623 666
34 107 659
35 1717 1941
36 1615 1178
37 2361 450
38 988 843
39 2032 703
40 1572 290
41 854 1869
42 2517 1553
43 819 452
44 27 980
45 1422 2709
46 1251 1223
47 2674 2728
48 1357 2076
49 926 1357
50 2348 2047
51 1245 1218
52 1289 521
53 2086 2581
54 1170 449
55 2440 1315
56 2661 1403
57 1310 938
58 333 1466
59 1802 92
60 650 2376
61 1427 2647
62 1869 854
63 708 205
64 180 1686
65 1687 981
66 104 2528
67 2609 826
68 1968 510
69 247 1735
70 1874 1022
71 400 1767
72 2325 2550
73 671 2214
74 907 2059
75 2603 1189
76 2115 523
77 2746 1789
78 560 2588
79 287 1903
80 22 1566
81 146 159
82 1999 2458
83 2387 1188
84 2269 644
85 586 416
86 1477 1428
87 676 2451
88 1038 1651
89 2227 1658
90 23 2414
91 315 1686
92 1163 2311
93 734 1460
94 1544 1012
95 2264 2316
96 192 2196
97 2046 2217
98 1651 2418
99 950 125
100 771 1358
101 2566 1066
102 380 1231
103 2570 1628
104 2071 864
105 2689 706
106 1567 1432
107 2304 1581
108 978 835
109 1258 2445
110 47 1140
111 2093 1177
112 494 2754
113 136 1633
114 714 1453
115 639 225
116 2024 1312
117 897 519
118 596 2581
119 868 500
120 2644 511
121 502 1673
122 1309 2424
123 2168 1456
124 114 2147
125 1721 2695
126 1629 432
127 847 2511
128 2520 109
129 382 1602
130 158 721
131 1103 1477
132 2296 572
133 1684 137
134 2038 78
135 161 2266
136 1828 493
137 1791 1676
138 1705 682
139 1014 2061
140 1741 1270
141 785 2391
142 1030 763
143 625 2676
144 2347 439
145 2174 1065
146 1151 2550
147 719 324
148 2409 2497
149 2158 2164
150 224 1043
151 997 1039
152 69 1709
153 1508 1953
154 338 2390
155 28 2488
156 1157 648
157 2557 1649
158 554 1053
159 1778 499
160 1551 716
161 623 1669
162 1880 2662
163 2128 1690
164 2741 1247
165 337 1347
166 1065 591
167 763 1711
168 549 923
169 463 435
170 120 1999
171 1891 1941
172 103 2301
173 1264 2345
174 2294 2335
175 615 1397
176 320 1209
177 2235 2694
178 2553 246
179 215 944
180 1803 1638
181 566 1151
182 1417 1080
183 2527 1507
184 2756 2317
185 2548 1879
186 2744 1613
187 2000 263
188 2171 938
189 2117 1222
190 228 393
191 2305 1766
192 216 2648
193 925 2414
194 2225 322
195 1496 107
196 1783 2529
197 2439 2675
198 693 2324
199 182 1944
200 1548 461
201 11 369
202 1856 854
203 16 239
204 2133 511
205 509 2321
206 88 959
207 1963 409
208 2295 2162
209 652 1333
210 2037 2654
211 132 1781
212 235 532
213 799 2767
214 1277 2598
215 1615 1468
216 995 1938
217 211 1475
218 2377 1457
219 1222 1580
220 324 2254
221 457 1780
222 1378 2218
223 2211 955
224 268 587
225 149 359
226 2381 2639
227 92 1844
228 1159 2446
229 1474 1451
230 1624 1822
231 2767 994
232 537 1834
233 1568 504
234 1589 2206
235 1316 1808
236 2584 1912
237 1228 740
238 1506 753
239 210 2074
240 242 2049
241 1709 2164
242 671 1973
243 2653 1823
244 1623 331
245 1353 40
246 2687 200
247 2021 1605
248 1461 1767
249 1935 1949
250 1158 1225
251 733 975
252 2278 353
253 1050 1628
254 844 2220
255 1985 1253
256 1867 1003
257 1045 1042
258 55 1695
259 454 233
260 2371 145
261 1829 1195
262 136 1879
263 1080 841
264 2247 1522
265 898 1457
266 651 1997
267 1815 1540
268 1989 2617
269 1708 2210
270 2326 64
271 2149 1625
272 1100 737
273 200 1827
274 2529 1719
275 2360 767
276 2755 63
277 1839 557
278 450 685
279 2673 1481
280 2281 1407
281 187 1972
282 1246 1808
283 1035 2006
284 135 1365
285 237 187
286 2597 924
287 1409 1898
288 2643 1348
289 2476 981
290 1974 2243
291 2114 392
292 2089 1963
293 228 2009
294 169 867
295 2242 459
296 973 837
297 962 1781
298 2024 1473
299 1429 2402
300 639 1270
301 942 558
302 860 1593
303 550 950
304 552 2044
305 882 437
306 2196 986
307 493 842
308 2481 2234
309 280 587
310 218 1425
311 1792 2250
312 2763 2523
313 1931 2751
314 2736 210
315 1044 154
316 1907 1992
317 136 1773
318 2531 33
319 29 1010
320 1341 2081
321 2594 648
322 2603 78
323 1126 2133
324 2288 1034
325 2414 1869
326 1245 2525
327 2056 413
328 1917 2272
329 765 2564
330 1974 2589
331 1251 228
332 2308 1823
333 930 2688
334 2613 1859
335 381 351
336 2766 770
337 846 173
338 975 1464
339 1771 800
340 2658 2221
341 2298 1232
342 1391 1854
343 1547 2060
344 91 1952
345 1461 2485
346 1773 93
347 319 2218
348 1114 55
349 2157 268
350 2320 2369
351 1341 1070
352 1602 1597
353 2561 1630
354 1302 424
355 2563 1794
356 1935 926
357 1458 879
358 1293 156
359 2102 2446
360 319 2541
361 968 1888
362 2540 1522
363 1667 1228
364 1277 152
365 194 2428
366 2182 1269
367 2251 363
368 2483 262
369 2078 677
370 2704 1776
371 539 101
372 2607 1585
373 2675 2476
374 2256 1643
375 1984 239
376 1883 1357
377 1618 1908
378 282 287
379 2371 2262
380 2527 2390
381 2406 1815
382 630 854
383 1650 2494
384 2642 354
385 531 1627
386 375 903
387 652 1014
388 234 1258
389 2158 2556
390 2603 1150
391 482 228
392 2264 2723
393 108 1314
394 930 2524
395 530 294
396 1790 2503
397 1207 1615
398 2302 936
399 2345 815
400 2515 1331
401 2614 1831
402 1731 841
403 1043 1684
404 1414 771
405 1967 2651
406 2684 697
407 205 476
408 1200 344
409 1763 164
410 1362 2629
411 337 2018
412 1963 2223
413 2294 1711
414 1901 2497
415 1681 2225
416 1147 873
417 432 2700
418 1480 1672
419 1819 2613
420 1221 1883
421 2182 990
422 336 700
423 2018 99
424 1637 3
425 1614 1692
426 1483 1301
427 1467 1334
428 427 2456
429 2018 970
430 811 1267
431 1271 1770
432 2200 1311
433 727 508
434 69 995
435 399 1293
436 700 2283
437 20 1270
438 489 40
439 2269 1626
440 1001 578
441 1494 285
442 1397 880
443 24 1563
444 2366 1324
445 1640 2384
446 2031 2045
447 1452 206
448 520 1785
449 2718 2076
450 2326 351
451 1237 393
452 2275 121
453 2676 643
454 2320 183
455 1571 1270
456 1752 998
457 1253 870
458 1406 280
459 2330 2012
460 961 718
461 2329 1448
462 2743 1548
463 2171 285
464 1582 1486
465 2290 2129
466 846 2040
467 556 1397
468 22 555
469 162 2204
470 139 522
471 1563 11
472 358 719
473 174 944
474 2072 1472
475 1467 2156
476 1380 2579
477 1854 2374
478 2219 494
479 274 2160
480 215 1014
481 710 1815
482 1328 2638
483 2561 1771
484 1891 1366
485 365 674
486 947 2157
487 1664 1770
488 1563 599
489 2453 1116
490 441 234
491 1207 697
492 1387 1947
493 190 527
494 869 1243
495 1468 2439
496 467 1489
497 979 1269
498 1891 2189
499 455 1453
500 1000 862
501 413 2668
502 393 1342
503 2319 2326
504 406 1079
505 641 576
506 713 938
507 807 1576
508 2422 2220
509 1341 1812
510 2075 1374
511 1405 2494
512 2693 1316
513 872 2387
514 2206 143
515 19 548
516 2043 1995
517 1462 2302
518 1749 634
519 2698 1281
520 1615 2651
521 1454 2572
522 2690 819
523 1019 591
524 1763 1311
525 844 989
526 2519 2409
527 2303 2045
528 1671 305
529 2668 2403
530 1263 1715
531 2044 686
532 2720 406
533 388 992
534 650 1933
535 224 1650
536 2514 319
537 2259 151
538 1776 641
539 1320 608
540 364 1780
541 1981 590
542 29 614
543 1859 1861
544 2339 1087
545 1123 2610
546 2433 1802
547 981 1370
548 1699 507
549 866 2387
550 2182 942
551 711 131
552 861 1573
553 741 1024
554 57 511
555 325 2363
556 85 699
557 513 784
558 938 2682
559 2042 113
560 1759 336
561 562 2408
562 504 184
563 2439 1327
564 1734 1694
565 876 2230
566 1022 1493
567 1806 1907
568 1804 104
569 1855 876
570 2588 2653
571 31 277
572 1395 2558
573 354 2555
574 2586 1743
575 1654 2506
576 1613 314
577 87 185
578 187 2469
579 1974 1754
580 64 1116
581 1075 2621
582 2240 2162
583 291 301
584 317 1209
585 266 801
586 2657 793
587 2045 1848
588 2424 1290
589 256 2695
590 213 407
591 113 1538
592 775 2394
593 533 1633
594 2270 1585
595 347 301
596 2197 2398
597 1963 1943
598 2325 400
599 927 2189
600 118 38
601 2034 949
602 2536 2326
603 1158 894
604 2684 74
605 1111 2530
606 809 2515
607 1042 1839
608 441 162
609 1224 2711
610 2196 1827
611 230 2630
612 2117 1379
613 231 2163
614 2150 1311
615 2545 764
616 763 1047
617 2044 2284
618 1921 612
619 1497 1540
620 763 786
621 2306 2373
622 1426 2001
623 2665 844
624 1769 1988
625 1328 2494
626 2563 2241
627 721 1665
628 1132 1784
629 1198 2413
630 958 151
631 874 1352
632 889 1788
633 2392 1106
634 300 1732
635 2671 241
636 283 1168
637 2185 174
638 1202 1865
639 2341 280
640 1284 617
641 2688 1404
642 1100 741
643 2413 1988
644 1050 1384
645 1305 2232
646 1904 711
647 507 2556
648 1390 336
649 14 1491
650 126 1450
651 2546 517
652 1172 1312
653 2653 2128
654 1771 268
655 815 1101
656 600 1755
657 1452 1627
658 2215 127
659 441 45
660 2693 296
661 1907 147
662 506 651
663 1048 787
664 2715 2186
665 2765 962
666 1752 2708
667 2305 47
668 1970 1361
669 389 2338
670 841 2613
671 264 2606
672 1297 76
673 569 2039
674 2679 1663
675 217 760
676 1371 987
677 1965 2458
678 2203 151
679 826 1409
680 207 1332
681 2674 2046
682 1608 2727
683 2334 1745
684 1648 1040
685 289 383
686 1859 1626
687 239 76
688 789 2743
689 1477 1921
690 1348 1296
691 1220 2741
692 663 438
693 1640 2022
694 1081 1098
695 1965 1175
696 1192 130
697 2279 308
698 33 841
699 327 2688
700 555 2424
701 611 369
702 219 925
703 369 1397
704 170 1294
705 861 1371
706 47 2217
707 302 1528
708 2757 2575
709 1942 1763
710 2566 1480
711 2547 2074
712 1000 516
713 1194 2738
714 1279 2684
715 1957 117
716 2247 1624
717 2284 2216
718 709 1177
719 1309 2192
720 1908 224
721 2679 2309
722 1740 7
723 2706 1138
724 2437 1712
725 482 1302
726 257 1870
727 257 2080
728 460 763
729 766 584
730 1014 737
731 955 1584
732 1519 2647
733 1019 1118
734 1007 2392
735 2439 2376
736 599 2667
737 1953 1932
738 2227 2558
739 376 1102
740 1405 935
741 2144 1604
742 451 1715
743 1238 282
744 2251 1969
745 831 1177
746 706 268
747 1801 14
748 967 766
749 2092 511
750 347 2570
751 920 619
752 996 2141
753 91 611
754 1216 14
755 1073 2063
756 1325 1083
757 1522 741
758 2743 1694
759 2454 1887
760 1651 2510
761 1068 700
762 1077 1699
763 1216 2354
764 2739 88
765 961 1471
766 2343 881
767 950 1774
768 2275 1883
769 2471 950
770 1387 780
771 1560 1593
772 1587 751
773 6 902
774 1862 883
775 1013 2609
776 2679 2643
777 591 2166
778 2165 203
779 188 1396
780 1107 588
781 1711 820
782 1147 1850
783 1741 2552
784 393 1939
785 528 1773
786 137 174
787 1038 614
788 2425 2237
789 2546 969
790 1516 475
791 1470 1984
792 125 2676
793 2074 1154
794 1908 1848
795 2556 715
796 32 2292
797 1848 1796
798 360 1511
799 1226 717
800 2352 1934
801 334 13
802 1483 1636
803 616 1635
804 2271 53
805 1503 2057
806 1487 123
807 211 191
808 765 1552
809 664 544
810 2157 965
811 276 336
812 664 2036
813 2435 1091
814 540 1722
815 1138 215
816 381 2020
817 2736 2672
818 2339 2413
819 2016 849
820 1817 1197
821 1104 1971
822 1756 653
823 2011 1229
824 257 2454
825 1084 380
826 834 14
827 2003 2757
828 938 1775
829 257 396
830 1560 445
831 987 1449
832 995 1453
833 1532 2362
834 696 921
835 83 1986
836 836 756
837 1298 1222
838 1617 2703
839 1118 1903
840 2593 1189
841 530 169
842 659 1739
843 2686 2333
844 1993 749
845 1195 1338
846 1668 1472
847 1781 1748
848 532 898
849 1035 2713
850 346 49
851 413 2463
852 1830 1648
853 51 2550
854 1038 1662
855 2060 540
856 175 1451
857 702 2120
858 2310 1275
859 1477 484
860 1275 72
861 368 2706
862 2077 1452
863 2311 1383
864 2251 2487
865 2631 1746
866 2509 1089
867 1317 809
868 844 2715
869 2128 2621
870 181 2398
871 1130 1650
872 1577 2392
873 375 2365
874 183 1000
875 2737 2515
876 1263 913
877 1582 2280
878 547 1036
879 565 2146
880 180 1448
881 656 2486
882 765 2375
883 1657 2146
884 841 84
885 2476 1275
886 1770 2701
887 309 2013
888 1486 1802
889 55 2039
890 892 1692
891 300 931
892 1218 778
893 1530 1016
894 1049 2519
895 622 935
896 2159 1370
897 1312 1405
898 1860 2060
899 1318 687
900 1974 1422
901 2368 2408
902 2711 1530
903 2535 468
904 1504 2588
905 1507 2681
906 2061 702
907 1049 2258
908 833 939
909 54 1631
910 2681 1999
911 1102 1238
912 2613 1711
913 1458 926
914 1659 882
915 1683 1421
916 706 1545
917 625 190
918 2000 905
919 754 1500
920 2317 2169
921 1746 2051
922 1037 2155
923 2692 2113
924 1179 359
925 1909 1234
926 2444 1402
927 297 2587
928 1528 623
929 1506 158
930 408 1693
931 1916 726
932 421 857
933 1512 212
934 1126 2186
935 899 101
936 1327 316
937 1343 2439
938 495 2563
939 780 2231
940 1466 1769
941 1147 1938
942 2666 2469
943 2587 1856
944 2098 2263
945 2187 919
946 1324 1620
947 2676 219
948 1692 1172
949 358 1107
950 1367 1012
951 2560 154
952 560 2391
953 2603 1946
954 69 1968
955 1082 866
956 1807 2411
957 1327 719
958 2632 2574
959 1826 745
960 1463 1175
961 894 1244
962 928 379
963 2405 741
964 931 1582
965 235 24
966 1429 1618
967 338 1586
968 1118 1311
969 2606 2258
970 532 2054
971 253 566
972 452 2759
973 848 1857
974 2766 319
975 2619 1532
976 505 1146
977 877 1873
978 2420 2094
979 1042 534
980 1467 1233
981 1760 531
982 688 630
983 940 2135
984 1299 1128
985 2461 869
986 1974 2495
987 1514 2162
988 743 2457
989 722 310
990 42 1019
991 2693 1129
992 1419 950
993 1108 711
994 1836 572
995 2319 308
996 2470 1151
997 1744 1472
998 134 1442
999 1487 1126
1000 304 874
1001 1768 1161
1002 1913 1364
1003 326 2529
1004 2270 1610
1005 1394 694
1006 1764 1966
1007 864 2628
1008 884 1235
1009 1815 663
1010 1418 2340
1011 1737 1826
1012 299 1938
1013 82 2570
1014 1899 1256
1015 598 760
1016 1954 518
1017 916 2323
1018 1779 266
1019 1486 540
1020 1405 1794
1021 2682 607
1022 1650 267
1023 147 1389
1024 1084 2704
1025 774 1799
1026 1312 366
1027 481 597
1028 1003 1482
1029 701 238
1030 947 1682
1031 1566 2527
1032 2197 1496
1033 1553 2535
1034 903 1975
1035 678 1658
1036 494 447
1037 1069 2174
1038 1451 214
1039 2760 2200
1040 510 571
1041 2562 410
1042 977 336
1043 1640 1022
1044 1870 17
1045 476 961
1046 278 24
1047 2288 659
1048 1598 166
1049 102 2210
1050 699 2187
1051 2447 1853
1052 1435 2428
1053 2607 1034
1054 818 1315
1055 1807 1234
1056 386 2063
1057 2406 1500
1058 70 2216
1059 1963 1658
1060 1979 130
1061 2612 1019
1062 854 2124
1063 740 2465
1064 213 2192
1065 732 1693
1066 12 66
1067 340 1389
1068 2374 2511
1069 2111 1478
1070 2435 1481
1071 607 1258
1072 1488 2500
1073 1864 286
1074 2163 1188
1075 1992 2177
1076 432 1216
1077 964 283
1078 1948 1675
1079 2405 2516
1080 892 1265
1081 88 1265
1082 2070 1547
1083 1422 2055
1084 1010 1943
1085 2142 366
1086 2225 2152
1087 2623 610
1088 1784 2728
1089 35 1639
1090 1831 1444
1091 522 61
1092 1362 2253
1093 314 2738
1094 2618 1850
1095 1296 1977
1096 907 2210
1097 201 194
1098 1518 2657
1099 2232 1684
1100 1957 672
1101 507 1387
1102 1440 1342
1103 2143 1927
1104 620 1822
1105 525 643
1106 742 2398
1107 143 2217
1108 613 2267
1109 1631 2582
1110 298 572
1111 1702 2653
1112 1678 649
1113 2535 928
1114 1568 182
1115 2629 1932
1116 1484 2346
1117 871 1268
1118 1530 1948
1119 2378 172
1120 1963 1206
1121 2186 2449
1122 1768 507
1123 1228 926
1124 1360 2165
1125 2081 2254
1126 1398 647
1127 1100 2334
1128 2290 1038
1129 1503 2133
1130 1920 388
1131 1200 1384
1132 8 60
1133 319 2621
1134 2317 673
1135 2434 1973
1136 1429 2356
1137 2360 182
1138 79 2180
1139 105 1074
1140 1262 607
1141 498 886
1142 1922 1455
1143 2113 2222
1144 1377 929
1145 2443 1935
1146 2058 1991
1147 797 1563
1148 2563 1692
1149 2738 1098
1150 169 519
1151 1089 2163
1152 1555 2141
1153 1473 1158
1154 359 2564
1155 137 352
1156 235 429
1157 2105 314
1158 2254 365
1159 1496 2746
1160 780 223
1161 1819 2112
1162 724 280
1163 1581 921
1164 2597 911
1165 1250 2422
1166 1788 118
1167 438 1224
1168 243 1671
1169 2632 2024
1170 1006 2633
1171 1527 271
1172 1465 1748
1173 419 11
1174 1154 1458
1175 2094 317
1176 2302 2589
1177 1474 187
1178 2457 970
1179 1968 2205
1180 1889 1515
1181 1316 696
1182 2113 1632
1183 1308 1225
1184 2314 216
1185 2299 2125
1186 2033 2704
1187 2321 215
1188 669 1494
1189 1296 2563
1190 819 1265
1191 1767 1243
1192 2227 2021
1193 393 2401
1194 443 1282
1195 46 964
1196 2180 1872
1197 1821 1038
1198 464 1027
1199 2302 2515
1200 114 343
1201 87 273
1202 1822 1969
1203 1526 2037
1204 545 2185
1205 1243 1296
1206 1347 253
1207 2636 861
1208 2345 875
1209 2468 2431
1210 90 1019
1211 1816 2110
1212 580 343
1213 1492 191
1214 1430 1450
1215 755 74
1216 2103 1428
1217 47 279
1218 1726 376
1219 1062 801
1220 1864 382
1221 326 1908
1222 1680 2425
1223 13 2104
1224 280 143
1225 2717 373
1226 109 2104
1227 931 2416
1228 1586 1824
1229 790 2668
1230 606 1270
1231 89 133
1232 142 1954
1233 597 349
1234 116 2760
1235 1104 528
1236 2654 63
1237 1226 1718
1238 1902 2342
1239 368 176
1240 106 2284
1241 2487 1326
1242 2182 732
1243 845 1120
1244 1820 2009
1245 1434 421
1246 2092 497
1247 1982 2135
1248 2674 459
1249 945 922
1250 154 1747
1251 2378 1217
1252 2318 2487
1253 1461 279
1254 2767 865
1255 586 2004
1256 1260 1912
1257 198 594
1258 1765 1696
1259 2324 405
1260 1580 1711
1261 393 1075
1262 526 1727
1263 1299 154
1264 605 1069
1265 611 1425
1266 2496 2275
1267 621 272
1268 2048 186
1269 690 2616
1270 631 2325
1271 1348 2187
1272 1788 645
1273 187 376
1274 522 2651
1275 2091 730
1276 244 2270
1277 963 1517
1278 2764 2304
1279 1766 1341
1280 1420 1009
1281 377 338
1282 1037 2142
1283 1378 804
1284 1234 1888
1285 2604 2609
1286 1302 1204
1287 1588 1507
1288 641 1038
1289 1096 911
1290 2616 2011
1291 1134 903
1292 2692 416
1293 1687 2755
1294 2486 741
1295 766 1934
1296 1077 1269
1297 2758 1082
1298 1484 1259
1299 1080 966
1300 583 2054
1301 2016 494
1302 178 1936
1303 1735 2270
1304 921 1101
1305 1885 1023
1306 1861 2130
1307 992 1725
1308 1804 2188
1309 543 1074
1310 2349 2325
1311 832 644
1312 1508 1474
1313 2745 1532
1314 19 771
1315 1308 966
1316 823 1208
1317 1423 1572
1318 283 933
1319 2299 2357
1320 149 2547
1321 1415 2647
1322 2405 1054
1323 1459 2752
1324 2447 1651
1325 1367 2417
1326 1557 1960
1327 923 942
1328 1837 832
1329 716 1734
1330 447 2520
1331 2368 2068
1332 2647 807
1333 457 2704
1334 1126 1316
1335 219 227
1336 939 2075
1337 1167 1231
1338 1229 1240
1339 1057 1413
1340 1609 763
1341 468 2464
1342 2282 1322
1343 1024 462
1344 1684 1369
1345 192 1258
1346 2648 1270
1347 521 1990
1348 2585 537
1349 1363 2102
1350 2473 1901
1351 823 523
1352 799 1976
1353 1107 1350
1354 2465 1249
1355 1153 373
1356 1373 1530
1357 961 544
1358 2297 959
1359 2143 2073
1360 2457 2396
1361 829 19
1362 1160 793
1363 891 2332
1364 1316 1486
1365 2107 2509
1366 578 2670
1367 326 2044
1368 442 876
1369 165 145
1370 2609 873
1371 20 1525
1372 542 1828
1373 1676 41
1374 992 762
1375 299 505
1376 1874 1859
1377 1715 2050
1378 2271 552
1379 1790 210
1380 422 2499
1381 1917 588
1382 2559 654
1383 1509 518
1384 602 2523
1385 2656 1114
1386 2537 1546
1387 1074 445
1388 238 997
1389 2233 153
1390 1195 913
1391 1790 323
1392 2273 1470
1393 900 1122
1394 505 2126
1395 1605 1690
1396 2395 1528
1397 1276 1719
1398 1414 1952
1399 1691 1507
1400 1034 1937
1401 1720 796
1402 1029 804
1403 1391 2137
1404 1549 1139
1405 743 420
1406 390 1406
1407 1443 720
1408 2713 632
1409 1344 664
1410 2136 2723
1411 1169 510
1412 1847 1645
1413 989 1491
1414 1005 458
1415 161 608
1416 1044 2025
1417 476 2556
1418 2599 184
1419 1370 1102
1420 1869 1230
1421 1172 1731
1422 1864 638
1423 2064 589
1424 1802 1163
1425 2204 2624
1426 258 311
1427 917 2134
1428 1256 434
1429 817 1909
1430 1210 14
1431 2299 8
1432 845 1150
1433 2423 1856
1434 473 1924
1435 135 1267
1436 2272 233
1437 1379 1196
1438 2145 1006
1439 998 1288
1440 884 1625
1441 1594 102
1442 187 984
1443 488 2468
1444 289 126
1445 1787 1199
1446 338 2455
1447 658 2065
1448 609 909
1449 2120 1931
1450 1450 1652
1451 131 2541
1452 1493 877
1453 13 455
1454 791 540
1455 330 1107
1456 379 2051
1457 245 455
1458 544 1870
1459 540 2654
1460 2762 708
1461 1995 292
1462 77 1121
1463 841 1470
1464 536 1124
1465 1872 1762
1466 1038 765
1467 233 2706
1468 118 2231
1469 633 2027
1470 2155 796
1471 2224 2628
1472 1617 1581
1473 1090 2190
1474 145 2210
1475 2757 2182
1476 18 1274
1477 1743 1404
1478 549 1602
1479 2045 1330
1480 784 724
1481 2000 2153
1482 1837 2362
1483 1220 597
1484 2409 1117
1485 2110 1879
1486 2065 1734
1487 2029 1235
1488 818 2176
1489 1839 979
1490 2666 1535
1491 594 647
1492 929 26
1493 2122 268
1494 1130 1938
1495 1312 1743
1496 1949 991
1497 373 1482
1498 1639 1461
1499 1717 1229
1500 1982 1302
1501 2685 1453
1502 2091 1300
1503 2131 1678
1504 1596 1666
1505 992 2093
1506 425 1017
1507 553 2002
1508 948 1701
1509 1296 1265
1510 2338 2282
1511 2660 2444
1512 1878 485
1513 1659 2248
1514 260 792
1515 2254 1006
1516 2141 1068
1517 2333 1182
1518 2171 2326
1519 2227 1036
1520 2456 1643
1521 1547 127
1522 1680 2116
1523 2321 642
1524 2447 893
1525 576 1349
1526 1237 2605
1527 2407 2454
1528 679 119
1529 2121 2224
1530 2372 544
1531 2558 1098
1532 2500 571
1533 871 1903
1534 147 1450
1535 739 1628
1536 984 40
1537 2224 1163
1538 1505 95
1539 2425 1269
1540 1338 1498
1541 1119 2473
1542 157 1749
1543 1549 1375
1544 310 2211
1545 1992 535
1546 1765 1665
1547 611 2374
1548 1691 966
1549 1267 1618
1550 1484 662
1551 354 1283
1552 267 1735
1553 1588 1492
1554 1660 1116
1555 2600 1389
1556 1806 39
1557 1627 41
1558 744 2086
1559 2579 2221
1560 864 2237
1561 1409 2659
1562 2153 1677
1563 960 2629
1564 1612 2043
1565 2614 1916
1566 1237 1772
1567 1071 1715
1568 2475 1993
1569 406 2405
1570 1330 2371
1571 1893 33
1572 629 46
1573 706 944
1574 2544 2090
1575 1647 2165
1576 101 2619
1577 1771 634
1578 83 688
1579 865 2128
1580 881 402
1581 674 194
1582 202 390
1583 1613 1567
1584 2371 2556
1585 2534 1004
1586 2731 1343
1587 374 524
1588 2450 915
1589 2351 453
1590 2532 522
1591 994 2672
1592 2696 2116
1593 1549 280
1594 1079 1391
1595 435 831
1596 438 1005
1597 777 1150
1598 786 727
1599 2673 59
1600 222 618
1601 2003 275
1602 1321 2696
1603 552 2232
1604 1265 1149
1605 732 1613
1606 710 86
1607 172 783
1608 1798 485
1609 948 865
1610 258 285
1611 2693 1170
1612 714 2381
1613 258 634
1614 1471 2622
1615 1309 1715
1616 2328 2148
1617 1947 1313
1618 656 301
1619 1304 2338
1620 2113 2547
1621 64 1860
1622 1878 2416
1623 703 2427
1624 179 1658
1625 960 2067
1626 363 1522
1627 1486 2031
1628 1689 1287
1629 484 2741
1630 937 1137
1631 260 2383
1632 2458 1204
1633 2162 2375
1634 1720 1698
1635 703 1905
1636 1272 948
1637 2106 866
1638 894 1065
1639 60 1270
1640 1110 837
1641 1538 2552
1642 2034 1232
1643 1413 170
1644 1483 953
1645 1311 418
1646 2248 2226
1647 1402 1794
1648 2714 1088
1649 1816 238
1650 1571 1743
1651 1089 1223
1652 1470 2376
1653 1097 1004
1654 718 1896
1655 1342 340
1656 2283 2058
1657 182 918
1658 573 429
1659 1612 2181
1660 944 1891
1661 612 2224
1662 356 1936
1663 1686 2148
1664 564 2383
1665 2279 393
1666 1179 1595
1667 1642 1635
1668 797 2301
1669 1316 397
1670 790 1337
1671 829 66
1672 2769 154
1673 1194 1241
1674 1675 2712
1675 890 504
1676 948 1895
1677 2589 30
1678 609 315
1679 2738 2573
1680 1277 2485
1681 174 1782
1682 1240 1756
1683 1680 1000
1684 551 371
1685 2764 1286
1686 2168 1640
1687 1367 101
1688 2070 148
1689 1349 1045
1690 153 2717
1691 2260 1125
1692 1386 1108
1693 2098 2262
1694 244 1351
1695 2139 480
1696 2305 1608
1697 745 1927
1698 2710 246
1699 131 1000
1700 1107 2294
1701 2514 1661
1702 2453 690
1703 815 741
1704 2013 2518
1705 1458 556
1706 1691 904
1707 1037 1894
1708 2173 1554
1709 318 2486
1710 879 537
1711 1266 404
1712 594 1847
1713 363 1465
1714 260 1794
1715 662 2072
1716 504 2281
1717 2615 2689
1718 1743 845
1719 1769 1037
1720 673 838
1721 817 410
1722 2442 1676
1723 928 356
1724 419 237
1725 1992 687
1726 2035 2439
1727 692 95
1728 2302 2106
1729 1253 1437
1730 1724 812
1731 1006 1169
1732 1404 1488
1733 2661 1283
1734 1278 1919
1735 1364 2506
1736 2159 2584
1737 2282 2056
1738 1118 2356
1739 650 650
1740 621 1109
1741 2037 434
1742 2077 1709
1743 1072 2070
1744 2535 1812
1745 889 521
1746 2231 1660
1747 1339 893
1748 888 1595
1749 735 1247
1750 1142 1716
1751 1003 824
1752 2232 489
1753 1660 2755
1754 343 1912
1755 890 189
1756 1699 338
1757 2176 163
1758 2335 1128
1759 842 232
1760 482 1801
1761 1721 1454
1762 2176 679
1763 86 2191
1764 1130 1564
1765 1721 1189
1766 2561 1097
1767 813 620
1768 2630 1663
1769 613 582
1770 169 1422
1771 115 2507
1772 1653 1979
1773 1201 1487
1774 217 994
1775 1349 679
1776 1840 659
1777 27 2309
1778 2212 1862
1779 1769 1991
1780 1024 1762
1781 685 1068
1782 1419 1623
1783 1003 2032
1784 1870 1240
1785 236 975
1786 2262 1784
1787 588 1172
1788 2159 413
1789 582 2237
1790 2107 948
1791 2606 1779
1792 2073 1623
1793 303 1976
1794 2246 239
1795 380 637
1796 1786 312
1797 842 2601
1798 754 546
1799 506 305
1800 1674 2247
1801 1941 934
1802 648 1410
1803 2353 2357
1804 731 2099
1805 1634 1533
1806 2157 2748
1807 1996 245
1808 852 1969
1809 1822 696
1810 1032 1732
1811 189 2293
1812 2296 2754
1813 2549 1901
1814 1976 2300
1815 2523 40
1816 1428 1750
1817 2390 1580
1818 1576 828
1819 55 1795
1820 385 1523
1821 2335 790
1822 726 126
1823 2524 2150
1824 1463 1794
1825 1401 2294
1826 2177 1947
1827 477 1156
1828 2341 358
1829 2760 2378
1830 2097 527
1831 2024 1889
1832 2368 108
1833 2270 724
1834 1826 2210
1835 383 1813
1836 920 589
1837 34 820
1838 1614 2309
1839 379 361
1840 2148 306
1841 834 394
1842 232 2724
1843 2022 786
1844 785 594
1845 1107 2312
1846 1098 1118
1847 1958 2013
1848 1568 1858
1849 1236 708
1850 1149 174
1851 30 2608
1852 2094 1724
1853 770 1964
1854 1925 2191
1855 1086 347
1856 1111 3
1857 2698 1932
1858 147 653
1859 143 317
1860 2469 847
1861 2607 1741
1862 571 2416
1863 1642 2285
1864 1604 37
1865 2024 1039
1866 910 2064
1867 367 834
1868 2748 1398
1869 1170 2131
1870 2203 792
1871 2410 854
1872 232 2022
1873 2053 2227
1874 2471 1396
1875 436 2706
1876 2060 2209
1877 2456 1580
1878 956 2108
1879 61 1031
1880 890 227
1881 322 1628
1882 371 1658
1883 1489 1625
1884 2157 253
1885 67 585
1886 1836 301
1887 844 264
1888 472 2483
1889 285 1126
1890 586 229
1891 738 470
1892 1140 2578
1893 2649 319
1894 2415 935
1895 2766 2292
1896 1988 1990
1897 445 905
1898 2238 2688
1899 2219 560
1900 1443 2700
1901 323 645
1902 410 899
1903 2214 1788
1904 453 2154
1905 39 2598
1906 1450 1030
1907 384 1973
1908 1729 851
1909 903 1040
1910 1660 342
1911 1536 1019
1912 528 1762
1913 1073 477
1914 691 866
1915 2402 2168
1916 1222 705
1917 2345 498
1918 1895 285
1919 1817 1849
1920 2476 1382
1921 154 2172
1922 258 2421
1923 2501 1428
1924 2625 2398
1925 789 2573
1926 2081 704
1927 1200 648
1928 413 1978
1929 257 939
1930 248 27
1931 1966 1423
1932 2602 608
1933 2733 2386
1934 323 1921
1935 2460 1166
1936 2381 1041
1937 2082 914
1938 2126 1899
1939 1988 582
1940 2120 2032
1941 2544 441
1942 1258 796
1943 2070 1068
1944 1853 57
1945 552 523
1946 2442 108
1947 504 2251
1948 2471 1844
1949 702 1123
1950 1004 367
1951 1488 1569
1952 1511 637
1953 696 2060
1954 1291 17
1955 1250 1825
1956 825 160
1957 707 1180
1958 2096 1509
1959 1767 1867
1960 428 1310
1961 703 1992
1962 2521 1336
1963 2762 2265
1964 1452 1604
1965 1384 2063
1966 726 1491
1967 514 1348
1968 286 2501
1969 440 61
1970 969 1743
1971 476 290
1972 2083 893
1973 2159 650
1974 2159 2195
1975 2651 2332
1976 458 19
1977 1599 203
1978 1532 983
1979 2074 601
1980 1013 1726
1981 28 767
1982 1072 1781
1983 2173 315
1984 36 233
1985 536 790
1986 923 1249
1987 1822 1003
1988 10 1025
1989 2134 2015
1990 625 606
1991 2567 1446
1992 279 181
1993 1735 84
1994 251 261
1995 2461 2575
1996 819 1330
1997 573 2457
1998 640 724
1999 1816 2164
2000 2522 1334
2001 1461 2217
2002 1111 364
2003 1511 1265
2004 705 2000
2005 777 1886
2006 1938 2148
2007 2209 1133
2008 483 780
2009 1278 957
2010 1065 1613
2011 2076 2597
2012 28 1886
2013 1732 2563
2014 528 2280
2015 885 1037
2016 275 1336
2017 2660 2719
2018 339 732
2019 977 1783
2020 94 2546
2021 2737 52
2022 2492 1906
2023 1940 1600
2024 746 376
2025 2598 1607
2026 1492 817
2027 1449 1666
2028 1943 1673
2029 238 1990
2030 1146 499
2031 491 1379
2032 113 887
2033 1118 1959
2034 849 1043
2035 1736 2495
2036 77 495
2037 71 1773
2038 705 2621
2039 2205 923
2040 2591 1708
2041 1014 751
2042 192 1301
2043 1251 953
2044 166 1323
2045 1921 1574
2046 808 327
2047 1355 2739
2048 2391 1162
2049 626 7
2050 17 2101
2051 783 264
2052 2106 1573
2053 2718 696
2054 2621 365
2055 2174 123
2056 1020 200
2057 473 2110
2058 2036 1716
2059 818 1796
2060 2112 1044
2061 964 674
2062 1265 1457
2063 152 1592
2064 1887 1499
2065 218 1464
2066 544 1283
2067 2627 435
2068 2055 946
2069 1541 532
2070 1576 280
2071 1096 1267
2072 2611 1936
2073 1112 1026
2074 600 2353
2075 101 1994
2076 1367 627
2077 2476 2763
2078 342 158
2079 2421 1006
2080 769 405
2081 190 727
2082 1615 1796
2083 300 1564
2084 2717 729
2085 2515 2633
2086 1712 840
2087 661 1529
2088 2352 84
2089 616 618
2090 2567 2378
2091 956 1808
2092 2090 2684
2093 2216 1527
2094 2549 2179
2095 2289 95
2096 1639 1448
2097 2099 848
2098 1262 1122
2099 828 83
2100 2720 789
2101 2265 2270
2102 1420 806
2103 342 548
2104 2149 359
2105 698 219
2106 2384 2185
2107 2610 1202
2108 1507 1096
2109 2273 2135
2110 1511 1591
2111 2275 1324
2112 639 2294
2113 451 1161
2114 2370 683
2115 2064 2256
2116 1129 104
2117 32 2487
2118 2056 111
2119 2461 2259
2120 2516 1102
2121 2035 2343
2122 1177 1044
2123 186 2605
2124 1937 407
2125 454 2736
2126 1250 1007
2127 2678 2258
2128 2183 1074
2129 203 2289
2130 1539 835
2131 1058 666
2132 1629 470
2133 30 723
2134 582 2689
2135 1171 156
2136 2103 2121
2137 79 1597
2138 1689 807
2139 500 1661
2140 1944 1967
2141 424 2355
2142 2744 554
2143 227 162
2144 1455 2454
2145 1624 1545
2146 697 2159
2147 1895 1445
2148 2324 24
2149 776 1715
2150 1110 266
2151 371 342
2152 466 444
2153 2621 1715
2154 1321 2673
2155 1665 1141
2156 2418 697
2157 2038 1306
2158 747 647
2159 512 307
2160 85 1426
2161 1111 2662
2162 1498 458
2163 432 1641
2164 402 2022
2165 223 2297
2166 2414 1004
2167 1802 1246
2168 838 579
2169 1149 1298
2170 1384 2115
2171 521 2096
2172 1909 823
2173 873 781
2174 2707 1047
2175 1836 1179
2176 610 871
2177 2335 1877
2178 2614 2430
2179 32 1715
2180 1791 1934
2181 2178 2008
2182 2108 1329
2183 1275 56
2184 2287 1955
2185 909 1177
2186 2033 437
2187 1 2034
2188 1293 1964
2189 1131 963
2190 1004 386
2191 1230 2378
2192 1402 1899
2193 2388 1374
2194 146 739
2195 898 2705
2196 423 2647
2197 630 1673
2198 1250 252
2199 1636 2437
2200 2020 403
2201 1446 2590
2202 854 109
2203 2707 2348
2204 460 1968
2205 435 1023
2206 2601 826
2207 2287 1787
2208 799 1482
2209 975 973
2210 1470 299
2211 131 1700
2212 1741 1091
2213 1907 2524
2214 2037 2142
2215 742 375
2216 1392 53
2217 329 225
2218 2584 1122
2219 2538 2711
2220 1626 557
2221 1794 1484
2222 334 630
2223 2670 227
2224 2227 1715
2225 6 1783
2226 2673 1715
2227 926 77
2228 1486 2554
2229 2044 187
2230 2269 103
2231 1190 759
2232 2189 963
2233 2393 1611
2234 1551 512
2235 2729 669
2236 2370 1632
2237 283 912
2238 2034 650
2239 182 1460
2240 1712 1502
2241 1237 2547
2242 40 753
2243 2433 1686
2244 1848 355
2245 635 2657
2246 1360 2731
2247 587 2336
2248 2039 1827
2249 2187 1775
2250 2479 1143
2251 643 1304
2252 1178 2251
2253 487 1053
2254 54 2022
2255 1490 2463
2256 778 270
2257 313 527
2258 2547 419
2259 639 1762
2260 2678 1242
2261 1305 2186
2262 748 2761
2263 2633 1726
2264 1771 1862
2265 1527 2102
2266 1036 1036
2267 1563 615
2268 684 878
2269 2299 343
2270 1736 1987
2271 2260 381
2272 33 2097
2273 1511 2174
2274 2752 1650
2275 2754 780
2276 610 1406
2277 1100 622
2278 2603 113
2279 1918 2141
2280 1766 1222
2281 1603 2083
2282 988 1745
2283 1186 1253
2284 714 1096
2285 1744 2690
2286 1718 843
2287 597 368
2288 1460 1855
2289 1580 2319
2290 363 602
2291 1748 1681
2292 550 1689
2293 1977 1167
2294 2337 2357
2295 1418 2368
2296 2370 1525
2297 743 2498
2298 1231 1866
2299 1775 911
2300 1118 531
2301 292 2686
2302 845 57
2303 2525 1264
2304 1465 483
2305 2249 796
2306 1302 140
2307 864 1093
2308 2770 2037
2309 733 1824
2310 690 1678
2311 539 1773
2312 2534 258
2313 356 1763
2314 859 2112
2315 1548 692
2316 764 99
2317 1554 1339
2318 1104 2331
2319 2660 2552
2320 1545 797
2321 2316 1970
2322 2021 1594
2323 1133 1354
2324 1554 625
2325 1373 1947
2326 1370 1566
2327 1538 362
2328 2116 2325
2329 347 999
2330 1524 241
2331 1572 926
2332 1314 2125
2333 738 471
2334 559 925
2335 1233 1995
2336 392 596
2337 2313 2
2338 2416 2392
2339 1363 1259
2340 2228 2573
2341 2742 2179
2342 1390 1203
2343 329 1557
2344 2352 247
2345 1403 2613
2346 1362 1192
2347 2586 2585
2348 1622 1146
2349 1680 16
2350 711 470
2351 2275 770
2352 843 1386
2353 319 1894
2354 752 2079
2355 34 243
2356 2715 1028
2357 286 797
2358 1200 1884
2359 1687 1047
2360 2142 860
2361 2235 1110
2362 1068 59
2363 2165 2626
2364 1921 1890
2365 689 1665
2366 490 754
2367 700 2048
2368 1574 2423
2369 2156 261
2370 1505 15
2371 775 2037
2372 487 1688
2373 2262 609
2374 1923 1480
2375 332 705
2376 2236 912
2377 983 2006
2378 2004 940
2379 2152 472
2380 577 351
2381 880 1977
2382 912 498
2383 2112 861
2384 2168 248
2385 111 1499
2386 2455 1387
2387 1344 1285
2388 819 101
2389 1096 2060
2390 1228 919
2391 792 2571
2392 1048 1802
2393 701 1501
2394 194 2684
2395 816 785
2396 579 417
2397 1083 1567
2398 1365 2366
2399 706 2075
2400 341 1589
2401 639 391
2402 2524 1475
2403 1404 1587
2404 2054 652
2405 2027 1813
2406 2519 2299
2407 2130 959
2408 1140 1738
2409 1580 1739
2410 1582 1657
2411 1576 2386
2412 1636 956
2413 918 1929
2414 1435 1468
2415 2308 2417
2416 2556 1202
2417 1789 430
2418 360 2327
2419 1234 227
2420 2084 349
2421 1827 2006
2422 2508 168
2423 2141 549
2424 441 1277
2425 884 610
2426 352 1878
2427 1036 1494
2428 709 2244
2429 1266 777
2430 2322 1925
2431 2215 1552
2432 977 850
2433 984 862
2434 2709 2096
2435 2545 2495
2436 1065 910
2437 2241 1942
2438 872 2739
2439 583 588
2440 81 1031
2441 378 128
2442 547 701
2443 537 1393
2444 2559 1841
2445 1025 828
2446 356 779
2447 2290 198
2448 1581 2761
2449 1092 1808
2450 2665 576
2451 1652 2303
2452 1000 1745
2453 2562 2682
2454 1672 8
2455 66 1910
2456 746 1188
2457 2617 2648
2458 930 1776
2459 1029 470
2460 2720 2424
2461 352 1961
2462 1791 2726
2463 1294 660
2464 640 1373
2465 2054 1436
2466 477 1091
2467 488 1568
2468 2028 489
2469 1044 154
2470 1804 2117
2471 983 1333
2472 2608 1519
2473 2632 325
2474 465 2088
2475 2662 932
2476 399 1182
2477 2491 1220
2478 2472 254
2479 2666 281
2480 1348 1787
2481 2302 1563
2482 2601 1240
2483 2012 1435
2484 1955 1253
2485 1324 357
2486 2073 2407
2487 154 914
2488 327 1374
2489 2256 2338
2490 2025 1679
2491 1065 561
2492 1249 426
2493 2284 180
2494 1681 2758
2495 1203 2587
2496 2261 373
2497 1530 1168
2498 2316 2564
2499 2368 919
2500 906 1305
2501 934 912
2502 713 928
2503 962 1934
2504 2371 2452
2505 1810 1591
2506 1316 1761
2507 1207 1434
2508 1696 1102
2509 1779 820
2510 317 61
2511 566 2021
2512 75 1862
2513 687 519
2514 527 1824
2515 1493 88
2516 1739 1617
2517 493 2145
2518 814 1259
2519 1804 305
2520 1498 495
2521 2405 1120
2522 254 2479
2523 2592 255
2524 423 1909
2525 634 1813
2526 421 719
2527 2197 1504
2528 227 1786
2529 572 291
2530 1104 189
2531 2648 1951
2532 2678 1387
2533 2351 602
2534 124 314
2535 2571 419
2536 2449 2373
2537 871 2008
2538 1897 1437
2539 1154 1269
2540 734 2073
2541 650 347
2542 1931 1552
2543 1195 2712
2544 2166 1265
2545 2356 619
2546 753 2364
2547 2278 2318
2548 1499 274
2549 863 1546
2550 775 1303
2551 466 2653
2552 1207 689
2553 365 202
2554 309 709
2555 2634 103
2556 2243 806
2557 290 976
2558 2689 2438
2559 1050 126
2560 2536 530
2561 576 1101
2562 89 370
2563 624 2652
2564 1008 2177
2565 2726 918
2566 501 771
2567 1142 1541
2568 2030 1003
2569 2064 2193
2570 2186 300
2571 1300 869
2572 1756 2505
2573 633 285
2574 2620 2598
2575 2153 357
2576 2126 2633
2577 278 1742
2578 397 838
2579 1247 2282
2580 793 2264
2581 2517 135
2582 4 146
2583 608 567
2584 1769 1089
2585 565 554
2586 1106 502
2587 2169 1362
2588 228 948
2589 2663 1279
2590 1376 1071
2591 788 1877
2592 334 2367
2593 1758 1063
2594 2281 963
2595 896 1184
2596 404 2177
2597 199 545
2598 1601 1143
2599 1026 1501
2600 1896 127
2601 2335 1171
2602 1454 1894
2603 2029 1374
2604 2287 1517
2605 723 883
2606 1166 1779
2607 2635 86
2608 2532 1474
2609 1505 290
2610 1000 53
2611 2410 2681
2612 1242 1784
2613 708 192
2614 438 2526
2615 923 740
2616 1547 1062
2617 777 1082
2618 444 1160
2619 1936 1340
2620 2390 864
2621 616 553
2622 1158 150
2623 1428 691
2624 2092 2688
2625 447 1528
2626 1266 946
2627 2288 2429
2628 2369 60
2629 513 2120
2630 1116 1455
2631 796 865
2632 764 1763
2633 1164 2328
2634 1976 336
2635 1195 447
2636 2383 288
2637 149 2152
2638 2131 2036
2639 712 1729
2640 658 1370
2641 833 2627
2642 623 284
2643 350 2267
2644 1930 1575
2645 587 523
2646 124 1865
2647 2164 2736
2648 967 2038
2649 2190 1814
2650 8 1277
2651 2439 824
2652 1305 1614
2653 2515 1934
2654 467 198
2655 2753 2291
2656 1724 2186
2657 100 432
2658 55 1890
2659 2035 1370
2660 802 2165
2661 391 1085
2662 1574 1022
2663 1560 1847
2664 2185 2629
2665 1038 1448
2666 724 2411
2667 1954 1525
2668 2340 2532
2669 2502 2514
2670 1528 2420
2671 1590 281
2672 1853 2426
2673 2073 1914
2674 2632 1568
2675 1846 500
2676 2181 1845
2677 175 168
2678 1942 1548
2679 253 1698
2680 1636 1088
2681 276 2129
2682 2192 2454
2683 1648 834
2684 2216 1728
2685 1225 13
2686 738 150
2687 2010 1553
2688 2635 847
2689 1641 71
2690 70 474
2691 2202 1944
2692 919 2096
2693 1451 2376
2694 1141 2638
2695 2364 2716
2696 1633 1502
2697 1435 2390
2698 1800 1763
2699 2628 2742
2700 862 1592
2701 2414 1981
2702 676 803
2703 99 639
2704 2445 2683
2705 964 800
2706 2319 1409
2707 1480 2145
2708 1081 2566
2709 31 1171
2710 226 536
2711 131 2257
2712 2153 112
2713 1765 2525
2714 845 513
2715 540 2630
2716 1411 2267
2717 924 695
2718 1346 528
2719 1751 1432
2720 1036 2608
2721 691 207
2722 1081 2392
2723 1377 959
2724 744 181
2725 2715 2381
2726 1869 2378
2727 2019 2443
2728 1306 166
2729 2074 464
2730 350 2408
2731 1307 2469
2732 67 1181
2733 707 801
2734 1599 361
2735 974 1040
2736 418 2717
2737 1788 2171
2738 753 317
2739 492 1593
2740 720 704
2741 2770 2102
2742 627 797
2743 1842 27
2744 882 778
2745 1658 1438
2746 657 298
2747 2152 277
2748 893 2704
2749 490 1812
2750 483 2094
2751 2466 927
2752 2157 2386
2753 943 2665
2754 2213 200
2755 2571 528
2756 426 2049
2757 2560 20
2758 1454 2563
2759 923 2538
2760 1275 1114
2761 134 3
2762 477 289
2763 910 1137
2764 1431 181
2765 1678 2229
2766 2375 2681
2767 1814 1311
2768 412 98
2769 1639 2666
2770 1063 1336
