4280 4280
1 4263 3115
2 826 943
3 1294 683
4 4028 2262
5 2855 1490
6 3368 1373
7 3554 656
8 3161 1650
9 4015 1454
10 2308 3180
11 2033 2866
12 2875 512
13 2169 711
14 1522 2563
15 310 3173
16 1384 2811
17 2339 245
18 3433 1963
19 1913 2967
20 865 1574
21 2959 3687
22 579 1123
23 2775 2501
24 3107 2370
25 2524 2613
26 641 1999
27 1497 3271
28 2383 1508
29 2235 1087
30 516 2660
31 129 1111
32 794 2053
33 370 3260
34 2149 3173
35 4040 2255
36 502 353
37 724 2244
38 687 474
39 2539 3488
40 519 1417
41 855 110
42 207 4043
43 1001 3563
44 1142 4008
45 2829 1739
46 1107 321
47 1262 4115
48 1849 1209
49 4045 2089
50 2752 3862
51 3420 2385
52 2689 2192
53 3327 945
54 666 1177
55 4173 1935
56 3147 1116
57 1690 1186
58 48 1659
59 137 318
60 1696 1484
61 1770 3235
62 1357 1124
63 4006 1168
64 181 1647
65 3002 21
66 488 934
67 2019 30
68 2731 1810
69 3503 4231
70 2477 3936
71 2525 3172
72 120 3350
73 1693 1031
74 2986 3261
75 306 1672
76 2412 4079
77 3831 1048
78 171 3706
79 1904 1238
80 85 142
81 2539 2606
82 2814 2948
83 807 343
84 2060 704
85 812 2884
86 3304 1184
87 3 2549
88 2342 1125
89 1678 4055
90 1182 3377
91 707 1233
92 428 1697
93 3494 1336
94 100 1382
95 1813 1709
96 1683 2919
97 3272 270
98 2378 297
99 4168 1307
100 2076 1257
101 3246 4129
102 1170 2761
103 3631 3900
104 3565 4121
105 863 1008
106 3420 2440
107 877 4169
108 70 3724
109 726 3828
110 3202 2062
111 4108 22
112 1053 1713
113 1407 2683
114 1228 644
115 1308 3633
116 1474 2734
117 4222 1534
118 3501 338
119 1250 1080
120 3396 171
121 3816 1892
122 2203 4114
123 959 4064
124 2963 1973
125 983 1685
126 2339 2442
127 3749 623
128 1468 1989
129 1450 1583
130 2251 3654
131 3173 1003
132 528 3950
133 2643 2300
134 2911 52
135 2300 3512
136 1684 2475
137 2135 241
138 2245 3790
139 1569 1646
140 3746 2263
141 2370 225
142 4056 3923
143 2056 929
144 551 3146
145 2024 864
146 2089 1918
147 2858 2664
148 1084 467
149 3037 1305
150 4225 4182
151 1179 3558
152 1189 912
153 4278 281
154 2008 93
155 2323 3316
156 1445 2735
157 1390 1146
158 2897 3913
159 686 948
160 1920 1329
161 1490 800
162 3836 2765
163 2356 664
164 2287 3042
165 3781 4119
166 1739 2457
167 1321 3393
168 3303 699
169 2788 1139
170 797 1830
171 1974 2552
172 3882 2696
173 2843 2518
174 1470 1579
175 566 881
176 3541 2266
177 2223 2318
178 1533 2443
179 1322 2754
180 3385 3669
181 1786 2788
182 484 3348
183 2349 969
184 2570 987
185 1450 4071
186 1564 3922
187 4025 2788
188 3203 2336
189 4178 1735
190 3087 1994
191 16 3518
192 3487 4148
193 3663 1250
194 92 159
195 2828 960
196 921 980
197 2260 4194
198 3662 1576
199 80 1246
200 726 481
201 2311 1093
202 1149 3048
203 2420 3094
204 3158 1535
205 2578 3795
206 667 757
207 909 341
208 1406 3384
209 2043 1308
210 848 1434
211 386 65
212 2913 246
213 2924 3168
214 2335 573
215 833 2152
216 2418 1716
217 1539 1861
218 2711 3265
219 3080 2600
220 1851 4006
221 2187 1788
222 675 3517
223 1172 2676
224 1466 1549
225 3361 2580
226 1835 435
227 2293 1966
228 495 812
229 33 3622
230 2720 1250
231 2840 1399
232 2639 2637
233 791 2511
234 3300 493
235 3836 352
236 3380 309
237 4077 3497
238 1855 3641
239 3621 509
240 3522 44
241 652 1530
242 451 315
243 3004 1389
244 2028 2910
245 947 1699
246 505 664
247 1997 2507
248 3437 740
249 2929 4115
250 666 3643
251 2992 936
252 1775 3291
253 497 378
254 1119 1738
255 1513 2199
256 3392 2492
257 2329 1030
258 689 233
259 1864 3015
260 3136 707
261 4202 1289
262 3586 1774
263 3233 220
264 12 3104
265 1995 1313
266 3570 2123
267 2269 3375
268 6 4089
269 3495 327
270 3171 312
271 2887 3321
272 4082 838
273 898 1664
274 157 2582
275 24 2884
276 1018 3707
277 3927 2655
278 3579 3549
279 3387 3651
280 1843 2186
281 461 2241
282 1547 4086
283 3721 3669
284 2343 3422
285 645 256
286 3658 3490
287 1943 709
288 281 889
289 1574 529
290 1719 9
291 580 1237
292 3012 3847
293 1073 3909
294 1635 2572
295 1243 430
296 1532 2833
297 398 2852
298 3431 3796
299 119 681
300 595 3035
301 1997 2285
302 542 1512
303 2049 2754
304 2429 2254
305 2085 991
306 3326 2572
307 1484 4120
308 3716 1175
309 3553 1012
310 2419 2668
311 1810 3791
312 3149 886
313 2414 2560
314 572 1557
315 212 285
316 2185 2752
317 486 3302
318 1045 2028
319 1294 512
320 1142 4229
321 32 2931
322 2299 684
323 2497 1718
324 779 1178
325 3366 474
326 3011 2469
327 3343 4148
328 975 1904
329 3909 1574
330 3484 3575
331 1994 1320
332 603 748
333 16 987
334 528 1603
335 1045 2215
336 2787 1381
337 1310 3942
338 2550 2307
339 2514 2728
340 1849 1673
341 808 1040
342 2667 758
343 426 399
344 762 968
345 3628 2095
346 917 837
347 3792 2410
348 2143 367
349 84 2237
350 3750 1376
351 1807 3175
352 4077 3615
353 1655 3742
354 1743 1241
355 2375 1589
356 3446 2971
357 1663 638
358 3091 1023
359 956 1390
360 4222 4214
361 4194 1361
362 3727 125
363 263 900
364 502 226
365 2865 3098
366 2001 2769
367 1747 1432
368 220 3266
369 2156 2709
370 1190 3213
371 448 4028
372 3529 3601
373 3028 3469
374 3746 4097
375 3268 1579
376 1666 1545
377 1015 2886
378 2212 223
379 3653 1004
380 848 1573
381 1712 3219
382 1719 1878
383 2313 2307
384 976 2255
385 964 3346
386 3043 1264
387 2798 2991
388 3108 1643
389 1598 347
390 2265 4148
391 554 2701
392 3575 4089
393 2076 2413
394 483 69
395 1005 2851
396 29 2263
397 2551 97
398 153 3648
399 4089 2342
400 425 717
401 247 3060
402 397 1698
403 313 4181
404 1821 1952
405 2637 4009
406 4208 2583
407 2127 523
408 2078 2464
409 3727 3430
410 3355 3164
411 1228 3409
412 3420 4121
413 3960 3250
414 2615 3279
415 3716 946
416 4254 4093
417 1910 53
418 2837 3882
419 2807 3190
420 1021 377
421 3786 2168
422 1663 1371
423 2122 903
424 2108 1147
425 2059 48
426 2309 599
427 2340 4119
428 991 1299
429 2915 2928
430 945 674
431 1385 392
432 4081 255
433 1976 132
434 2195 520
435 778 4226
436 3499 2349
437 2692 447
438 534 3968
439 899 1056
440 3228 1365
441 2925 13
442 2505 3675
443 2828 3395
444 2740 1948
445 1878 2873
446 663 306
447 3376 4206
448 48 970
449 1957 2809
450 2647 3061
451 2177 2856
452 785 2956
453 2355 709
454 3148 2885
455 3570 2398
456 685 4028
457 3495 3028
458 2719 2587
459 1652 2519
460 316 3740
461 243 1735
462 1040 3990
463 3602 326
464 4044 3247
465 3101 2500
466 1985 1841
467 2725 3131
468 1629 2592
469 1368 2804
470 2779 3762
471 2880 649
472 4278 2376
473 2008 2501
474 4174 2261
475 2661 4025
476 1119 1228
477 2753 3233
478 3525 1127
479 726 3622
480 2245 2445
481 777 2837
482 3256 1931
483 4229 592
484 2185 4007
485 3673 1347
486 625 1160
487 604 9
488 2376 842
489 857 2392
490 1711 553
491 6 2083
492 1284 1220
493 2657 1711
494 1982 4276
495 2580 3344
496 2466 1901
497 1456 1020
498 317 2804
499 545 2072
500 1515 1081
501 249 306
502 1671 2631
503 3407 1790
504 707 1802
505 2169 3037
506 2379 2968
507 4231 540
508 4277 315
509 2970 3537
510 2483 1942
511 3157 26
512 4069 358
513 2923 1993
514 2040 75
515 2985 1483
516 3068 3031
517 397 1497
518 237 3446
519 3976 1473
520 2295 1703
521 720 2621
522 4167 986
523 536 1963
524 3632 3090
525 692 1559
526 572 1645
527 4008 2822
528 764 3337
529 1224 4268
530 2625 1153
531 734 1353
532 1971 2841
533 1791 168
534 2986 3310
535 23 1816
536 236 825
537 2526 4262
538 1630 686
539 3218 282
540 214 2440
541 1255 649
542 1056 1024
543 1541 739
544 2288 125
545 2314 4206
546 4064 758
547 1767 2659
548 3354 1742
549 366 3727
550 3112 2215
551 2300 1084
552 3513 474
553 3308 1841
554 1527 1213
555 4173 3520
556 2079 846
557 2604 719
558 1161 1087
559 2669 2769
560 2561 1099
561 3182 3101
562 3708 2593
563 1964 679
564 2551 3462
565 491 174
566 397 575
567 904 406
568 4095 1504
569 4273 2598
570 89 798
571 1655 4109
572 403 340
573 4026 865
574 421 188
575 3270 3648
576 2966 2011
577 694 1434
578 951 618
579 350 3455
580 3563 4059
581 1988 1173
582 1082 3377
583 578 828
584 2614 2987
585 2221 1726
586 2949 634
587 4154 2961
588 641 2505
589 3074 839
590 549 2716
591 2643 840
592 2049 972
593 2953 1814
594 1911 2059
595 836 3297
596 2070 3554
597 140 316
598 3823 1579
599 2258 648
600 4222 740
601 2249 3631
602 931 3809
603 2309 3716
604 1402 53
605 4259 2521
606 4096 514
607 2025 1761
608 64 2871
609 2015 1887
610 2045 2921
611 582 2471
612 2280 2998
613 128 2019
614 2363 742
615 3073 752
616 2671 162
617 3436 1875
618 1347 3666
619 2880 2982
620 4071 2369
621 3269 4168
622 3088 2964
623 3130 1043
624 44 2251
625 2649 4103
626 3400 2447
627 3109 3159
628 1552 1653
629 2458 1323
630 2656 1097
631 758 3558
632 3320 3398
633 1926 2177
634 3789 3869
635 3068 2903
636 373 4213
637 1280 1882
638 1891 2482
639 2389 1662
640 2453 3105
641 2270 333
642 1778 2970
643 3712 1851
644 1495 3951
645 417 1010
646 3068 221
647 609 33
648 3075 776
649 3496 1016
650 1600 4091
651 3488 4208
652 2071 4176
653 2149 3792
654 1298 1941
655 3930 3843
656 3579 2024
657 2310 2896
658 3713 1501
659 3911 3514
660 2622 1173
661 2677 1714
662 2672 1865
663 1170 3801
664 1886 3575
665 953 3954
666 1806 12
667 3757 3263
668 1100 1875
669 3715 3035
670 133 85
671 3794 3448
672 4093 3713
673 1129 2170
674 3878 1086
675 1555 1668
676 2603 1407
677 3471 1913
678 1516 2846
679 258 2862
680 4090 1364
681 3961 222
682 3709 3383
683 4097 773
684 3675 3702
685 3690 1961
686 1004 361
687 2772 3350
688 3436 1060
689 2576 418
690 1929 2117
691 3386 4065
692 3494 2124
693 1046 2217
694 351 267
695 3112 3727
696 4094 1854
697 1992 972
698 1702 565
699 790 1507
700 2077 2759
701 3803 772
702 2943 2226
703 3600 3670
704 2488 816
705 338 696
706 1306 3939
707 3919 4065
708 1841 621
709 3418 3752
710 907 3025
711 2741 2798
712 828 806
713 39 2500
714 3992 1077
715 756 1727
716 58 3209
717 1237 3131
718 3149 1143
719 3735 30
720 3841 2198
721 2016 2436
722 3481 2040
723 3751 836
724 1514 833
725 4164 1352
726 2806 376
727 2656 810
728 410 3700
729 4165 3094
730 2373 3224
731 1217 2035
732 2810 202
733 136 3462
734 3807 89
735 1240 2424
736 159 2637
737 905 2782
738 3541 3427
739 4092 554
740 2075 1969
741 874 400
742 897 1791
743 3897 1228
744 3449 4199
745 379 3170
746 2451 2926
747 143 1341
748 1589 2755
749 3044 3932
750 853 3663
751 1739 2171
752 1330 1926
753 2741 1142
754 3167 2693
755 869 755
756 514 1452
757 911 4128
758 3708 1383
759 2360 1818
760 2097 2607
761 2912 3800
762 3451 2006
763 4262 87
764 1930 2451
765 3546 3087
766 1095 4050
767 1297 2014
768 1697 3824
769 1764 1724
770 2072 470
771 1850 367
772 2487 3483
773 1472 776
774 543 3583
775 2974 3077
776 2922 3197
777 188 3904
778 2629 1241
779 1116 2912
780 914 1795
781 2321 1598
782 3621 810
783 3673 3147
784 1461 3084
785 1847 968
786 3613 484
787 4044 2654
788 2252 3254
789 831 3448
790 3082 1744
791 2578 1277
792 4036 4041
793 3103 1586
794 889 3166
795 1323 200
796 1613 34
797 4066 3737
798 2606 3822
799 1731 1065
800 3870 2569
801 1117 115
802 625 1138
803 514 769
804 56 4068
805 2883 224
806 3780 873
807 1429 3979
808 3654 90
809 1026 1358
810 111 3382
811 3266 3518
812 2787 3193
813 3180 4264
814 1628 3326
815 176 2688
816 772 3497
817 2919 1195
818 2427 3926
819 2053 622
820 3338 358
821 2701 4184
822 1686 3459
823 1589 205
824 233 1497
825 180 1301
826 70 2192
827 1522 3228
828 1964 2671
829 2495 203
830 957 2692
831 1374 3352
832 1375 745
833 3515 2617
834 722 737
835 4139 2431
836 1187 419
837 3651 1912
838 968 2381
839 4260 1773
840 3701 846
841 909 2957
842 1383 2997
843 1170 841
844 3999 2125
845 3107 3411
846 1570 2765
847 3888 2729
848 678 3195
849 3051 1974
850 3703 866
851 1390 2050
852 1251 2068
853 3224 712
854 3826 705
855 2554 353
856 2690 3247
857 3294 2912
858 1226 2396
859 2010 869
860 3822 755
861 1705 854
862 3946 3212
863 3939 411
864 3819 3631
865 1543 3264
866 3282 3865
867 1734 3953
868 2858 2808
869 1449 2657
870 3268 1916
871 2893 3459
872 3192 1999
873 2870 2548
874 2031 222
875 2978 3329
876 2215 120
877 1800 1421
878 3655 2647
879 2505 190
880 1860 2948
881 1549 4057
882 2243 2624
883 729 1026
884 2631 3976
885 1176 2185
886 3173 1232
887 2279 2737
888 1270 2788
889 3605 1235
890 1182 2211
891 2011 4011
892 1539 4141
893 2496 1953
894 2855 1446
895 2505 162
896 145 3067
897 2559 3912
898 1265 213
899 161 1863
900 2915 3652
901 1908 2817
902 2510 4053
903 991 4069
904 1654 959
905 3452 332
906 1318 210
907 1796 100
908 4258 777
909 1162 1280
910 267 3082
911 3051 2623
912 1452 1316
913 1124 372
914 2006 4272
915 3757 2135
916 3487 2411
917 349 170
918 2559 554
919 1254 3358
920 3558 4247
921 234 518
922 168 668
923 2822 68
924 3043 1749
925 2125 3308
926 2539 1419
927 3728 4174
928 1436 2998
929 3429 2871
930 1208 4274
931 1406 1850
932 4088 381
933 1364 546
934 2632 1128
935 2819 3516
936 3495 13
937 1407 187
938 2052 288
939 2967 2412
940 2040 1344
941 889 3899
942 2983 3448
943 1783 4141
944 1608 401
945 4025 1704
946 736 11
947 587 2272
948 1897 2995
949 3936 3819
950 4217 807
951 430 3231
952 888 984
953 124 1330
954 2098 1815
955 3665 1266
956 2687 1963
957 2727 3991
958 2839 2138
959 3497 438
960 2249 2350
961 144 1999
962 3293 1458
963 828 3249
964 2753 1061
965 2505 484
966 4026 526
967 536 2447
968 2491 3657
969 503 2315
970 3498 2664
971 3876 856
972 2385 1278
973 2750 3702
974 1378 3720
975 4252 927
976 3743 237
977 1595 2452
978 3865 1895
979 3465 1741
980 1095 3530
981 4223 284
982 2418 309
983 3103 2636
984 2318 4215
985 3731 694
986 1588 3348
987 1694 2244
988 2781 928
989 1558 3810
990 1521 403
991 2714 3362
992 3770 3597
993 3744 2415
994 4026 3452
995 411 380
996 164 1787
997 3139 2253
998 3538 333
999 1349 2246
1000 243 4147
1001 3637 563
1002 2711 387
1003 1305 2408
1004 1485 634
1005 2296 130
1006 2748 3274
1007 2434 1269
1008 2921 119
1009 1698 3368
1010 442 4262
1011 3977 1718
1012 496 2552
1013 125 326
1014 866 4006
1015 1802 4061
1016 519 1685
1017 2351 3594
1018 1076 3564
1019 1748 2387
1020 488 2611
1021 2227 3310
1022 1235 2310
1023 213 938
1024 558 2858
1025 3134 1695
1026 2119 2752
1027 2740 1139
1028 1259 2064
1029 203 1935
1030 3034 2183
1031 3037 3561
1032 1893 364
1033 1736 883
1034 3235 2887
1035 4008 1940
1036 3357 204
1037 1295 1918
1038 2422 751
1039 1882 2824
1040 1895 79
1041 4238 3132
1042 3122 2048
1043 2866 3979
1044 1861 3475
1045 2519 992
1046 2393 321
1047 2630 2035
1048 3212 1801
1049 720 4111
1050 2268 158
1051 3788 3421
1052 3733 3292
1053 1988 2298
1054 1220 516
1055 2513 351
1056 3693 2606
1057 2265 3903
1058 1298 3958
1059 1102 2655
1060 3149 794
1061 1536 3433
1062 697 1355
1063 1437 2025
1064 1955 1683
1065 3584 1404
1066 3598 1742
1067 208 2149
1068 1248 1516
1069 3723 1418
1070 1943 1141
1071 323 2511
1072 8 3694
1073 1431 2497
1074 953 2291
1075 277 2477
1076 461 557
1077 3095 202
1078 3480 1286
1079 923 3324
1080 1596 3675
1081 2975 2947
1082 515 1458
1083 2757 1924
1084 1253 2659
1085 2979 4126
1086 2653 2452
1087 4167 2567
1088 2119 431
1089 1409 3672
1090 3085 3847
1091 3833 1455
1092 3547 291
1093 1266 1355
1094 4143 3762
1095 79 1229
1096 1293 4040
1097 4254 989
1098 1593 632
1099 130 2186
1100 2118 2554
1101 2925 1614
1102 3727 1750
1103 1837 794
1104 2956 962
1105 1742 2950
1106 2311 65
1107 4177 459
1108 3672 1493
1109 1363 3564
1110 4150 1078
1111 2785 2458
1112 1918 1403
1113 1011 4216
1114 3273 3688
1115 1423 959
1116 3785 1137
1117 983 43
1118 1964 774
1119 325 461
1120 1165 143
1121 238 785
1122 2647 1266
1123 2885 3227
1124 899 930
1125 2818 2550
1126 2996 3211
1127 418 2421
1128 1505 2636
1129 2496 574
1130 27 1163
1131 556 467
1132 3495 567
1133 2876 1947
1134 3702 1818
1135 1344 3153
1136 2859 2549
1137 194 3907
1138 3333 937
1139 1869 1909
1140 3958 2011
1141 3326 439
1142 2355 1696
1143 745 3397
1144 2605 2658
1145 3245 1397
1146 2950 2337
1147 482 1518
1148 2872 1357
1149 2553 3431
1150 331 106
1151 4133 3422
1152 4086 805
1153 3305 4186
1154 2976 1551
1155 3650 1555
1156 1615 2216
1157 3263 2960
1158 3401 1334
1159 366 633
1160 649 3301
1161 608 359
1162 3916 1265
1163 344 425
1164 836 626
1165 1064 2592
1166 1340 4263
1167 1452 1492
1168 2606 1399
1169 2443 2576
1170 1026 4259
1171 1188 44
1172 2943 2720
1173 4213 2186
1174 2399 124
1175 3714 667
1176 1342 198
1177 1571 3019
1178 4195 3659
1179 1230 3722
1180 2163 3743
1181 2000 4068
1182 1273 193
1183 710 1652
1184 3370 3418
1185 249 820
1186 2049 742
1187 889 2264
1188 4142 1580
1189 3217 876
1190 733 3443
1191 4187 58
1192 324 4181
1193 149 4225
1194 284 4017
1195 421 474
1196 1700 4259
1197 1601 181
1198 4074 4183
1199 4170 4100
1200 68 1086
1201 2042 1182
1202 86 4232
1203 939 3127
1204 1652 683
1205 4274 973
1206 3571 1306
1207 1412 3846
1208 2171 3034
1209 2935 3896
1210 3695 1673
1211 2892 2810
1212 288 2367
1213 124 3969
1214 3159 2850
1215 257 261
1216 3610 2628
1217 38 2438
1218 1385 2704
1219 129 3217
1220 3385 1469
1221 1088 3743
1222 1136 1138
1223 1234 1343
1224 1394 2547
1225 608 1002
1226 1236 259
1227 2587 4048
1228 3015 3699
1229 1975 1978
1230 1343 217
1231 2209 1544
1232 3749 172
1233 1837 4020
1234 3137 71
1235 3340 1566
1236 3180 788
1237 1547 3881
1238 3085 755
1239 2751 1845
1240 2778 3923
1241 704 2526
1242 1818 1160
1243 1147 3318
1244 2369 3406
1245 1269 1471
1246 3755 597
1247 868 2155
1248 236 1045
1249 736 1736
1250 1904 668
1251 1747 1542
1252 3542 2126
1253 3244 2626
1254 4266 1068
1255 2858 3064
1256 2652 2160
1257 2071 1660
1258 1019 159
1259 3491 1002
1260 3781 1944
1261 1883 3144
1262 579 1637
1263 1857 640
1264 2961 2232
1265 1134 3418
1266 2172 3232
1267 1310 2153
1268 2799 99
1269 3507 268
1270 3175 1942
1271 1732 2768
1272 3062 1978
1273 1822 949
1274 3813 3361
1275 2307 1822
1276 4229 2267
1277 3291 4205
1278 1431 2474
1279 2713 1078
1280 650 1740
1281 4224 1906
1282 3654 1306
1283 2709 2327
1284 3799 244
1285 3814 694
1286 1956 3528
1287 1355 2926
1288 3488 3235
1289 1220 3591
1290 1705 174
1291 652 1857
1292 2263 2596
1293 3228 1046
1294 4063 2804
1295 2915 3325
1296 593 1546
1297 2645 2200
1298 2622 91
1299 9 2384
1300 2270 697
1301 3911 24
1302 921 515
1303 1513 4088
1304 2044 4136
1305 1130 1939
1306 15 221
1307 2053 2859
1308 3764 846
1309 639 2083
1310 3986 2474
1311 2415 2876
1312 284 3042
1313 2949 2732
1314 3276 3602
1315 2057 1229
1316 4075 3289
1317 3413 514
1318 1085 3662
1319 3798 975
1320 2696 3780
1321 950 3449
1322 486 575
1323 2086 2220
1324 3212 95
1325 1427 2212
1326 634 3092
1327 3110 3709
1328 1603 1691
1329 56 4063
1330 3567 3440
1331 2389 3436
1332 1008 3924
1333 3009 3876
1334 25 4090
1335 3184 2540
1336 2430 2420
1337 2626 3258
1338 2895 67
1339 3887 196
1340 1079 303
1341 1200 4073
1342 2701 940
1343 3087 2631
1344 3728 3877
1345 1463 319
1346 2288 2861
1347 902 527
1348 3555 3676
1349 1921 3782
1350 573 1766
1351 2345 3477
1352 2612 4011
1353 2222 2908
1354 771 3570
1355 2505 1243
1356 2084 3791
1357 3998 1066
1358 4076 3951
1359 3714 3594
1360 3130 4170
1361 361 1934
1362 3351 1128
1363 3579 1332
1364 2245 3302
1365 1783 3257
1366 513 1227
1367 1481 2684
1368 1907 2295
1369 2624 457
1370 4128 3404
1371 2019 1177
1372 4101 2535
1373 3566 87
1374 958 424
1375 2687 1910
1376 664 2439
1377 910 1538
1378 140 738
1379 4036 1629
1380 2157 1645
1381 2763 3035
1382 77 209
1383 4206 447
1384 3362 3408
1385 842 1567
1386 2559 2208
1387 1366 150
1388 2160 2374
1389 2079 1465
1390 1757 3285
1391 983 2844
1392 3043 1055
1393 55 2317
1394 1055 1666
1395 778 1528
1396 4061 2983
1397 484 1701
1398 1672 2487
1399 298 1256
1400 235 1535
1401 844 1328
1402 2007 1438
1403 2761 1042
1404 94 141
1405 1449 566
1406 71 1406
1407 1521 1546
1408 1435 1935
1409 1563 3965
1410 1160 1233
1411 2676 3871
1412 3347 3924
1413 202 1440
1414 1459 2094
1415 1541 3902
1416 196 3524
1417 580 1098
1418 3642 167
1419 468 3845
1420 366 915
1421 1853 3447
1422 3181 4012
1423 470 3257
1424 2759 2410
1425 3322 3892
1426 2110 1463
1427 3426 1521
1428 2464 765
1429 1429 674
1430 718 3381
1431 1461 9
1432 2326 2798
1433 684 87
1434 3854 427
1435 3263 2855
1436 1266 769
1437 2002 2509
1438 615 687
1439 1828 3105
1440 2809 3502
1441 148 1633
1442 3458 3195
1443 2948 102
1444 1292 2194
1445 470 2901
1446 1569 2565
1447 2892 3856
1448 329 1030
1449 1523 966
1450 4020 1865
1451 739 2185
1452 1320 2414
1453 3016 838
1454 4277 1230
1455 4181 419
1456 151 1779
1457 906 1660
1458 1316 1941
1459 1635 3822
1460 4095 2274
1461 2060 2239
1462 2692 1766
1463 1777 1293
1464 3661 915
1465 3338 111
1466 740 2946
1467 1279 3193
1468 1969 2635
1469 272 708
1470 3903 82
1471 2441 1669
1472 2290 314
1473 1356 3485
1474 1332 3398
1475 351 3969
1476 2401 3182
1477 639 3498
1478 799 3391
1479 1893 3767
1480 3289 422
1481 352 1506
1482 14 3894
1483 2507 1409
1484 3421 1912
1485 249 3710
1486 1708 3474
1487 3358 1881
1488 914 2003
1489 4216 52
1490 2770 846
1491 1902 311
1492 2153 1029
1493 1887 3581
1494 3337 240
1495 3071 1246
1496 455 2822
1497 837 1367
1498 1593 2412
1499 1048 2311
1500 236 3356
1501 2075 3532
1502 1949 3615
1503 2790 277
1504 927 2069
1505 1912 3553
1506 1453 692
1507 1010 4040
1508 840 40
1509 2661 47
1510 3083 1186
1511 2807 2210
1512 2117 2516
1513 1434 846
1514 1654 3580
1515 1085 1405
1516 4198 2407
1517 3279 1605
1518 4242 3032
1519 9 283
1520 2921 1041
1521 1051 4100
1522 2606 1073
1523 2898 588
1524 1806 2654
1525 1160 3954
1526 605 941
1527 3485 3692
1528 1164 544
1529 1461 1615
1530 1630 1399
1531 3130 4010
1532 314 2754
1533 3932 2963
1534 3155 262
1535 3181 1098
1536 1975 1942
1537 753 885
1538 3869 412
1539 1894 3931
1540 2883 2304
1541 2273 2805
1542 255 1864
1543 738 2642
1544 1956 441
1545 2784 1994
1546 3790 3133
1547 2416 4133
1548 578 413
1549 2506 3261
1550 4264 4161
1551 2492 369
1552 3306 261
1553 2819 2452
1554 2114 366
1555 1223 813
1556 535 3478
1557 3671 1880
1558 136 3660
1559 3509 3157
1560 2004 1016
1561 2859 2159
1562 1217 3357
1563 398 1320
1564 3044 4064
1565 2961 3091
1566 1008 3944
1567 101 2890
1568 2202 3878
1569 1696 881
1570 3749 2879
1571 3380 2243
1572 2833 1655
1573 4234 27
1574 3474 704
1575 2758 2166
1576 1598 764
1577 3157 271
1578 3614 4160
1579 3284 922
1580 120 1737
1581 3378 893
1582 1981 3427
1583 1449 532
1584 2751 3240
1585 3073 3085
1586 1709 1622
1587 4110 2027
1588 2170 564
1589 1106 2366
1590 1355 3309
1591 1286 3603
1592 4208 3350
1593 606 760
1594 4268 829
1595 634 2323
1596 1440 4163
1597 2908 1515
1598 2437 2300
1599 2415 2207
1600 1921 3995
1601 868 3926
1602 4084 587
1603 3907 1119
1604 1211 2012
1605 1336 3442
1606 1628 3619
1607 2500 1429
1608 1907 2229
1609 3374 1628
1610 1724 3253
1611 1073 2291
1612 1091 84
1613 576 1902
1614 2617 808
1615 3767 2571
1616 2671 1449
1617 379 1734
1618 1208 4055
1619 933 389
1620 1249 272
1621 203 2597
1622 5 2625
1623 1584 2365
1624 1183 306
1625 910 3001
1626 2454 1543
1627 856 1522
1628 1960 2141
1629 892 988
1630 3736 2162
1631 2465 3424
1632 842 487
1633 750 1243
1634 1378 946
1635 3851 2103
1636 3687 2143
1637 2756 1304
1638 3069 1608
1639 1419 346
1640 3011 1509
1641 3661 4193
1642 2402 3357
1643 3936 2376
1644 1152 4069
1645 3826 2782
1646 2100 4240
1647 86 2070
1648 2410 1272
1649 3939 2095
1650 1025 3339
1651 398 4163
1652 132 3946
1653 1073 3163
1654 1126 2135
1655 1076 595
1656 2721 893
1657 3491 3834
1658 3968 3796
1659 1760 1245
1660 3235 1964
1661 1994 3389
1662 603 2402
1663 3229 3094
1664 3559 841
1665 1612 3248
1666 1567 2203
1667 2989 1587
1668 887 217
1669 4092 1063
1670 2438 3391
1671 3043 2506
1672 159 154
1673 561 1078
1674 1967 2534
1675 2168 1802
1676 1377 1644
1677 3531 2375
1678 2846 3801
1679 239 2302
1680 3385 4213
1681 953 1376
1682 2450 1634
1683 440 814
1684 2049 3635
1685 3365 2722
1686 462 3239
1687 249 2718
1688 3702 2150
1689 381 3092
1690 3425 1003
1691 1832 1749
1692 1825 2723
1693 1996 1438
1694 2037 1429
1695 4274 2783
1696 2560 442
1697 3128 1030
1698 1155 1735
1699 1832 2452
1700 1290 2224
1701 210 2342
1702 862 4248
1703 3213 2071
1704 2038 590
1705 4194 3251
1706 1892 3730
1707 2449 1791
1708 3709 89
1709 856 2928
1710 2120 205
1711 3288 1658
1712 523 3816
1713 619 330
1714 3090 226
1715 4012 2885
1716 2138 2153
1717 101 529
1718 1582 2185
1719 2999 1325
1720 1079 1717
1721 2805 5
1722 3265 20
1723 298 3889
1724 643 2631
1725 3172 2767
1726 2263 3866
1727 17 1853
1728 1099 2496
1729 2761 3667
1730 3135 3540
1731 20 4033
1732 2608 582
1733 1022 2693
1734 1541 3003
1735 3983 1160
1736 3896 2897
1737 4016 3825
1738 2775 3536
1739 827 1497
1740 2132 196
1741 3322 1809
1742 3809 2123
1743 3419 3409
1744 2464 2922
1745 1507 443
1746 1290 2749
1747 1960 784
1748 3630 2918
1749 2299 2193
1750 364 1710
1751 1118 2312
1752 2435 914
1753 1186 159
1754 912 1351
1755 4205 3641
1756 528 2249
1757 2642 2904
1758 1855 2233
1759 2864 3343
1760 226 3861
1761 1520 2249
1762 2674 716
1763 1009 2122
1764 3426 1282
1765 2862 3077
1766 2795 2025
1767 1195 1157
1768 1582 3745
1769 252 3735
1770 338 3561
1771 1175 3616
1772 4206 3494
1773 3538 4075
1774 2369 3179
1775 3976 198
1776 2800 2298
1777 1448 2606
1778 3217 3402
1779 182 2775
1780 325 1658
1781 2982 2824
1782 1714 3812
1783 1447 1079
1784 3386 3134
1785 1133 1313
1786 278 3429
1787 4217 1861
1788 1584 1266
1789 1204 2394
1790 2127 2762
1791 2953 2333
1792 252 1993
1793 2619 104
1794 4101 2878
1795 160 1671
1796 4263 2493
1797 2668 1044
1798 737 2945
1799 1184 1238
1800 239 1880
1801 813 374
1802 3740 1732
1803 3684 210
1804 2580 3686
1805 1935 5
1806 3025 542
1807 613 2518
1808 4 1976
1809 3290 1080
1810 126 2873
1811 2229 602
1812 3880 1787
1813 327 3752
1814 40 2670
1815 1528 3522
1816 1620 999
1817 3100 492
1818 260 1005
1819 294 278
1820 235 105
1821 3204 3852
1822 2182 3590
1823 2659 392
1824 889 834
1825 4260 2630
1826 1246 1787
1827 2263 2753
1828 2231 2981
1829 3999 500
1830 2110 3851
1831 4071 2788
1832 2939 1061
1833 171 1900
1834 142 1129
1835 2330 3873
1836 3341 828
1837 1018 3215
1838 1704 2146
1839 956 1539
1840 1979 2589
1841 3393 3843
1842 2468 1115
1843 3966 1194
1844 2477 1843
1845 1668 2897
1846 3188 1753
1847 3788 762
1848 1178 848
1849 4001 1206
1850 1825 935
1851 1557 1219
1852 2338 1399
1853 2353 734
1854 1861 2388
1855 3623 2631
1856 2449 3594
1857 3906 317
1858 1247 2777
1859 2817 3231
1860 794 2388
1861 983 333
1862 3162 3567
1863 3351 2174
1864 1986 1504
1865 2094 1427
1866 1646 2488
1867 3057 3860
1868 3417 4273
1869 1217 3985
1870 822 881
1871 3468 2004
1872 1581 1360
1873 326 3821
1874 1496 287
1875 1992 3382
1876 3494 2433
1877 2239 1585
1878 1288 2326
1879 152 166
1880 1219 3862
1881 147 481
1882 1061 2387
1883 877 1996
1884 2979 2762
1885 51 2745
1886 402 3044
1887 995 2058
1888 1701 1375
1889 4037 1372
1890 2215 418
1891 3667 3177
1892 2681 954
1893 1325 1637
1894 606 2990
1895 3423 780
1896 452 1217
1897 2391 4170
1898 3838 1801
1899 3986 1395
1900 1808 4180
1901 3702 284
1902 3395 403
1903 2933 2305
1904 962 393
1905 1952 3241
1906 1908 3149
1907 2066 4062
1908 731 621
1909 951 546
1910 715 3582
1911 1605 4223
1912 1503 2066
1913 1290 357
1914 3217 850
1915 1758 2129
1916 2264 1076
1917 1378 3339
1918 455 1758
1919 2169 841
1920 1900 3140
1921 2118 563
1922 4198 1518
1923 310 455
1924 1459 3933
1925 3567 3302
1926 584 3887
1927 3538 726
1928 3482 3225
1929 549 3241
1930 365 1277
1931 1163 4190
1932 2531 1341
1933 344 847
1934 1807 686
1935 2096 1435
1936 1539 4000
1937 3895 780
1938 3519 1829
1939 3599 2203
1940 226 2768
1941 2933 1242
1942 2965 2504
1943 1412 371
1944 1190 3869
1945 3607 664
1946 99 2443
1947 1217 403
1948 2369 2516
1949 2119 2326
1950 4067 3891
1951 2296 3493
1952 4094 1326
1953 628 483
1954 893 643
1955 347 2226
1956 2664 199
1957 1103 671
1958 1418 4210
1959 869 453
1960 2643 4199
1961 936 1049
1962 2459 2523
1963 2743 2102
1964 305 3036
1965 2207 834
1966 547 4052
1967 19 2064
1968 1183 109
1969 1180 4280
1970 3937 2032
1971 980 316
1972 1533 1657
1973 1343 1460
1974 1711 2565
1975 2132 2468
1976 1513 2630
1977 2672 2108
1978 1237 2790
1979 4229 3424
1980 588 1019
1981 3073 1585
1982 1047 4170
1983 3017 813
1984 1508 2087
1985 1311 2986
1986 2514 3131
1987 2081 2073
1988 1200 759
1989 2373 2664
1990 556 1448
1991 418 2080
1992 1744 2883
1993 232 737
1994 3769 659
1995 1827 2842
1996 3426 2833
1997 2636 1893
1998 2030 444
1999 920 378
2000 4118 2929
2001 933 3859
2002 170 1500
2003 3651 177
2004 1995 2176
2005 2783 2661
2006 4064 2219
2007 4118 761
2008 159 3950
2009 415 240
2010 1247 3731
2011 722 2890
2012 3379 2895
2013 24 3869
2014 3473 3675
2015 2426 1457
2016 3748 2141
2017 3839 3442
2018 1288 3549
2019 1744 1540
2020 4212 1573
2021 903 346
2022 596 775
2023 3640 2711
2024 2383 1566
2025 2806 1769
2026 1350 102
2027 2288 3354
2028 2335 925
2029 1326 521
2030 712 2078
2031 3863 384
2032 1128 3195
2033 3796 1743
2034 4003 3131
2035 3059 2962
2036 2636 1389
2037 1884 2631
2038 2224 1996
2039 4176 3490
2040 2640 3995
2041 3780 2852
2042 4039 3699
2043 1288 1129
2044 2285 610
2045 860 2497
2046 1155 1414
2047 3501 3449
2048 1232 3363
2049 4205 2371
2050 3012 145
2051 449 1299
2052 3659 809
2053 3663 2636
2054 1932 1017
2055 4167 1522
2056 3954 1934
2057 2393 201
2058 3026 1722
2059 2983 1454
2060 2518 911
2061 45 2645
2062 1818 507
2063 1558 4019
2064 717 940
2065 4057 892
2066 2411 1861
2067 1556 416
2068 2272 2849
2069 2439 2833
2070 3439 3295
2071 2660 904
2072 892 1279
2073 381 2688
2074 2759 253
2075 3079 4011
2076 954 3283
2077 2838 3029
2078 420 1412
2079 1529 1134
2080 624 2470
2081 608 3699
2082 47 327
2083 2987 4231
2084 3741 2988
2085 2708 598
2086 4219 261
2087 1983 1370
2088 2440 525
2089 2025 1250
2090 1573 1377
2091 3503 1175
2092 1505 2983
2093 2905 617
2094 1275 721
2095 295 2450
2096 758 4018
2097 3826 2056
2098 226 3392
2099 3430 2273
2100 1928 674
2101 1750 2523
2102 1246 892
2103 2129 4050
2104 3372 529
2105 1444 317
2106 1318 385
2107 2376 2498
2108 3771 2043
2109 3813 257
2110 3917 2540
2111 3767 2567
2112 3842 4144
2113 544 2196
2114 1002 3680
2115 3382 1111
2116 2306 1997
2117 3670 208
2118 761 140
2119 2089 2902
2120 1513 1835
2121 3998 834
2122 3344 4218
2123 2705 332
2124 503 710
2125 3115 1701
2126 1499 4170
2127 4153 1893
2128 4138 3903
2129 1673 3917
2130 1408 2662
2131 2474 279
2132 419 2699
2133 3747 221
2134 1420 3276
2135 1463 368
2136 543 3065
2137 1808 4266
2138 4228 1655
2139 610 1125
2140 1543 3064
2141 1041 2549
2142 2324 3206
2143 1221 2092
2144 432 960
2145 741 453
2146 2516 627
2147 2146 571
2148 611 2356
2149 4222 1226
2150 4054 213
2151 3132 278
2152 4246 2534
2153 4121 2835
2154 1250 1822
2155 2987 2957
2156 1321 1370
2157 1841 1058
2158 2698 3142
2159 3772 2076
2160 2978 1226
2161 3989 2946
2162 758 3902
2163 2975 4170
2164 1577 233
2165 1453 2408
2166 441 1078
2167 415 2242
2168 861 3720
2169 4137 2263
2170 2561 3968
2171 1285 2221
2172 1462 3228
2173 2411 418
2174 2571 2282
2175 1149 2013
2176 3681 1742
2177 136 3134
2178 3301 648
2179 392 3283
2180 2119 2233
2181 1434 3877
2182 1651 639
2183 80 1371
2184 133 4176
2185 3353 365
2186 171 2148
2187 3207 3923
2188 2358 1477
2189 2325 1670
2190 2872 3363
2191 1761 2127
2192 164 3243
2193 3590 632
2194 2371 712
2195 1533 2880
2196 2747 3917
2197 2941 3323
2198 2613 2650
2199 3616 2864
2200 542 869
2201 328 1364
2202 966 602
2203 4226 3096
2204 88 150
2205 3705 3703
2206 2425 3793
2207 1646 3899
2208 3133 3346
2209 1208 4272
2210 2670 2727
2211 1438 760
2212 1134 1869
2213 204 696
2214 431 2453
2215 142 1811
2216 672 1960
2217 3254 110
2218 2915 1052
2219 148 308
2220 3949 4031
2221 1455 1643
2222 894 1267
2223 127 303
2224 3466 3499
2225 2588 669
2226 1047 133
2227 2572 395
2228 2144 2256
2229 2841 3694
2230 1609 96
2231 2122 3251
2232 3627 3656
2233 1604 2138
2234 410 1359
2235 3039 3272
2236 334 2079
2237 2917 2916
2238 1727 994
2239 2881 1357
2240 3516 421
2241 4229 1441
2242 2278 2169
2243 2254 897
2244 2456 3711
2245 3220 2075
2246 2122 3004
2247 2564 2248
2248 2583 382
2249 3176 2272
2250 187 878
2251 4035 1162
2252 3025 1262
2253 2469 3961
2254 1987 1245
2255 1614 1347
2256 123 3360
2257 3832 267
2258 746 2852
2259 2557 2770
2260 2864 1609
2261 2003 2041
2262 259 3241
2263 2037 874
2264 2187 425
2265 1333 272
2266 2597 991
2267 494 3004
2268 3038 1013
2269 1447 2146
2270 1051 717
2271 1476 1707
2272 1599 1190
2273 311 43
2274 101 3573
2275 3216 822
2276 1726 911
2277 2536 415
2278 764 3190
2279 244 4065
2280 240 1730
2281 536 2170
2282 1882 1762
2283 1618 2093
2284 55 1788
2285 2257 974
2286 607 1201
2287 1006 843
2288 2184 788
2289 2345 177
2290 3493 1733
2291 1631 1149
2292 179 3320
2293 3618 1901
2294 797 1243
2295 1642 3838
2296 1734 1793
2297 3651 3422
2298 72 2208
2299 2903 1676
2300 1082 3730
2301 93 463
2302 1711 1970
2303 545 1501
2304 1973 301
2305 4039 3406
2306 3411 771
2307 2762 4151
2308 3879 3005
2309 3786 1827
2310 1030 3306
2311 3934 3631
2312 1733 1941
2313 437 4
2314 176 1633
2315 315 779
2316 393 3592
2317 4058 2756
2318 1979 4056
2319 1047 592
2320 3975 2903
2321 2311 3360
2322 407 272
2323 3482 3061
2324 1465 3718
2325 1447 457
2326 1775 2593
2327 4096 1053
2328 1293 383
2329 3262 1525
2330 1626 2572
2331 1664 2489
2332 3866 3565
2333 3201 3429
2334 2810 3026
2335 992 836
2336 2878 226
2337 771 1280
2338 153 2779
2339 4078 2397
2340 275 1674
2341 1833 1655
2342 4047 4248
2343 2248 856
2344 101 494
2345 2967 3935
2346 3493 3570
2347 2525 1390
2348 1702 3922
2349 1952 1658
2350 694 1960
2351 2274 3264
2352 3370 439
2353 1563 2006
2354 3408 2701
2355 2502 984
2356 1995 4146
2357 16 1245
2358 2615 728
2359 3399 625
2360 758 1059
2361 1495 2371
2362 4083 514
2363 283 546
2364 2932 3151
2365 202 1555
2366 2853 1419
2367 1511 542
2368 1819 1366
2369 813 1139
2370 3349 1958
2371 1323 511
2372 1466 837
2373 837 3067
2374 175 560
2375 2996 2142
2376 3296 413
2377 527 1322
2378 4010 1221
2379 17 1605
2380 3718 763
2381 516 2137
2382 1840 3587
2383 206 765
2384 1784 518
2385 139 549
2386 944 2621
2387 908 1112
2388 2056 2404
2389 311 4257
2390 399 4001
2391 4183 25
2392 627 2197
2393 1613 2986
2394 3395 819
2395 1527 383
2396 458 102
2397 1056 1738
2398 942 2512
2399 1672 2190
2400 1314 3384
2401 2365 2766
2402 945 2907
2403 625 2845
2404 3093 3542
2405 1415 1408
2406 575 3171
2407 545 3120
2408 3023 1179
2409 3235 3133
2410 254 475
2411 3749 1312
2412 3969 2729
2413 2389 3631
2414 9 1089
2415 2603 2855
2416 4177 963
2417 2961 2548
2418 520 2791
2419 3123 3013
2420 1200 4116
2421 2579 190
2422 3110 1709
2423 449 269
2424 3603 102
2425 665 3937
2426 3474 1781
2427 340 1520
2428 2299 1196
2429 2283 3185
2430 1199 2502
2431 169 2329
2432 205 928
2433 2889 929
2434 3157 1066
2435 289 175
2436 1531 3678
2437 3445 1316
2438 4165 872
2439 2703 1631
2440 2952 1534
2441 3357 3952
2442 1385 2202
2443 4019 2471
2444 3664 2054
2445 3723 2038
2446 425 3136
2447 706 1436
2448 598 470
2449 37 3876
2450 1951 1091
2451 4275 2845
2452 1052 1331
2453 581 1875
2454 2212 2203
2455 3915 3110
2456 1623 1708
2457 1913 913
2458 3217 3906
2459 3770 1270
2460 3543 2712
2461 3948 1288
2462 2863 3943
2463 853 1056
2464 3955 750
2465 587 2365
2466 2207 899
2467 3634 2470
2468 980 2955
2469 1793 3889
2470 707 3255
2471 1030 1866
2472 1878 960
2473 3924 3244
2474 315 2260
2475 418 691
2476 1802 1737
2477 4214 2549
2478 1825 1882
2479 3610 1990
2480 1758 3952
2481 565 3811
2482 37 282
2483 1565 314
2484 4107 1144
2485 1787 1480
2486 4082 1868
2487 1495 2338
2488 1669 1850
2489 935 1569
2490 3591 1345
2491 2482 3431
2492 1351 1530
2493 4042 3815
2494 2831 2897
2495 2417 676
2496 2845 443
2497 1482 3312
2498 1089 655
2499 1876 505
2500 3432 2351
2501 2091 2263
2502 489 1921
2503 1863 1664
2504 662 2480
2505 2953 1343
2506 1925 2857
2507 363 2211
2508 2399 2571
2509 2823 2396
2510 872 1718
2511 1219 3508
2512 3321 71
2513 307 1035
2514 1683 1051
2515 1623 3
2516 621 2691
2517 2767 333
2518 319 494
2519 3437 2652
2520 1431 1845
2521 3938 1592
2522 684 219
2523 715 1038
2524 2314 883
2525 3965 542
2526 341 3391
2527 2959 4092
2528 3674 3814
2529 967 612
2530 2058 2125
2531 2615 1440
2532 1720 3577
2533 673 1812
2534 3301 3516
2535 2377 3748
2536 2377 2767
2537 3474 1996
2538 461 4263
2539 3444 1167
2540 2983 1803
2541 3525 2492
2542 718 3356
2543 1157 1574
2544 3159 2301
2545 1374 3523
2546 1687 542
2547 2987 3088
2548 1514 1700
2549 2432 2107
2550 1579 1555
2551 2403 649
2552 668 2142
2553 746 1553
2554 1217 3238
2555 501 3640
2556 3592 3402
2557 237 3382
2558 2323 150
2559 2645 2241
2560 3946 1367
2561 3592 400
2562 3826 1949
2563 4156 1803
2564 2115 3330
2565 3037 2898
2566 3785 2586
2567 1956 3147
2568 2136 564
2569 561 1256
2570 3750 2936
2571 2767 2464
2572 1955 1697
2573 1136 204
2574 2172 1157
2575 3360 3741
2576 2689 3586
2577 862 1260
2578 1203 2251
2579 920 4258
2580 4266 1587
2581 1631 3849
2582 798 2034
2583 83 1026
2584 1349 2590
2585 376 4225
2586 2612 876
2587 329 4270
2588 3217 2423
2589 2955 3582
2590 3736 1344
2591 1046 833
2592 1901 2662
2593 3279 989
2594 1562 3392
2595 2729 1531
2596 257 3321
2597 4182 864
2598 1596 1498
2599 3393 2583
2600 3010 2439
2601 189 2868
2602 285 1955
2603 3675 1572
2604 1122 2309
2605 3776 588
2606 1297 3055
2607 1141 1175
2608 1254 3220
2609 883 3692
2610 3590 3323
2611 3991 271
2612 1206 889
2613 746 2007
2614 3017 4067
2615 3316 1856
2616 3368 3772
2617 2682 3090
2618 3031 1460
2619 894 2449
2620 1158 3386
2621 1414 3158
2622 2949 363
2623 3943 838
2624 2131 3820
2625 3243 4234
2626 1065 1756
2627 3728 4239
2628 1082 1717
2629 2516 1686
2630 2878 1885
2631 1790 1367
2632 3055 48
2633 1711 2889
2634 3643 3528
2635 3552 589
2636 1692 151
2637 3453 1012
2638 373 468
2639 2995 1566
2640 3078 2573
2641 2814 2277
2642 2913 164
2643 3046 2937
2644 2653 3021
2645 627 3661
2646 1171 1695
2647 1087 2082
2648 1471 1257
2649 3842 3731
2650 2841 1214
2651 684 4048
2652 1197 2436
2653 2902 3255
2654 536 3906
2655 2346 3687
2656 1405 3032
2657 1684 1223
2658 1783 1643
2659 3385 1439
2660 231 3041
2661 2936 3653
2662 199 3305
2663 4221 2219
2664 2400 4239
2665 1069 3590
2666 2321 703
2667 1991 2210
2668 1194 2504
2669 1200 2389
2670 1080 2804
2671 3706 361
2672 281 3884
2673 1678 710
2674 2530 2624
2675 2511 592
2676 3879 3712
2677 1521 2452
2678 3108 2669
2679 3042 1248
2680 2641 4051
2681 3712 3908
2682 203 1379
2683 3203 1500
2684 497 2204
2685 3804 1607
2686 2091 1082
2687 701 317
2688 170 698
2689 3155 1036
2690 956 2636
2691 2 1027
2692 3975 3986
2693 1040 1371
2694 1040 304
2695 37 1507
2696 572 3861
2697 1897 2500
2698 2670 105
2699 2127 2644
2700 834 1599
2701 1728 1950
2702 82 2949
2703 1739 2305
2704 1504 4241
2705 323 3288
2706 787 2967
2707 322 626
2708 3701 3568
2709 133 1179
2710 292 2637
2711 975 3915
2712 287 2108
2713 2746 2117
2714 1100 2458
2715 2659 3483
2716 2703 306
2717 2846 832
2718 2437 1533
2719 1387 718
2720 810 3570
2721 3047 513
2722 2312 2248
2723 2653 2940
2724 3674 1986
2725 254 218
2726 3720 866
2727 3535 2088
2728 507 1201
2729 138 3361
2730 411 1733
2731 2080 1778
2732 2422 3244
2733 3398 607
2734 396 3089
2735 437 37
2736 3145 133
2737 3670 3673
2738 3851 2479
2739 901 1409
2740 1669 3935
2741 989 3378
2742 3516 2127
2743 3061 2538
2744 4199 1627
2745 3610 3207
2746 3692 4219
2747 1085 2431
2748 3640 710
2749 3638 1473
2750 1551 2793
2751 3097 1580
2752 2302 3489
2753 1632 1511
2754 284 61
2755 3889 897
2756 2792 2296
2757 1930 1890
2758 2879 2477
2759 2594 329
2760 1733 3563
2761 2369 759
2762 1894 2315
2763 3650 235
2764 2885 1144
2765 2224 8
2766 157 1863
2767 2544 2581
2768 870 1487
2769 1726 547
2770 2979 1850
2771 2186 436
2772 881 3948
2773 795 481
2774 4242 1068
2775 1228 341
2776 3507 984
2777 1143 1393
2778 2595 2886
2779 4192 1407
2780 2677 2505
2781 491 3339
2782 4151 329
2783 3929 1526
2784 2884 118
2785 54 869
2786 1407 677
2787 2750 3394
2788 2722 3820
2789 930 1729
2790 3925 283
2791 2949 422
2792 1570 1867
2793 117 4189
2794 1369 1852
2795 3486 2050
2796 1224 2442
2797 2320 930
2798 2381 4263
2799 36 2577
2800 2583 1983
2801 882 3221
2802 58 2503
2803 40 219
2804 2361 807
2805 1134 1777
2806 3232 4266
2807 2181 3956
2808 3722 764
2809 817 2995
2810 1721 2508
2811 1172 1267
2812 4197 1098
2813 4238 2693
2814 1655 3042
2815 1242 4197
2816 62 2281
2817 1394 1915
2818 2922 3679
2819 485 2679
2820 2646 3254
2821 2888 3041
2822 2971 3139
2823 1043 3015
2824 883 3418
2825 2901 2483
2826 907 4158
2827 443 756
2828 2925 3786
2829 1173 740
2830 2397 3313
2831 2745 1961
2832 1138 2989
2833 3989 1816
2834 1991 3654
2835 959 4007
2836 2115 737
2837 183 1505
2838 510 3091
2839 655 2296
2840 2533 814
2841 281 757
2842 2775 780
2843 546 2268
2844 1817 2665
2845 630 2151
2846 254 2118
2847 1692 1263
2848 1971 1218
2849 1043 1490
2850 1467 828
2851 1749 161
2852 3823 839
2853 1195 1033
2854 1144 573
2855 2609 933
2856 1271 607
2857 780 3802
2858 509 811
2859 2673 387
2860 4046 3760
2861 2759 3158
2862 1748 2534
2863 4120 3270
2864 1497 3801
2865 316 2834
2866 2109 2448
2867 3615 1470
2868 1033 801
2869 996 393
2870 1114 2351
2871 546 655
2872 1170 3054
2873 726 2472
2874 3916 3086
2875 2872 3929
2876 1391 4086
2877 3306 785
2878 2733 3651
2879 2503 3454
2880 1836 1474
2881 745 1449
2882 1372 3210
2883 3510 927
2884 4098 1830
2885 2955 481
2886 3116 1305
2887 1281 3383
2888 790 738
2889 3271 4065
2890 773 2579
2891 472 3038
2892 2987 348
2893 1895 4080
2894 2850 2037
2895 3960 1351
2896 2267 172
2897 2609 3485
2898 1697 2380
2899 329 138
2900 3682 1743
2901 279 2714
2902 790 1972
2903 2206 787
2904 3075 3052
2905 2744 3691
2906 4040 1506
2907 1024 3562
2908 2289 170
2909 2301 1347
2910 1106 3108
2911 436 3777
2912 3648 2712
2913 2980 104
2914 3556 3923
2915 528 2105
2916 1921 851
2917 3032 874
2918 1456 2088
2919 4130 3189
2920 1041 1820
2921 3376 1400
2922 1701 2508
2923 1993 4181
2924 1554 3639
2925 3892 2947
2926 1631 4006
2927 4273 1684
2928 4129 4237
2929 3083 240
2930 1173 594
2931 1140 3995
2932 2526 1963
2933 1087 3442
2934 1769 1148
2935 1108 2236
2936 2255 4201
2937 3247 2174
2938 1308 1425
2939 2786 687
2940 1670 1972
2941 4164 1438
2942 2303 830
2943 1274 256
2944 3439 1052
2945 2405 2119
2946 979 1214
2947 2476 3031
2948 2226 1686
2949 1307 4043
2950 3642 273
2951 1980 999
2952 79 4067
2953 1917 1759
2954 2556 1472
2955 1811 160
2956 3765 1584
2957 622 4213
2958 1843 1330
2959 580 1790
2960 1409 1716
2961 3114 340
2962 3160 2058
2963 1176 1975
2964 662 3541
2965 1597 2571
2966 4076 2478
2967 411 2472
2968 3623 2068
2969 4163 2170
2970 3174 538
2971 892 1177
2972 1846 20
2973 401 865
2974 4091 3651
2975 1777 76
2976 3729 1774
2977 2835 2998
2978 178 3964
2979 2776 834
2980 3464 432
2981 1203 2524
2982 3716 2508
2983 3375 1006
2984 2312 2681
2985 1929 3270
2986 3203 3886
2987 2326 2232
2988 1531 1463
2989 1813 3040
2990 2359 1944
2991 640 1531
2992 3349 1938
2993 3343 1727
2994 2458 972
2995 3389 2344
2996 1920 3542
2997 3391 828
2998 2717 3819
2999 1203 1041
3000 2658 45
3001 3877 2773
3002 3520 2893
3003 1792 1743
3004 1450 4034
3005 1707 1644
3006 3503 3489
3007 3449 1260
3008 550 3943
3009 398 3126
3010 1336 1724
3011 1070 2073
3012 536 2208
3013 4072 2293
3014 598 1866
3015 476 2521
3016 1516 686
3017 1425 518
3018 96 590
3019 3866 988
3020 3148 2597
3021 3618 3884
3022 1178 208
3023 2781 4181
3024 2804 1990
3025 1000 1611
3026 3163 3777
3027 2908 4069
3028 2310 2573
3029 3175 3822
3030 662 2153
3031 2500 3974
3032 2799 788
3033 2844 3953
3034 1242 434
3035 1029 3977
3036 4129 1599
3037 3866 640
3038 1113 1427
3039 1579 3904
3040 3511 2806
3041 382 814
3042 957 2037
3043 3622 2404
3044 1924 302
3045 499 166
3046 1166 713
3047 490 2512
3048 3572 1840
3049 1967 1526
3050 325 1752
3051 272 1932
3052 3336 3704
3053 4259 1903
3054 4260 1114
3055 1923 3852
3056 1926 4112
3057 2343 2215
3058 1412 392
3059 4156 3910
3060 4192 643
3061 2668 911
3062 6 3762
3063 2446 3727
3064 3809 602
3065 920 3469
3066 3058 1490
3067 3579 1647
3068 4235 1098
3069 2062 2675
3070 1043 2086
3071 614 1752
3072 219 1707
3073 1724 2198
3074 3505 3018
3075 174 1163
3076 4002 1307
3077 395 3592
3078 62 3627
3079 2665 292
3080 782 609
3081 3042 879
3082 1681 2493
3083 3239 1409
3084 360 1298
3085 1362 83
3086 3990 3302
3087 2146 3814
3088 2132 3920
3089 323 748
3090 1300 1537
3091 789 2308
3092 3572 3974
3093 4191 649
3094 3717 2821
3095 58 2053
3096 3373 2141
3097 34 1154
3098 2114 2283
3099 3651 761
3100 2608 1483
3101 504 471
3102 2396 3876
3103 1458 1989
3104 3090 174
3105 1150 1311
3106 1204 2176
3107 2608 1231
3108 940 4125
3109 2904 826
3110 2693 1471
3111 4178 1523
3112 1972 752
3113 1930 3791
3114 2692 140
3115 3799 2113
3116 443 1187
3117 3183 807
3118 575 1869
3119 1179 2461
3120 1293 3654
3121 4141 3712
3122 435 2885
3123 39 1773
3124 4 4016
3125 3710 819
3126 2524 2802
3127 703 1303
3128 4197 240
3129 2849 3327
3130 3793 1248
3131 467 704
3132 2160 3914
3133 1463 1659
3134 869 1387
3135 1471 4110
3136 3876 2888
3137 1879 2816
3138 2799 3377
3139 667 1943
3140 482 1174
3141 3626 3597
3142 891 294
3143 1467 1103
3144 782 2485
3145 927 2040
3146 1151 1181
3147 808 1726
3148 1849 4161
3149 120 1308
3150 3519 2542
3151 293 3064
3152 2297 403
3153 3804 4037
3154 2913 3651
3155 4123 1275
3156 863 4184
3157 2211 2886
3158 730 3498
3159 3262 421
3160 3967 3304
3161 1261 1395
3162 4047 3030
3163 1077 1731
3164 3732 1728
3165 723 296
3166 1180 2926
3167 1558 2459
3168 3762 2424
3169 636 745
3170 1985 2660
3171 1951 3371
3172 2546 2725
3173 3177 159
3174 64 3798
3175 1742 3223
3176 1754 1008
3177 122 2177
3178 4145 137
3179 947 135
3180 3578 382
3181 1903 3968
3182 190 3225
3183 2833 2543
3184 2880 3494
3185 4232 1138
3186 2063 979
3187 1816 3326
3188 1421 206
3189 2749 1824
3190 567 2764
3191 3205 423
3192 2446 3358
3193 2214 209
3194 2508 3254
3195 1896 3363
3196 203 1836
3197 3364 2677
3198 499 1746
3199 3358 2148
3200 1587 518
3201 638 2706
3202 1754 3889
3203 1957 435
3204 2038 4003
3205 4246 770
3206 605 3721
3207 1443 2916
3208 1474 2154
3209 474 1730
3210 3850 3495
3211 263 3581
3212 2559 2009
3213 3211 1741
3214 93 4031
3215 2981 2835
3216 315 2927
3217 1185 3591
3218 508 2645
3219 3894 2612
3220 3438 2587
3221 3501 1907
3222 2059 3200
3223 3694 1590
3224 3071 115
3225 549 1070
3226 2353 3761
3227 1413 2910
3228 2446 1854
3229 3699 2858
3230 3545 401
3231 3495 466
3232 2679 1114
3233 2894 4067
3234 83 296
3235 2532 432
3236 349 1102
3237 1832 2245
3238 2169 959
3239 552 92
3240 1541 1122
3241 2071 164
3242 130 1495
3243 1156 3391
3244 599 2010
3245 2404 4098
3246 1962 1391
3247 2747 3666
3248 2369 2279
3249 1055 781
3250 1608 2986
3251 470 1647
3252 3523 2774
3253 1769 2390
3254 1687 1190
3255 3008 3464
3256 1324 1382
3257 1736 1740
3258 269 2982
3259 187 4174
3260 531 4278
3261 1055 1383
3262 263 705
3263 2137 2524
3264 3207 333
3265 2059 3877
3266 2771 26
3267 644 4033
3268 3752 616
3269 1431 664
3270 2340 2894
3271 1263 2489
3272 2819 3880
3273 121 622
3274 2282 625
3275 2482 2997
3276 1714 4122
3277 4059 2655
3278 1127 1033
3279 1930 2694
3280 3370 1581
3281 3747 4227
3282 2235 2552
3283 3790 870
3284 1963 2847
3285 11 3266
3286 3753 3751
3287 2971 711
3288 644 4064
3289 3425 2186
3290 3712 2758
3291 1122 1658
3292 916 3917
3293 2720 2340
3294 2595 2405
3295 189 1330
3296 1274 3454
3297 2086 447
3298 2178 3398
3299 2421 1278
3300 3605 2920
3301 3660 4212
3302 775 3336
3303 3559 1594
3304 2629 2685
3305 465 2568
3306 1609 1021
3307 1026 2151
3308 3569 4119
3309 3727 1133
3310 604 3805
3311 2538 1118
3312 3998 129
3313 4 1841
3314 2942 1433
3315 2496 1321
3316 4062 1206
3317 1282 981
3318 459 41
3319 1728 1435
3320 3735 2991
3321 1192 1504
3322 947 2991
3323 498 3442
3324 896 1929
3325 799 522
3326 487 226
3327 762 524
3328 1607 3789
3329 1773 1249
3330 1296 2908
3331 1888 63
3332 3374 3239
3333 1310 3215
3334 3616 1108
3335 1072 2200
3336 497 3503
3337 3926 2058
3338 319 748
3339 1258 141
3340 2954 2795
3341 3176 3987
3342 1335 2595
3343 92 2211
3344 2862 3571
3345 1234 3671
3346 600 1653
3347 3219 3441
3348 77 4211
3349 814 2617
3350 1861 4166
3351 4046 1634
3352 1061 2293
3353 2579 2470
3354 3573 4051
3355 2555 2559
3356 2647 1685
3357 2578 16
3358 1602 2338
3359 3288 1675
3360 977 3811
3361 794 3260
3362 3718 3156
3363 3835 3269
3364 2978 1812
3365 2085 1579
3366 1961 1386
3367 2346 1546
3368 3641 2872
3369 2168 1501
3370 2556 4221
3371 2773 3808
3372 343 1677
3373 2102 2097
3374 3530 3868
3375 878 84
3376 640 1308
3377 990 2046
3378 2849 354
3379 1688 3988
3380 2399 1839
3381 3136 342
3382 2965 2478
3383 3789 3798
3384 2415 2553
3385 356 2845
3386 4134 89
3387 2238 1336
3388 3466 1398
3389 3107 1366
3390 2973 3467
3391 2319 2806
3392 3973 2446
3393 892 2582
3394 2538 2255
3395 2288 199
3396 1602 2558
3397 3057 1136
3398 481 186
3399 1014 1615
3400 221 2480
3401 1767 3903
3402 3305 808
3403 3088 2407
3404 4031 222
3405 3882 2727
3406 3852 1983
3407 1890 3761
3408 223 3266
3409 646 2597
3410 946 2506
3411 253 3404
3412 1284 449
3413 671 2706
3414 989 1991
3415 4253 2454
3416 4148 675
3417 3538 1124
3418 1526 170
3419 2314 29
3420 1248 2966
3421 2450 101
3422 3702 3360
3423 1568 2541
3424 277 3640
3425 268 1809
3426 2822 3468
3427 567 3765
3428 636 2912
3429 1898 36
3430 305 2685
3431 2811 3794
3432 259 333
3433 1340 306
3434 1093 2150
3435 1660 1442
3436 179 4101
3437 987 2510
3438 2509 1932
3439 3664 130
3440 816 183
3441 2316 3404
3442 2393 2308
3443 3204 4201
3444 564 2722
3445 2227 3215
3446 3780 427
3447 775 90
3448 1740 1524
3449 1949 3627
3450 997 4060
3451 2007 2438
3452 377 459
3453 4213 1043
3454 2295 2358
3455 1202 1712
3456 3040 2040
3457 664 1325
3458 474 2099
3459 2726 463
3460 602 903
3461 4241 2921
3462 3295 3426
3463 2705 168
3464 1949 929
3465 3318 2414
3466 3744 3365
3467 290 1537
3468 2833 1402
3469 2409 1621
3470 446 1020
3471 382 3967
3472 2500 2123
3473 1759 3011
3474 1392 1920
3475 1389 1065
3476 527 3648
3477 3036 523
3478 1467 3329
3479 3738 2739
3480 1439 3475
3481 1798 1627
3482 1444 2233
3483 4086 124
3484 221 55
3485 4182 1058
3486 2135 1679
3487 789 3360
3488 3414 1591
3489 1754 912
3490 556 1276
3491 583 262
3492 83 1189
3493 669 854
3494 1885 1969
3495 3625 2155
3496 2474 2275
3497 3509 1129
3498 4034 311
3499 1377 2445
3500 963 3549
3501 2228 972
3502 2149 2766
3503 3950 2161
3504 1676 1156
3505 2424 835
3506 2638 1295
3507 702 790
3508 3534 293
3509 1875 3785
3510 424 2801
3511 1390 4192
3512 198 2832
3513 1468 2914
3514 1026 1680
3515 685 2638
3516 3693 1442
3517 348 2161
3518 255 193
3519 3305 2563
3520 3183 1219
3521 3809 3764
3522 3254 2056
3523 1137 2497
3524 3880 3273
3525 2566 1283
3526 883 1282
3527 2009 3178
3528 1362 307
3529 2737 1069
3530 1228 947
3531 3778 1981
3532 57 1438
3533 2212 603
3534 4 3002
3535 4271 2399
3536 4039 3068
3537 2878 2643
3538 1668 3928
3539 1889 871
3540 2784 1824
3541 1199 3094
3542 3621 1580
3543 2643 3393
3544 4264 2251
3545 1415 1706
3546 111 1433
3547 1662 204
3548 263 3706
3549 2671 1353
3550 1509 1927
3551 4039 892
3552 452 590
3553 749 2576
3554 2263 478
3555 1956 16
3556 2015 307
3557 3325 1025
3558 2751 3870
3559 3595 1813
3560 214 1593
3561 1227 1697
3562 2412 2602
3563 2803 1369
3564 1921 878
3565 2058 91
3566 4251 2440
3567 409 2937
3568 1710 1402
3569 3897 2099
3570 3176 4155
3571 812 2484
3572 637 2497
3573 4064 516
3574 1785 3001
3575 1498 4166
3576 3501 845
3577 1495 1378
3578 2476 2733
3579 1961 3710
3580 2741 2257
3581 3391 3321
3582 1459 1606
3583 1686 1984
3584 1420 2911
3585 71 540
3586 3383 3350
3587 1345 3659
3588 762 3299
3589 2825 439
3590 795 4140
3591 542 180
3592 1365 2070
3593 1274 1877
3594 1101 395
3595 118 4042
3596 2013 3996
3597 3669 947
3598 1520 1192
3599 861 1432
3600 3327 1942
3601 3913 691
3602 4172 4000
3603 1162 3126
3604 1662 1449
3605 2894 1794
3606 692 4184
3607 2585 2511
3608 1213 2741
3609 3636 3371
3610 1399 331
3611 1540 3381
3612 599 3270
3613 4045 785
3614 2152 1784
3615 1430 321
3616 4191 3567
3617 2782 1721
3618 3255 2296
3619 2623 523
3620 2848 3930
3621 1682 1957
3622 3230 3124
3623 1395 1000
3624 663 2689
3625 2966 2546
3626 1572 214
3627 1066 4134
3628 2276 3896
3629 2462 1275
3630 581 1443
3631 3217 3362
3632 3820 1041
3633 3702 644
3634 791 607
3635 136 2500
3636 3938 2967
3637 746 432
3638 3911 1377
3639 2715 2389
3640 1577 2771
3641 1943 1027
3642 2130 2555
3643 3905 1543
3644 1027 3626
3645 2488 41
3646 1957 2803
3647 2103 3821
3648 3462 1484
3649 2066 3693
3650 1926 2789
3651 1286 2783
3652 1842 367
3653 1248 1659
3654 3360 2455
3655 1257 640
3656 444 3530
3657 1512 2567
3658 146 1459
3659 3032 799
3660 974 2707
3661 3147 2587
3662 2377 360
3663 3135 633
3664 1796 3009
3665 3169 3445
3666 1410 1753
3667 1424 910
3668 665 435
3669 1411 2174
3670 97 3069
3671 3709 1135
3672 2280 783
3673 1151 68
3674 3565 13
3675 1791 2734
3676 587 939
3677 1728 2233
3678 2920 1602
3679 330 1214
3680 1751 3416
3681 3347 1826
3682 316 732
3683 654 1951
3684 3278 1410
3685 3475 3449
3686 3649 219
3687 111 1956
3688 2308 1266
3689 2750 68
3690 1104 1458
3691 1326 1013
3692 1387 620
3693 3950 1516
3694 2836 127
3695 3959 1533
3696 2216 56
3697 1617 2758
3698 3635 1773
3699 2361 1004
3700 2763 2421
3701 2329 525
3702 2850 1227
3703 904 1238
3704 1610 2978
3705 3924 1061
3706 2390 2370
3707 1646 722
3708 718 2123
3709 3901 3626
3710 2075 1330
3711 558 420
3712 3652 2674
3713 1146 920
3714 4225 2933
3715 3312 171
3716 726 947
3717 2628 3408
3718 3154 2330
3719 1488 1316
3720 32 391
3721 1890 3809
3722 2237 2420
3723 3366 3926
3724 1780 1235
3725 2494 1044
3726 95 857
3727 4151 908
3728 3686 3582
3729 1894 1543
3730 1532 2692
3731 3691 3086
3732 488 2445
3733 3012 2700
3734 826 59
3735 1877 168
3736 199 642
3737 823 1031
3738 447 233
3739 3295 1377
3740 2260 1849
3741 512 1219
3742 2805 3204
3743 3691 197
3744 1653 1731
3745 2222 621
3746 3070 1153
3747 4018 324
3748 1193 3499
3749 658 1159
3750 1530 4068
3751 1225 2913
3752 2303 3195
3753 3299 3359
3754 2074 3144
3755 183 3676
3756 1288 1800
3757 2755 3557
3758 1448 3261
3759 2777 1296
3760 4080 2849
3761 361 3361
3762 4212 1652
3763 4086 1109
3764 3425 3188
3765 3709 2203
3766 402 1565
3767 1963 1751
3768 3560 2922
3769 1599 3489
3770 2983 3266
3771 344 1413
3772 3846 2750
3773 920 1172
3774 2143 481
3775 2809 1379
3776 3288 2321
3777 2703 4259
3778 4121 3534
3779 2550 1745
3780 2392 2953
3781 3197 4150
3782 1977 2783
3783 1380 3114
3784 2897 1333
3785 2186 1861
3786 4157 1558
3787 3474 3694
3788 3791 3107
3789 3694 2007
3790 3561 1699
3791 4052 1824
3792 1869 3643
3793 4144 4083
3794 4268 3623
3795 147 4072
3796 1829 3921
3797 1123 1834
3798 264 2729
3799 1515 1986
3800 3628 3911
3801 1092 3987
3802 3142 2077
3803 1179 2421
3804 3507 968
3805 909 486
3806 663 2800
3807 3097 2589
3808 1047 1302
3809 2125 113
3810 2548 1838
3811 2228 1562
3812 1433 1021
3813 830 638
3814 2816 2317
3815 2072 3303
3816 607 1374
3817 2917 251
3818 1264 3551
3819 2797 2396
3820 2673 1069
3821 2198 1584
3822 2362 4107
3823 1288 748
3824 2149 2315
3825 2517 1653
3826 3587 2804
3827 1913 3119
3828 1004 237
3829 1118 986
3830 3982 2744
3831 283 3361
3832 3107 2722
3833 494 1757
3834 2028 715
3835 3687 3922
3836 1211 3417
3837 4088 2511
3838 3959 2082
3839 1914 1852
3840 993 1881
3841 897 71
3842 4151 1400
3843 1354 3392
3844 3254 1488
3845 1996 3822
3846 157 2829
3847 2549 4128
3848 576 3533
3849 2174 201
3850 1218 1433
3851 1290 1742
3852 1951 2093
3853 1507 2466
3854 265 3373
3855 2982 1476
3856 2057 1841
3857 2607 367
3858 1984 2827
3859 1704 2835
3860 2575 4246
3861 1870 3794
3862 212 65
3863 1429 1877
3864 2493 2012
3865 1734 911
3866 2682 2491
3867 605 418
3868 3550 3432
3869 3431 2777
3870 2574 2213
3871 164 734
3872 1366 3723
3873 2834 3782
3874 4096 2541
3875 1778 3025
3876 550 448
3877 223 3294
3878 2218 3879
3879 4267 2694
3880 2932 3010
3881 2852 4119
3882 2548 2430
3883 16 1621
3884 3432 619
3885 2789 4092
3886 288 1682
3887 3916 2265
3888 800 2854
3889 2247 2450
3890 1350 701
3891 1000 2923
3892 1812 2982
3893 2156 3898
3894 1080 2445
3895 1760 1357
3896 1683 2364
3897 3194 2154
3898 3399 85
3899 1188 2799
3900 597 702
3901 1076 3299
3902 2101 3675
3903 3767 2877
3904 1006 2
3905 4064 3204
3906 1097 563
3907 1939 2607
3908 2537 215
3909 2479 3694
3910 2302 2819
3911 3667 3928
3912 2923 1357
3913 1632 2310
3914 236 3134
3915 640 1184
3916 4044 3192
3917 2197 887
3918 3374 1953
3919 2556 2242
3920 2738 2577
3921 2812 2301
3922 1498 56
3923 3490 2351
3924 477 2804
3925 2959 1290
3926 996 1114
3927 3100 745
3928 2508 3627
3929 3996 2509
3930 1603 1089
3931 2452 1288
3932 278 1401
3933 2838 3750
3934 3114 459
3935 788 1288
3936 1098 416
3937 4123 2267
3938 217 1540
3939 2213 737
3940 576 3972
3941 820 367
3942 66 3490
3943 2204 654
3944 678 998
3945 72 2797
3946 2708 871
3947 2752 3127
3948 2788 4114
3949 3705 2321
3950 2643 2090
3951 2246 3943
3952 2799 1642
3953 2134 672
3954 2846 2183
3955 757 3631
3956 3738 3584
3957 247 2315
3958 2055 3826
3959 2258 3865
3960 2056 3439
3961 3860 1072
3962 2543 3936
3963 813 2493
3964 1227 3883
3965 958 3337
3966 2647 1470
3967 2762 2552
3968 481 3892
3969 3420 2826
3970 1640 3583
3971 2377 1032
3972 2410 2664
3973 3687 759
3974 1652 435
3975 2070 609
3976 3 2014
3977 470 165
3978 3611 3603
3979 3738 851
3980 870 35
3981 1996 12
3982 1848 734
3983 1448 2217
3984 1064 3025
3985 3061 523
3986 2401 679
3987 3577 2923
3988 1985 315
3989 2092 1348
3990 2946 476
3991 3865 3909
3992 823 1650
3993 1904 3563
3994 833 3376
3995 3319 2391
3996 4 11
3997 2587 1868
3998 4083 2170
3999 2169 1011
4000 1675 1535
4001 2961 386
4002 3343 4205
4003 4278 2090
4004 3679 945
4005 3135 3160
4006 966 1638
4007 3250 2367
4008 3836 2548
4009 2913 1100
4010 2810 2905
4011 381 2802
4012 2908 2379
4013 2515 1959
4014 2667 2876
4015 2172 1071
4016 1020 3078
4017 3425 4079
4018 579 4057
4019 2063 1268
4020 3196 2900
4021 2991 3261
4022 2955 3096
4023 1921 422
4024 2850 3123
4025 794 519
4026 387 3460
4027 3443 501
4028 991 3786
4029 4244 4031
4030 1647 1569
4031 1985 1779
4032 2185 3639
4033 1684 3890
4034 2565 180
4035 2076 1777
4036 2095 2601
4037 1852 706
4038 1344 3115
4039 2182 2298
4040 3145 4152
4041 4082 2996
4042 3847 3929
4043 97 2382
4044 3021 568
4045 1415 2586
4046 294 1540
4047 2745 969
4048 1275 1834
4049 1795 2795
4050 1476 2974
4051 1373 1913
4052 2042 1915
4053 1119 2430
4054 3580 111
4055 1058 2243
4056 3016 482
4057 2457 467
4058 101 1881
4059 2616 1223
4060 2086 4262
4061 1716 1210
4062 1529 746
4063 3115 2143
4064 3057 2782
4065 3405 1618
4066 226 3198
4067 3235 2972
4068 523 784
4069 1927 3051
4070 968 2955
4071 1796 3121
4072 3808 3498
4073 4063 3980
4074 2444 1059
4075 1007 3758
4076 3018 412
4077 1201 2806
4078 3497 246
4079 2367 3111
4080 2509 2868
4081 3090 1839
4082 2701 325
4083 1517 282
4084 883 176
4085 3812 3728
4086 4108 3552
4087 2365 493
4088 4025 2872
4089 997 2503
4090 941 1216
4091 1398 4077
4092 584 2601
4093 2888 3846
4094 2235 1518
4095 110 128
4096 3269 2171
4097 1442 2650
4098 2126 2
4099 1916 732
4100 3762 748
4101 1766 525
4102 1704 2789
4103 1340 4149
4104 2411 2139
4105 2346 4252
4106 3480 2392
4107 1966 1803
4108 2633 2702
4109 3776 2794
4110 1850 578
4111 839 873
4112 523 460
4113 3070 4035
4114 4069 3886
4115 566 3904
4116 2816 4044
4117 2022 1530
4118 1755 1843
4119 3385 1066
4120 621 1580
4121 2623 2316
4122 1805 3442
4123 1222 760
4124 2941 698
4125 738 1714
4126 61 819
4127 3770 108
4128 2397 4279
4129 2421 2354
4130 1961 2417
4131 2773 3687
4132 364 2735
4133 3459 2783
4134 399 2177
4135 2268 1012
4136 553 1026
4137 3299 3413
4138 2675 839
4139 1094 2019
4140 3812 1878
4141 277 518
4142 2651 305
4143 168 1072
4144 1611 3939
4145 904 240
4146 1716 3578
4147 1 978
4148 303 549
4149 1750 3652
4150 1562 1264
4151 3734 3644
4152 1261 2806
4153 4246 1944
4154 2324 4046
4155 2647 2158
4156 3510 3993
4157 1681 2582
4158 3405 1803
4159 1559 1445
4160 887 944
4161 3941 2587
4162 4196 4274
4163 2776 3951
4164 2353 2104
4165 3942 2961
4166 253 1280
4167 2494 2920
4168 570 1711
4169 2128 1662
4170 2102 1552
4171 191 3560
4172 1874 1540
4173 2502 3378
4174 4035 2482
4175 154 27
4176 1575 3304
4177 2382 501
4178 1210 3032
4179 700 1976
4180 3530 333
4181 2507 54
4182 744 3216
4183 2428 2754
4184 688 2118
4185 706 2693
4186 4202 2061
4187 16 2778
4188 322 71
4189 2973 3315
4190 5 4213
4191 4278 1426
4192 1125 3200
4193 1259 1660
4194 1054 1612
4195 3773 1595
4196 3898 567
4197 2493 2156
4198 3866 1128
4199 3473 2697
4200 2591 867
4201 1867 2879
4202 3096 1860
4203 1658 2034
4204 236 409
4205 3061 3591
4206 1930 2069
4207 4277 3082
4208 2567 2131
4209 2394 4234
4210 2968 3536
4211 2673 2186
4212 2153 1932
4213 3069 25
4214 1397 2474
4215 1892 3692
4216 3078 101
4217 1755 850
4218 1319 197
4219 980 665
4220 3377 123
4221 1134 175
4222 4011 2778
4223 3670 883
4224 2086 2886
4225 397 1429
4226 4087 4050
4227 1258 3044
4228 1374 436
4229 330 2198
4230 1599 3355
4231 173 989
4232 1862 1516
4233 1866 2984
4234 2113 3969
4235 2878 3679
4236 1441 3556
4237 2385 1332
4238 89 1987
4239 2305 3614
4240 249 452
4241 980 1423
4242 1053 162
4243 2519 2048
4244 2074 200
4245 140 3556
4246 2209 1774
4247 2612 3931
4248 368 2218
4249 761 664
4250 1132 1768
4251 2688 3164
4252 675 1765
4253 3317 3004
4254 3162 2856
4255 1975 2857
4256 2010 2475
4257 2501 207
4258 4184 537
4259 1361 4088
4260 3261 2088
4261 1012 4049
4262 3139 296
4263 2610 1990
4264 4265 3140
4265 3824 106
4266 1961 2401
4267 3443 2633
4268 208 3949
4269 170 3265
4270 2998 3083
4271 1999 13
4272 1055 371
4273 3058 1517
4274 297 2759
4275 383 4075
4276 2847 2235
4277 4001 1343
4278 2469 1780
4279 2734 205
4280 2348 1965
