1680 1680
1 1031 111
2 544 399
3 207 1462
4 1281 684
5 1032 738
6 1254 1535
7 921 1295
8 1503 630
9 1498 309
10 560 729
11 1526 275
12 976 507
13 1442 1483
14 822 257
15 1469 510
16 1329 167
17 1448 313
18 134 1679
19 1016 1536
20 416 1387
21 42 698
22 258 493
23 1270 237
24 225 157
25 1591 1420
26 160 443
27 778 270
28 1227 1173
29 1541 273
30 1241 411
31 1210 1646
32 796 657
33 11 191
34 682 101
35 1216 782
36 753 641
37 231 624
38 598 195
39 1068 2
40 607 828
41 90 898
42 386 262
43 1360 626
44 669 873
45 439 616
46 632 1168
47 1523 1385
48 936 1319
49 664 1160
50 1109 1176
51 15 521
52 669 598
53 873 1659
54 266 601
55 1059 1557
56 370 812
57 618 272
58 1423 259
59 1121 917
60 1230 321
61 849 41
62 1163 25
63 513 1030
64 125 979
65 806 1564
66 1165 401
67 604 232
68 1453 530
69 1413 1075
70 567 87
71 34 1534
72 1027 1301
73 240 556
74 61 1450
75 164 1426
76 198 723
77 635 554
78 1610 1261
79 235 926
80 467 1499
81 1390 3
82 1404 104
83 32 979
84 1432 1037
85 1478 1440
86 1107 437
87 1633 630
88 265 606
89 436 512
90 1462 1571
91 66 1438
92 1133 1256
93 348 277
94 734 6
95 1658 456
96 1106 184
97 183 453
98 1528 149
99 162 1155
100 1013 1566
101 34 587
102 647 1034
103 1657 1092
104 1195 913
105 1149 884
106 1536 950
107 1315 131
108 444 1608
109 748 114
110 621 1530
111 485 1388
112 1586 738
113 186 1259
114 363 479
115 107 703
116 142 367
117 449 827
118 1244 1311
119 1570 1680
120 627 1540
121 867 1006
122 357 1658
123 1630 744
124 793 267
125 229 423
126 816 1122
127 597 1138
128 155 1457
129 1214 1085
130 908 1119
131 1266 1119
132 842 374
133 380 584
134 1592 796
135 99 179
136 1624 1472
137 751 520
138 1324 840
139 188 1349
140 1037 1289
141 1597 1022
142 832 22
143 1410 1219
144 502 1148
145 764 1377
146 258 494
147 1424 1244
148 1345 12
149 1035 219
150 1205 761
151 1573 132
152 930 1021
153 473 185
154 269 728
155 964 1571
156 449 793
157 1100 1167
158 163 1230
159 435 470
160 1673 812
161 1532 1361
162 1367 1314
163 1501 1468
164 250 1545
165 1285 395
166 1225 878
167 48 731
168 1561 179
169 745 218
170 543 1122
171 143 41
172 347 1316
173 219 1248
174 1635 258
175 1 147
176 1421 1098
177 1365 1396
178 434 1315
179 1344 1226
180 783 1012
181 1011 1232
182 270 82
183 1067 224
184 213 1081
185 757 274
186 428 238
187 388 319
188 773 1650
189 1457 267
190 1319 1113
191 499 499
192 1243 1452
193 831 1299
194 347 843
195 1393 1467
196 647 7
197 1132 611
198 1131 719
199 718 60
200 1534 1353
201 1592 297
202 1563 548
203 780 1630
204 501 1131
205 792 23
206 311 300
207 418 829
208 538 170
209 660 1141
210 1466 1152
211 1034 521
212 1339 1448
213 233 907
214 1511 1019
215 1570 1574
216 476 1625
217 1128 535
218 1332 1243
219 127 1389
220 357 1239
221 245 941
222 1354 1139
223 1365 1145
224 753 1070
225 937 482
226 759 1068
227 224 779
228 1345 1200
229 1281 1408
230 1644 975
231 911 87
232 791 1346
233 797 661
234 479 780
235 1252 228
236 715 1453
237 1202 1188
238 1290 294
239 517 480
240 1210 910
241 249 1666
242 186 325
243 1230 281
244 1266 1495
245 1533 26
246 17 675
247 1676 21
248 1591 1308
249 545 666
250 533 1023
251 1651 1196
252 1537 54
253 167 932
254 1134 1245
255 682 1097
256 812 323
257 730 606
258 44 1252
259 1034 332
260 1222 884
261 965 2
262 990 254
263 1522 634
264 1540 286
265 1337 1647
266 1340 1404
267 1142 1292
268 622 42
269 1419 1446
270 190 1663
271 1083 76
272 494 421
273 1332 1085
274 1395 1232
275 1420 1227
276 86 913
277 576 1503
278 1355 1626
279 1225 1054
280 519 66
281 112 1642
282 189 1450
283 130 1612
284 378 689
285 151 944
286 1090 966
287 704 1105
288 1626 300
289 1184 1272
290 264 1075
291 1421 1471
292 440 1140
293 695 1610
294 1200 893
295 504 280
296 1350 414
297 1563 1477
298 1073 739
299 1314 596
300 1085 963
301 163 1277
302 578 1192
303 1651 177
304 903 1232
305 1302 469
306 212 835
307 661 286
308 1093 1574
309 1009 1082
310 614 976
311 1335 528
312 1339 1595
313 1317 616
314 382 637
315 412 1581
316 63 1127
317 390 402
318 407 1086
319 761 707
320 461 1640
321 333 798
322 1389 649
323 219 946
324 1238 255
325 551 103
326 1331 651
327 1279 526
328 732 1009
329 1076 473
330 382 881
331 488 1070
332 904 1143
333 776 1593
334 1447 1151
335 1341 96
336 324 430
337 1342 459
338 1437 717
339 104 707
340 1298 1559
341 1040 1673
342 16 469
343 168 1402
344 995 760
345 1040 242
346 759 471
347 175 1296
348 864 601
349 643 9
350 1195 293
351 1429 655
352 885 1224
353 1680 1298
354 1290 487
355 915 87
356 416 1141
357 197 681
358 885 200
359 121 781
360 1479 103
361 1602 1067
362 1219 150
363 1209 170
364 959 454
365 300 346
366 492 854
367 1353 1224
368 422 559
369 1388 429
370 206 334
371 501 1112
372 634 1043
373 957 1550
374 1371 1402
375 507 367
376 223 439
377 1634 1050
378 552 744
379 61 1364
380 77 453
381 1102 869
382 960 1051
383 1202 1315
384 144 538
385 729 1107
386 767 700
387 677 669
388 215 423
389 562 576
390 1448 644
391 453 38
392 1573 336
393 1063 1065
394 928 643
395 1364 1670
396 35 864
397 1230 129
398 33 28
399 1656 345
400 779 387
401 944 1021
402 1319 423
403 492 1375
404 303 1466
405 633 248
406 182 1310
407 528 1228
408 160 538
409 810 1471
410 1090 1664
411 1125 1145
412 1335 1597
413 1543 326
414 981 1201
415 1490 97
416 128 672
417 985 658
418 205 120
419 1282 693
420 1625 996
421 1308 1645
422 1675 975
423 1075 216
424 1112 1437
425 1170 373
426 630 679
427 137 516
428 691 550
429 1439 589
430 1158 514
431 921 547
432 549 778
433 779 1626
434 1593 471
435 1646 967
436 239 1340
437 1203 263
438 1601 1505
439 1335 1523
440 1541 1409
441 72 370
442 1604 1344
443 1479 415
444 253 321
445 1310 333
446 426 694
447 1620 712
448 1460 1433
449 479 798
450 1251 1387
451 1593 237
452 1016 316
453 1669 271
454 1487 1466
455 1188 308
456 623 1005
457 1539 990
458 180 674
459 456 1315
460 879 646
461 909 942
462 299 358
463 796 295
464 131 501
465 396 1204
466 1619 1198
467 90 592
468 1645 426
469 859 268
470 301 1203
471 257 3
472 1310 442
473 508 1218
474 62 823
475 1348 1047
476 463 79
477 1012 1576
478 576 730
479 488 568
480 972 1381
481 187 279
482 929 1654
483 874 1495
484 1060 463
485 1325 822
486 1202 276
487 1287 1400
488 202 432
489 1355 1156
490 1546 1477
491 658 1523
492 1479 1026
493 42 836
494 209 1418
495 1649 980
496 374 1251
497 1395 1644
498 1573 396
499 1600 1403
500 262 579
501 738 245
502 600 869
503 77 92
504 187 1335
505 247 1198
506 736 1573
507 1354 304
508 942 521
509 1672 970
510 614 430
511 1631 18
512 984 1157
513 1517 797
514 39 184
515 501 355
516 1483 1405
517 338 1362
518 1590 1022
519 588 1638
520 1194 678
521 233 344
522 392 974
523 1157 708
524 1276 1130
525 1333 1168
526 695 893
527 73 234
528 828 116
529 768 241
530 368 1330
531 624 759
532 1484 1559
533 710 564
534 1364 550
535 651 1390
536 1005 663
537 1208 1257
538 1595 442
539 43 890
540 280 878
541 1386 896
542 140 977
543 583 692
544 841 168
545 389 256
546 662 865
547 571 1535
548 1599 167
549 70 1236
550 1291 182
551 1235 1277
552 1182 624
553 1565 153
554 351 1679
555 292 1383
556 316 1660
557 991 753
558 1149 624
559 643 1145
560 1511 1321
561 964 1411
562 706 942
563 411 1476
564 1053 198
565 1065 345
566 193 726
567 1388 1418
568 291 426
569 1551 1104
570 1037 583
571 566 69
572 815 814
573 1179 1627
574 2 659
575 18 400
576 1182 1582
577 1572 353
578 1069 433
579 1626 77
580 287 92
581 600 1019
582 223 542
583 1613 973
584 1526 397
585 759 903
586 446 1512
587 156 1419
588 745 1226
589 1494 1335
590 532 337
591 783 482
592 294 1120
593 1486 754
594 653 1650
595 448 914
596 1004 1297
597 842 802
598 989 598
599 478 639
600 877 1393
601 1501 5
602 1224 1354
603 1452 546
604 1139 409
605 825 492
606 649 1508
607 1376 1606
608 1351 599
609 153 1519
610 1660 265
611 1252 699
612 235 732
613 1592 39
614 404 261
615 520 151
616 1474 1389
617 376 818
618 949 1287
619 1598 816
620 83 547
621 1580 867
622 762 1042
623 29 1332
624 1370 1195
625 1422 175
626 1233 414
627 639 209
628 1286 839
629 1178 1057
630 522 644
631 691 1613
632 956 1386
633 48 1015
634 1388 38
635 828 432
636 1074 992
637 502 290
638 416 116
639 607 1300
640 293 388
641 900 410
642 707 1288
643 825 124
644 1156 1208
645 1447 1416
646 56 443
647 534 298
648 1554 1201
649 15 1066
650 53 1438
651 843 1655
652 472 1575
653 384 259
654 801 1634
655 862 1327
656 961 1177
657 276 313
658 524 480
659 1289 98
660 573 1096
661 1096 1493
662 1015 82
663 1050 1429
664 846 1159
665 1626 902
666 343 184
667 1414 751
668 878 962
669 834 30
670 1415 1044
671 817 1100
672 743 1188
673 1414 803
674 275 1518
675 439 541
676 681 238
677 1508 271
678 1198 81
679 455 838
680 183 391
681 1388 720
682 556 284
683 1250 559
684 1114 823
685 1651 1673
686 872 578
687 1121 179
688 1581 235
689 1329 1392
690 368 474
691 636 868
692 479 1412
693 899 382
694 900 207
695 964 965
696 437 216
697 1019 1026
698 1515 1602
699 1338 431
700 390 815
701 315 830
702 1150 883
703 1333 1357
704 1629 295
705 1422 1048
706 1179 1052
707 640 368
708 218 320
709 1023 555
710 387 1126
711 1177 1595
712 384 1601
713 751 99
714 636 753
715 740 1288
716 808 258
717 339 980
718 800 144
719 774 1393
720 269 496
721 740 692
722 540 1147
723 666 1560
724 1375 1564
725 462 1468
726 1570 236
727 1135 687
728 864 155
729 993 684
730 359 1122
731 808 529
732 698 1479
733 1235 20
734 54 833
735 203 311
736 631 1293
737 1052 715
738 443 416
739 691 948
740 1607 158
741 488 1596
742 1305 890
743 654 1130
744 1421 350
745 1497 788
746 580 1166
747 143 1314
748 1267 584
749 194 341
750 792 1310
751 173 1336
752 1217 1144
753 941 950
754 352 275
755 1282 796
756 1514 879
757 70 512
758 624 1480
759 989 627
760 336 1314
761 526 1235
762 1148 1066
763 1297 803
764 794 75
765 1273 399
766 670 847
767 132 11
768 69 647
769 864 1515
770 547 1388
771 1120 697
772 1216 566
773 1680 1458
774 1359 477
775 1477 114
776 463 959
777 712 1441
778 1077 1105
779 725 205
780 441 1257
781 351 650
782 672 1307
783 967 152
784 650 99
785 1452 1141
786 1261 291
787 293 978
788 1250 797
789 1277 409
790 286 1475
791 366 399
792 3 252
793 689 1127
794 168 794
795 1348 616
796 935 890
797 1037 143
798 70 444
799 1678 1224
800 968 276
801 154 1353
802 196 303
803 360 127
804 22 266
805 885 1166
806 37 576
807 1582 1315
808 949 626
809 111 284
810 1565 572
811 1653 458
812 44 454
813 1227 725
814 1496 1128
815 163 913
816 231 1601
817 1346 1473
818 913 1482
819 945 1561
820 1366 678
821 1026 279
822 684 685
823 384 885
824 1435 1513
825 1322 888
826 845 96
827 1585 573
828 960 1060
829 704 357
830 798 1256
831 1659 110
832 591 820
833 1163 1076
834 205 1450
835 618 999
836 280 889
837 1561 1295
838 603 594
839 202 365
840 879 313
841 139 996
842 1086 814
843 1680 808
844 555 989
845 1108 1462
846 560 499
847 1073 1252
848 376 1043
849 142 906
850 1582 408
851 1048 1585
852 550 267
853 869 1339
854 666 6
855 37 868
856 1575 1658
857 969 1479
858 314 30
859 1401 883
860 277 666
861 48 896
862 775 1123
863 651 781
864 826 839
865 1506 284
866 110 1163
867 1174 464
868 470 1171
869 12 1173
870 882 1219
871 328 865
872 1197 1411
873 1677 969
874 744 1000
875 804 391
876 326 1040
877 1228 827
878 1449 430
879 1553 48
880 1069 968
881 272 513
882 84 1565
883 505 523
884 1250 1434
885 1094 1028
886 377 1583
887 444 380
888 312 174
889 303 915
890 335 1203
891 570 1307
892 407 1034
893 943 1200
894 15 1677
895 1340 1093
896 618 158
897 47 657
898 727 1220
899 860 1146
900 305 1065
901 508 560
902 777 195
903 344 973
904 736 1537
905 966 524
906 1241 1545
907 291 456
908 1502 911
909 738 566
910 610 648
911 1556 805
912 1047 144
913 1256 84
914 1217 649
915 1301 758
916 1307 1414
917 1574 1410
918 1176 1271
919 1445 717
920 1309 357
921 1243 988
922 541 480
923 998 1220
924 1604 1414
925 637 277
926 632 759
927 112 967
928 157 679
929 1139 115
930 745 468
931 1484 181
932 1624 969
933 1051 1297
934 1472 1554
935 1562 83
936 438 1233
937 565 1259
938 339 769
939 140 985
940 1618 1288
941 22 1158
942 795 1314
943 601 1555
944 309 283
945 1335 693
946 119 1341
947 826 930
948 1504 396
949 84 757
950 1527 382
951 1632 1080
952 261 15
953 1085 562
954 1011 1011
955 796 1215
956 334 1453
957 152 928
958 130 1680
959 1318 754
960 69 1380
961 1133 355
962 147 684
963 1047 1026
964 1627 21
965 24 615
966 1191 1361
967 1519 1395
968 1649 629
969 923 968
970 1253 1600
971 783 1548
972 290 797
973 1593 987
974 133 474
975 336 779
976 87 138
977 12 452
978 741 168
979 1082 895
980 1361 1502
981 704 301
982 279 1476
983 14 252
984 819 1596
985 70 598
986 561 478
987 1021 666
988 212 1232
989 98 1327
990 619 600
991 510 390
992 562 1653
993 157 112
994 981 1562
995 1340 1664
996 474 285
997 467 1202
998 271 303
999 694 107
1000 273 268
1001 1222 403
1002 79 1526
1003 541 1297
1004 78 973
1005 1642 549
1006 526 818
1007 1129 716
1008 397 1420
1009 1415 1263
1010 1579 811
1011 1125 973
1012 814 714
1013 362 827
1014 87 842
1015 206 777
1016 1204 1229
1017 548 1623
1018 935 1184
1019 632 1015
1020 247 1245
1021 666 900
1022 1285 1664
1023 1209 228
1024 578 1320
1025 451 250
1026 1551 672
1027 1211 1359
1028 1253 63
1029 781 290
1030 1143 1149
1031 831 253
1032 180 295
1033 248 730
1034 865 132
1035 1525 1462
1036 1463 424
1037 153 1573
1038 104 393
1039 405 1494
1040 792 369
1041 8 1256
1042 714 628
1043 1273 1037
1044 1064 1155
1045 611 190
1046 647 1039
1047 1232 1440
1048 42 1361
1049 233 389
1050 101 826
1051 1517 1621
1052 1509 1574
1053 784 351
1054 47 1047
1055 1477 203
1056 1143 1455
1057 480 354
1058 1394 1070
1059 773 608
1060 749 1421
1061 1461 568
1062 1631 393
1063 714 1240
1064 1484 1252
1065 1392 1023
1066 1372 761
1067 375 1197
1068 267 703
1069 38 346
1070 1618 192
1071 227 329
1072 439 378
1073 768 638
1074 832 789
1075 1432 542
1076 1214 1318
1077 906 886
1078 1239 19
1079 1668 607
1080 1412 1496
1081 1461 1648
1082 1500 26
1083 956 581
1084 496 1034
1085 644 782
1086 1114 365
1087 628 667
1088 1216 185
1089 786 1286
1090 1309 1170
1091 553 1185
1092 1217 966
1093 923 99
1094 791 805
1095 408 1213
1096 1320 1589
1097 46 753
1098 1471 1317
1099 35 901
1100 332 417
1101 1282 1140
1102 1517 1637
1103 547 726
1104 570 1046
1105 1502 66
1106 15 333
1107 240 1057
1108 768 133
1109 287 772
1110 728 359
1111 1371 1240
1112 1426 707
1113 1126 1305
1114 571 1522
1115 5 613
1116 808 1386
1117 7 371
1118 1572 1666
1119 102 708
1120 157 1111
1121 683 104
1122 16 1502
1123 663 244
1124 273 778
1125 495 1571
1126 640 1392
1127 391 1258
1128 1480 1017
1129 1299 1520
1130 586 969
1131 1354 1406
1132 10 1102
1133 76 1075
1134 24 682
1135 885 716
1136 353 708
1137 1314 594
1138 119 1260
1139 948 356
1140 526 302
1141 1555 631
1142 920 841
1143 596 26
1144 804 1009
1145 1566 735
1146 1587 897
1147 969 647
1148 1451 597
1149 1592 237
1150 1439 1542
1151 41 1526
1152 1102 679
1153 1547 183
1154 827 481
1155 799 1224
1156 1022 826
1157 274 1384
1158 1097 1578
1159 713 369
1160 797 1345
1161 558 1117
1162 269 115
1163 1387 1433
1164 1459 1382
1165 612 1048
1166 307 430
1167 1210 443
1168 1037 1511
1169 541 336
1170 902 947
1171 529 9
1172 1673 1587
1173 388 15
1174 681 683
1175 47 790
1176 1547 1490
1177 492 66
1178 850 39
1179 711 874
1180 987 1275
1181 119 236
1182 314 346
1183 207 530
1184 52 1659
1185 1008 1124
1186 1615 1163
1187 1058 1294
1188 247 660
1189 1602 1379
1190 818 1188
1191 1022 1313
1192 198 1435
1193 1215 1143
1194 1641 453
1195 150 132
1196 1353 1114
1197 1594 1554
1198 78 1026
1199 1041 484
1200 93 940
1201 797 1211
1202 846 544
1203 553 303
1204 1632 1652
1205 452 556
1206 123 349
1207 813 187
1208 166 1654
1209 256 1506
1210 90 1253
1211 703 239
1212 87 1388
1213 821 1473
1214 725 1405
1215 743 583
1216 990 1330
1217 460 1246
1218 1499 284
1219 302 532
1220 1036 1098
1221 1201 466
1222 1387 1341
1223 532 554
1224 1059 1433
1225 358 1086
1226 1197 1551
1227 587 1265
1228 155 584
1229 479 129
1230 825 1364
1231 1178 965
1232 449 1125
1233 1572 483
1234 558 789
1235 507 1126
1236 771 1087
1237 1602 958
1238 636 733
1239 236 376
1240 341 1406
1241 1098 128
1242 1498 1386
1243 322 1460
1244 703 184
1245 97 1291
1246 1441 863
1247 1409 1637
1248 764 780
1249 30 149
1250 31 885
1251 309 284
1252 1021 11
1253 415 1336
1254 1461 1029
1255 1405 861
1256 100 186
1257 1380 2
1258 57 47
1259 187 1455
1260 442 499
1261 1042 1462
1262 1093 774
1263 309 784
1264 425 417
1265 289 905
1266 214 306
1267 1127 1103
1268 690 934
1269 783 342
1270 670 1469
1271 254 1392
1272 1112 1096
1273 315 1515
1274 930 1078
1275 206 939
1276 979 1504
1277 1515 794
1278 1629 1201
1279 1518 669
1280 831 650
1281 1126 1193
1282 539 549
1283 775 1493
1284 1610 1560
1285 1002 1218
1286 111 1356
1287 1160 1225
1288 362 367
1289 536 739
1290 606 567
1291 197 1119
1292 980 312
1293 1571 1407
1294 689 1495
1295 67 68
1296 422 928
1297 1493 588
1298 406 1509
1299 1053 937
1300 94 936
1301 1225 1603
1302 752 924
1303 1554 320
1304 1104 1478
1305 1506 1587
1306 1411 1369
1307 565 1395
1308 324 403
1309 627 1518
1310 57 258
1311 812 142
1312 550 347
1313 517 1466
1314 880 1484
1315 978 1296
1316 1268 272
1317 948 274
1318 1033 483
1319 1141 206
1320 1107 1671
1321 1202 690
1322 602 1414
1323 1481 224
1324 987 728
1325 786 462
1326 685 1176
1327 1667 1074
1328 438 178
1329 894 1452
1330 1311 1360
1331 1022 948
1332 1414 1286
1333 1538 501
1334 178 410
1335 217 570
1336 1052 376
1337 303 25
1338 476 372
1339 1191 93
1340 1105 1569
1341 153 392
1342 949 498
1343 301 1240
1344 545 1359
1345 1289 969
1346 189 1274
1347 1432 636
1348 570 1155
1349 348 1622
1350 1619 345
1351 1381 156
1352 1169 33
1353 1330 174
1354 751 508
1355 247 866
1356 78 1188
1357 352 370
1358 890 391
1359 21 1416
1360 44 280
1361 1374 1593
1362 160 1426
1363 1369 160
1364 1674 910
1365 1609 1613
1366 1173 823
1367 274 77
1368 412 1068
1369 291 1163
1370 301 806
1371 626 583
1372 1050 874
1373 1534 1447
1374 1362 609
1375 561 1387
1376 176 1398
1377 1044 981
1378 1362 1280
1379 584 856
1380 1340 401
1381 530 1233
1382 1358 1630
1383 695 484
1384 644 1040
1385 937 792
1386 1324 345
1387 1552 1349
1388 829 731
1389 1500 764
1390 1526 134
1391 1385 1656
1392 69 1265
1393 340 420
1394 1337 347
1395 1134 1405
1396 794 818
1397 879 698
1398 487 100
1399 1165 1401
1400 1600 532
1401 1308 491
1402 118 1631
1403 344 947
1404 832 511
1405 753 1611
1406 495 543
1407 70 87
1408 915 289
1409 342 1502
1410 1007 765
1411 626 1207
1412 795 490
1413 743 1360
1414 1017 1234
1415 811 181
1416 42 625
1417 1317 1166
1418 514 1358
1419 786 393
1420 1177 478
1421 6 875
1422 723 132
1423 1504 1105
1424 931 1053
1425 1489 1068
1426 395 1372
1427 1485 1196
1428 1671 1617
1429 67 1500
1430 347 832
1431 202 1630
1432 713 1215
1433 220 1480
1434 424 527
1435 552 560
1436 705 543
1437 114 740
1438 1292 653
1439 1102 1469
1440 1275 1615
1441 173 453
1442 357 1089
1443 839 518
1444 1606 991
1445 1498 1349
1446 68 678
1447 529 1167
1448 1157 1014
1449 825 386
1450 1103 186
1451 1296 1359
1452 321 1131
1453 1310 1183
1454 400 1394
1455 1593 1156
1456 100 509
1457 547 417
1458 869 1444
1459 647 684
1460 32 972
1461 1140 611
1462 46 107
1463 1033 1645
1464 166 925
1465 226 1315
1466 433 647
1467 1058 30
1468 1343 1466
1469 642 1618
1470 1257 58
1471 1288 12
1472 1031 992
1473 235 360
1474 1043 684
1475 918 1399
1476 125 191
1477 347 942
1478 960 1064
1479 746 754
1480 292 653
1481 754 451
1482 453 1437
1483 999 1270
1484 1253 1300
1485 1205 72
1486 350 1134
1487 1604 1119
1488 506 927
1489 1228 787
1490 823 1315
1491 1451 574
1492 437 321
1493 629 95
1494 961 517
1495 971 1077
1496 263 431
1497 1551 954
1498 1491 1350
1499 1222 1230
1500 1321 848
1501 415 742
1502 1671 1638
1503 1220 692
1504 1239 1188
1505 671 1657
1506 105 63
1507 959 169
1508 720 1002
1509 1162 1150
1510 667 554
1511 261 31
1512 903 105
1513 1121 417
1514 1348 920
1515 744 126
1516 661 856
1517 906 1398
1518 1644 1178
1519 1073 708
1520 1301 1477
1521 91 707
1522 449 1289
1523 441 336
1524 310 690
1525 483 753
1526 1525 1679
1527 287 1622
1528 61 899
1529 1506 79
1530 1150 1596
1531 853 575
1532 1312 18
1533 1307 911
1534 21 290
1535 211 1334
1536 828 1164
1537 361 152
1538 23 1017
1539 658 1100
1540 591 865
1541 664 34
1542 1607 252
1543 802 500
1544 159 327
1545 711 621
1546 298 1562
1547 100 8
1548 1522 919
1549 413 170
1550 1578 1269
1551 1633 82
1552 371 95
1553 849 832
1554 339 1255
1555 1297 1524
1556 4 158
1557 592 1272
1558 617 1128
1559 501 401
1560 1526 587
1561 1163 497
1562 720 1593
1563 158 785
1564 739 1583
1565 1414 302
1566 963 1437
1567 531 1041
1568 852 310
1569 1114 483
1570 350 714
1571 127 1360
1572 731 195
1573 195 300
1574 771 1676
1575 1185 1571
1576 667 1033
1577 1235 133
1578 105 18
1579 1610 66
1580 1355 530
1581 958 1075
1582 1208 1568
1583 1123 1466
1584 1078 155
1585 60 1370
1586 1502 699
1587 564 249
1588 302 1430
1589 411 788
1590 877 176
1591 1053 788
1592 356 1511
1593 346 225
1594 1131 286
1595 609 788
1596 1106 983
1597 78 17
1598 1137 823
1599 662 997
1600 1089 981
1601 977 140
1602 1037 82
1603 1575 198
1604 867 624
1605 685 1674
1606 576 44
1607 610 1404
1608 1259 1518
1609 1462 107
1610 1456 51
1611 1483 702
1612 640 1640
1613 830 1665
1614 358 121
1615 359 810
1616 1309 1275
1617 1438 1297
1618 337 343
1619 1073 575
1620 1572 904
1621 644 1350
1622 1154 552
1623 952 1585
1624 1062 1061
1625 143 221
1626 350 394
1627 751 1625
1628 157 827
1629 421 1594
1630 144 480
1631 348 290
1632 51 870
1633 910 1234
1634 1636 498
1635 73 1469
1636 1143 872
1637 950 143
1638 524 235
1639 406 1069
1640 367 1478
1641 574 463
1642 447 1658
1643 581 1052
1644 1089 761
1645 1276 1572
1646 917 450
1647 1373 356
1648 217 110
1649 710 1670
1650 380 1339
1651 1048 1143
1652 1222 1286
1653 747 397
1654 1591 206
1655 453 1128
1656 1005 423
1657 1211 1015
1658 121 45
1659 374 1391
1660 228 777
1661 970 1112
1662 1374 360
1663 579 969
1664 56 650
1665 1489 1253
1666 435 377
1667 1190 1077
1668 1304 907
1669 236 1336
1670 1369 841
1671 1468 1240
1672 1016 1057
1673 717 1519
1674 1126 233
1675 154 698
1676 1486 709
1677 600 29
1678 1028 602
1679 1606 1095
1680 1576 468
