4360 4360
1 3956 101
2 2306 3172
3 1065 502
4 3158 3153
5 3126 626
6 2696 1310
7 2126 745
8 2025 866
9 4103 499
10 511 1223
11 1847 1502
12 1679 4043
13 3285 810
14 1132 2769
15 3074 1497
16 1860 4302
17 1087 377
18 17 465
19 1176 3124
20 1741 2106
21 3762 1122
22 4018 463
23 1249 4037
24 1505 2554
25 3797 2909
26 3970 3199
27 1766 1421
28 227 1509
29 3141 2470
30 2764 2810
31 2261 362
32 1290 412
33 4178 244
34 2058 1614
35 1649 286
36 881 1151
37 3744 3275
38 1554 2385
39 1287 2662
40 3847 249
41 1152 867
42 771 650
43 2362 1412
44 832 2751
45 532 4215
46 3869 209
47 112 3030
48 770 2949
49 486 1846
50 3718 3058
51 99 997
52 1161 121
53 2777 2813
54 1254 2454
55 801 142
56 2595 2230
57 3430 595
58 124 2281
59 2884 1092
60 2276 2170
61 3009 436
62 1462 1549
63 2506 188
64 3932 625
65 4066 2271
66 1965 4238
67 1902 4063
68 1676 3176
69 932 3488
70 1895 3268
71 1886 356
72 501 1554
73 2665 1015
74 4331 516
75 3867 2547
76 1993 742
77 780 23
78 2824 3471
79 3396 2571
80 4199 3783
81 526 296
82 215 3505
83 507 4157
84 171 1363
85 490 4269
86 4340 4227
87 1590 1207
88 3460 4188
89 4336 2870
90 209 1746
91 663 4003
92 2397 3498
93 4110 2719
94 2131 1526
95 405 3837
96 2364 936
97 4114 607
98 3564 100
99 1753 3056
100 1758 890
101 4233 3290
102 167 3644
103 2338 1097
104 2801 741
105 1076 3824
106 302 2691
107 2857 4314
108 57 383
109 1422 3076
110 1711 1147
111 3277 2633
112 2091 2363
113 3151 589
114 1483 1030
115 1800 3031
116 3317 3574
117 1691 376
118 342 719
119 3617 3145
120 3556 3725
121 804 1117
122 3778 3073
123 1904 2562
124 1292 725
125 1060 1694
126 1484 4157
127 3357 2463
128 3308 2985
129 3628 1563
130 589 3360
131 2457 241
132 512 231
133 2448 3376
134 346 171
135 4091 135
136 2933 1435
137 3088 2261
138 789 1521
139 1244 2954
140 1944 2987
141 632 725
142 1074 461
143 2132 583
144 2615 2049
145 665 4151
146 2842 682
147 347 2312
148 2846 3444
149 3238 24
150 1563 3248
151 3576 2787
152 3260 3936
153 3232 992
154 2854 2054
155 1518 3449
156 995 1105
157 2475 1761
158 1784 674
159 2242 3601
160 3708 884
161 2967 1811
162 1050 3075
163 4078 2035
164 3008 3830
165 895 1410
166 3241 1392
167 3313 2629
168 880 1707
169 3381 1454
170 1510 3102
171 21 257
172 2414 4312
173 164 3450
174 2511 3221
175 3391 3293
176 2322 2898
177 3869 2765
178 3053 1819
179 4267 3529
180 1054 829
181 3315 2597
182 1676 144
183 1333 405
184 1890 2501
185 1414 2599
186 1213 2145
187 2081 1185
188 97 2120
189 2972 4016
190 1719 1078
191 4324 2899
192 3674 634
193 1435 3439
194 3178 324
195 1265 580
196 4272 184
197 3432 336
198 1995 1715
199 3701 1715
200 4154 821
201 2052 3091
202 3739 4024
203 1099 3433
204 1780 3560
205 577 851
206 4320 3436
207 2960 3771
208 660 3908
209 2682 2216
210 4178 635
211 3320 411
212 3406 1135
213 1024 1653
214 2015 615
215 191 1687
216 2072 132
217 3637 2874
218 3960 3770
219 617 337
220 631 2305
221 333 1891
222 1442 1096
223 620 3533
224 2264 705
225 1640 872
226 1901 1603
227 2664 46
228 2767 643
229 186 4291
230 3888 3212
231 1422 2554
232 3884 1346
233 388 1469
234 3059 3913
235 973 3169
236 3657 2963
237 1240 1161
238 3740 801
239 4270 2418
240 653 2889
241 1432 759
242 619 3098
243 1402 3205
244 3340 2108
245 1023 3050
246 614 3819
247 2127 298
248 3261 3230
249 4054 1922
250 4038 3778
251 1815 4145
252 1187 3501
253 2257 843
254 3999 4120
255 504 3264
256 4085 492
257 775 2668
258 1924 1520
259 813 1297
260 126 177
261 1622 1026
262 2201 156
263 2420 392
264 1109 2408
265 2845 387
266 2991 3584
267 1694 2313
268 3997 1719
269 2712 451
270 1315 292
271 3226 824
272 1886 952
273 1007 2201
274 775 3150
275 3466 3528
276 4210 299
277 303 483
278 3168 3774
279 3836 1925
280 3586 3921
281 120 1038
282 4303 2456
283 586 3961
284 3799 1994
285 4277 3159
286 2936 1518
287 3714 1043
288 1585 712
289 1311 1006
290 2534 2212
291 135 4275
292 1283 1417
293 2090 1149
294 1964 3338
295 2727 391
296 37 4329
297 1855 749
298 1365 549
299 1867 2658
300 1921 4310
301 137 2729
302 758 3582
303 1010 1639
304 638 402
305 3488 2417
306 3543 289
307 326 2770
308 1704 2308
309 3520 1920
310 1101 1751
311 958 232
312 253 1999
313 1178 2438
314 2195 1149
315 1618 3298
316 450 4122
317 1010 3327
318 1436 3291
319 2186 3214
320 1484 758
321 2688 2467
322 1963 261
323 1751 990
324 1400 1580
325 1360 1132
326 683 694
327 3928 2159
328 3820 2012
329 4258 4107
330 1567 2096
331 3542 2554
332 4347 3327
333 547 4067
334 2612 589
335 2248 4343
336 3101 102
337 1041 3100
338 2129 1538
339 3408 3517
340 1284 2440
341 3307 3169
342 246 486
343 3133 3019
344 248 560
345 2439 947
346 2546 2255
347 1935 4203
348 1892 1676
349 3321 1388
350 1628 805
351 2126 2121
352 727 3463
353 3019 1340
354 3723 190
355 1363 2217
356 3164 1184
357 119 3000
358 3525 632
359 2189 22
360 1474 2386
361 239 398
362 3676 1514
363 3214 3795
364 3925 3250
365 1198 3978
366 2005 1571
367 3899 614
368 1331 244
369 2357 2372
370 1767 4145
371 3664 2800
372 752 685
373 2070 1367
374 2994 3636
375 1641 1839
376 778 1370
377 2412 3140
378 2933 648
379 4114 1468
380 246 3240
381 3577 549
382 2470 3927
383 2216 21
384 1673 1746
385 3855 1962
386 1823 2940
387 2341 236
388 1736 3783
389 2496 840
390 1523 2057
391 3320 62
392 2760 2329
393 861 165
394 2357 3842
395 2795 373
396 966 3279
397 2651 3029
398 3705 3055
399 1732 3014
400 3633 1804
401 3961 1792
402 2408 4302
403 1548 3204
404 3459 205
405 3411 3289
406 1825 583
407 1763 131
408 2220 3303
409 2915 1593
410 3827 3087
411 818 3885
412 1767 2855
413 3923 3098
414 3844 1910
415 4167 4313
416 1130 2800
417 3444 868
418 1885 4176
419 2501 1191
420 4162 1312
421 2841 1172
422 4068 2544
423 1377 3214
424 917 187
425 804 1792
426 4296 120
427 3278 2798
428 3447 1287
429 49 2844
430 592 106
431 3673 1110
432 1926 2726
433 1327 3976
434 2677 3618
435 3206 1759
436 2845 3104
437 1018 1575
438 3627 3705
439 1386 279
440 3893 3902
441 211 3018
442 556 2196
443 3343 1615
444 823 2360
445 3333 1411
446 213 2507
447 51 4173
448 3707 3903
449 3202 147
450 2279 2731
451 3097 3971
452 1380 1684
453 788 2444
454 2192 861
455 54 2478
456 3594 1559
457 2413 2743
458 1911 4244
459 2213 2952
460 2822 833
461 424 3991
462 1931 4307
463 3244 2966
464 290 4123
465 1949 1628
466 2389 396
467 2757 1051
468 2263 3820
469 601 890
470 3129 410
471 1430 3747
472 4196 4015
473 2588 2103
474 201 376
475 4353 1337
476 3670 291
477 3953 2001
478 2562 1447
479 437 530
480 1851 1281
481 3625 693
482 45 876
483 1947 1775
484 301 3305
485 1520 2321
486 3175 1192
487 4241 3015
488 4029 294
489 367 3787
490 1889 647
491 458 378
492 597 2037
493 1032 3735
494 601 2137
495 4012 399
496 1613 3938
497 3549 1861
498 2552 2852
499 3962 2471
500 1760 2347
501 2458 2593
502 610 3072
503 1896 1816
504 2316 1187
505 2086 3313
506 2313 3330
507 4177 2067
508 317 736
509 2510 1602
510 993 9
511 1620 2110
512 170 3181
513 1770 2484
514 1997 1804
515 170 2075
516 582 3257
517 446 3746
518 161 194
519 2305 71
520 3264 14
521 3482 2251
522 3119 976
523 2173 2284
524 1444 1851
525 186 2643
526 1506 823
527 3994 1472
528 1120 1035
529 543 3850
530 2982 571
531 939 2131
532 192 1708
533 3580 2628
534 1766 1077
535 3702 309
536 1010 761
537 386 3583
538 3275 2626
539 2086 3877
540 3490 4344
541 3396 256
542 4108 394
543 1224 1259
544 2080 1468
545 244 4303
546 3201 3289
547 2326 2432
548 2661 2059
549 2748 23
550 567 4162
551 3495 1056
552 3394 3153
553 2078 3263
554 1455 631
555 3988 3719
556 121 2644
557 1885 227
558 1751 2170
559 2261 249
560 3810 4191
561 1481 3739
562 2303 1768
563 4058 1288
564 4215 4143
565 2015 243
566 2381 328
567 2490 3722
568 1712 2393
569 2607 3017
570 394 1720
571 2768 3536
572 3199 4233
573 3204 3419
574 34 3880
575 4265 2208
576 1221 28
577 599 3742
578 1752 2053
579 679 3844
580 3948 3400
581 3700 568
582 1760 3144
583 673 3466
584 3211 254
585 2860 4151
586 2395 428
587 3321 1058
588 3550 3479
589 4305 3528
590 2015 188
591 3436 434
592 2931 3684
593 2893 841
594 468 2499
595 966 2661
596 1853 1845
597 1364 4326
598 1680 1177
599 1427 303
600 573 459
601 1709 2912
602 2995 3149
603 3247 3363
604 3588 3301
605 2101 161
606 3844 1837
607 3871 1662
608 3122 1559
609 948 4082
610 3546 231
611 4150 3873
612 2770 3438
613 2014 934
614 2436 1324
615 2953 3603
616 316 358
617 506 3572
618 3906 4352
619 3411 2565
620 2130 2364
621 2591 3336
622 1514 1044
623 4346 2428
624 1235 3932
625 386 18
626 2708 2260
627 4143 1034
628 1739 1276
629 4034 1046
630 2053 2921
631 2626 3405
632 3385 3471
633 2812 1123
634 4160 1647
635 1740 126
636 3247 3388
637 1039 436
638 1416 4128
639 2947 1740
640 1558 3476
641 2841 2914
642 208 1152
643 2890 3383
644 3008 1503
645 3928 3927
646 100 4079
647 3334 1213
648 244 479
649 3835 965
650 517 138
651 3922 120
652 669 2724
653 1661 2333
654 928 3242
655 3140 3597
656 555 3799
657 3569 448
658 119 3715
659 1238 1103
660 3000 3486
661 545 3786
662 2591 1687
663 534 1139
664 1940 3558
665 3237 1194
666 136 3976
667 3990 506
668 4210 3028
669 2298 1899
670 3600 2257
671 3340 3505
672 4169 4115
673 2416 1270
674 1857 342
675 3571 68
676 876 2338
677 1548 742
678 2030 264
679 4320 3567
680 595 939
681 3164 3706
682 3410 626
683 1487 4099
684 2647 453
685 3133 2278
686 3969 4094
687 1004 4344
688 1665 1227
689 1440 2634
690 2293 2001
691 370 37
692 1188 3971
693 4137 826
694 1459 995
695 1759 385
696 4279 511
697 3743 3229
698 1443 648
699 3853 3381
700 708 4063
701 2471 1422
702 2747 1729
703 3594 360
704 2484 3005
705 3201 3350
706 2365 1131
707 2953 1402
708 2368 1048
709 1112 3040
710 3620 1727
711 3136 3801
712 161 3250
713 3086 2651
714 507 2273
715 128 4271
716 1769 3337
717 3207 3604
718 214 4353
719 313 1898
720 1904 3938
721 1497 1529
722 2575 2029
723 19 2531
724 1768 3777
725 970 1191
726 2106 1333
727 2725 2335
728 4305 1650
729 3898 1916
730 2082 2781
731 465 241
732 1246 668
733 1725 1158
734 3098 2631
735 3446 4198
736 2165 729
737 3442 3579
738 1020 1294
739 1101 2696
740 1587 263
741 1335 3990
742 1181 1820
743 309 467
744 1038 3234
745 2506 2793
746 743 341
747 839 2427
748 3898 2776
749 3497 1461
750 2230 1330
751 275 3268
752 2045 1019
753 1323 1996
754 4084 911
755 4081 3505
756 2675 2762
757 61 1879
758 2565 1997
759 3568 790
760 3586 296
761 4327 3968
762 3851 753
763 3011 3045
764 2302 1155
765 1012 90
766 3611 1883
767 3551 1949
768 1078 1175
769 2581 4044
770 2527 4024
771 1382 590
772 2278 3673
773 3958 65
774 3186 1424
775 1783 2030
776 4267 2405
777 1655 1595
778 894 8
779 3420 1279
780 626 2328
781 2317 779
782 3953 2249
783 1018 1327
784 3921 54
785 1943 1099
786 28 1448
787 69 1047
788 2765 1973
789 513 948
790 4171 1092
791 849 1301
792 2498 1656
793 2484 4072
794 3000 1459
795 4154 1034
796 3662 1949
797 364 234
798 4168 1685
799 3645 3260
800 2775 567
801 841 1281
802 4060 623
803 3860 3612
804 2903 829
805 1223 2008
806 1722 2610
807 3590 2681
808 3087 3194
809 3933 1937
810 3289 1033
811 2117 372
812 4154 4227
813 1418 1069
814 376 199
815 3863 3218
816 3813 3483
817 3187 1454
818 2247 886
819 2709 1046
820 2086 1266
821 2622 4254
822 597 161
823 1039 4140
824 2610 1162
825 3355 2332
826 3441 1883
827 1974 1942
828 1805 2641
829 3118 710
830 3728 3318
831 24 3779
832 3006 2794
833 4270 3986
834 3717 3005
835 936 3907
836 736 2028
837 1480 1796
838 3013 1898
839 2955 4276
840 786 505
841 2829 1147
842 343 4097
843 1092 305
844 1712 1200
845 1224 2764
846 3010 154
847 2465 3790
848 3552 3563
849 1721 2373
850 4086 4139
851 4011 1588
852 1878 3938
853 1269 3243
854 4145 1804
855 834 1915
856 2185 4022
857 2283 45
858 3668 2178
859 2351 3595
860 2987 4015
861 448 1423
862 2172 2509
863 1145 210
864 829 1831
865 12 2224
866 786 361
867 1392 3530
868 712 1180
869 3444 1451
870 1259 1360
871 405 1008
872 3685 3378
873 1878 130
874 3104 2486
875 3448 2870
876 1278 1951
877 1239 3262
878 2487 3788
879 256 1465
880 1667 349
881 3848 2113
882 4168 1847
883 3375 4204
884 4166 987
885 3221 1525
886 1881 3070
887 99 1371
888 543 3421
889 2005 3922
890 3235 1575
891 1254 2896
892 1577 1303
893 2164 3467
894 2819 2650
895 3302 3394
896 2963 3814
897 588 2305
898 105 244
899 4238 1097
900 2352 1975
901 272 1671
902 2684 1877
903 3996 3452
904 4103 110
905 3288 437
906 3988 3490
907 265 2195
908 3163 3568
909 2024 3133
910 3711 1021
911 1860 2197
912 4348 1561
913 3985 2233
914 2445 1168
915 1527 507
916 1469 2319
917 3222 3763
918 1748 86
919 2136 1587
920 308 2453
921 4335 2043
922 2749 2474
923 66 2030
924 3830 1762
925 1826 412
926 1188 1717
927 1873 3426
928 1992 471
929 1997 903
930 828 428
931 2929 777
932 1870 2684
933 3622 2367
934 3737 3272
935 3288 3688
936 4136 1988
937 1739 724
938 3076 2509
939 3368 4161
940 16 1812
941 2946 1753
942 1675 4355
943 1990 4273
944 1405 2896
945 2098 3101
946 4150 3576
947 2229 2858
948 307 3430
949 1704 349
950 1778 732
951 203 2835
952 801 912
953 1179 1120
954 1762 4107
955 3475 11
956 1866 759
957 384 4186
958 2714 855
959 4122 2426
960 140 187
961 1295 2218
962 3434 1995
963 834 1456
964 3012 524
965 180 2124
966 1921 2201
967 4226 1324
968 2576 3780
969 1824 567
970 1639 221
971 3699 3030
972 2979 2218
973 2453 1936
974 3529 1464
975 3021 2677
976 3253 1104
977 1189 1917
978 2489 1038
979 1712 626
980 1785 870
981 4243 2555
982 1060 1136
983 4076 4195
984 2533 4006
985 960 2450
986 3131 2267
987 2033 1273
988 4189 3302
989 120 3859
990 3050 150
991 3175 1458
992 3208 1297
993 1227 2920
994 2715 2720
995 264 560
996 2129 373
997 3853 580
998 156 2848
999 729 3768
1000 3632 3694
1001 333 2847
1002 4117 2996
1003 4 460
1004 478 2930
1005 4274 3060
1006 2019 2739
1007 4025 2306
1008 4197 603
1009 3337 3410
1010 2832 3746
1011 4008 4058
1012 3838 1241
1013 2416 3022
1014 4233 594
1015 673 1580
1016 464 557
1017 2055 1775
1018 2046 544
1019 2677 471
1020 2920 2511
1021 4233 665
1022 3134 885
1023 1938 2643
1024 339 1081
1025 960 2851
1026 3512 1572
1027 91 3448
1028 854 3673
1029 3438 3065
1030 2555 1734
1031 3101 4021
1032 1734 3107
1033 3973 2779
1034 2926 2793
1035 3051 3659
1036 3657 3012
1037 2495 1468
1038 4297 212
1039 906 391
1040 3819 393
1041 846 2531
1042 634 1421
1043 3102 2523
1044 962 1094
1045 1934 2053
1046 1665 3819
1047 1884 2789
1048 1579 2383
1049 4166 2505
1050 3477 3452
1051 182 2038
1052 2201 1283
1053 4036 3227
1054 868 3145
1055 10 436
1056 3669 259
1057 3238 794
1058 2864 685
1059 2627 1209
1060 1873 4335
1061 4121 2746
1062 3316 930
1063 902 770
1064 1228 226
1065 813 3243
1066 2507 1620
1067 614 1201
1068 3050 2585
1069 3094 3008
1070 993 4275
1071 3705 3940
1072 2761 392
1073 21 4144
1074 1128 2141
1075 641 1907
1076 1925 285
1077 981 3120
1078 244 1386
1079 3212 1486
1080 836 555
1081 1311 384
1082 503 3751
1083 1484 628
1084 626 1456
1085 615 3921
1086 3799 1603
1087 431 3565
1088 367 2584
1089 621 3197
1090 3363 1005
1091 272 3426
1092 348 1824
1093 3421 2568
1094 2193 3564
1095 2189 231
1096 906 2899
1097 4166 1703
1098 4131 157
1099 3327 2408
1100 1083 2960
1101 22 4024
1102 3621 2601
1103 3829 1465
1104 742 1850
1105 3997 3202
1106 4129 4348
1107 3825 2548
1108 1359 2111
1109 774 2168
1110 1171 255
1111 1353 1247
1112 2973 2393
1113 4026 3314
1114 205 1591
1115 1495 2787
1116 227 3680
1117 2724 676
1118 972 708
1119 554 15
1120 319 4278
1121 2461 2237
1122 2049 2691
1123 1811 1187
1124 1214 882
1125 50 193
1126 4217 2852
1127 1016 3069
1128 614 614
1129 2105 3152
1130 3518 2525
1131 1213 351
1132 3483 2145
1133 1504 1645
1134 564 3333
1135 350 4334
1136 2763 462
1137 1774 71
1138 1924 793
1139 3470 3725
1140 1425 2066
1141 1744 692
1142 2613 1835
1143 667 2209
1144 973 1218
1145 2101 2681
1146 2270 566
1147 2656 3171
1148 3954 1211
1149 2594 1059
1150 2181 3851
1151 3418 488
1152 3775 512
1153 3567 2249
1154 3763 2327
1155 1891 1964
1156 3992 839
1157 112 679
1158 421 1923
1159 3194 307
1160 1258 3468
1161 1333 693
1162 1804 819
1163 2792 4350
1164 4090 1453
1165 1491 934
1166 1086 751
1167 140 1060
1168 1934 3812
1169 848 673
1170 804 885
1171 169 3527
1172 3226 3312
1173 2859 972
1174 3658 2253
1175 4187 1339
1176 1685 2237
1177 1714 1892
1178 2810 827
1179 4238 4098
1180 2873 1167
1181 2505 750
1182 833 289
1183 4263 3938
1184 1071 2835
1185 2186 1881
1186 3295 4298
1187 576 1205
1188 2648 102
1189 2456 1689
1190 332 736
1191 528 3577
1192 709 948
1193 890 1566
1194 1318 1271
1195 2313 870
1196 4272 3114
1197 1599 3515
1198 316 888
1199 24 898
1200 1145 1124
1201 1052 1016
1202 1638 3983
1203 2176 3480
1204 2450 3593
1205 2439 144
1206 2338 2917
1207 3328 3269
1208 67 2994
1209 1240 1051
1210 1513 3854
1211 97 2338
1212 2183 3278
1213 3546 845
1214 2360 4244
1215 1633 3764
1216 1037 4169
1217 1982 3357
1218 1127 963
1219 1098 4135
1220 3312 112
1221 105 4055
1222 3565 2283
1223 1075 1655
1224 4231 902
1225 873 987
1226 3195 337
1227 4070 3589
1228 4342 4218
1229 276 1100
1230 3020 4358
1231 265 3193
1232 2227 2231
1233 3273 2658
1234 20 4031
1235 1366 3922
1236 202 3955
1237 3812 2872
1238 4350 2067
1239 1122 471
1240 3241 2225
1241 2495 3567
1242 3347 3192
1243 337 209
1244 1669 1719
1245 1388 3497
1246 170 614
1247 1736 1031
1248 619 736
1249 1204 966
1250 771 3178
1251 3658 4089
1252 2063 3499
1253 2603 946
1254 99 4276
1255 1004 4061
1256 841 1538
1257 2569 1837
1258 1043 2002
1259 2313 3333
1260 3419 388
1261 1250 2058
1262 4328 4251
1263 4295 1871
1264 1460 2828
1265 1007 3857
1266 3293 2637
1267 3744 4132
1268 3137 4256
1269 3051 3909
1270 1253 1112
1271 1930 4186
1272 3918 4082
1273 1879 958
1274 3505 320
1275 927 954
1276 2169 442
1277 1343 3328
1278 1808 3622
1279 1005 2082
1280 2176 2898
1281 1402 3403
1282 2705 3303
1283 655 4043
1284 670 3121
1285 998 4025
1286 379 1124
1287 4010 3932
1288 2410 4233
1289 3826 3691
1290 358 609
1291 3450 2950
1292 1951 1793
1293 2970 2460
1294 2536 3430
1295 3658 774
1296 2925 4027
1297 3726 3924
1298 441 2601
1299 3431 2198
1300 1391 1183
1301 3619 1446
1302 855 538
1303 198 2524
1304 2475 694
1305 1073 994
1306 2594 1998
1307 1138 2530
1308 1221 232
1309 1331 380
1310 817 412
1311 3399 3756
1312 404 407
1313 690 596
1314 1859 3475
1315 2985 1694
1316 1819 3857
1317 475 2236
1318 991 3482
1319 1902 1931
1320 66 2834
1321 3820 2957
1322 3469 2390
1323 1727 4094
1324 3419 4192
1325 443 1818
1326 3602 3568
1327 3899 301
1328 653 1525
1329 567 3227
1330 3304 3284
1331 4324 4009
1332 1484 3312
1333 3564 3315
1334 1188 1755
1335 2400 120
1336 614 436
1337 700 3779
1338 2414 2962
1339 3410 1707
1340 1912 2792
1341 193 4333
1342 2493 849
1343 990 1568
1344 4135 1509
1345 2868 3489
1346 688 413
1347 937 2264
1348 672 540
1349 801 771
1350 3662 3646
1351 2734 2162
1352 1457 829
1353 400 3571
1354 679 1554
1355 1306 895
1356 3773 177
1357 2949 2812
1358 3712 3168
1359 3033 4292
1360 972 3041
1361 1001 1214
1362 731 877
1363 2654 1180
1364 296 2972
1365 2127 1101
1366 1476 891
1367 872 2659
1368 825 2181
1369 2712 3999
1370 3574 1389
1371 543 3052
1372 3890 322
1373 208 2281
1374 244 660
1375 2099 939
1376 3842 2294
1377 1686 4259
1378 2976 2861
1379 3293 3451
1380 2164 2544
1381 416 1519
1382 2728 1441
1383 428 1066
1384 4184 2899
1385 1324 1806
1386 788 2219
1387 3178 3728
1388 2271 700
1389 3384 2843
1390 2217 4038
1391 2516 68
1392 2274 2022
1393 2884 366
1394 201 3460
1395 2318 3823
1396 4348 17
1397 3963 2770
1398 4112 1464
1399 4196 3807
1400 2428 1223
1401 3237 4008
1402 1265 733
1403 1586 1085
1404 1660 998
1405 2328 1794
1406 3999 1125
1407 3157 3991
1408 1748 2425
1409 3058 2744
1410 212 931
1411 343 1758
1412 1456 2591
1413 1472 3063
1414 2165 4353
1415 927 2609
1416 2677 1834
1417 2466 1733
1418 572 843
1419 2647 2361
1420 1336 2849
1421 2309 230
1422 4021 2434
1423 2341 188
1424 2032 1831
1425 2744 2242
1426 3778 3002
1427 1658 1442
1428 3911 4217
1429 3816 2020
1430 1711 1716
1431 350 530
1432 3821 660
1433 1980 2853
1434 455 3396
1435 3562 238
1436 1341 3493
1437 113 2911
1438 421 84
1439 1652 819
1440 1405 2487
1441 2983 4338
1442 2651 1120
1443 870 3466
1444 1234 3312
1445 2410 3067
1446 670 3488
1447 400 3233
1448 1282 68
1449 2730 1736
1450 112 1409
1451 2817 699
1452 2337 137
1453 3587 957
1454 2005 164
1455 3962 2940
1456 1021 273
1457 414 738
1458 1366 3086
1459 348 2038
1460 3257 236
1461 1982 2459
1462 3138 3190
1463 165 1687
1464 2078 283
1465 1676 2886
1466 696 2002
1467 2439 3888
1468 1661 790
1469 1124 120
1470 1686 3178
1471 2600 2263
1472 678 1870
1473 3013 161
1474 4165 2395
1475 1635 854
1476 3132 1924
1477 885 115
1478 4330 4085
1479 293 434
1480 903 1224
1481 234 1527
1482 2927 374
1483 1377 1589
1484 1360 2595
1485 3282 1233
1486 3184 4317
1487 3149 1196
1488 3185 710
1489 1277 3887
1490 1638 40
1491 3203 1586
1492 1379 2064
1493 4174 4253
1494 1143 1878
1495 337 2131
1496 4181 3052
1497 4277 1044
1498 2732 3445
1499 4097 1274
1500 156 281
1501 3279 70
1502 1066 1774
1503 1378 667
1504 3118 3408
1505 3509 4187
1506 3906 2532
1507 452 202
1508 3501 3169
1509 1945 2704
1510 1009 1745
1511 1136 3594
1512 1522 3375
1513 356 3987
1514 241 1856
1515 3406 79
1516 3999 3871
1517 3147 2680
1518 438 3620
1519 3333 1965
1520 444 3197
1521 2917 1223
1522 1105 4192
1523 3287 3726
1524 2684 975
1525 1966 180
1526 2344 3549
1527 2842 4248
1528 733 40
1529 1551 1653
1530 3868 2463
1531 9 2244
1532 4275 1558
1533 3172 1608
1534 3994 3624
1535 888 2512
1536 117 20
1537 1661 1202
1538 243 363
1539 827 262
1540 1726 2153
1541 1134 2945
1542 1156 3818
1543 2400 1627
1544 1797 3671
1545 3463 2083
1546 2046 65
1547 120 3513
1548 4094 917
1549 1492 3756
1550 3031 937
1551 419 2477
1552 1239 126
1553 1998 3028
1554 1695 2878
1555 3305 2186
1556 1804 128
1557 1072 1375
1558 1604 2217
1559 153 2756
1560 963 3061
1561 1923 1787
1562 351 1455
1563 414 262
1564 720 909
1565 835 414
1566 1765 96
1567 2980 141
1568 3811 3259
1569 4303 2933
1570 1047 273
1571 2688 2954
1572 2741 1507
1573 3501 2726
1574 1217 1546
1575 2229 1804
1576 3959 2298
1577 1851 943
1578 1815 1232
1579 3208 331
1580 899 2574
1581 2047 1724
1582 3843 2301
1583 85 1022
1584 4097 2522
1585 465 3061
1586 57 4315
1587 2928 2855
1588 3011 1627
1589 3900 2726
1590 3564 3516
1591 2965 42
1592 4193 3189
1593 1656 3662
1594 2701 1765
1595 1280 953
1596 1165 2423
1597 3962 4192
1598 4035 3303
1599 1838 2146
1600 3480 3931
1601 2154 2749
1602 190 1229
1603 681 559
1604 1708 2672
1605 93 767
1606 946 2280
1607 96 1485
1608 192 3015
1609 113 143
1610 3067 4062
1611 1637 4350
1612 3312 1433
1613 1148 3625
1614 1171 1990
1615 213 1304
1616 4242 2639
1617 1589 771
1618 2477 2446
1619 2612 1707
1620 937 2161
1621 968 41
1622 702 1462
1623 3614 4039
1624 4326 3384
1625 2566 4212
1626 2807 3682
1627 1879 28
1628 1034 275
1629 1619 4126
1630 2236 2499
1631 3668 3120
1632 429 374
1633 4295 1680
1634 3432 871
1635 3592 1604
1636 3562 4054
1637 2566 1069
1638 3263 3733
1639 3000 1607
1640 1313 3759
1641 1648 452
1642 1386 3818
1643 623 2033
1644 4116 4222
1645 2521 249
1646 974 1542
1647 2258 3993
1648 202 671
1649 706 2997
1650 1245 1127
1651 4141 2385
1652 4351 1448
1653 1158 3537
1654 2156 1821
1655 4213 1804
1656 682 1324
1657 918 3543
1658 219 4189
1659 292 863
1660 1165 666
1661 1365 3561
1662 3777 1079
1663 2656 2933
1664 3489 2947
1665 3421 1680
1666 2533 2527
1667 1708 345
1668 1216 2735
1669 1968 2351
1670 1310 311
1671 1557 1776
1672 1753 3928
1673 2192 1309
1674 2404 1315
1675 4326 2700
1676 1375 3398
1677 120 886
1678 1548 3956
1679 4101 3939
1680 282 2089
1681 1088 466
1682 536 3023
1683 3748 862
1684 3524 2922
1685 1597 2549
1686 2517 587
1687 1456 3386
1688 245 4331
1689 2886 702
1690 4267 3574
1691 150 1282
1692 1344 4242
1693 3233 2536
1694 2201 1240
1695 649 2651
1696 2996 3650
1697 2276 3780
1698 3254 3974
1699 3813 3199
1700 3964 3594
1701 3484 2141
1702 257 2808
1703 655 546
1704 1360 1596
1705 785 1370
1706 1842 676
1707 2634 1536
1708 817 1463
1709 56 2799
1710 2382 2185
1711 588 3925
1712 896 342
1713 2568 2269
1714 3335 3268
1715 967 2891
1716 2728 1943
1717 333 2797
1718 4313 3663
1719 3929 336
1720 224 1364
1721 376 289
1722 3671 3045
1723 1781 302
1724 2410 2013
1725 1837 4260
1726 2804 4263
1727 551 33
1728 3559 4124
1729 28 3460
1730 3826 4179
1731 59 196
1732 2608 1600
1733 273 1271
1734 1967 1135
1735 1879 4133
1736 3422 386
1737 2020 211
1738 835 2578
1739 4204 3500
1740 643 1843
1741 2753 2197
1742 1771 1340
1743 2817 3295
1744 3879 3149
1745 1672 1243
1746 873 2280
1747 752 2337
1748 956 3917
1749 3079 226
1750 2273 569
1751 1720 455
1752 994 4103
1753 3923 3465
1754 1285 779
1755 2345 242
1756 1900 3346
1757 1435 51
1758 3490 1517
1759 2099 2616
1760 1984 592
1761 1533 1753
1762 1290 782
1763 3727 1978
1764 2083 3743
1765 4127 3878
1766 640 3973
1767 1260 255
1768 1179 2731
1769 439 713
1770 1711 2423
1771 3283 1664
1772 2220 297
1773 3355 702
1774 3427 844
1775 3251 2586
1776 1148 3958
1777 2595 4230
1778 493 3915
1779 391 2839
1780 367 118
1781 3521 555
1782 1036 3546
1783 1435 1765
1784 4123 1509
1785 3320 3860
1786 887 2478
1787 4283 4342
1788 652 3609
1789 1002 1975
1790 3084 753
1791 1588 1686
1792 2881 3414
1793 3848 2858
1794 348 1607
1795 2856 2936
1796 4022 2881
1797 3710 4185
1798 388 1232
1799 382 1602
1800 2144 3534
1801 2748 203
1802 3494 3274
1803 4031 3100
1804 3612 250
1805 2423 1132
1806 1422 3700
1807 43 1141
1808 1009 4017
1809 4246 4205
1810 2150 3
1811 2722 374
1812 2201 177
1813 901 4088
1814 4050 4360
1815 1748 1236
1816 3515 901
1817 245 524
1818 3220 1824
1819 257 1842
1820 700 3451
1821 2682 3463
1822 3713 4308
1823 866 421
1824 946 94
1825 860 1199
1826 2538 2047
1827 3982 631
1828 279 1645
1829 4343 1968
1830 1884 1594
1831 4133 2501
1832 1940 3114
1833 1515 1697
1834 1905 2507
1835 2945 2993
1836 1964 4205
1837 3684 615
1838 3829 609
1839 984 3856
1840 2124 1134
1841 4211 1400
1842 105 2986
1843 2923 2940
1844 4258 1838
1845 4099 3465
1846 2875 61
1847 546 1251
1848 2851 4319
1849 1932 2281
1850 3476 2273
1851 1566 2727
1852 635 351
1853 3204 3363
1854 4201 244
1855 725 940
1856 2761 1129
1857 729 976
1858 1731 1205
1859 1753 422
1860 3456 1612
1861 1297 307
1862 2767 1578
1863 882 312
1864 3720 738
1865 1194 2523
1866 326 1074
1867 4320 4189
1868 1810 257
1869 3474 2101
1870 2470 1045
1871 1841 1355
1872 1831 782
1873 3376 3983
1874 784 2583
1875 1585 2155
1876 1034 1790
1877 1521 3350
1878 3208 4217
1879 997 891
1880 2642 1643
1881 3725 3953
1882 2264 4247
1883 3119 2572
1884 241 1565
1885 351 3964
1886 2452 3979
1887 765 4308
1888 1048 494
1889 3680 974
1890 1439 1081
1891 594 2117
1892 3160 3164
1893 2004 3203
1894 3709 1009
1895 12 2444
1896 2970 3195
1897 827 1202
1898 3200 712
1899 156 1874
1900 296 3857
1901 3274 472
1902 3307 207
1903 1825 783
1904 3018 3016
1905 3959 1491
1906 698 266
1907 356 3770
1908 1434 4247
1909 4297 744
1910 3080 794
1911 717 2674
1912 4320 1386
1913 3998 3398
1914 3494 2348
1915 2998 393
1916 359 213
1917 1819 2001
1918 3763 1464
1919 1779 3924
1920 2390 2077
1921 2543 1167
1922 4255 2755
1923 3872 2220
1924 1160 3519
1925 1736 654
1926 103 3013
1927 723 2031
1928 2844 1031
1929 2757 3917
1930 828 124
1931 3333 1008
1932 4205 3234
1933 3642 3039
1934 2388 3071
1935 1061 3595
1936 1043 2476
1937 2352 4067
1938 1911 1084
1939 4325 1650
1940 2065 1539
1941 698 310
1942 3827 1114
1943 899 1322
1944 4037 170
1945 209 1911
1946 1304 1359
1947 2721 2870
1948 772 3552
1949 1032 3986
1950 1677 3619
1951 1254 852
1952 3731 4350
1953 2176 2454
1954 2994 4140
1955 683 2651
1956 2254 948
1957 3566 1022
1958 3587 3056
1959 3543 4099
1960 1077 3285
1961 3776 468
1962 4124 1182
1963 1763 1133
1964 1826 2870
1965 4084 2570
1966 1447 2725
1967 871 1607
1968 908 1331
1969 769 1247
1970 3183 35
1971 4171 3793
1972 2975 2242
1973 4100 3408
1974 3481 112
1975 1406 1330
1976 3226 4125
1977 1701 1844
1978 1718 2488
1979 371 2412
1980 72 340
1981 3439 183
1982 1490 893
1983 4206 1436
1984 3071 98
1985 1747 312
1986 112 1818
1987 3116 51
1988 1740 1388
1989 653 915
1990 835 2153
1991 3585 4032
1992 821 501
1993 1869 1263
1994 1278 342
1995 1719 739
1996 2189 4076
1997 799 1881
1998 894 4146
1999 3630 771
2000 2196 2939
2001 2212 3312
2002 4195 4145
2003 486 1817
2004 1045 794
2005 528 1623
2006 3379 2500
2007 1046 1915
2008 286 1155
2009 1570 4358
2010 1118 3912
2011 1689 1338
2012 291 2196
2013 2462 3576
2014 970 4205
2015 1652 2516
2016 3827 1008
2017 1750 134
2018 1505 2424
2019 401 699
2020 2169 861
2021 293 2083
2022 1239 4353
2023 3351 2628
2024 2061 3831
2025 2683 599
2026 3341 3837
2027 4056 3593
2028 2440 500
2029 1876 2597
2030 216 2533
2031 1938 3735
2032 1324 750
2033 40 4156
2034 3842 1941
2035 1662 3721
2036 546 3797
2037 3356 2785
2038 3799 3215
2039 1932 1099
2040 3121 1882
2041 576 3083
2042 1170 366
2043 2781 776
2044 22 2237
2045 1440 70
2046 3438 3867
2047 855 3965
2048 1750 2112
2049 1491 4009
2050 909 2539
2051 132 3347
2052 3198 3193
2053 2254 3384
2054 2437 4198
2055 2315 1609
2056 3451 3820
2057 4066 163
2058 478 1514
2059 4214 1711
2060 507 4286
2061 1402 925
2062 2069 750
2063 2531 3372
2064 2234 372
2065 3998 845
2066 1804 584
2067 1684 1121
2068 470 1194
2069 858 728
2070 1583 496
2071 2870 2324
2072 1412 684
2073 2512 3677
2074 369 858
2075 669 2910
2076 3407 3360
2077 266 672
2078 2301 2215
2079 3663 2486
2080 392 3994
2081 3577 1864
2082 2109 77
2083 260 3444
2084 3153 47
2085 889 2209
2086 743 1514
2087 3117 4022
2088 617 787
2089 698 723
2090 3738 1853
2091 938 3358
2092 140 2611
2093 993 737
2094 1446 606
2095 2234 2329
2096 3456 3971
2097 2948 490
2098 1337 3793
2099 2199 2018
2100 865 1697
2101 4298 3420
2102 3619 2359
2103 1750 1501
2104 3197 3824
2105 1529 1884
2106 379 2372
2107 2156 2533
2108 2568 798
2109 2277 1983
2110 2991 394
2111 2012 2311
2112 1978 4071
2113 704 284
2114 952 340
2115 1906 4100
2116 1556 3832
2117 2301 1639
2118 268 3652
2119 2979 3003
2120 1071 2716
2121 1532 3967
2122 1314 1311
2123 499 413
2124 1517 1010
2125 1073 2465
2126 1137 467
2127 3558 87
2128 2461 1693
2129 28 20
2130 2122 3400
2131 1687 139
2132 2835 4107
2133 1810 2307
2134 273 436
2135 1604 2071
2136 134 1318
2137 1691 1110
2138 1945 701
2139 39 3940
2140 1649 4054
2141 898 4041
2142 1029 739
2143 2247 2392
2144 1338 677
2145 4201 2275
2146 3335 3490
2147 773 2877
2148 3206 4234
2149 3090 3560
2150 1820 1853
2151 183 1464
2152 2547 3319
2153 3358 1944
2154 1869 3870
2155 1641 3252
2156 1781 4099
2157 3394 3510
2158 496 2143
2159 1215 3516
2160 2138 2449
2161 1677 74
2162 806 1013
2163 1796 3620
2164 4181 3918
2165 300 3111
2166 547 631
2167 318 4304
2168 2510 1543
2169 3622 3709
2170 2369 1683
2171 1120 4035
2172 1488 4001
2173 3824 1472
2174 1845 2282
2175 662 2602
2176 698 2062
2177 2538 3455
2178 3128 3863
2179 2341 2886
2180 3400 2695
2181 2888 2334
2182 2767 3603
2183 2784 1262
2184 1591 1861
2185 4162 2949
2186 2316 1628
2187 4164 1643
2188 1108 4335
2189 4157 2191
2190 67 4138
2191 1941 1266
2192 4317 743
2193 64 2076
2194 3677 3656
2195 3254 3941
2196 3894 68
2197 3231 1911
2198 3528 3297
2199 926 2922
2200 4230 3370
2201 2531 8
2202 149 3360
2203 2557 2891
2204 3983 3533
2205 2232 787
2206 1097 2999
2207 1219 4004
2208 3610 2202
2209 2685 359
2210 1733 3729
2211 202 3936
2212 464 4094
2213 408 1960
2214 4054 2120
2215 343 948
2216 2546 3021
2217 2984 3254
2218 2733 952
2219 204 1738
2220 1002 4220
2221 2729 2380
2222 1448 1650
2223 449 344
2224 920 3239
2225 1627 2034
2226 3024 2106
2227 1102 2631
2228 4134 3245
2229 67 4291
2230 777 1121
2231 1315 2556
2232 252 4207
2233 3401 3191
2234 3556 468
2235 2433 3746
2236 3501 2380
2237 3816 3082
2238 1968 1787
2239 486 4358
2240 3576 2871
2241 3810 1547
2242 1741 4170
2243 4196 2530
2244 392 3400
2245 4001 1159
2246 936 531
2247 3298 2378
2248 1956 3815
2249 4278 459
2250 2146 275
2251 2642 1890
2252 3888 572
2253 4030 285
2254 2937 4017
2255 1362 94
2256 250 82
2257 3032 1508
2258 773 3386
2259 2539 25
2260 3894 3663
2261 2993 4083
2262 2348 1199
2263 293 39
2264 4170 678
2265 1576 3723
2266 119 2013
2267 2129 338
2268 1939 3437
2269 2002 4038
2270 2227 3228
2271 2285 369
2272 4150 295
2273 4295 1580
2274 2440 713
2275 1308 724
2276 1647 3243
2277 1411 4065
2278 693 3021
2279 3187 4241
2280 1918 203
2281 2726 3781
2282 2882 1603
2283 3613 1642
2284 2413 2366
2285 956 4003
2286 3885 2078
2287 1504 1053
2288 971 2295
2289 1862 3115
2290 46 384
2291 2742 4123
2292 3221 3292
2293 1471 400
2294 1915 444
2295 4332 2249
2296 4335 3407
2297 2040 3818
2298 2469 621
2299 2111 2378
2300 135 4048
2301 2237 2501
2302 2944 4109
2303 3050 627
2304 1083 2721
2305 3310 297
2306 1927 1047
2307 3625 3742
2308 1502 2953
2309 1126 2656
2310 830 1885
2311 1729 3896
2312 3471 2418
2313 671 4211
2314 3830 1394
2315 2917 3842
2316 3497 2059
2317 676 3269
2318 612 945
2319 3387 2564
2320 2668 2270
2321 1254 1806
2322 2906 261
2323 53 2181
2324 971 1067
2325 1080 153
2326 2925 1591
2327 3521 3908
2328 3372 2411
2329 2 414
2330 2630 3051
2331 3761 3467
2332 2235 2886
2333 2305 762
2334 4137 291
2335 2516 4086
2336 39 1878
2337 1350 2954
2338 1737 2946
2339 2491 2672
2340 2643 3049
2341 3971 1203
2342 41 1306
2343 1565 2143
2344 2103 1923
2345 1513 269
2346 2956 1384
2347 3659 1427
2348 4149 4266
2349 2557 1955
2350 1055 2290
2351 1724 803
2352 1620 64
2353 1038 197
2354 3618 128
2355 2866 2200
2356 3800 1204
2357 2113 342
2358 3546 3800
2359 4331 3039
2360 735 3953
2361 2693 2335
2362 18 4175
2363 802 2619
2364 358 1654
2365 1183 4274
2366 269 1503
2367 3587 1897
2368 1131 1788
2369 4327 2919
2370 102 3132
2371 1138 2739
2372 2480 748
2373 3105 403
2374 192 4279
2375 4141 838
2376 3214 230
2377 3237 251
2378 1534 2523
2379 3390 1604
2380 2431 1442
2381 2799 494
2382 1533 258
2383 1002 1722
2384 4019 1147
2385 128 4208
2386 2132 537
2387 2916 154
2388 1844 2504
2389 1699 3384
2390 619 3199
2391 1210 971
2392 1162 161
2393 961 2155
2394 1849 4146
2395 3471 4268
2396 3008 3384
2397 1014 2110
2398 2189 1498
2399 1504 3845
2400 3413 789
2401 1633 3337
2402 2782 3740
2403 4127 1638
2404 3700 792
2405 3712 30
2406 1955 4289
2407 3515 781
2408 45 4131
2409 2634 430
2410 3867 2325
2411 854 3917
2412 1961 454
2413 3019 2756
2414 1398 3128
2415 429 1362
2416 4033 1217
2417 2579 3240
2418 1434 3232
2419 1987 4046
2420 1760 597
2421 4359 4166
2422 1031 3444
2423 2879 86
2424 3973 3908
2425 2039 4340
2426 1204 2195
2427 1129 3069
2428 58 1060
2429 2886 4087
2430 2247 1419
2431 3530 1080
2432 527 2768
2433 1293 1935
2434 1402 1491
2435 1609 233
2436 1464 399
2437 3312 918
2438 720 4330
2439 1134 1581
2440 2354 4171
2441 2048 517
2442 396 1469
2443 211 2494
2444 3050 363
2445 3775 2839
2446 3306 2796
2447 133 1449
2448 3495 1386
2449 695 3212
2450 1340 2021
2451 2784 1129
2452 291 757
2453 2724 743
2454 1622 528
2455 1537 1714
2456 3070 849
2457 3381 3577
2458 3050 2970
2459 4017 1207
2460 2259 2075
2461 2471 1524
2462 2573 3603
2463 681 3524
2464 2496 1702
2465 3802 3969
2466 3968 2879
2467 2368 2693
2468 706 4312
2469 2730 594
2470 1657 4224
2471 4134 1925
2472 3519 669
2473 519 1144
2474 2031 1963
2475 2317 1104
2476 2707 3403
2477 213 118
2478 137 3319
2479 1435 137
2480 932 1708
2481 3029 268
2482 744 3009
2483 618 1516
2484 3957 728
2485 1450 1086
2486 560 2466
2487 3791 3878
2488 23 1608
2489 3365 2218
2490 2579 1207
2491 1494 4304
2492 3843 3771
2493 722 2125
2494 4238 472
2495 221 81
2496 2961 3725
2497 1856 695
2498 2242 266
2499 3301 3408
2500 3060 3275
2501 3845 26
2502 21 630
2503 3132 3533
2504 2332 3721
2505 2504 4135
2506 1190 127
2507 2613 481
2508 1243 2301
2509 1477 3882
2510 1156 3063
2511 238 3514
2512 2536 3433
2513 1884 2305
2514 1440 2251
2515 305 1320
2516 783 3668
2517 1890 3248
2518 1294 890
2519 1844 3547
2520 3927 561
2521 1694 1560
2522 2648 3667
2523 3665 1466
2524 234 2575
2525 2166 3547
2526 651 836
2527 1750 533
2528 3089 703
2529 312 1730
2530 4096 2395
2531 2222 4300
2532 2629 4281
2533 3121 967
2534 3228 2089
2535 767 2846
2536 887 2816
2537 2817 3651
2538 336 2330
2539 1954 2283
2540 2273 3649
2541 597 561
2542 3602 3838
2543 4198 3258
2544 2339 4232
2545 3564 3353
2546 2323 1491
2547 1381 1932
2548 1784 851
2549 4339 2119
2550 4103 3953
2551 2165 855
2552 3270 1725
2553 1241 3817
2554 2672 860
2555 2272 428
2556 993 2436
2557 3395 2661
2558 1602 1614
2559 1701 2642
2560 3128 2995
2561 585 2552
2562 3400 3739
2563 253 4120
2564 3158 2297
2565 326 2136
2566 2174 763
2567 735 3967
2568 90 1440
2569 1420 1379
2570 470 2779
2571 140 638
2572 3864 39
2573 2359 3805
2574 3523 4147
2575 635 963
2576 2310 3241
2577 2485 478
2578 3209 1146
2579 215 1441
2580 1456 4156
2581 1429 114
2582 3715 3150
2583 3564 1628
2584 2924 1722
2585 1436 1567
2586 1283 1796
2587 3061 3511
2588 1542 4139
2589 2329 3867
2590 501 2894
2591 1921 3111
2592 4246 2465
2593 923 2083
2594 3804 2072
2595 4065 2677
2596 3109 4315
2597 645 3309
2598 4140 3082
2599 1452 1088
2600 4284 2163
2601 3961 335
2602 3918 3346
2603 276 1560
2604 3021 448
2605 1906 2157
2606 2656 1303
2607 1566 3636
2608 840 380
2609 2976 2904
2610 2722 2822
2611 565 3621
2612 2095 359
2613 4288 841
2614 410 2273
2615 3928 1505
2616 2074 2458
2617 929 1522
2618 145 3323
2619 4111 873
2620 2724 805
2621 2169 1653
2622 531 3709
2623 954 4060
2624 2331 3002
2625 630 2275
2626 3539 724
2627 1699 834
2628 4116 943
2629 3709 3070
2630 2405 1209
2631 7 2537
2632 3541 4248
2633 1950 4319
2634 3234 487
2635 4272 3539
2636 2306 1691
2637 2046 2658
2638 3656 281
2639 782 4149
2640 4257 3370
2641 3676 3333
2642 2927 601
2643 913 2202
2644 2557 1477
2645 1188 109
2646 4245 3786
2647 1929 4199
2648 3479 421
2649 3647 2728
2650 4226 1367
2651 335 3556
2652 2072 1801
2653 697 420
2654 1709 4146
2655 649 4305
2656 800 3077
2657 2314 1910
2658 1757 1830
2659 1937 647
2660 282 3670
2661 1622 1196
2662 2001 3821
2663 1287 394
2664 2070 3520
2665 765 3268
2666 2721 435
2667 2154 1758
2668 3086 1776
2669 4259 458
2670 1515 3025
2671 3827 3039
2672 4345 1434
2673 2305 23
2674 2583 2563
2675 795 2935
2676 779 2868
2677 3394 1660
2678 2282 514
2679 1928 988
2680 2099 2009
2681 3607 3179
2682 2247 1770
2683 915 1855
2684 2675 248
2685 3499 1262
2686 745 3237
2687 3909 3855
2688 4124 2082
2689 920 966
2690 1187 2111
2691 1541 868
2692 4072 855
2693 760 2878
2694 433 832
2695 268 3124
2696 3022 3737
2697 2885 1117
2698 1540 4005
2699 194 3425
2700 3425 4264
2701 2634 487
2702 1137 1295
2703 134 4009
2704 3073 4268
2705 4247 1005
2706 1506 538
2707 801 1933
2708 4336 1358
2709 1289 3416
2710 2468 3775
2711 2731 4306
2712 2670 3576
2713 512 4034
2714 3535 2435
2715 2741 2315
2716 2070 3400
2717 3863 1973
2718 1881 3318
2719 3862 3637
2720 527 2849
2721 3415 2450
2722 980 1453
2723 711 1169
2724 868 3850
2725 1812 1284
2726 755 785
2727 1838 2670
2728 4133 725
2729 2990 2858
2730 4129 2101
2731 3742 3589
2732 467 2665
2733 3146 2257
2734 1875 1259
2735 3965 3235
2736 1080 3345
2737 2727 2423
2738 2816 496
2739 2581 2698
2740 196 3275
2741 1641 2513
2742 584 4011
2743 4340 1072
2744 289 689
2745 1593 3285
2746 3282 2594
2747 1916 1839
2748 1096 2267
2749 3011 3785
2750 4076 1174
2751 1300 1547
2752 3338 2659
2753 2495 1978
2754 1480 3186
2755 429 2551
2756 1024 1151
2757 185 3854
2758 2585 336
2759 974 888
2760 2083 355
2761 3289 1595
2762 658 2147
2763 3744 2984
2764 3109 2653
2765 4107 4086
2766 2159 1422
2767 258 61
2768 198 1888
2769 880 3589
2770 4082 740
2771 254 1344
2772 432 945
2773 3691 1365
2774 2463 3958
2775 1202 1470
2776 1803 668
2777 4173 2229
2778 2097 288
2779 1937 498
2780 1786 1856
2781 841 2240
2782 2851 1388
2783 2296 761
2784 2755 4343
2785 3017 447
2786 2111 725
2787 3009 2573
2788 755 1863
2789 3311 1509
2790 2370 1557
2791 2562 2939
2792 1080 2812
2793 709 209
2794 62 3904
2795 1191 1156
2796 1886 2235
2797 662 3240
2798 3591 1343
2799 1300 1632
2800 1067 2200
2801 3034 512
2802 1951 766
2803 2077 1374
2804 2843 834
2805 3374 3582
2806 3890 2774
2807 1902 3525
2808 60 1194
2809 289 969
2810 1778 3468
2811 3266 1535
2812 482 4007
2813 2800 2796
2814 1525 608
2815 1168 1152
2816 3388 821
2817 2035 2192
2818 970 1758
2819 3098 2235
2820 3942 3337
2821 4214 3936
2822 4087 833
2823 1581 1958
2824 2029 3134
2825 4066 2635
2826 3478 1443
2827 2355 817
2828 3718 2724
2829 2089 286
2830 2219 1638
2831 612 2794
2832 3408 3148
2833 3469 3471
2834 2711 1127
2835 2032 3260
2836 4173 1741
2837 4154 611
2838 1840 949
2839 3135 4068
2840 4292 2978
2841 343 2913
2842 2935 3566
2843 681 795
2844 1330 2897
2845 2449 1132
2846 4337 3554
2847 1878 1671
2848 4293 1397
2849 2159 3749
2850 1703 3926
2851 2872 1210
2852 191 3709
2853 3855 4167
2854 2071 371
2855 2916 856
2856 2801 1507
2857 1568 3033
2858 2264 3380
2859 1621 3757
2860 3366 2126
2861 1286 1344
2862 1889 2004
2863 1760 4222
2864 3499 561
2865 4266 4114
2866 763 3293
2867 1905 4035
2868 2358 1410
2869 1967 2668
2870 3066 4250
2871 541 1259
2872 740 1588
2873 734 1693
2874 760 4174
2875 1117 1520
2876 945 2477
2877 738 592
2878 1530 2515
2879 2970 2190
2880 3468 1240
2881 581 598
2882 296 4084
2883 1339 496
2884 4352 195
2885 1865 3170
2886 2546 1051
2887 3656 3740
2888 2053 1554
2889 4144 3228
2890 4166 1676
2891 899 1858
2892 3388 1619
2893 924 238
2894 899 2919
2895 2762 897
2896 926 4137
2897 4200 4002
2898 281 1346
2899 2287 1786
2900 614 3001
2901 413 3449
2902 182 2197
2903 3760 2898
2904 2859 2096
2905 3142 717
2906 2467 1221
2907 1599 3917
2908 3335 1419
2909 2197 1081
2910 1701 4185
2911 4178 3774
2912 4331 933
2913 2019 2492
2914 397 2120
2915 812 4263
2916 3784 4148
2917 3428 586
2918 4072 449
2919 2218 2551
2920 2015 1484
2921 2248 1738
2922 2791 449
2923 1047 1135
2924 2906 1459
2925 508 977
2926 848 4081
2927 577 1940
2928 3073 3099
2929 991 3501
2930 27 3501
2931 2714 289
2932 3350 2147
2933 4013 4315
2934 2190 559
2935 1824 2650
2936 3497 70
2937 3967 2338
2938 3250 273
2939 341 2506
2940 621 1427
2941 1169 1582
2942 1564 1127
2943 1800 4181
2944 521 4
2945 1419 550
2946 2484 1362
2947 2274 294
2948 256 4063
2949 3953 1742
2950 1905 3942
2951 2297 1395
2952 1345 424
2953 2450 253
2954 3635 2629
2955 2001 2324
2956 119 2956
2957 597 3992
2958 2280 1745
2959 1806 2472
2960 802 2919
2961 1999 4173
2962 4176 1455
2963 1531 1992
2964 2949 1871
2965 3286 1209
2966 3817 2070
2967 150 1842
2968 918 2831
2969 2778 1243
2970 1468 3869
2971 3089 1855
2972 1306 3286
2973 4294 2135
2974 3245 2146
2975 4291 117
2976 2062 1149
2977 1388 164
2978 1351 1699
2979 3813 1478
2980 3062 2572
2981 4262 4030
2982 1350 2633
2983 2174 3183
2984 2138 941
2985 3790 1788
2986 307 3615
2987 119 2722
2988 2868 1872
2989 559 75
2990 188 4192
2991 3543 3028
2992 1227 3654
2993 721 4273
2994 2769 1175
2995 521 1816
2996 1707 53
2997 640 4211
2998 3096 1532
2999 849 2858
3000 1051 1450
3001 198 4144
3002 1169 270
3003 3698 2957
3004 4118 114
3005 3941 1588
3006 1347 4027
3007 1475 173
3008 346 1785
3009 1230 1174
3010 3949 2098
3011 2053 4318
3012 756 3363
3013 3989 1810
3014 2022 4010
3015 1183 1051
3016 1074 54
3017 2138 1424
3018 2662 1976
3019 1811 816
3020 632 1630
3021 3202 762
3022 3834 1205
3023 3670 2953
3024 1955 4302
3025 156 3114
3026 4340 1101
3027 276 96
3028 593 1966
3029 4036 546
3030 3609 3657
3031 2729 2666
3032 4271 1136
3033 291 3482
3034 714 2709
3035 1305 1659
3036 4345 1281
3037 141 4342
3038 107 2635
3039 1673 3302
3040 3150 2494
3041 3553 117
3042 846 2447
3043 1555 38
3044 385 2597
3045 1845 3579
3046 233 3537
3047 2102 2272
3048 250 328
3049 760 2175
3050 2060 1830
3051 1460 2622
3052 1386 2486
3053 3534 3182
3054 1740 1064
3055 1394 533
3056 3627 2673
3057 272 1062
3058 1043 2705
3059 332 2584
3060 4150 993
3061 2801 2540
3062 3390 3515
3063 1431 1403
3064 3426 3927
3065 3545 3856
3066 4149 3947
3067 2844 3449
3068 716 2155
3069 454 659
3070 2711 1225
3071 1315 654
3072 4113 2671
3073 3302 1327
3074 1107 1714
3075 1190 2446
3076 3718 1713
3077 4071 1447
3078 232 4343
3079 2018 4340
3080 568 893
3081 2135 1371
3082 4133 1747
3083 3090 2268
3084 949 3504
3085 2116 3678
3086 3170 2273
3087 3452 1722
3088 3713 2126
3089 4069 1927
3090 1414 2315
3091 3394 1032
3092 402 2542
3093 535 1643
3094 1526 3572
3095 2233 532
3096 3253 1817
3097 3193 4314
3098 3228 4135
3099 3229 1927
3100 3845 3382
3101 2664 3525
3102 2702 22
3103 2252 2015
3104 179 3033
3105 836 1342
3106 1907 2036
3107 1022 518
3108 2609 1231
3109 521 1665
3110 441 1891
3111 3708 1585
3112 4127 2068
3113 2919 4139
3114 2354 3599
3115 3334 1410
3116 822 2693
3117 2811 1626
3118 866 32
3119 194 447
3120 2855 2718
3121 2796 3829
3122 2099 3652
3123 2524 1193
3124 2341 2109
3125 1758 3711
3126 545 1011
3127 2889 2301
3128 958 3453
3129 4218 2712
3130 4111 257
3131 539 334
3132 3743 2444
3133 1388 1092
3134 3264 168
3135 3025 785
3136 181 2973
3137 4179 2250
3138 1342 132
3139 2308 1727
3140 3052 2727
3141 1933 702
3142 2862 3669
3143 2010 87
3144 996 1005
3145 1233 1336
3146 106 1728
3147 1990 785
3148 3431 3476
3149 3931 4202
3150 4230 3678
3151 2718 548
3152 772 3312
3153 1699 3966
3154 668 659
3155 2676 1289
3156 239 742
3157 1350 190
3158 1648 544
3159 2342 1566
3160 1415 827
3161 3940 482
3162 3180 1322
3163 655 3237
3164 2303 124
3165 1017 1982
3166 2165 1753
3167 1123 138
3168 3174 964
3169 748 2833
3170 3060 2498
3171 614 1520
3172 3374 114
3173 2522 447
3174 3806 781
3175 1950 644
3176 4240 136
3177 2588 2312
3178 4077 120
3179 2028 2048
3180 1423 1749
3181 620 2063
3182 1645 1938
3183 3624 314
3184 217 1852
3185 613 596
3186 240 1552
3187 1138 467
3188 753 2658
3189 3968 3410
3190 754 1468
3191 2569 2824
3192 3807 2588
3193 3120 1953
3194 4213 4313
3195 3903 796
3196 2614 2487
3197 2503 2933
3198 2590 1696
3199 3811 84
3200 685 893
3201 678 821
3202 934 1494
3203 3806 761
3204 984 1439
3205 2057 3981
3206 3026 716
3207 615 3002
3208 1684 838
3209 608 2421
3210 2323 3950
3211 1136 1439
3212 1718 3049
3213 4271 2384
3214 2375 4148
3215 3038 1200
3216 3156 1698
3217 559 3998
3218 631 276
3219 748 1308
3220 490 184
3221 4355 594
3222 1311 2022
3223 2513 930
3224 2175 726
3225 1324 4060
3226 1345 798
3227 2949 4051
3228 4325 3843
3229 3766 1872
3230 2442 85
3231 1968 3798
3232 493 3345
3233 105 1469
3234 859 3617
3235 843 3619
3236 2928 614
3237 1224 2223
3238 3441 3297
3239 2893 3464
3240 1895 3566
3241 3053 2294
3242 1533 2010
3243 168 2863
3244 1324 3270
3245 3419 181
3246 1549 1148
3247 170 3878
3248 1511 2770
3249 1371 3572
3250 601 2798
3251 1044 981
3252 3994 4144
3253 696 1822
3254 3735 3614
3255 2038 2628
3256 197 3891
3257 1426 2683
3258 2848 705
3259 232 1051
3260 1803 3786
3261 1535 2007
3262 2657 313
3263 2994 320
3264 2707 1238
3265 2557 2506
3266 3043 1226
3267 3950 124
3268 2256 1327
3269 2041 502
3270 443 2932
3271 3761 1774
3272 3801 840
3273 1300 1508
3274 2842 1724
3275 3286 2559
3276 2666 1478
3277 872 519
3278 3934 2411
3279 1754 1084
3280 1337 1957
3281 1823 878
3282 4327 949
3283 369 4047
3284 1402 2371
3285 2925 3039
3286 2619 124
3287 2200 390
3288 499 1963
3289 2993 1095
3290 746 2211
3291 3881 723
3292 3553 851
3293 64 1267
3294 3251 2467
3295 2130 3794
3296 4273 3878
3297 2058 602
3298 302 3065
3299 2222 918
3300 3767 1987
3301 971 2816
3302 1312 3805
3303 1498 2957
3304 643 3948
3305 3107 829
3306 4218 2717
3307 2625 2319
3308 639 40
3309 2471 524
3310 298 3000
3311 2505 2075
3312 3546 1426
3313 3997 2893
3314 3960 2948
3315 2755 1201
3316 1481 3576
3317 2756 1243
3318 2602 1816
3319 2863 3345
3320 152 3452
3321 178 3895
3322 3176 2299
3323 3254 4059
3324 1693 1238
3325 579 611
3326 3049 1219
3327 167 3261
3328 942 2072
3329 2137 2071
3330 3948 3606
3331 1139 2640
3332 2622 1785
3333 2007 1279
3334 3552 325
3335 4296 283
3336 2180 3435
3337 2100 4195
3338 2437 3556
3339 2345 2743
3340 4275 2381
3341 190 3014
3342 4129 1555
3343 2548 4081
3344 3227 2289
3345 2173 2456
3346 1564 2600
3347 4299 1364
3348 3087 2199
3349 1404 3212
3350 2908 2435
3351 724 1716
3352 1917 2600
3353 1267 1411
3354 4273 3369
3355 4097 299
3356 2481 3484
3357 2976 2327
3358 4314 1017
3359 3177 1896
3360 2738 765
3361 3289 3584
3362 54 2874
3363 765 603
3364 1643 1377
3365 3859 2274
3366 1364 3283
3367 3827 3138
3368 1788 1732
3369 3791 3517
3370 1940 1889
3371 3303 3376
3372 4111 35
3373 2119 3140
3374 4083 4109
3375 3341 1032
3376 3403 379
3377 677 4295
3378 2371 3899
3379 176 3950
3380 2044 2456
3381 3661 1721
3382 3681 3524
3383 142 2383
3384 2865 3694
3385 414 355
3386 1477 2405
3387 265 3788
3388 2396 2820
3389 1869 903
3390 1374 3142
3391 1120 4067
3392 3302 3843
3393 458 621
3394 67 4060
3395 2356 2414
3396 216 4315
3397 4049 2138
3398 1107 2591
3399 1676 298
3400 371 351
3401 4050 2868
3402 3998 644
3403 3185 456
3404 321 2900
3405 98 3583
3406 2681 2556
3407 2763 3240
3408 1410 1030
3409 2647 3363
3410 4086 652
3411 1946 2689
3412 1568 3283
3413 4136 1299
3414 4146 1075
3415 2037 66
3416 1259 974
3417 3794 1887
3418 1869 4055
3419 4111 3629
3420 3470 30
3421 3764 875
3422 3101 3321
3423 205 4230
3424 1688 3172
3425 613 2935
3426 3140 2828
3427 3729 3385
3428 3412 2400
3429 1152 645
3430 1205 2569
3431 482 1281
3432 2274 1724
3433 1919 2878
3434 4331 3806
3435 2849 2249
3436 883 2512
3437 2349 1605
3438 3906 3066
3439 2134 271
3440 136 4300
3441 1306 2274
3442 3220 3323
3443 425 1220
3444 1708 177
3445 3259 1193
3446 85 993
3447 4162 3758
3448 3030 2953
3449 1064 1888
3450 776 3056
3451 633 950
3452 2048 1314
3453 3140 956
3454 1712 2698
3455 1086 146
3456 2370 391
3457 808 3757
3458 3143 258
3459 1643 2268
3460 1896 1567
3461 1545 877
3462 1547 4098
3463 1829 3585
3464 4039 2868
3465 3965 3125
3466 4075 3606
3467 2095 635
3468 3996 181
3469 578 2136
3470 1558 4143
3471 1718 191
3472 3662 2717
3473 2039 342
3474 3949 1497
3475 566 2128
3476 3567 2769
3477 2384 3819
3478 3804 1381
3479 3211 1570
3480 2079 3870
3481 2759 1517
3482 3030 4055
3483 2185 319
3484 2409 2961
3485 2278 1321
3486 3694 1497
3487 1253 1598
3488 179 2692
3489 1541 4119
3490 3726 599
3491 2770 1119
3492 2714 2200
3493 1554 361
3494 555 529
3495 1885 3513
3496 3404 4102
3497 644 16
3498 1199 1780
3499 3889 3876
3500 2309 2501
3501 3008 2575
3502 1598 3097
3503 2700 1423
3504 1795 2807
3505 2564 2430
3506 2786 3252
3507 4015 195
3508 585 219
3509 1671 4065
3510 2367 3783
3511 1298 382
3512 2088 3653
3513 918 1014
3514 3959 4037
3515 374 617
3516 897 2449
3517 16 2931
3518 3647 2975
3519 1498 4098
3520 1700 884
3521 4228 1749
3522 3120 706
3523 1622 2915
3524 1164 3763
3525 3197 2042
3526 2343 3574
3527 2099 3057
3528 1409 2578
3529 2885 1848
3530 1198 1393
3531 1561 1742
3532 2605 4311
3533 1479 1107
3534 2457 2794
3535 983 1199
3536 2703 1324
3537 1523 3491
3538 4041 2670
3539 535 255
3540 2723 2160
3541 358 2235
3542 1604 4191
3543 1590 1386
3544 1320 902
3545 1584 1540
3546 4171 1040
3547 1081 1915
3548 3904 564
3549 748 1600
3550 1451 2994
3551 3667 2239
3552 1764 4134
3553 2755 1904
3554 477 2579
3555 2760 991
3556 2045 33
3557 689 1334
3558 1110 113
3559 2998 770
3560 2260 728
3561 1007 531
3562 2040 2203
3563 326 2496
3564 4139 1371
3565 4215 1738
3566 3487 681
3567 2247 2032
3568 2938 2683
3569 3243 1644
3570 4228 1359
3571 2739 1451
3572 1172 1975
3573 3103 4050
3574 3773 4149
3575 4088 495
3576 3455 1881
3577 3266 1086
3578 3219 770
3579 136 1117
3580 1303 3506
3581 3313 2650
3582 2539 2701
3583 4058 251
3584 2595 1138
3585 3036 2311
3586 638 3074
3587 695 571
3588 2766 1441
3589 271 1319
3590 3217 4107
3591 1806 618
3592 391 4289
3593 3962 139
3594 2749 2644
3595 2232 130
3596 618 3713
3597 2921 542
3598 872 1734
3599 148 1289
3600 4197 1524
3601 2141 697
3602 914 1981
3603 2500 4255
3604 1532 2824
3605 2537 3205
3606 3737 4010
3607 991 1284
3608 285 3215
3609 1174 3060
3610 3958 1402
3611 1173 407
3612 1596 953
3613 1271 4008
3614 318 69
3615 294 3560
3616 3385 3448
3617 3182 1754
3618 642 2080
3619 2099 1464
3620 1653 1763
3621 653 1636
3622 2727 2299
3623 3275 1155
3624 2257 500
3625 1934 1303
3626 1158 2611
3627 1528 3045
3628 2263 626
3629 1460 3639
3630 2684 1153
3631 2479 1618
3632 2895 15
3633 159 3266
3634 3828 1786
3635 1467 1340
3636 3715 339
3637 1068 1060
3638 3889 821
3639 3131 1641
3640 1963 199
3641 427 1094
3642 1444 4144
3643 295 3162
3644 3514 3603
3645 2183 162
3646 2468 603
3647 3863 1205
3648 1998 1737
3649 385 2321
3650 3081 675
3651 3733 308
3652 340 463
3653 3717 1005
3654 1639 65
3655 406 12
3656 2290 3953
3657 1764 3600
3658 2898 2785
3659 2372 2984
3660 532 4253
3661 2504 2739
3662 748 1803
3663 647 115
3664 728 1517
3665 2683 2055
3666 1816 1325
3667 231 1761
3668 2353 4152
3669 49 2416
3670 1203 3790
3671 2844 782
3672 280 290
3673 457 708
3674 3030 565
3675 999 733
3676 2342 3383
3677 1720 2121
3678 149 168
3679 1422 2971
3680 1987 3196
3681 3862 548
3682 2883 998
3683 3411 3249
3684 1650 2286
3685 1430 1315
3686 2876 3701
3687 2173 2214
3688 2587 4001
3689 106 1188
3690 1441 676
3691 1398 3987
3692 1288 3882
3693 3446 1716
3694 1023 3243
3695 468 1813
3696 720 1725
3697 824 1929
3698 2360 94
3699 2825 2686
3700 1855 3288
3701 4134 1887
3702 2433 1246
3703 2242 3204
3704 1164 1166
3705 2160 31
3706 1659 728
3707 3611 3104
3708 3417 2133
3709 3082 12
3710 3154 2019
3711 233 2256
3712 3463 745
3713 4059 772
3714 392 2014
3715 2391 454
3716 744 2335
3717 2417 3397
3718 3939 1144
3719 3826 896
3720 4051 2018
3721 3802 2501
3722 2419 1598
3723 381 2158
3724 2595 825
3725 348 3385
3726 1806 1729
3727 2070 3806
3728 208 3863
3729 4327 4311
3730 3163 621
3731 983 4315
3732 3324 3154
3733 3845 2163
3734 2442 2396
3735 2382 3762
3736 2743 3541
3737 2721 222
3738 2299 561
3739 933 1492
3740 2028 502
3741 1941 347
3742 530 2021
3743 2147 2238
3744 1122 1576
3745 1474 1640
3746 1369 1501
3747 736 452
3748 2420 3106
3749 892 2667
3750 1278 801
3751 3509 1218
3752 2306 2686
3753 3172 1562
3754 1553 678
3755 2562 3785
3756 1461 3923
3757 3684 2762
3758 2583 3430
3759 2278 2272
3760 2079 3764
3761 4166 985
3762 738 291
3763 851 1705
3764 200 3606
3765 3702 2220
3766 1374 2040
3767 879 480
3768 114 734
3769 787 1385
3770 142 1408
3771 1876 3631
3772 1262 465
3773 1634 4358
3774 2069 3428
3775 1345 677
3776 3933 722
3777 1882 1017
3778 4181 2649
3779 3927 1858
3780 4088 4063
3781 849 2069
3782 3228 3824
3783 2804 2788
3784 504 3156
3785 422 196
3786 4338 1117
3787 3244 2725
3788 447 1407
3789 797 2663
3790 3764 2488
3791 1491 3163
3792 1693 2402
3793 3615 2095
3794 1372 4015
3795 772 1663
3796 2444 1333
3797 695 384
3798 566 666
3799 3285 1158
3800 2372 2313
3801 286 2569
3802 292 1309
3803 1489 1011
3804 3016 422
3805 4167 3229
3806 1179 2106
3807 4036 747
3808 4342 3262
3809 1420 1909
3810 1373 1125
3811 1058 2368
3812 4075 1231
3813 999 1380
3814 4125 1181
3815 4353 4294
3816 741 3613
3817 3314 3529
3818 22 2402
3819 3419 905
3820 3032 5
3821 2024 2465
3822 476 577
3823 3005 2517
3824 4050 4331
3825 2505 1674
3826 3960 2433
3827 2530 3469
3828 1247 2798
3829 3978 4353
3830 297 4043
3831 2857 1709
3832 2365 1463
3833 1842 4013
3834 54 3721
3835 4322 3343
3836 1656 2349
3837 4295 305
3838 3293 1446
3839 45 346
3840 351 2116
3841 1503 2046
3842 2143 118
3843 2107 2846
3844 4150 2793
3845 1111 1431
3846 1337 361
3847 3267 985
3848 3922 1207
3849 3359 171
3850 709 1124
3851 639 3149
3852 3056 3142
3853 1452 623
3854 1983 561
3855 2724 2064
3856 2263 4055
3857 3972 3257
3858 3825 2570
3859 2358 3099
3860 4321 193
3861 3798 1486
3862 4015 1689
3863 649 1212
3864 2717 3526
3865 664 405
3866 35 2459
3867 3177 2116
3868 3440 287
3869 4023 2097
3870 1818 3648
3871 2187 2649
3872 1984 2228
3873 379 2459
3874 3533 4013
3875 2778 3100
3876 2639 413
3877 1871 1998
3878 169 1187
3879 4299 132
3880 3422 2732
3881 3957 1721
3882 2120 3518
3883 120 2530
3884 1888 104
3885 697 873
3886 1030 4246
3887 1969 4315
3888 1330 3876
3889 1241 740
3890 1972 1809
3891 4151 2082
3892 746 2230
3893 587 1863
3894 3280 3870
3895 3135 4299
3896 501 1689
3897 1871 2681
3898 4147 3228
3899 2741 2816
3900 2599 435
3901 2328 3230
3902 4298 3521
3903 2398 3168
3904 631 3127
3905 3960 2988
3906 1662 3059
3907 4189 1883
3908 1176 27
3909 937 1665
3910 236 2563
3911 311 3591
3912 2394 3091
3913 2957 1284
3914 1030 3789
3915 3911 1895
3916 1950 925
3917 319 1671
3918 2655 3530
3919 867 30
3920 974 2660
3921 1943 2292
3922 2579 566
3923 1893 2864
3924 482 1101
3925 4282 1293
3926 1541 4330
3927 403 1330
3928 2836 3269
3929 2783 1305
3930 55 1818
3931 39 3405
3932 3413 3577
3933 3603 3606
3934 2029 1016
3935 415 2967
3936 1958 3147
3937 3886 170
3938 42 3615
3939 4158 3362
3940 336 2020
3941 1244 209
3942 98 1930
3943 553 3443
3944 820 2605
3945 1646 1738
3946 4127 3811
3947 1899 652
3948 388 3612
3949 4046 2530
3950 1716 2332
3951 2986 2826
3952 1832 2710
3953 1414 3919
3954 2157 2697
3955 1728 367
3956 1194 3407
3957 2233 1270
3958 1325 2363
3959 1171 3410
3960 322 1587
3961 4161 742
3962 2501 1823
3963 2005 2762
3964 2227 585
3965 2327 2211
3966 444 1773
3967 1253 4167
3968 1716 1819
3969 3822 2700
3970 1266 290
3971 3940 1929
3972 1888 1495
3973 2561 573
3974 1620 438
3975 2112 1543
3976 3966 536
3977 120 413
3978 3827 39
3979 492 3897
3980 1737 622
3981 3719 3881
3982 3253 3516
3983 4095 3326
3984 1377 778
3985 2926 2687
3986 522 2146
3987 2001 3647
3988 2009 3451
3989 18 2100
3990 3832 2819
3991 4249 3146
3992 2055 1852
3993 1211 39
3994 3375 3530
3995 3417 3208
3996 1072 963
3997 645 1332
3998 1670 3768
3999 2400 3471
4000 1209 1972
4001 4127 2754
4002 2509 1826
4003 3599 1617
4004 4158 1084
4005 3462 421
4006 3496 2137
4007 1157 3051
4008 847 1430
4009 4027 324
4010 347 953
4011 547 206
4012 3142 3178
4013 3201 876
4014 2256 34
4015 1152 4178
4016 2498 1280
4017 1952 3460
4018 794 522
4019 134 3262
4020 2839 1225
4021 181 646
4022 622 2745
4023 780 810
4024 2996 3855
4025 3279 1548
4026 117 3787
4027 378 3757
4028 788 4304
4029 4139 4041
4030 171 3786
4031 288 2999
4032 2797 887
4033 4241 308
4034 1867 2697
4035 2007 1312
4036 60 2227
4037 3717 585
4038 3232 1434
4039 3630 967
4040 3335 326
4041 384 1048
4042 1293 2873
4043 1863 1148
4044 554 1488
4045 804 691
4046 1383 1359
4047 895 2614
4048 418 3081
4049 1627 3436
4050 678 624
4051 1081 1798
4052 2677 2138
4053 1824 1709
4054 1752 2493
4055 2788 1954
4056 1544 1836
4057 3460 4318
4058 2053 3019
4059 2993 2235
4060 1023 2671
4061 3987 4043
4062 324 4162
4063 1125 3815
4064 3289 3509
4065 2277 2731
4066 2988 678
4067 1477 688
4068 1137 3333
4069 1901 706
4070 1500 402
4071 3453 2699
4072 2559 1769
4073 1309 967
4074 276 3448
4075 936 1906
4076 3924 2416
4077 392 2703
4078 2233 2690
4079 283 3531
4080 274 2012
4081 3895 737
4082 3157 3924
4083 2130 646
4084 1570 3797
4085 885 40
4086 892 1496
4087 1417 379
4088 1243 2196
4089 267 4092
4090 17 2433
4091 620 4265
4092 2754 2129
4093 1276 48
4094 951 3928
4095 1208 1432
4096 2932 645
4097 4145 1278
4098 4105 3458
4099 1016 2856
4100 2414 1481
4101 31 3863
4102 2410 2167
4103 2209 1384
4104 1806 2910
4105 2540 2043
4106 677 1245
4107 1926 833
4108 623 666
4109 278 3119
4110 990 2531
4111 1557 1912
4112 1648 1297
4113 1060 1282
4114 3823 2255
4115 4007 143
4116 2734 2890
4117 3075 2551
4118 3741 4328
4119 4196 1636
4120 494 3670
4121 4098 2166
4122 1224 2317
4123 3501 3312
4124 3515 1348
4125 2510 955
4126 2070 924
4127 272 1273
4128 782 1600
4129 1487 3453
4130 2256 2203
4131 688 1153
4132 2353 1551
4133 3153 1112
4134 164 4307
4135 290 2045
4136 3036 1820
4137 1005 2659
4138 2578 2496
4139 1329 1967
4140 736 719
4141 4325 1451
4142 3615 2555
4143 1811 2653
4144 958 3241
4145 3923 1215
4146 1300 1719
4147 3866 1815
4148 4105 3769
4149 4330 1746
4150 1856 1703
4151 156 3885
4152 727 3666
4153 2635 892
4154 866 4015
4155 3243 638
4156 4149 2034
4157 2306 1249
4158 2504 791
4159 1222 1098
4160 3560 3652
4161 215 376
4162 2283 243
4163 3725 802
4164 476 2871
4165 2317 1869
4166 3233 3477
4167 1529 2314
4168 2929 2126
4169 1158 280
4170 641 3657
4171 1194 1414
4172 217 1774
4173 2125 2628
4174 4043 1264
4175 3423 738
4176 4259 2347
4177 2403 4072
4178 2013 486
4179 322 3752
4180 179 2986
4181 1643 2425
4182 798 445
4183 1321 3958
4184 208 1056
4185 4165 1430
4186 1664 3455
4187 1230 541
4188 77 2858
4189 695 3083
4190 2270 1503
4191 1544 1972
4192 3713 915
4193 687 3912
4194 1226 4073
4195 3720 3723
4196 3830 3714
4197 2706 3799
4198 1457 3862
4199 4205 2856
4200 3581 4145
4201 2041 2144
4202 1421 2241
4203 128 3213
4204 2545 1703
4205 4015 1664
4206 1762 2580
4207 968 1063
4208 1360 3030
4209 3076 3886
4210 2473 300
4211 1495 873
4212 1973 398
4213 4029 3701
4214 3096 2096
4215 948 2128
4216 2752 4217
4217 2841 4021
4218 3304 4094
4219 39 2172
4220 2972 1164
4221 2989 3330
4222 190 4207
4223 4144 3765
4224 3737 3748
4225 97 3067
4226 1539 3806
4227 4040 2196
4228 3216 1295
4229 4089 3372
4230 3308 4228
4231 3294 1166
4232 1537 535
4233 1637 1357
4234 1827 1175
4235 179 3604
4236 1560 4066
4237 1833 3625
4238 3652 646
4239 3567 861
4240 699 2181
4241 2334 2080
4242 384 3823
4243 3618 2234
4244 1870 1548
4245 1872 1517
4246 1365 538
4247 2339 4081
4248 2128 1051
4249 341 1104
4250 2036 1859
4251 1053 1108
4252 3899 2097
4253 2748 1893
4254 2754 2516
4255 4261 1071
4256 2552 4016
4257 916 3099
4258 2648 3824
4259 2501 2501
4260 3568 494
4261 681 2479
4262 739 2153
4263 3684 2404
4264 3252 2583
4265 1098 2910
4266 4189 2467
4267 2204 1996
4268 878 264
4269 3805 1278
4270 617 1631
4271 3682 2779
4272 2918 4077
4273 2394 1270
4274 979 3945
4275 2002 2756
4276 4142 1796
4277 4188 1593
4278 110 1538
4279 1000 3484
4280 4262 2048
4281 4035 3752
4282 3884 2455
4283 240 860
4284 1585 3136
4285 1061 4228
4286 2313 1935
4287 575 369
4288 2654 1245
4289 2584 3984
4290 536 849
4291 2472 3391
4292 2160 503
4293 3081 1949
4294 2221 3012
4295 2464 4066
4296 1046 697
4297 657 2020
4298 3033 2438
4299 1642 1371
4300 676 2440
4301 3883 1800
4302 3898 3902
4303 1579 1802
4304 1128 3360
4305 4143 768
4306 4072 3329
4307 1463 662
4308 3558 79
4309 3609 1986
4310 2913 1088
4311 99 3774
4312 948 1720
4313 275 2291
4314 2982 1808
4315 3344 1363
4316 2287 2817
4317 2183 3904
4318 3244 441
4319 1407 2588
4320 852 2629
4321 1102 2256
4322 963 1376
4323 4015 313
4324 1815 4091
4325 3396 1560
4326 4202 2270
4327 297 344
4328 3488 1805
4329 1465 1701
4330 689 3094
4331 3709 1139
4332 2457 18
4333 3681 2453
4334 2150 547
4335 2801 712
4336 2578 85
4337 805 1079
4338 4065 1471
4339 1537 1704
4340 29 2860
4341 432 2078
4342 1200 2981
4343 1882 865
4344 2337 4081
4345 2899 3435
4346 1132 3376
4347 2110 1636
4348 2483 732
4349 2978 4128
4350 2121 3537
4351 939 3375
4352 1617 3199
4353 2244 5
4354 2162 14
4355 1780 2851
4356 1918 1865
4357 3639 4254
4358 1939 805
4359 743 1815
4360 649 2924
