2320 2320
1 333 534
2 921 1723
3 1113 2181
4 300 81
5 2101 1350
6 1419 323
7 2053 1295
8 1568 253
9 1544 1094
10 1295 1882
11 859 817
12 1216 1001
13 1278 1791
14 1149 1715
15 2284 2245
16 1727 1212
17 421 1339
18 932 168
19 1518 840
20 1701 2320
21 636 1483
22 2149 1205
23 1789 428
24 1931 1396
25 1352 2179
26 116 11
27 2261 679
28 1218 1963
29 351 345
30 2186 1358
31 1193 81
32 477 2235
33 383 1705
34 1509 615
35 1615 122
36 1251 1646
37 1704 1060
38 1718 451
39 1506 2242
40 1182 1060
41 1214 1740
42 1777 610
43 2143 1358
44 126 671
45 1896 874
46 1313 1353
47 392 586
48 1815 2022
49 1300 1656
50 34 1424
51 1188 1921
52 879 467
53 177 1031
54 1397 404
55 1484 2199
56 529 1765
57 2051 283
58 784 1094
59 1360 80
60 1708 990
61 194 890
62 1131 2091
63 1376 1942
64 1972 54
65 1323 2176
66 1476 1978
67 707 1111
68 960 1782
69 1629 1854
70 764 1249
71 1540 916
72 2251 1982
73 1278 1286
74 1544 1073
75 880 1540
76 52 992
77 516 1473
78 224 2093
79 2281 1694
80 2014 1043
81 604 842
82 115 1230
83 1062 1779
84 1776 480
85 1750 1744
86 2049 130
87 449 402
88 981 1640
89 919 199
90 1264 1752
91 343 2257
92 173 1660
93 566 2039
94 2152 1190
95 204 2251
96 875 1876
97 431 1404
98 1879 612
99 644 988
100 21 1609
101 259 1029
102 573 1598
103 875 567
104 823 1258
105 70 1829
106 385 1013
107 958 1873
108 897 795
109 1792 1797
110 1531 2271
111 768 739
112 580 609
113 1197 447
114 1431 547
115 1446 92
116 1288 72
117 45 1860
118 2136 205
119 91 973
120 1433 781
121 996 1784
122 259 2112
123 1149 1131
124 1814 1428
125 395 2065
126 560 255
127 429 1760
128 1025 819
129 1229 1308
130 1309 2195
131 931 666
132 913 645
133 1931 87
134 698 233
135 1864 1114
136 627 457
137 1000 2136
138 1422 48
139 1194 2151
140 101 800
141 670 1348
142 1488 367
143 988 281
144 553 2034
145 1447 729
146 1487 1645
147 1619 1038
148 808 2313
149 917 2085
150 123 887
151 2250 424
152 1341 1989
153 1419 397
154 1833 2158
155 47 621
156 661 1958
157 2241 551
158 803 1607
159 1460 1941
160 2054 597
161 996 1920
162 822 2105
163 1503 624
164 1333 300
165 387 966
166 258 1250
167 1194 878
168 318 713
169 660 1119
170 382 850
171 1123 277
172 1920 1871
173 1229 944
174 2001 1678
175 397 1870
176 190 693
177 1899 631
178 249 846
179 141 1976
180 1295 277
181 1086 658
182 1576 256
183 1951 915
184 1167 382
185 587 1398
186 627 1443
187 2159 1607
188 172 995
189 105 121
190 1378 2204
191 2272 1227
192 1130 714
193 1220 232
194 1330 1381
195 120 1486
196 2016 2125
197 253 530
198 1701 1353
199 1217 65
200 1016 988
201 136 442
202 97 137
203 2169 971
204 1474 377
205 1021 1545
206 1357 331
207 1523 1108
208 2242 2251
209 344 697
210 1607 709
211 2101 2154
212 78 1387
213 1769 28
214 33 310
215 1032 1279
216 369 794
217 2276 147
218 415 2269
219 284 1049
220 1050 490
221 2050 360
222 1803 1760
223 1409 513
224 1949 816
225 1502 340
226 1570 1783
227 782 1988
228 657 280
229 1657 713
230 2116 1455
231 653 1349
232 1953 2129
233 374 1338
234 935 1447
235 1261 2137
236 700 1821
237 1519 1933
238 1172 1334
239 1823 122
240 613 50
241 2254 1904
242 1465 1619
243 1706 1253
244 1011 1036
245 2293 1041
246 1061 2027
247 1191 1067
248 2018 664
249 246 1429
250 767 2158
251 118 2147
252 1536 219
253 1500 1570
254 288 2163
255 167 551
256 1968 121
257 1009 101
258 132 288
259 961 147
260 2059 958
261 229 413
262 1054 866
263 111 873
264 1642 776
265 141 829
266 801 923
267 2142 1248
268 1965 251
269 561 1326
270 599 847
271 1792 608
272 375 1788
273 781 155
274 1677 1782
275 268 1127
276 272 2294
277 1554 2083
278 517 158
279 1660 1432
280 642 473
281 594 891
282 1107 1382
283 1421 1862
284 588 2134
285 1591 1017
286 1280 515
287 2306 493
288 242 308
289 1373 1578
290 683 1262
291 594 1370
292 2171 1214
293 1027 1853
294 243 788
295 54 734
296 1346 674
297 670 149
298 350 1814
299 1740 1135
300 1989 1171
301 2229 251
302 389 103
303 1206 630
304 1817 1096
305 1686 1354
306 1925 1872
307 411 1170
308 2292 267
309 912 817
310 1359 2063
311 69 1636
312 1345 2012
313 1431 1285
314 137 1523
315 34 1361
316 1376 1371
317 1252 1036
318 668 1602
319 1875 804
320 899 1169
321 2050 1475
322 1524 1107
323 1792 1929
324 1155 280
325 1714 1897
326 1555 245
327 1378 2002
328 1897 494
329 727 674
330 2126 838
331 1479 1590
332 1109 374
333 1466 245
334 270 1644
335 2306 1885
336 1018 742
337 152 1405
338 2320 2128
339 1416 918
340 1215 635
341 1583 556
342 21 1038
343 292 1377
344 1840 1120
345 437 579
346 1923 823
347 1220 1669
348 2283 2203
349 722 1788
350 578 2239
351 25 635
352 1252 1777
353 32 113
354 1392 1583
355 1883 2016
356 1346 1884
357 98 2194
358 46 723
359 2227 2135
360 207 1660
361 1258 1314
362 2145 1245
363 608 517
364 971 1619
365 33 90
366 994 1489
367 1090 1860
368 1162 1607
369 1939 997
370 222 615
371 1266 2081
372 898 820
373 576 1858
374 1782 2124
375 1704 1950
376 1726 2200
377 1533 950
378 1104 865
379 531 2208
380 1549 53
381 961 967
382 1252 1994
383 661 450
384 788 1922
385 1448 1154
386 1488 2272
387 660 224
388 1160 42
389 1091 1926
390 1941 960
391 602 1916
392 2037 524
393 1030 1703
394 632 1498
395 837 317
396 1625 1274
397 409 748
398 1713 1011
399 1544 795
400 361 2106
401 199 1249
402 383 179
403 1273 2165
404 124 1288
405 1426 213
406 179 360
407 1793 2187
408 1611 513
409 653 653
410 2032 1921
411 623 1396
412 743 1225
413 465 479
414 465 579
415 293 1721
416 883 678
417 1257 280
418 259 8
419 377 2248
420 613 1667
421 470 999
422 263 123
423 150 1698
424 1401 543
425 987 176
426 562 781
427 840 1213
428 2111 1947
429 1746 1290
430 1436 580
431 1987 243
432 1224 2255
433 117 817
434 164 1494
435 2029 561
436 1005 37
437 1142 1108
438 490 1074
439 1968 1929
440 807 1325
441 2007 2152
442 1092 1223
443 1977 688
444 136 1144
445 2227 628
446 1066 2203
447 2251 273
448 1025 157
449 947 1155
450 1226 1046
451 540 1176
452 2186 774
453 538 629
454 1524 2164
455 1191 1687
456 1741 387
457 186 1293
458 2159 2199
459 297 677
460 731 295
461 1596 68
462 1346 706
463 2052 730
464 118 758
465 2092 2277
466 1420 159
467 207 1733
468 2037 2174
469 650 608
470 1469 1626
471 2035 6
472 1955 1643
473 955 1096
474 27 1364
475 2320 1684
476 720 1760
477 389 1284
478 254 1649
479 726 2216
480 846 2037
481 2151 1777
482 803 2218
483 1085 384
484 1830 1380
485 1711 430
486 205 748
487 1869 205
488 2001 1770
489 1890 1071
490 1151 2039
491 774 1254
492 879 1820
493 1719 507
494 452 304
495 58 1202
496 1971 528
497 2316 2254
498 55 1487
499 1326 2177
500 116 1056
501 1600 1015
502 1435 97
503 1372 612
504 590 1803
505 2279 2267
506 437 1895
507 2132 337
508 1311 531
509 266 145
510 588 1381
511 1654 1056
512 1867 1184
513 2004 1460
514 2224 501
515 1802 497
516 2025 107
517 1653 1908
518 784 402
519 761 2100
520 979 1044
521 227 1461
522 371 1661
523 801 990
524 570 573
525 1700 2110
526 224 2203
527 2308 2187
528 255 2300
529 1189 1291
530 2278 788
531 1770 2006
532 1851 1213
533 567 1003
534 885 1382
535 1819 259
536 808 1997
537 1053 1315
538 1746 768
539 2037 854
540 294 1728
541 63 1434
542 423 536
543 1836 585
544 1399 1309
545 2138 1979
546 1904 262
547 21 1994
548 755 973
549 781 2070
550 639 1750
551 650 762
552 2261 1663
553 1069 1087
554 474 1705
555 489 1855
556 1740 1767
557 1554 477
558 1416 100
559 165 883
560 475 1738
561 1288 652
562 1095 1632
563 2131 323
564 1241 1220
565 1519 1131
566 745 953
567 430 817
568 1042 2274
569 1484 991
570 626 1888
571 1940 1795
572 548 200
573 742 815
574 1740 1001
575 247 1265
576 674 172
577 1721 1190
578 468 221
579 173 1147
580 501 601
581 1398 676
582 1354 1784
583 112 1041
584 6 2301
585 577 1613
586 1684 1212
587 686 2184
588 1541 2059
589 577 2072
590 1435 1756
591 218 1884
592 742 1898
593 980 593
594 972 1362
595 1114 1592
596 1998 965
597 745 1528
598 1801 1099
599 1367 1408
600 458 2249
601 1828 1296
602 1430 1173
603 432 2152
604 1033 1082
605 797 480
606 2317 168
607 71 2250
608 1933 1197
609 353 581
610 1866 106
611 162 1044
612 1566 687
613 1312 1407
614 15 1705
615 1931 1543
616 2150 2061
617 2013 2239
618 2049 1397
619 641 1338
620 2198 2026
621 818 464
622 1321 1154
623 501 69
624 1920 765
625 809 59
626 2165 1227
627 1917 854
628 1019 1056
629 2212 720
630 2084 2218
631 1685 1295
632 2130 1970
633 1653 52
634 541 497
635 2057 1062
636 2309 966
637 1190 446
638 73 2245
639 284 1683
640 23 1857
641 2131 41
642 1796 1245
643 1236 2022
644 2078 176
645 1083 1701
646 1392 535
647 2076 159
648 534 2224
649 84 1734
650 2082 436
651 2064 259
652 1150 67
653 1860 1827
654 1971 1415
655 933 30
656 1545 1970
657 1175 1913
658 1600 889
659 1215 1708
660 2303 1670
661 464 1445
662 59 2248
663 1192 1918
664 586 1918
665 960 157
666 2023 1876
667 191 1867
668 1017 60
669 129 584
670 32 2304
671 2039 1037
672 960 1799
673 1150 1633
674 1889 1047
675 1588 496
676 2053 762
677 840 312
678 2284 52
679 1298 1590
680 1349 1316
681 83 1905
682 118 1865
683 1886 629
684 45 2263
685 1110 20
686 360 585
687 1866 1575
688 1058 889
689 15 171
690 1855 1310
691 1917 1802
692 138 518
693 1213 2230
694 1292 1300
695 1297 222
696 1216 1851
697 1636 1754
698 805 796
699 243 1385
700 2068 460
701 604 910
702 2146 1946
703 2278 774
704 1624 2271
705 1794 317
706 737 551
707 721 1442
708 2228 1391
709 854 1640
710 211 736
711 205 1982
712 499 907
713 779 1521
714 733 85
715 1528 496
716 1252 52
717 475 1216
718 280 2074
719 612 17
720 602 578
721 624 305
722 433 697
723 408 384
724 556 960
725 1323 596
726 1929 1663
727 1806 254
728 1446 1675
729 1937 204
730 662 1883
731 2260 928
732 2102 1511
733 1401 1297
734 1872 1170
735 2156 48
736 2223 890
737 1344 478
738 1141 2093
739 603 1276
740 10 1151
741 965 371
742 1542 9
743 1581 1398
744 2144 1844
745 797 2100
746 2263 374
747 239 370
748 2066 972
749 1712 1304
750 451 1609
751 2164 1835
752 465 1918
753 938 684
754 1366 1467
755 2209 2062
756 454 420
757 1867 2317
758 289 1127
759 2097 990
760 1163 1725
761 1432 865
762 586 48
763 1794 1374
764 1967 956
765 871 1759
766 1481 1576
767 70 1930
768 1382 1511
769 999 1427
770 2268 1786
771 1027 335
772 487 1880
773 1446 619
774 899 1249
775 1683 334
776 2189 1055
777 1800 92
778 581 1774
779 1476 2077
780 2247 1678
781 55 2109
782 2058 567
783 1801 309
784 1655 428
785 1646 107
786 414 2114
787 1383 1157
788 1222 1683
789 284 851
790 1508 238
791 1689 1838
792 111 1906
793 2151 1131
794 1 203
795 1789 2005
796 48 747
797 2151 2170
798 1645 557
799 357 68
800 1340 1174
801 71 876
802 246 1965
803 1927 1706
804 1932 348
805 679 1711
806 588 1303
807 974 1750
808 2185 1421
809 2125 2232
810 406 573
811 422 1200
812 1411 715
813 2191 1550
814 2075 1346
815 1907 1920
816 109 1628
817 394 1582
818 1898 416
819 1131 1988
820 2078 428
821 1999 1397
822 1875 1427
823 2279 2062
824 1362 2264
825 2208 1434
826 795 1900
827 406 1668
828 1832 661
829 1271 225
830 2028 287
831 1130 719
832 1297 1703
833 624 745
834 1203 1638
835 777 1661
836 1895 138
837 682 511
838 161 1227
839 350 927
840 644 157
841 250 40
842 506 161
843 245 427
844 1350 833
845 456 1452
846 1688 396
847 371 1690
848 898 1614
849 768 1013
850 1001 1828
851 155 2059
852 1806 1471
853 1554 2052
854 2173 23
855 1066 783
856 1765 97
857 1026 28
858 1817 484
859 12 1675
860 1063 328
861 1657 437
862 407 2224
863 1796 2170
864 598 426
865 1682 778
866 692 245
867 1865 392
868 682 338
869 1870 1276
870 1056 190
871 275 1112
872 1438 431
873 305 1997
874 673 1180
875 770 2014
876 2257 1154
877 1539 597
878 2225 980
879 1895 2037
880 1990 691
881 127 1697
882 2043 2095
883 1657 475
884 2228 780
885 311 1055
886 434 777
887 2066 1616
888 1783 669
889 782 1411
890 314 722
891 1087 587
892 1485 2134
893 1372 789
894 1949 1296
895 1044 821
896 1050 1200
897 382 288
898 488 1722
899 341 1420
900 1348 469
901 1908 868
902 1083 1855
903 1358 2225
904 760 1203
905 481 486
906 1708 637
907 812 1402
908 1283 77
909 670 1979
910 2260 1291
911 1761 305
912 41 1914
913 2056 112
914 497 1455
915 1732 1699
916 98 852
917 2093 1141
918 50 1912
919 447 1937
920 1448 1274
921 2051 1230
922 2095 2022
923 1648 291
924 1195 783
925 1233 577
926 1822 2141
927 312 2208
928 1997 1352
929 963 1626
930 1071 294
931 783 584
932 1302 1938
933 1498 1225
934 1681 462
935 1742 266
936 2192 1290
937 2010 1379
938 1658 1781
939 1939 846
940 76 786
941 1643 29
942 1379 1983
943 32 940
944 1724 1235
945 1881 1301
946 681 582
947 1549 771
948 1303 2006
949 1012 841
950 1662 935
951 2257 723
952 361 2250
953 1793 2237
954 54 161
955 1885 1667
956 1327 689
957 2198 393
958 267 1721
959 610 412
960 895 98
961 2017 2072
962 1321 472
963 374 540
964 1278 1081
965 338 1531
966 370 2283
967 291 372
968 2216 1970
969 1053 1124
970 747 754
971 935 714
972 1293 1970
973 2298 347
974 477 1538
975 1557 1576
976 1374 1710
977 292 1741
978 389 4
979 2130 1291
980 563 2098
981 1181 280
982 1125 419
983 345 2021
984 1160 1180
985 296 2112
986 1 1505
987 104 1387
988 2300 1774
989 445 109
990 2018 35
991 1057 968
992 1153 1727
993 1401 1083
994 2295 1408
995 1370 312
996 1294 2202
997 1452 1112
998 1199 1271
999 1821 286
1000 2096 2061
1001 1737 1817
1002 1663 1094
1003 1977 1230
1004 1940 1884
1005 2073 2006
1006 1170 899
1007 1470 1732
1008 1311 1324
1009 152 89
1010 1333 2135
1011 1749 619
1012 1447 1736
1013 1063 596
1014 1975 766
1015 1046 167
1016 1415 432
1017 2056 1288
1018 1215 1544
1019 1424 620
1020 895 1493
1021 1573 1486
1022 645 715
1023 53 276
1024 513 814
1025 314 865
1026 263 2111
1027 1243 237
1028 1797 2214
1029 2214 1762
1030 1398 1664
1031 269 504
1032 342 235
1033 2254 1939
1034 567 1264
1035 1559 2187
1036 2067 1536
1037 266 1037
1038 2035 867
1039 269 1648
1040 223 1100
1041 1862 1242
1042 1303 833
1043 1717 900
1044 994 1097
1045 418 1627
1046 2100 1655
1047 1560 1529
1048 869 2230
1049 2146 52
1050 800 2293
1051 966 964
1052 2169 1798
1053 1183 331
1054 307 1442
1055 1935 1552
1056 353 1647
1057 388 876
1058 1211 2308
1059 1962 793
1060 484 2235
1061 722 776
1062 377 1768
1063 738 1666
1064 828 234
1065 1228 977
1066 146 448
1067 1539 1200
1068 713 2078
1069 1532 1440
1070 47 1808
1071 2082 844
1072 719 1342
1073 1324 1823
1074 2301 1120
1075 306 1525
1076 164 500
1077 30 1904
1078 109 1454
1079 976 732
1080 2307 1983
1081 709 868
1082 69 1561
1083 2104 982
1084 11 2177
1085 521 1300
1086 1533 1782
1087 174 1485
1088 2193 1410
1089 1079 1004
1090 835 1007
1091 998 575
1092 121 1499
1093 1887 1690
1094 295 1183
1095 1804 1373
1096 2065 1020
1097 324 20
1098 624 1463
1099 733 1245
1100 535 2199
1101 815 1567
1102 742 2204
1103 731 1305
1104 1198 178
1105 1548 57
1106 2118 919
1107 861 2030
1108 925 121
1109 1691 2128
1110 1425 131
1111 1709 1534
1112 1119 2202
1113 2097 1704
1114 1052 1651
1115 2280 1983
1116 340 519
1117 405 1657
1118 1810 1161
1119 1138 394
1120 1311 1783
1121 1700 703
1122 765 2288
1123 607 348
1124 1014 1414
1125 1197 1801
1126 849 819
1127 1611 552
1128 678 1408
1129 197 874
1130 49 1172
1131 995 1971
1132 860 2186
1133 163 491
1134 1384 966
1135 346 806
1136 2236 1097
1137 181 1846
1138 434 1187
1139 2229 1808
1140 2205 281
1141 1834 253
1142 1760 119
1143 815 593
1144 1259 327
1145 1814 97
1146 423 1827
1147 2261 784
1148 1397 951
1149 1218 1419
1150 1665 1467
1151 1195 2215
1152 1549 1983
1153 1705 2183
1154 1627 807
1155 294 450
1156 1290 1498
1157 1244 291
1158 1014 2310
1159 480 1443
1160 393 2102
1161 1935 2021
1162 1254 647
1163 1143 1424
1164 1736 1015
1165 1193 1203
1166 550 638
1167 1134 1619
1168 1945 1938
1169 520 488
1170 2001 1878
1171 506 393
1172 469 1730
1173 1962 1621
1174 154 1385
1175 1878 2245
1176 1015 1190
1177 1893 1550
1178 2246 329
1179 2096 730
1180 1852 785
1181 1744 745
1182 909 90
1183 1786 596
1184 2250 1657
1185 120 259
1186 2156 357
1187 281 1935
1188 678 553
1189 2157 1706
1190 774 2215
1191 2057 46
1192 1900 175
1193 2130 916
1194 254 528
1195 712 1862
1196 171 1870
1197 1312 743
1198 1886 133
1199 1127 657
1200 1190 973
1201 787 1886
1202 1572 1342
1203 1212 1819
1204 148 1894
1205 828 2155
1206 1312 2297
1207 210 1112
1208 273 488
1209 157 1567
1210 871 1349
1211 2263 956
1212 2267 86
1213 336 1971
1214 67 1528
1215 1597 1218
1216 582 309
1217 1329 1779
1218 1233 521
1219 2106 790
1220 2233 418
1221 2175 14
1222 2001 1590
1223 2025 1498
1224 1966 1546
1225 1871 679
1226 1913 1888
1227 1126 1332
1228 565 1120
1229 392 71
1230 1938 1994
1231 2277 478
1232 114 1546
1233 1096 2233
1234 1578 110
1235 732 1558
1236 2059 1236
1237 222 1980
1238 1665 503
1239 2292 668
1240 1099 2188
1241 958 2180
1242 364 232
1243 780 455
1244 1601 516
1245 129 42
1246 1269 276
1247 1782 335
1248 530 2228
1249 2 1559
1250 2232 452
1251 1353 2132
1252 1618 2213
1253 850 45
1254 1783 180
1255 845 1510
1256 1855 103
1257 2100 511
1258 1960 1590
1259 1634 1803
1260 503 1660
1261 2226 4
1262 2 493
1263 297 892
1264 1901 1354
1265 2278 1927
1266 1699 595
1267 233 744
1268 1064 365
1269 1506 2234
1270 1853 756
1271 539 176
1272 1060 2274
1273 2121 1790
1274 4 1457
1275 446 393
1276 415 2141
1277 1795 2220
1278 2146 830
1279 1605 1309
1280 1292 1701
1281 1981 1520
1282 1139 1476
1283 2164 1947
1284 1316 531
1285 1350 697
1286 1993 1072
1287 1447 2
1288 80 1478
1289 1587 42
1290 905 130
1291 1338 1321
1292 2064 146
1293 13 1788
1294 1900 782
1295 2066 1851
1296 311 1708
1297 2126 58
1298 2048 1583
1299 163 1523
1300 877 1775
1301 967 723
1302 340 703
1303 1143 1364
1304 764 651
1305 748 684
1306 1247 80
1307 1598 1796
1308 2019 2273
1309 1798 1131
1310 1050 294
1311 1928 396
1312 470 696
1313 193 1693
1314 1617 1003
1315 2157 1289
1316 1628 1419
1317 908 1297
1318 6 826
1319 229 222
1320 512 424
1321 1564 2251
1322 1726 1332
1323 1521 2144
1324 2256 1794
1325 153 2177
1326 2002 1198
1327 688 265
1328 2305 16
1329 1758 1377
1330 2303 849
1331 1690 1254
1332 425 1148
1333 541 330
1334 87 744
1335 1737 1465
1336 2131 1717
1337 2201 1038
1338 1342 869
1339 2106 1767
1340 303 398
1341 811 1719
1342 253 845
1343 1729 1242
1344 1904 1325
1345 478 1390
1346 2258 648
1347 835 497
1348 396 2077
1349 371 1317
1350 2046 1362
1351 122 59
1352 1663 252
1353 509 2127
1354 2038 1341
1355 1860 2320
1356 1128 653
1357 2230 1843
1358 1203 220
1359 1011 1016
1360 1930 198
1361 1000 333
1362 2290 953
1363 1199 1217
1364 1388 979
1365 1157 1756
1366 1589 1136
1367 1264 1341
1368 554 1026
1369 976 1109
1370 1456 1489
1371 276 1042
1372 898 1366
1373 1681 1534
1374 1884 1618
1375 127 1849
1376 8 340
1377 117 356
1378 1511 1595
1379 742 336
1380 243 1305
1381 2187 86
1382 1138 985
1383 1299 2184
1384 157 2098
1385 1976 903
1386 178 1371
1387 1316 1783
1388 614 2226
1389 1044 2176
1390 1407 1112
1391 492 1591
1392 2082 1983
1393 971 2252
1394 1976 535
1395 1889 1669
1396 375 1877
1397 2142 923
1398 1422 1989
1399 1996 546
1400 560 946
1401 2143 1039
1402 1157 1491
1403 652 1366
1404 2045 2056
1405 728 594
1406 1830 437
1407 450 1512
1408 1520 1886
1409 884 798
1410 863 1397
1411 1094 1719
1412 1617 655
1413 1412 2002
1414 1185 1901
1415 306 133
1416 1755 282
1417 380 1988
1418 1296 2208
1419 1314 903
1420 188 561
1421 1108 2106
1422 1191 2066
1423 1946 1654
1424 1161 1754
1425 1496 1008
1426 898 1868
1427 2176 1856
1428 1385 1408
1429 2104 565
1430 82 1241
1431 845 808
1432 2181 1667
1433 488 1118
1434 2189 1147
1435 1824 1154
1436 94 356
1437 1376 802
1438 2219 1079
1439 1819 840
1440 1431 682
1441 1805 1884
1442 794 1236
1443 84 487
1444 182 1536
1445 1071 1179
1446 1883 2128
1447 1957 1218
1448 471 581
1449 1018 517
1450 1122 140
1451 1101 1647
1452 42 1162
1453 2149 128
1454 1882 1995
1455 509 1013
1456 1488 103
1457 1373 1928
1458 1631 1271
1459 908 884
1460 1026 182
1461 659 1245
1462 242 1035
1463 2115 1101
1464 666 631
1465 1082 1489
1466 936 10
1467 1378 2150
1468 823 394
1469 1402 430
1470 1259 1079
1471 601 871
1472 973 1160
1473 16 1758
1474 472 698
1475 1279 1903
1476 451 1147
1477 1147 2017
1478 464 1554
1479 191 1008
1480 35 1665
1481 336 1930
1482 167 1453
1483 2101 1775
1484 1678 110
1485 1143 2130
1486 312 834
1487 742 1941
1488 1750 86
1489 716 1492
1490 1679 1016
1491 1430 1185
1492 402 695
1493 1343 1056
1494 941 1628
1495 687 547
1496 973 349
1497 1317 409
1498 1751 382
1499 1968 738
1500 7 2091
1501 2197 1094
1502 1079 2181
1503 268 471
1504 2099 73
1505 1787 1620
1506 666 967
1507 263 1808
1508 983 608
1509 1768 1522
1510 976 801
1511 397 142
1512 1711 320
1513 1888 788
1514 832 2149
1515 1531 1799
1516 362 875
1517 427 2257
1518 2161 103
1519 963 1925
1520 203 2008
1521 356 101
1522 434 2063
1523 2012 1861
1524 1625 1233
1525 589 560
1526 2243 1386
1527 288 1017
1528 672 581
1529 1337 2084
1530 1593 2105
1531 2045 695
1532 814 294
1533 2113 779
1534 2206 1921
1535 2116 103
1536 1687 1564
1537 1936 1359
1538 2287 1913
1539 1757 1400
1540 1362 1472
1541 1175 1488
1542 652 1791
1543 577 1436
1544 1689 146
1545 89 1074
1546 1595 979
1547 526 1800
1548 493 1859
1549 1615 1756
1550 2230 26
1551 518 629
1552 1631 2252
1553 406 906
1554 616 13
1555 1360 418
1556 1160 1686
1557 2220 459
1558 868 2023
1559 726 1631
1560 2114 1807
1561 567 420
1562 1630 523
1563 1654 723
1564 2205 2171
1565 1678 1964
1566 1840 2043
1567 626 1239
1568 1979 929
1569 2094 1006
1570 1751 370
1571 191 1161
1572 436 794
1573 1526 954
1574 1507 795
1575 1769 315
1576 1523 1989
1577 2267 1412
1578 506 1192
1579 654 1713
1580 1687 1606
1581 2117 1443
1582 1270 1836
1583 2078 182
1584 227 834
1585 1408 531
1586 1618 2209
1587 642 887
1588 542 340
1589 925 1316
1590 1521 2195
1591 1378 1654
1592 260 1180
1593 1470 200
1594 1719 114
1595 1277 1992
1596 387 1995
1597 1853 1769
1598 510 2116
1599 1445 2312
1600 1887 1448
1601 1429 1905
1602 258 2305
1603 575 1426
1604 2142 1870
1605 1063 2000
1606 773 1765
1607 1976 1625
1608 1756 459
1609 807 1434
1610 108 1826
1611 1307 1330
1612 1096 1122
1613 1517 246
1614 753 1116
1615 1212 534
1616 1062 1098
1617 2020 1840
1618 1231 1931
1619 880 196
1620 1163 2302
1621 2270 1224
1622 921 1292
1623 1763 205
1624 68 1499
1625 2014 1137
1626 707 576
1627 961 1462
1628 416 261
1629 1133 354
1630 630 1563
1631 1373 1897
1632 1041 1025
1633 1862 2057
1634 897 486
1635 2269 932
1636 687 2044
1637 1945 1635
1638 179 1262
1639 1947 1656
1640 1621 1043
1641 1292 2085
1642 1058 1203
1643 1734 1451
1644 1521 1561
1645 2149 1590
1646 2007 1418
1647 303 1495
1648 2104 1317
1649 2209 1170
1650 1455 427
1651 60 634
1652 1952 641
1653 945 745
1654 1740 4
1655 1545 1188
1656 1428 492
1657 1480 1917
1658 194 2036
1659 1474 11
1660 1108 1096
1661 190 344
1662 122 240
1663 1418 1034
1664 1251 621
1665 239 772
1666 226 882
1667 423 301
1668 295 261
1669 93 1074
1670 1883 341
1671 2292 615
1672 2236 381
1673 2202 387
1674 1258 682
1675 749 1581
1676 1857 1034
1677 703 2082
1678 1864 934
1679 1590 409
1680 1753 1938
1681 56 1384
1682 83 2002
1683 2101 1447
1684 236 175
1685 773 293
1686 2154 906
1687 2276 1691
1688 20 95
1689 154 2254
1690 1924 2158
1691 832 1849
1692 1136 1815
1693 128 1034
1694 1113 180
1695 412 907
1696 1572 459
1697 514 2148
1698 1624 323
1699 2223 303
1700 1846 247
1701 2305 221
1702 367 778
1703 1441 1175
1704 227 2218
1705 417 182
1706 1366 1191
1707 210 1943
1708 2008 694
1709 1834 506
1710 1365 321
1711 500 1722
1712 586 1233
1713 1319 1426
1714 1433 367
1715 636 2317
1716 1327 1511
1717 506 431
1718 1060 1502
1719 1012 690
1720 82 645
1721 214 548
1722 537 494
1723 1260 319
1724 1059 2191
1725 1332 696
1726 1812 661
1727 1972 1981
1728 2068 2075
1729 2143 1721
1730 1072 715
1731 212 1561
1732 285 1236
1733 1895 580
1734 111 1597
1735 5 1222
1736 1065 297
1737 1378 238
1738 1893 1483
1739 1253 297
1740 1735 1259
1741 486 142
1742 1981 666
1743 1878 748
1744 1354 2258
1745 1472 1552
1746 691 978
1747 1327 460
1748 521 473
1749 1361 1860
1750 1273 1760
1751 2202 1946
1752 1360 2045
1753 1659 1149
1754 2130 1669
1755 1349 2237
1756 1869 2146
1757 265 1235
1758 2313 1397
1759 577 1087
1760 1508 2222
1761 2116 1265
1762 2235 1498
1763 998 1948
1764 1131 284
1765 1886 1479
1766 809 1391
1767 765 1398
1768 1662 970
1769 1388 2073
1770 312 165
1771 1380 1796
1772 941 1563
1773 739 2095
1774 401 17
1775 862 1934
1776 281 966
1777 1058 707
1778 2176 1611
1779 128 1938
1780 811 1445
1781 633 502
1782 1113 337
1783 581 658
1784 2285 2311
1785 2026 2171
1786 1342 1170
1787 1003 1524
1788 2094 1167
1789 1951 345
1790 2282 1956
1791 1876 1297
1792 1698 691
1793 2211 382
1794 1386 1390
1795 2053 630
1796 2224 685
1797 1975 71
1798 1727 1790
1799 2298 2198
1800 243 589
1801 2111 393
1802 29 917
1803 1441 1302
1804 1418 2037
1805 146 651
1806 127 1494
1807 267 304
1808 119 412
1809 766 2042
1810 1361 475
1811 958 2225
1812 1843 540
1813 1570 1124
1814 1364 1264
1815 309 11
1816 2313 772
1817 1314 1869
1818 1950 1013
1819 846 1523
1820 407 1494
1821 534 508
1822 71 1760
1823 347 1475
1824 2272 1770
1825 1451 847
1826 1900 409
1827 994 121
1828 1549 2105
1829 2289 323
1830 528 1676
1831 429 1367
1832 967 3
1833 1595 781
1834 1126 2059
1835 971 1937
1836 750 1802
1837 754 1556
1838 2201 1690
1839 1901 594
1840 1445 900
1841 562 1317
1842 533 273
1843 2089 424
1844 515 397
1845 1180 222
1846 347 589
1847 475 1875
1848 1620 658
1849 1411 99
1850 1488 1039
1851 1071 1658
1852 2007 296
1853 1615 1164
1854 270 955
1855 1640 54
1856 398 2067
1857 1612 516
1858 50 2202
1859 1964 1044
1860 1296 1167
1861 1067 1707
1862 828 361
1863 405 1719
1864 26 1067
1865 1216 261
1866 2083 312
1867 1394 596
1868 441 1576
1869 1859 1130
1870 1422 540
1871 1620 2181
1872 50 846
1873 1424 2260
1874 1548 1821
1875 1938 999
1876 2283 1480
1877 391 244
1878 1164 312
1879 1174 732
1880 2271 1299
1881 285 1789
1882 838 942
1883 2301 633
1884 1214 99
1885 1080 439
1886 369 708
1887 2266 249
1888 58 1230
1889 2007 1165
1890 1530 993
1891 547 2136
1892 2059 1599
1893 760 944
1894 4 1075
1895 947 1288
1896 1004 2309
1897 2207 66
1898 370 955
1899 2247 400
1900 972 2225
1901 870 763
1902 1150 1884
1903 1809 520
1904 1438 843
1905 1575 632
1906 1766 575
1907 1960 734
1908 2297 1213
1909 1140 1751
1910 106 1122
1911 1493 485
1912 89 710
1913 112 124
1914 1887 1140
1915 2120 1649
1916 908 105
1917 1924 671
1918 1183 1163
1919 1201 780
1920 454 1084
1921 59 2107
1922 294 1583
1923 600 1123
1924 1965 314
1925 1637 113
1926 214 524
1927 2085 569
1928 94 81
1929 1015 1859
1930 1717 996
1931 2056 1140
1932 1238 116
1933 2010 1417
1934 538 1594
1935 67 2235
1936 1401 1626
1937 1128 1904
1938 1587 1704
1939 283 2062
1940 1375 349
1941 2034 806
1942 2306 666
1943 955 542
1944 1490 1404
1945 893 607
1946 1739 1041
1947 1152 1952
1948 2082 521
1949 320 1443
1950 2232 2033
1951 2206 223
1952 929 1276
1953 1464 1053
1954 2037 227
1955 313 1959
1956 1031 1039
1957 1508 862
1958 868 483
1959 509 2235
1960 878 159
1961 617 200
1962 1562 787
1963 647 719
1964 1719 465
1965 367 1587
1966 625 39
1967 1098 463
1968 516 1467
1969 913 92
1970 404 1239
1971 107 1478
1972 1628 1527
1973 82 1
1974 1158 1088
1975 1541 2200
1976 2299 532
1977 2195 198
1978 1707 771
1979 2198 393
1980 942 548
1981 2158 451
1982 1724 2308
1983 1648 2227
1984 1259 1022
1985 1326 2243
1986 999 1149
1987 936 2083
1988 2023 974
1989 356 55
1990 1518 2008
1991 890 2140
1992 126 2080
1993 67 529
1994 132 1977
1995 1188 1540
1996 1312 2249
1997 453 778
1998 563 914
1999 471 1826
2000 1534 814
2001 1332 668
2002 936 1740
2003 425 1414
2004 1840 283
2005 1138 40
2006 340 900
2007 453 225
2008 2258 894
2009 1986 49
2010 925 28
2011 953 25
2012 515 393
2013 716 175
2014 1788 1990
2015 679 438
2016 789 2003
2017 989 782
2018 269 1181
2019 373 232
2020 607 951
2021 917 1660
2022 1858 1660
2023 1949 350
2024 1422 1763
2025 599 303
2026 688 564
2027 1181 1216
2028 495 1115
2029 1420 1548
2030 1680 2267
2031 280 1206
2032 391 548
2033 321 2289
2034 2287 1271
2035 2116 1263
2036 940 1577
2037 1924 1484
2038 495 2247
2039 1418 843
2040 1257 218
2041 2154 17
2042 1571 1259
2043 1961 561
2044 1646 1864
2045 1596 344
2046 631 359
2047 883 538
2048 1037 1402
2049 198 621
2050 1046 2227
2051 734 1956
2052 1294 490
2053 1143 798
2054 1154 1070
2055 1684 2289
2056 668 489
2057 692 320
2058 1136 230
2059 2052 117
2060 774 967
2061 821 1083
2062 520 258
2063 1023 1163
2064 127 828
2065 1174 569
2066 218 649
2067 1276 272
2068 607 946
2069 1623 396
2070 1828 456
2071 1924 854
2072 1647 440
2073 668 101
2074 2205 1840
2075 1494 130
2076 977 241
2077 1262 1405
2078 381 2053
2079 805 1391
2080 1637 1187
2081 296 2079
2082 1778 1120
2083 1957 489
2084 325 1288
2085 1163 1148
2086 1421 1150
2087 849 1347
2088 1738 2000
2089 1578 70
2090 1554 1903
2091 440 498
2092 2053 349
2093 415 198
2094 732 184
2095 155 1215
2096 1319 214
2097 1541 1703
2098 1079 2289
2099 1105 441
2100 57 1317
2101 1307 1688
2102 916 567
2103 1348 1552
2104 1285 2185
2105 2023 1021
2106 361 1611
2107 2065 763
2108 1098 2260
2109 96 190
2110 1278 2002
2111 1739 1139
2112 1789 574
2113 739 1863
2114 1057 1795
2115 937 1670
2116 2210 2288
2117 960 2182
2118 2211 1500
2119 339 2086
2120 1111 330
2121 2026 929
2122 713 1725
2123 89 119
2124 1482 2014
2125 362 141
2126 1179 811
2127 2237 1316
2128 2078 1762
2129 76 1304
2130 632 47
2131 308 1306
2132 394 834
2133 449 1136
2134 576 517
2135 1528 315
2136 201 428
2137 1003 169
2138 2137 557
2139 1401 589
2140 1259 306
2141 1236 1788
2142 1387 1661
2143 487 1544
2144 1123 1243
2145 840 2034
2146 516 1372
2147 218 1052
2148 295 2291
2149 1238 909
2150 612 425
2151 619 792
2152 52 1254
2153 659 1807
2154 722 914
2155 536 1524
2156 1287 2185
2157 1847 2017
2158 1158 190
2159 659 1273
2160 948 1425
2161 1678 638
2162 588 979
2163 52 2259
2164 835 1561
2165 120 1909
2166 1447 416
2167 2130 758
2168 605 2177
2169 649 586
2170 1884 1125
2171 270 1638
2172 1444 1690
2173 1001 1573
2174 371 886
2175 377 461
2176 1161 667
2177 54 162
2178 490 1180
2179 1624 1865
2180 1988 1103
2181 1693 1440
2182 1393 131
2183 2295 2316
2184 1711 1412
2185 885 1762
2186 2095 541
2187 596 154
2188 1227 126
2189 388 2145
2190 1563 1726
2191 2303 750
2192 393 1682
2193 2104 2279
2194 772 1262
2195 1073 805
2196 1026 1931
2197 1536 2102
2198 1994 234
2199 2098 2289
2200 2241 664
2201 95 239
2202 1346 403
2203 1041 8
2204 899 828
2205 2240 1739
2206 934 1709
2207 239 1683
2208 1534 525
2209 2045 630
2210 3 658
2211 740 239
2212 631 1878
2213 710 783
2214 1065 957
2215 1481 2079
2216 682 2229
2217 1616 2313
2218 1135 1823
2219 2125 296
2220 918 765
2221 355 1629
2222 1692 1437
2223 273 2163
2224 1278 1381
2225 2188 821
2226 1439 1279
2227 1931 975
2228 1641 2263
2229 1993 1987
2230 823 370
2231 1382 1565
2232 643 290
2233 63 1304
2234 2124 552
2235 1872 1794
2236 186 105
2237 1559 2013
2238 709 1379
2239 1659 1320
2240 1442 33
2241 1917 718
2242 2287 1422
2243 1421 1437
2244 738 2103
2245 592 442
2246 2076 468
2247 816 1155
2248 2148 2088
2249 1333 484
2250 98 902
2251 1907 574
2252 120 471
2253 756 1717
2254 408 2153
2255 1447 249
2256 1714 682
2257 2040 1160
2258 2124 982
2259 1331 2017
2260 8 125
2261 99 236
2262 752 1081
2263 1824 25
2264 773 1246
2265 2009 1750
2266 1032 2130
2267 781 1348
2268 296 1759
2269 1808 524
2270 366 1927
2271 860 270
2272 518 1160
2273 726 2203
2274 1439 592
2275 1571 1300
2276 867 578
2277 1179 321
2278 1227 1609
2279 1341 1639
2280 989 93
2281 1555 1860
2282 1960 1028
2283 1510 348
2284 770 395
2285 1893 906
2286 1071 180
2287 1827 31
2288 245 466
2289 175 1950
2290 478 1619
2291 151 1580
2292 1725 1054
2293 1855 1762
2294 388 2189
2295 479 2149
2296 1942 1548
2297 1723 2007
2298 2281 2083
2299 567 127
2300 2078 640
2301 1338 1351
2302 1603 25
2303 1458 2180
2304 2312 1089
2305 825 331
2306 690 2104
2307 407 738
2308 893 888
2309 1000 1349
2310 389 1661
2311 1342 1995
2312 358 132
2313 762 1144
2314 2306 1240
2315 2071 275
2316 307 969
2317 744 1018
2318 802 958
2319 756 597
2320 1655 1468
