3100 3100
1 2666 2449
2 1856 1980
3 1486 1753
4 24 2252
5 1802 1265
6 572 228
7 1987 3072
8 1595 510
9 2267 2506
10 1638 2060
11 1559 2608
12 1977 3043
13 1630 1711
14 178 1622
15 2191 3046
16 3014 1600
17 902 1009
18 3090 1666
19 82 1964
20 1629 1473
21 487 2234
22 130 2927
23 1138 2922
24 2588 1364
25 2902 2791
26 1936 700
27 694 1884
28 1227 895
29 954 87
30 2036 2769
31 1002 2521
32 1764 2431
33 160 2658
34 57 1405
35 918 1965
36 2456 1052
37 1408 2931
38 2438 1267
39 2543 136
40 3041 3002
41 1002 998
42 2950 42
43 1132 1217
44 1670 387
45 1451 1483
46 877 1047
47 803 1944
48 762 910
49 205 2128
50 2125 2962
51 2461 1272
52 1081 2361
53 238 2395
54 890 1585
55 1137 854
56 2049 2620
57 337 674
58 897 1028
59 2906 1632
60 2227 2729
61 579 905
62 2165 2424
63 745 2315
64 332 286
65 1712 716
66 2093 2489
67 1876 2417
68 2096 1150
69 2860 1338
70 1516 1948
71 289 500
72 1602 1987
73 1591 3067
74 2865 325
75 311 1405
76 2529 2637
77 1144 2130
78 1867 1929
79 8 1450
80 153 1282
81 69 2284
82 1867 697
83 2553 317
84 1044 2604
85 134 2167
86 852 1442
87 294 2382
88 402 2115
89 2386 52
90 2474 2255
91 2735 1392
92 2002 272
93 2430 1767
94 1084 2710
95 2668 2845
96 1490 331
97 441 3093
98 53 655
99 1714 870
100 795 2754
101 2433 2788
102 2772 179
103 1040 1756
104 2274 1055
105 364 243
106 1552 1099
107 1431 598
108 1652 1698
109 199 1218
110 2925 1406
111 2198 2816
112 1427 1536
113 39 204
114 1264 254
115 1475 1053
116 2263 1302
117 1107 1008
118 779 2396
119 1547 1326
120 662 2764
121 2940 215
122 2626 1460
123 1410 145
124 76 1154
125 2657 461
126 1895 2318
127 2729 260
128 2168 1611
129 1420 775
130 180 1511
131 2210 399
132 3057 756
133 823 1199
134 1452 517
135 3092 613
136 2098 2909
137 1175 445
138 497 2766
139 180 1535
140 554 989
141 756 294
142 277 597
143 1785 2851
144 405 2273
145 2746 3032
146 584 1266
147 1225 582
148 165 1101
149 82 130
150 2772 1261
151 318 2151
152 965 1731
153 1207 1771
154 1733 1039
155 2810 854
156 1290 154
157 90 91
158 2818 2592
159 2659 1350
160 613 516
161 2199 2898
162 1198 2250
163 720 532
164 1434 1129
165 1838 671
166 2523 869
167 1194 2193
168 1201 942
169 2122 2734
170 2074 417
171 1995 1204
172 303 3046
173 2737 2687
174 3001 1071
175 2930 2370
176 425 1876
177 202 196
178 544 1584
179 2921 1756
180 362 2871
181 1090 2523
182 957 1036
183 3082 1340
184 1228 2829
185 816 2674
186 1060 736
187 195 1168
188 735 1364
189 180 1981
190 751 2661
191 2411 933
192 389 2292
193 2088 2648
194 2715 947
195 786 2577
196 431 532
197 1742 1754
198 1665 2255
199 1608 106
200 1491 2288
201 2192 1295
202 2903 2421
203 2563 2346
204 212 221
205 2084 1975
206 2892 846
207 2272 1281
208 409 2713
209 804 1941
210 975 2608
211 2362 1673
212 2714 1291
213 1951 997
214 2305 2069
215 2160 2025
216 918 120
217 538 434
218 550 283
219 546 2717
220 1483 1333
221 424 1268
222 1884 768
223 1051 1368
224 2409 1563
225 406 1195
226 2124 994
227 1098 1631
228 567 69
229 1680 2350
230 2975 2583
231 2184 2576
232 2660 3005
233 1250 2725
234 486 332
235 1120 1947
236 1348 355
237 1820 592
238 1058 1492
239 3075 2168
240 596 1837
241 1430 794
242 1697 422
243 665 523
244 2202 1661
245 1369 311
246 940 724
247 490 690
248 387 2722
249 901 2306
250 2799 1193
251 1989 1383
252 1726 2820
253 2737 2375
254 16 2241
255 301 1468
256 936 2239
257 457 590
258 800 31
259 331 769
260 1478 1268
261 143 1242
262 1236 1978
263 2549 545
264 853 1364
265 946 1207
266 745 1188
267 2654 1417
268 2127 231
269 2317 981
270 3028 2360
271 1980 1403
272 343 1614
273 2946 799
274 775 2190
275 2492 1605
276 17 865
277 1597 1241
278 734 450
279 1462 468
280 435 1163
281 1113 2698
282 219 993
283 2206 129
284 1873 1937
285 1950 1770
286 2667 456
287 1892 927
288 418 714
289 1998 1105
290 567 1887
291 709 2183
292 585 802
293 43 1199
294 544 1010
295 988 471
296 629 2722
297 1146 674
298 1619 2744
299 1534 844
300 2745 2821
301 2168 707
302 2377 587
303 46 2007
304 785 430
305 1796 2453
306 2024 1333
307 97 1571
308 439 668
309 2670 1911
310 1576 2478
311 1815 2710
312 1414 2789
313 1266 2667
314 275 2964
315 657 1036
316 1011 112
317 2646 2546
318 2306 2073
319 1345 1659
320 2651 463
321 2132 3025
322 1033 1101
323 473 86
324 622 2861
325 309 1003
326 1447 1138
327 227 2161
328 2128 917
329 2605 2404
330 1060 2737
331 1415 1198
332 2055 1809
333 3076 2648
334 201 392
335 985 1683
336 3046 653
337 1942 498
338 1280 582
339 3011 1058
340 1996 2385
341 1972 3098
342 241 2724
343 1837 2580
344 1025 1666
345 2337 1051
346 1578 1968
347 2552 1302
348 2648 2757
349 90 1170
350 1583 905
351 826 259
352 2348 2746
353 179 3085
354 923 1065
355 950 2868
356 2111 1019
357 2083 2988
358 946 267
359 1216 1439
360 1046 2203
361 1652 1467
362 2772 689
363 1533 3005
364 251 1936
365 533 2602
366 708 1574
367 989 352
368 2062 2433
369 2034 1196
370 591 2221
371 3051 1149
372 1001 2016
373 3075 2029
374 2817 217
375 2701 994
376 951 1605
377 1317 2444
378 1856 851
379 1589 3009
380 1876 2001
381 196 2066
382 936 2279
383 1621 1740
384 408 1740
385 2979 673
386 280 1187
387 3044 1643
388 2920 1236
389 2527 173
390 483 1187
391 2687 1649
392 624 2187
393 2141 2242
394 2044 103
395 676 1036
396 2387 3085
397 2879 2116
398 127 824
399 234 584
400 2057 172
401 731 1058
402 1557 1450
403 448 712
404 413 878
405 264 2144
406 776 608
407 698 189
408 2428 206
409 514 817
410 1489 2444
411 2979 1152
412 436 155
413 2663 806
414 1249 904
415 1465 2696
416 2175 1804
417 553 57
418 2260 428
419 1447 3034
420 903 182
421 1453 2858
422 1928 1804
423 718 1280
424 2321 1358
425 402 2462
426 2579 2267
427 2513 1579
428 1127 260
429 2071 1419
430 1 2807
431 2881 2301
432 1504 221
433 2881 145
434 463 554
435 1185 1267
436 976 734
437 2874 2004
438 643 1593
439 996 644
440 2273 2614
441 21 763
442 1306 1623
443 1750 1348
444 2283 416
445 1439 942
446 2956 774
447 1643 173
448 1913 1546
449 2403 625
450 707 1294
451 2367 1254
452 130 719
453 2219 528
454 961 476
455 2907 575
456 513 1086
457 290 741
458 2765 53
459 2731 2943
460 2417 3082
461 247 725
462 990 2009
463 1573 1438
464 2422 80
465 48 2935
466 240 932
467 629 1683
468 1654 1568
469 2525 615
470 89 420
471 2987 1059
472 3053 227
473 813 2453
474 353 1221
475 1782 359
476 1625 1558
477 1988 2915
478 1179 135
479 2989 66
480 971 894
481 2088 1778
482 1878 2311
483 497 1594
484 1120 2618
485 1539 382
486 344 875
487 2669 1558
488 1092 529
489 3002 1013
490 1439 2282
491 2334 2114
492 2459 1685
493 433 1596
494 2870 2201
495 1802 2783
496 1951 1669
497 1077 1522
498 272 3100
499 329 3042
500 1424 2480
501 2353 1407
502 2538 1421
503 1644 2786
504 2020 3059
505 1650 2511
506 793 2748
507 2536 2035
508 1087 579
509 1795 80
510 2117 2546
511 1921 2956
512 1143 225
513 1577 1135
514 948 223
515 276 1365
516 2177 2104
517 2772 2972
518 627 1791
519 1400 2270
520 1971 2390
521 1324 125
522 1855 57
523 2774 1834
524 1000 3027
525 1669 2479
526 538 967
527 2413 2273
528 779 2489
529 631 385
530 828 927
531 519 2883
532 580 1250
533 2843 287
534 2563 1845
535 353 990
536 1306 306
537 3072 2877
538 1671 634
539 1691 1371
540 1075 1558
541 123 3073
542 890 1383
543 2374 569
544 2011 2130
545 1523 2069
546 1509 2852
547 2596 2762
548 286 1151
549 862 3098
550 1473 698
551 48 2069
552 2405 1394
553 2655 678
554 2851 866
555 2392 2190
556 2208 3007
557 341 939
558 1301 2975
559 1365 262
560 1811 923
561 22 917
562 855 1127
563 546 955
564 1200 1847
565 1366 1580
566 486 2923
567 2056 1453
568 3031 1082
569 739 175
570 2048 3027
571 475 884
572 2447 2387
573 220 2151
574 2366 643
575 1200 1019
576 939 2553
577 1235 1762
578 1401 308
579 2598 1326
580 1717 417
581 937 877
582 2098 383
583 1778 2097
584 306 243
585 2879 850
586 2814 681
587 870 1491
588 2296 614
589 795 1186
590 1387 46
591 166 1988
592 3070 1107
593 1883 64
594 1953 670
595 1078 559
596 2248 718
597 1506 297
598 1513 135
599 841 1109
600 1796 2553
601 1828 1214
602 973 1253
603 2333 1768
604 2510 947
605 1350 2185
606 1666 1669
607 568 902
608 605 986
609 2696 52
610 2885 2182
611 1173 1019
612 2124 1877
613 1042 843
614 2167 523
615 2669 3046
616 1130 1195
617 96 1911
618 2349 791
619 2314 1156
620 999 150
621 750 786
622 2340 1715
623 312 2939
624 1260 1425
625 2656 552
626 2174 72
627 1463 1884
628 1366 63
629 199 2093
630 1535 2682
631 2746 1310
632 1052 562
633 1562 849
634 2373 362
635 2728 341
636 789 432
637 998 963
638 1889 53
639 429 2128
640 2807 905
641 2115 758
642 700 2119
643 2761 484
644 2910 1320
645 104 1783
646 2227 804
647 2785 1622
648 1458 753
649 2591 272
650 2943 1163
651 1080 1261
652 729 1937
653 1014 2618
654 1721 1134
655 211 2149
656 170 1146
657 107 661
658 2683 731
659 602 261
660 1516 2531
661 1466 215
662 2657 2943
663 1861 318
664 2931 2009
665 917 1020
666 1761 2313
667 671 898
668 354 2721
669 1527 1589
670 2587 2007
671 2515 1295
672 2692 2239
673 1910 2384
674 206 1305
675 2054 1913
676 2828 720
677 2367 1594
678 1942 468
679 1742 1183
680 545 1610
681 2263 1633
682 332 421
683 2166 1458
684 2554 2310
685 1512 711
686 1073 1639
687 924 2640
688 1370 1753
689 1747 2217
690 2862 65
691 2710 2079
692 777 1020
693 473 2520
694 2101 2149
695 1125 2151
696 254 1407
697 1754 1452
698 399 2854
699 1825 2856
700 1167 1707
701 3085 1851
702 1533 1791
703 1014 1645
704 2056 1827
705 2287 2115
706 1011 1354
707 393 850
708 181 2503
709 1892 2161
710 92 2738
711 2269 640
712 2503 2932
713 2964 179
714 872 2069
715 1698 55
716 22 2922
717 2615 1479
718 1056 815
719 1294 783
720 1118 2514
721 2241 1298
722 2981 3009
723 487 1336
724 342 1280
725 1243 1818
726 641 651
727 826 2844
728 20 786
729 1512 983
730 1333 2614
731 767 2541
732 99 1471
733 2273 2190
734 2274 2518
735 1195 1545
736 480 1366
737 3001 1554
738 1840 789
739 436 3024
740 3021 2008
741 1590 53
742 1646 1987
743 2213 1581
744 388 1213
745 2794 737
746 299 760
747 1575 2009
748 3066 543
749 1147 284
750 114 665
751 613 1366
752 2318 1814
753 1568 1499
754 656 779
755 2581 886
756 57 1078
757 709 1100
758 1701 1010
759 805 2878
760 813 2628
761 2051 1107
762 958 1771
763 1827 1139
764 2875 3006
765 1901 1725
766 814 2879
767 2573 1136
768 1527 2562
769 2488 2753
770 2300 2118
771 1757 442
772 1684 327
773 389 1585
774 1846 1437
775 1638 714
776 81 2256
777 2070 2359
778 102 2201
779 2354 759
780 2133 1695
781 580 2209
782 2008 541
783 2158 1658
784 1224 2455
785 156 664
786 1917 2307
787 1693 2696
788 2884 3063
789 2893 1142
790 1619 2244
791 1349 2719
792 2101 561
793 1247 228
794 1423 2723
795 916 2945
796 601 1091
797 339 896
798 2905 2887
799 2884 116
800 1677 477
801 505 1116
802 2883 1202
803 2148 1932
804 226 2101
805 765 1994
806 794 330
807 161 500
808 837 350
809 659 1009
810 884 1044
811 169 825
812 1392 2713
813 1275 2615
814 2081 244
815 1224 246
816 2510 2387
817 2853 621
818 3050 2346
819 706 2086
820 266 1466
821 1193 1836
822 285 2484
823 530 185
824 2468 2367
825 525 2936
826 1786 2550
827 2362 2508
828 2103 254
829 2166 156
830 1015 3000
831 2080 396
832 1394 3018
833 2123 1795
834 1866 1880
835 1615 3038
836 948 453
837 1646 1394
838 370 1453
839 508 746
840 1900 1733
841 1977 1504
842 2365 793
843 1342 2284
844 589 818
845 1834 1280
846 993 1328
847 651 1034
848 1995 2645
849 787 983
850 2554 2295
851 1184 2357
852 32 703
853 1399 2627
854 238 310
855 2172 1507
856 51 1676
857 859 541
858 661 546
859 745 1458
860 2921 2808
861 2215 1712
862 2665 1464
863 562 340
864 259 2581
865 462 1527
866 1071 1344
867 2384 2853
868 1269 459
869 2845 2555
870 672 2715
871 529 1708
872 2962 2463
873 1460 2907
874 718 1405
875 676 1687
876 358 1645
877 2183 638
878 288 495
879 1935 2610
880 1687 1614
881 1907 41
882 2913 2670
883 1579 160
884 260 2974
885 447 1638
886 34 55
887 1248 69
888 2297 2735
889 1011 1630
890 1079 2657
891 394 109
892 2577 880
893 632 2916
894 1654 1838
895 49 1424
896 67 2207
897 594 1031
898 108 2538
899 1362 20
900 1261 1007
901 2853 1160
902 1814 2470
903 2055 1863
904 168 375
905 757 734
906 1861 1515
907 1392 2210
908 446 2413
909 30 32
910 627 196
911 1716 910
912 506 329
913 440 2275
914 860 1772
915 356 2331
916 812 1627
917 1919 2745
918 2213 297
919 1145 772
920 1142 2708
921 1521 611
922 1216 2414
923 320 92
924 1481 2982
925 219 1108
926 2402 1034
927 2709 2013
928 398 1823
929 1840 143
930 1236 2219
931 2541 267
932 1009 974
933 150 1309
934 795 3060
935 1167 1901
936 2509 1262
937 1503 685
938 200 1079
939 1392 841
940 1485 2997
941 1061 1895
942 453 2436
943 1491 723
944 25 1606
945 1234 1545
946 1977 1883
947 1730 2422
948 2431 195
949 89 2741
950 2232 2706
951 1703 1431
952 39 2308
953 1147 309
954 1005 2661
955 1751 2156
956 1820 1242
957 2455 276
958 2246 2613
959 526 918
960 384 37
961 1739 916
962 528 1562
963 2394 1803
964 1915 1015
965 2529 455
966 2595 2840
967 2360 1196
968 2593 2958
969 2246 2273
970 2090 501
971 798 1652
972 2328 178
973 1218 1137
974 426 1697
975 1435 2852
976 931 281
977 1617 1896
978 1666 3073
979 1501 634
980 2313 429
981 2972 1068
982 862 994
983 110 746
984 1119 2233
985 867 1330
986 389 1363
987 600 3063
988 1338 1073
989 841 2193
990 2069 1718
991 101 2267
992 938 2977
993 2711 521
994 242 2627
995 480 1054
996 1401 6
997 500 2697
998 679 2819
999 2149 876
1000 548 189
1001 1522 565
1002 1500 2402
1003 613 2068
1004 1401 30
1005 2192 1524
1006 2090 3085
1007 2172 1017
1008 1696 938
1009 1570 723
1010 643 990
1011 785 1585
1012 1203 2325
1013 1741 720
1014 1527 2591
1015 638 965
1016 302 1429
1017 2104 1196
1018 196 31
1019 1194 1795
1020 2223 2133
1021 3056 2878
1022 2307 1909
1023 1821 440
1024 754 3052
1025 1860 574
1026 1756 3054
1027 1239 1098
1028 435 371
1029 2293 619
1030 1794 915
1031 1933 311
1032 1383 526
1033 1416 1709
1034 1685 2753
1035 957 1292
1036 659 2872
1037 1255 1067
1038 3006 1084
1039 2983 455
1040 344 2846
1041 188 2070
1042 506 1900
1043 251 1045
1044 2496 1436
1045 1310 704
1046 567 315
1047 912 1225
1048 2820 1928
1049 1402 950
1050 2574 1061
1051 1213 1751
1052 452 972
1053 831 2771
1054 2512 1430
1055 2986 2666
1056 2950 189
1057 2043 2679
1058 2025 36
1059 2463 1462
1060 3071 551
1061 2852 1421
1062 2940 3006
1063 889 1963
1064 357 1358
1065 2691 337
1066 1481 1074
1067 1067 2948
1068 731 172
1069 1432 2199
1070 1617 360
1071 1391 1521
1072 2444 1288
1073 2319 1565
1074 2409 1889
1075 1910 1866
1076 2068 856
1077 821 913
1078 971 2929
1079 2103 2005
1080 2825 1776
1081 186 1649
1082 2152 1533
1083 553 144
1084 1312 1682
1085 2285 993
1086 1352 2509
1087 448 1556
1088 2686 2296
1089 362 25
1090 2426 947
1091 2392 2123
1092 979 1201
1093 2435 2556
1094 1129 1247
1095 2619 2539
1096 1146 2287
1097 335 2598
1098 2376 2637
1099 2830 1809
1100 2698 1986
1101 1762 1162
1102 351 2471
1103 2440 151
1104 1587 400
1105 2192 153
1106 1315 2356
1107 1998 2914
1108 215 2339
1109 2089 790
1110 846 1481
1111 2732 2005
1112 1554 803
1113 2530 364
1114 2409 743
1115 890 3036
1116 779 2141
1117 479 2415
1118 148 291
1119 808 3006
1120 1744 1333
1121 1007 1310
1122 349 2981
1123 151 2172
1124 878 2965
1125 856 1923
1126 894 642
1127 1434 2295
1128 1674 2907
1129 1312 1791
1130 542 2531
1131 1050 1498
1132 1429 1115
1133 401 390
1134 316 2348
1135 990 1133
1136 2009 1666
1137 2885 993
1138 1040 717
1139 1631 843
1140 2550 1449
1141 719 227
1142 1412 1635
1143 3073 2577
1144 254 1924
1145 2328 1687
1146 1073 204
1147 2121 545
1148 1477 679
1149 431 393
1150 1999 1435
1151 2685 2728
1152 154 776
1153 2850 1492
1154 1604 2446
1155 615 689
1156 2404 299
1157 1474 1406
1158 1013 1752
1159 498 2807
1160 1622 1053
1161 1507 2296
1162 1900 1159
1163 279 2551
1164 2871 1414
1165 2589 994
1166 2609 1111
1167 317 404
1168 3067 2587
1169 2164 2365
1170 521 140
1171 2374 720
1172 2732 2600
1173 2061 1332
1174 2546 2408
1175 1648 1986
1176 161 535
1177 1888 1358
1178 1624 979
1179 1925 1834
1180 279 2707
1181 72 2463
1182 693 1086
1183 279 419
1184 595 554
1185 2109 1303
1186 1814 2732
1187 2908 1198
1188 2977 944
1189 2333 673
1190 256 280
1191 2091 3000
1192 1577 2082
1193 2555 513
1194 2185 1141
1195 1522 2828
1196 1456 2319
1197 719 1871
1198 805 764
1199 150 2750
1200 1899 214
1201 2673 1230
1202 473 1142
1203 2678 2297
1204 173 1794
1205 3053 2665
1206 2366 163
1207 2728 1583
1208 2960 2217
1209 3068 2201
1210 1791 2812
1211 2862 2783
1212 1576 353
1213 882 649
1214 2431 1470
1215 2842 2422
1216 1763 606
1217 758 565
1218 2356 149
1219 2171 2343
1220 2234 2890
1221 2361 1608
1222 67 2550
1223 514 1349
1224 1219 2932
1225 3004 1259
1226 1553 1549
1227 466 2865
1228 33 1050
1229 2693 1467
1230 1764 224
1231 1996 1009
1232 1859 15
1233 842 1630
1234 728 690
1235 2339 1343
1236 2701 346
1237 2846 1903
1238 750 116
1239 837 2732
1240 150 1032
1241 1978 1289
1242 1952 568
1243 2613 157
1244 908 362
1245 2561 1156
1246 563 833
1247 1911 901
1248 575 2629
1249 1216 12
1250 620 2956
1251 2395 553
1252 2462 1480
1253 1371 2112
1254 544 2934
1255 2478 1210
1256 2904 993
1257 2722 1828
1258 1941 572
1259 2547 87
1260 2769 144
1261 2237 1780
1262 830 1494
1263 715 1737
1264 1855 2143
1265 1085 963
1266 670 632
1267 1578 2477
1268 1761 20
1269 145 269
1270 2017 1732
1271 1580 1917
1272 51 1230
1273 477 113
1274 1605 626
1275 1072 903
1276 899 2829
1277 390 1771
1278 395 966
1279 101 868
1280 1926 361
1281 2792 799
1282 648 2594
1283 488 235
1284 1529 2235
1285 954 2736
1286 2237 225
1287 1847 2828
1288 1445 2068
1289 2462 1275
1290 403 1713
1291 353 333
1292 1444 1688
1293 1927 2589
1294 1764 2594
1295 1352 2200
1296 805 996
1297 729 1504
1298 1899 2805
1299 189 2799
1300 2516 800
1301 1632 2075
1302 1176 2258
1303 812 939
1304 363 1307
1305 873 1945
1306 694 1846
1307 3017 453
1308 1958 766
1309 268 2498
1310 1043 1881
1311 16 252
1312 528 3032
1313 1268 994
1314 1599 1121
1315 1774 2685
1316 3056 932
1317 922 2713
1318 3041 1194
1319 2670 257
1320 965 882
1321 2987 3093
1322 209 1392
1323 653 591
1324 2890 250
1325 2581 1459
1326 1676 224
1327 1865 2756
1328 2051 1160
1329 190 650
1330 2032 2855
1331 2826 2061
1332 2174 1787
1333 2913 577
1334 1213 1158
1335 141 2044
1336 1002 2409
1337 1491 746
1338 2249 1744
1339 811 887
1340 1840 1801
1341 2343 2894
1342 277 2707
1343 1172 964
1344 1713 1717
1345 386 2650
1346 1314 2379
1347 62 3011
1348 2246 1328
1349 204 2593
1350 840 1097
1351 141 2607
1352 708 1905
1353 617 2800
1354 182 449
1355 901 502
1356 2860 2786
1357 1909 832
1358 2561 1705
1359 2432 2440
1360 1412 2338
1361 2996 675
1362 2668 2620
1363 420 900
1364 2799 760
1365 39 1420
1366 238 548
1367 2519 1270
1368 105 3034
1369 641 2450
1370 1348 948
1371 999 738
1372 953 2046
1373 2779 1630
1374 1647 3019
1375 2638 2700
1376 194 2108
1377 3001 1170
1378 2051 895
1379 674 742
1380 950 1862
1381 3043 2046
1382 1063 506
1383 78 3038
1384 2134 2527
1385 984 1226
1386 491 2837
1387 336 152
1388 1548 2097
1389 2934 42
1390 2860 1072
1391 2345 2940
1392 2228 1147
1393 1160 2077
1394 91 847
1395 1620 2166
1396 268 1687
1397 2346 1395
1398 1239 2992
1399 255 2197
1400 2455 2561
1401 1081 2787
1402 1022 971
1403 376 317
1404 1921 1162
1405 2161 926
1406 2924 1945
1407 1701 1172
1408 2634 150
1409 2681 374
1410 1652 509
1411 1852 2053
1412 1907 527
1413 399 1187
1414 2925 3082
1415 2544 920
1416 2284 1019
1417 1741 89
1418 1291 1427
1419 2175 2283
1420 472 2038
1421 2928 1968
1422 135 777
1423 2214 193
1424 2087 3054
1425 413 2699
1426 2102 705
1427 892 2961
1428 1076 1017
1429 1455 2610
1430 554 1307
1431 1603 2191
1432 1320 1690
1433 687 1493
1434 2548 1108
1435 2386 1256
1436 285 128
1437 1084 1222
1438 1892 829
1439 1425 2277
1440 1081 1534
1441 2283 1430
1442 2376 1514
1443 56 1604
1444 1202 629
1445 1384 2784
1446 1658 2760
1447 84 1815
1448 1285 2738
1449 2319 221
1450 1417 607
1451 2555 1219
1452 264 2045
1453 484 639
1454 796 2388
1455 1333 2085
1456 794 242
1457 299 1270
1458 116 2709
1459 686 1705
1460 1535 948
1461 65 2294
1462 2941 1156
1463 2869 838
1464 2817 2466
1465 1317 494
1466 2756 207
1467 2493 1203
1468 1768 372
1469 1464 1638
1470 320 132
1471 2198 1726
1472 1763 2204
1473 678 1959
1474 2064 217
1475 2824 1140
1476 1573 1494
1477 58 2522
1478 2242 1432
1479 1164 662
1480 1045 1086
1481 370 2900
1482 2360 781
1483 2033 2362
1484 1106 670
1485 405 2469
1486 638 826
1487 2977 123
1488 2572 3050
1489 1683 500
1490 1933 727
1491 1669 364
1492 1505 1030
1493 2632 2553
1494 1639 1119
1495 3009 2601
1496 1981 2051
1497 413 1296
1498 1592 229
1499 1041 1791
1500 1910 1107
1501 2565 847
1502 2626 2964
1503 1321 547
1504 2929 1652
1505 2054 463
1506 1206 1778
1507 1750 1519
1508 1771 2893
1509 666 68
1510 3010 1438
1511 98 1253
1512 3024 89
1513 194 96
1514 289 138
1515 1176 1370
1516 1864 886
1517 3051 1488
1518 1202 2526
1519 674 424
1520 1025 559
1521 1443 1783
1522 2069 1475
1523 1422 24
1524 1731 363
1525 788 181
1526 72 1097
1527 1861 865
1528 496 263
1529 1602 522
1530 319 1789
1531 1027 231
1532 2004 1992
1533 1872 1504
1534 1280 1819
1535 1845 2421
1536 173 2023
1537 415 328
1538 2512 2505
1539 2605 2719
1540 100 1487
1541 803 406
1542 1409 2467
1543 50 296
1544 1599 2450
1545 2108 2388
1546 2458 2181
1547 1873 982
1548 953 1244
1549 826 575
1550 49 1972
1551 801 693
1552 3041 2671
1553 1777 299
1554 793 153
1555 611 3088
1556 1175 1593
1557 2090 2154
1558 1676 1436
1559 2815 1860
1560 2262 30
1561 992 1880
1562 1981 1979
1563 2794 2587
1564 688 907
1565 1748 1846
1566 2034 1141
1567 2838 842
1568 2813 1039
1569 3050 58
1570 274 923
1571 1849 1167
1572 1513 1914
1573 2945 2768
1574 1535 658
1575 1966 2916
1576 1329 1126
1577 2879 3077
1578 1938 1998
1579 2026 1722
1580 2105 2948
1581 2955 1727
1582 492 1169
1583 2648 851
1584 893 2005
1585 896 2306
1586 1919 2146
1587 354 2672
1588 584 2490
1589 1705 2162
1590 1012 270
1591 2610 740
1592 1431 1166
1593 8 226
1594 2975 1415
1595 38 743
1596 1920 2380
1597 573 95
1598 2222 1824
1599 2484 388
1600 2909 2615
1601 862 371
1602 298 3075
1603 823 1272
1604 1212 400
1605 1153 175
1606 1272 1003
1607 2812 1388
1608 2790 587
1609 1491 341
1610 1549 3094
1611 1757 1027
1612 637 119
1613 944 290
1614 1422 2567
1615 1961 369
1616 136 2261
1617 1433 2550
1618 849 1321
1619 882 1181
1620 1147 833
1621 1885 983
1622 183 611
1623 1534 636
1624 572 401
1625 2724 601
1626 580 726
1627 1072 328
1628 1675 756
1629 2916 689
1630 2730 346
1631 288 1190
1632 475 40
1633 2907 2437
1634 1746 1285
1635 418 1228
1636 2819 252
1637 105 1158
1638 2948 2306
1639 1767 836
1640 806 1323
1641 912 1650
1642 563 555
1643 1633 1187
1644 280 1491
1645 483 1362
1646 1284 2868
1647 2900 499
1648 2342 1823
1649 1163 194
1650 1399 2626
1651 212 1030
1652 1381 590
1653 2666 1608
1654 845 1025
1655 760 696
1656 1368 1982
1657 1702 1396
1658 492 1422
1659 922 757
1660 810 2329
1661 2287 83
1662 2661 266
1663 197 1625
1664 1741 2991
1665 89 2543
1666 688 1161
1667 642 1013
1668 2869 2126
1669 1395 1837
1670 1348 260
1671 1995 1069
1672 822 2041
1673 2791 2083
1674 33 2755
1675 879 1408
1676 782 1186
1677 2380 1622
1678 2504 527
1679 2539 2046
1680 232 1728
1681 1386 178
1682 2067 3029
1683 343 1523
1684 711 1309
1685 101 381
1686 2438 94
1687 1011 1389
1688 1519 3073
1689 2350 2783
1690 1323 1469
1691 370 126
1692 1063 113
1693 156 49
1694 2899 1596
1695 1715 1823
1696 522 1661
1697 2797 1857
1698 1155 2996
1699 1951 1487
1700 1883 1799
1701 1735 2776
1702 567 2968
1703 1344 2777
1704 1197 2794
1705 2563 2473
1706 998 1245
1707 61 2214
1708 1443 407
1709 357 3067
1710 1760 1545
1711 1940 2265
1712 244 359
1713 1646 334
1714 2239 1715
1715 1058 644
1716 316 2091
1717 861 1626
1718 2187 381
1719 359 2298
1720 2710 1723
1721 326 55
1722 802 1047
1723 1975 951
1724 628 3068
1725 1102 1476
1726 2112 1697
1727 3026 162
1728 3046 3061
1729 1933 2432
1730 2316 1764
1731 1253 856
1732 828 3026
1733 51 96
1734 2922 3022
1735 2979 2234
1736 739 520
1737 544 1434
1738 78 1298
1739 2401 1475
1740 679 807
1741 988 2375
1742 1479 2172
1743 3046 1524
1744 1300 84
1745 2807 2939
1746 414 1415
1747 2156 2130
1748 57 2483
1749 562 3020
1750 863 902
1751 424 1687
1752 1744 858
1753 2372 915
1754 2408 2114
1755 318 3097
1756 1244 2872
1757 1290 1266
1758 1621 1912
1759 1867 1205
1760 1362 1816
1761 355 1439
1762 233 859
1763 1209 2186
1764 660 1583
1765 1921 995
1766 107 2326
1767 2979 568
1768 908 577
1769 2802 2900
1770 2310 1100
1771 2702 1049
1772 455 2256
1773 1096 212
1774 1438 2646
1775 2049 179
1776 2308 2388
1777 3082 1852
1778 408 3081
1779 2086 2196
1780 1112 1585
1781 2340 22
1782 122 1122
1783 1483 2240
1784 1201 296
1785 2379 2423
1786 1205 420
1787 2826 2443
1788 668 955
1789 1302 2077
1790 1861 2701
1791 853 665
1792 2133 1836
1793 2699 2262
1794 713 2789
1795 1390 1916
1796 2347 2558
1797 1840 1159
1798 2408 2773
1799 1408 2017
1800 513 1236
1801 354 618
1802 1648 2825
1803 2852 1907
1804 954 208
1805 2821 789
1806 2295 987
1807 894 366
1808 2186 337
1809 1566 1553
1810 722 146
1811 2850 1914
1812 2011 2046
1813 2684 2272
1814 737 55
1815 287 2658
1816 2753 1633
1817 1759 319
1818 1569 1460
1819 2311 1953
1820 1075 960
1821 404 813
1822 616 2308
1823 820 2668
1824 71 2179
1825 1187 305
1826 1148 1644
1827 2688 2674
1828 1541 396
1829 2284 1588
1830 2852 1834
1831 2314 1075
1832 2781 1654
1833 2367 288
1834 30 2892
1835 2088 1473
1836 1041 298
1837 1220 1671
1838 1164 1861
1839 639 2006
1840 2508 285
1841 7 2102
1842 738 2860
1843 2027 600
1844 1729 1633
1845 1629 2567
1846 1698 1599
1847 1544 2524
1848 1448 1147
1849 1501 91
1850 1665 546
1851 1 2375
1852 220 2983
1853 1844 1460
1854 2755 2962
1855 1720 2928
1856 1840 2324
1857 1789 2489
1858 2478 3034
1859 2012 4
1860 1415 1952
1861 2182 2832
1862 655 2733
1863 894 213
1864 2088 1433
1865 1625 91
1866 2044 1706
1867 529 2052
1868 898 183
1869 200 2636
1870 36 1522
1871 2794 2802
1872 861 1499
1873 601 1344
1874 290 1557
1875 285 222
1876 563 1226
1877 991 1245
1878 2011 338
1879 1110 102
1880 2955 2204
1881 3016 1016
1882 1871 1843
1883 2876 2242
1884 2946 37
1885 2220 2692
1886 297 2905
1887 854 2908
1888 821 1327
1889 2928 680
1890 764 1050
1891 1585 967
1892 720 2566
1893 1344 2793
1894 350 2942
1895 2963 559
1896 2558 1063
1897 660 2626
1898 2092 553
1899 511 2834
1900 723 1961
1901 1017 1250
1902 2224 205
1903 887 1343
1904 585 2364
1905 1561 1106
1906 94 1621
1907 1840 2301
1908 1023 3025
1909 1242 1300
1910 231 166
1911 1489 1176
1912 1425 2851
1913 1528 1049
1914 3018 1993
1915 1097 533
1916 1242 1081
1917 1246 964
1918 2978 2599
1919 3041 985
1920 577 1
1921 3041 32
1922 1813 1301
1923 1415 2438
1924 2192 230
1925 1364 254
1926 716 2586
1927 617 153
1928 336 2351
1929 1993 1641
1930 1664 1607
1931 2590 1257
1932 2467 190
1933 2711 3056
1934 418 2130
1935 3060 1531
1936 2368 379
1937 1982 2768
1938 2184 1350
1939 2493 2604
1940 2971 814
1941 1535 2175
1942 667 101
1943 1638 1347
1944 758 252
1945 1113 362
1946 615 2062
1947 311 212
1948 3050 895
1949 389 2480
1950 614 2056
1951 1149 389
1952 2020 2705
1953 1882 817
1954 1249 1413
1955 626 2177
1956 152 2685
1957 721 2416
1958 85 903
1959 1005 2788
1960 3081 917
1961 187 2836
1962 2695 2619
1963 2903 2713
1964 1894 1838
1965 338 1187
1966 1032 897
1967 639 1520
1968 1147 563
1969 512 2854
1970 1078 1262
1971 1591 884
1972 2718 2558
1973 137 1995
1974 105 1374
1975 1396 1530
1976 1307 1320
1977 95 2216
1978 2127 462
1979 1310 2027
1980 3025 2239
1981 1129 161
1982 277 1298
1983 894 2598
1984 2950 1847
1985 2757 1985
1986 448 360
1987 2327 596
1988 2202 1722
1989 1008 529
1990 337 684
1991 2421 303
1992 1633 3002
1993 862 1292
1994 2241 1330
1995 1569 204
1996 1853 2791
1997 907 2953
1998 2957 2495
1999 435 2549
2000 2913 419
2001 680 1413
2002 1039 92
2003 1134 439
2004 1892 272
2005 2836 202
2006 1087 797
2007 1052 1757
2008 771 117
2009 1219 2349
2010 1299 1355
2011 443 2743
2012 243 2993
2013 66 2413
2014 1084 775
2015 13 2875
2016 2512 1787
2017 553 1606
2018 1235 201
2019 2540 1220
2020 896 213
2021 2036 463
2022 2904 2934
2023 1383 2690
2024 988 2893
2025 1682 940
2026 2238 358
2027 924 456
2028 311 2487
2029 1241 2820
2030 206 523
2031 408 1002
2032 1270 96
2033 2464 2936
2034 119 2788
2035 470 1459
2036 3006 2356
2037 1700 2890
2038 836 38
2039 444 280
2040 2602 2661
2041 1476 51
2042 2494 1387
2043 268 7
2044 1760 1486
2045 1781 390
2046 2138 510
2047 225 33
2048 1168 2902
2049 342 2167
2050 117 344
2051 1275 2692
2052 2070 1018
2053 965 565
2054 2135 1579
2055 2386 458
2056 1287 1962
2057 2068 2164
2058 1075 1877
2059 2856 1340
2060 1448 3012
2061 3045 567
2062 969 969
2063 2067 1220
2064 1338 1964
2065 530 835
2066 3019 118
2067 2036 2375
2068 1487 2159
2069 2082 2867
2070 1457 778
2071 2962 232
2072 1400 812
2073 74 2130
2074 1225 289
2075 2899 1215
2076 1785 1361
2077 1105 732
2078 1223 2283
2079 162 1298
2080 1600 250
2081 113 1736
2082 2454 1082
2083 2524 108
2084 1810 2578
2085 2475 939
2086 793 1621
2087 179 1829
2088 889 2465
2089 119 928
2090 2455 2306
2091 2170 2944
2092 132 269
2093 1809 1291
2094 2360 533
2095 270 1353
2096 2026 2638
2097 622 39
2098 1154 1899
2099 311 275
2100 1179 547
2101 916 1791
2102 173 2480
2103 477 2527
2104 617 2352
2105 206 2108
2106 1418 905
2107 700 1351
2108 1173 947
2109 3054 2557
2110 1876 1687
2111 1544 1052
2112 2940 409
2113 1401 2802
2114 2986 490
2115 93 2309
2116 1086 2447
2117 190 3034
2118 2527 87
2119 2357 849
2120 370 2675
2121 583 281
2122 1666 2050
2123 317 476
2124 1875 2979
2125 2775 338
2126 170 336
2127 1831 875
2128 2253 1822
2129 2270 1490
2130 2324 230
2131 395 2892
2132 610 1502
2133 2225 440
2134 2623 1060
2135 3013 2767
2136 1054 911
2137 1079 1927
2138 355 2532
2139 1545 1612
2140 332 2990
2141 692 107
2142 547 65
2143 340 1655
2144 1230 1539
2145 862 1664
2146 874 192
2147 1972 1289
2148 2185 2604
2149 559 317
2150 2567 2414
2151 2335 2206
2152 2958 3079
2153 664 2822
2154 645 1063
2155 69 1993
2156 214 844
2157 2766 2370
2158 812 613
2159 1174 1038
2160 491 2332
2161 588 818
2162 2813 2263
2163 2072 1113
2164 2293 1023
2165 2942 1805
2166 1166 2183
2167 675 1868
2168 1294 2504
2169 121 1310
2170 631 2249
2171 900 977
2172 118 516
2173 368 469
2174 2106 2745
2175 933 2353
2176 1804 914
2177 468 2578
2178 157 2696
2179 1072 126
2180 2975 2370
2181 305 2640
2182 2795 2527
2183 1512 1274
2184 826 617
2185 2011 2299
2186 2646 1083
2187 2878 498
2188 660 819
2189 386 70
2190 76 716
2191 2009 1312
2192 529 337
2193 871 734
2194 2453 1431
2195 2475 1338
2196 1655 427
2197 2221 1794
2198 2771 1764
2199 386 1628
2200 805 759
2201 972 2197
2202 859 1120
2203 2208 1078
2204 2708 2472
2205 449 1879
2206 3005 1771
2207 2391 1076
2208 1141 2896
2209 2640 1844
2210 2659 2531
2211 513 1011
2212 2644 186
2213 2340 1703
2214 1542 999
2215 2165 1847
2216 2069 209
2217 1391 2644
2218 1639 2065
2219 2217 2715
2220 2949 572
2221 428 1199
2222 1276 882
2223 530 1619
2224 2605 856
2225 3099 2631
2226 629 16
2227 951 1987
2228 2540 1913
2229 96 735
2230 2896 2367
2231 1550 2965
2232 3040 3024
2233 2392 1212
2234 533 221
2235 497 895
2236 1425 986
2237 1979 2562
2238 2346 2472
2239 234 2834
2240 1037 2992
2241 48 1950
2242 2224 1768
2243 2508 1257
2244 2161 1577
2245 1161 2491
2246 2456 1053
2247 1696 1964
2248 2395 564
2249 2220 706
2250 2648 2646
2251 2636 317
2252 194 2191
2253 599 1103
2254 1971 1793
2255 12 2762
2256 2541 2721
2257 168 355
2258 2040 2520
2259 1268 161
2260 2144 1929
2261 1921 2069
2262 2748 1240
2263 23 2810
2264 2598 264
2265 490 296
2266 1367 1052
2267 2747 2061
2268 673 2803
2269 226 2520
2270 2347 2654
2271 1063 2458
2272 2841 1131
2273 3083 965
2274 677 1135
2275 2643 3054
2276 713 2318
2277 2343 2902
2278 334 162
2279 1948 985
2280 164 401
2281 3034 2184
2282 1407 1012
2283 2042 1359
2284 2762 2013
2285 1719 12
2286 1938 2355
2287 1515 1561
2288 2345 2985
2289 1359 1500
2290 2970 1927
2291 2774 1810
2292 1212 907
2293 1532 1255
2294 2215 947
2295 1846 2516
2296 2931 1158
2297 225 504
2298 2856 1590
2299 887 455
2300 2180 1817
2301 1539 2643
2302 2111 115
2303 3061 525
2304 2148 2119
2305 2646 1376
2306 725 1372
2307 2697 616
2308 1036 1298
2309 3045 1723
2310 2359 1548
2311 321 50
2312 385 2860
2313 2382 826
2314 738 2437
2315 552 613
2316 1101 357
2317 164 3009
2318 503 151
2319 784 1921
2320 2267 914
2321 2667 2577
2322 152 2735
2323 3038 40
2324 1371 1931
2325 2947 2169
2326 737 505
2327 1105 2113
2328 1739 2870
2329 2137 1112
2330 2280 1566
2331 1896 809
2332 1051 1674
2333 749 1603
2334 2522 2399
2335 864 2933
2336 1638 2786
2337 2926 1252
2338 2860 2772
2339 1791 567
2340 551 491
2341 1750 387
2342 1559 2685
2343 427 1184
2344 85 2229
2345 1899 1896
2346 3012 2008
2347 939 1703
2348 2043 2859
2349 290 587
2350 2312 286
2351 1977 661
2352 2549 2862
2353 972 547
2354 501 2362
2355 1407 1699
2356 265 2334
2357 4 1604
2358 3071 1145
2359 743 2519
2360 706 349
2361 1887 1409
2362 468 724
2363 366 771
2364 1677 2470
2365 2436 286
2366 917 664
2367 624 525
2368 7 407
2369 1464 1311
2370 490 1641
2371 1266 1985
2372 225 2323
2373 1379 2111
2374 2018 596
2375 999 2862
2376 2504 2981
2377 1901 2679
2378 1749 1462
2379 2888 2501
2380 905 2307
2381 1138 2260
2382 56 2110
2383 404 2121
2384 778 128
2385 1571 2988
2386 1185 2207
2387 1213 1657
2388 1290 331
2389 1154 334
2390 688 2779
2391 2377 2433
2392 2401 2722
2393 450 2002
2394 2231 1461
2395 1946 2870
2396 2698 1647
2397 1433 466
2398 1714 1124
2399 1410 2297
2400 372 2006
2401 243 2723
2402 308 1809
2403 683 2196
2404 2346 801
2405 2182 364
2406 301 722
2407 1216 908
2408 1570 1171
2409 489 906
2410 2421 2085
2411 1638 1764
2412 1417 1238
2413 2631 726
2414 147 993
2415 660 917
2416 1626 2165
2417 1342 1994
2418 1588 122
2419 2240 2332
2420 759 786
2421 1566 21
2422 1880 876
2423 84 1439
2424 2307 505
2425 2350 2615
2426 2633 2624
2427 1662 2089
2428 2307 635
2429 1422 3030
2430 47 702
2431 1405 861
2432 2760 2196
2433 1672 443
2434 1921 2248
2435 2713 1611
2436 350 2782
2437 2650 1461
2438 1386 1417
2439 2910 1331
2440 960 1271
2441 2845 957
2442 2981 1619
2443 3074 463
2444 1997 3071
2445 2042 196
2446 1478 1154
2447 1154 57
2448 2681 271
2449 2483 277
2450 2874 607
2451 289 1259
2452 2963 2352
2453 826 1004
2454 2551 214
2455 1685 902
2456 1660 1494
2457 1031 320
2458 1618 1741
2459 2960 2724
2460 474 413
2461 3001 1782
2462 772 1178
2463 1445 782
2464 2319 468
2465 1969 71
2466 953 1916
2467 716 2422
2468 2725 2272
2469 2595 1971
2470 507 1923
2471 394 1721
2472 1697 669
2473 1307 564
2474 2700 2247
2475 2434 2222
2476 1509 1042
2477 2393 3
2478 1160 1062
2479 1177 794
2480 1084 2568
2481 105 1431
2482 3096 1079
2483 2239 1290
2484 1550 591
2485 304 512
2486 1258 259
2487 2151 405
2488 377 637
2489 1017 1477
2490 451 324
2491 2636 1091
2492 1593 2409
2493 1885 711
2494 2119 1681
2495 1046 435
2496 845 2066
2497 8 2328
2498 1880 223
2499 465 173
2500 2472 1697
2501 2278 2444
2502 1312 595
2503 1698 120
2504 3025 2506
2505 1954 112
2506 3066 378
2507 2504 46
2508 135 339
2509 2726 1258
2510 1621 1836
2511 1341 2163
2512 1954 356
2513 1273 1534
2514 2085 1169
2515 1226 2626
2516 812 1253
2517 2251 1984
2518 2308 1795
2519 439 1748
2520 2357 863
2521 185 1391
2522 843 1205
2523 1468 2819
2524 2535 968
2525 2207 255
2526 2310 18
2527 2813 3052
2528 1019 1614
2529 1308 2617
2530 2095 560
2531 1519 1925
2532 1878 1264
2533 2841 2114
2534 1695 1542
2535 2904 320
2536 204 1069
2537 223 431
2538 2916 3062
2539 2955 658
2540 1609 399
2541 2964 2856
2542 2201 175
2543 2706 1420
2544 2431 3085
2545 2866 2413
2546 994 497
2547 2799 2354
2548 1930 774
2549 2272 2648
2550 2489 748
2551 2587 1415
2552 2188 655
2553 1726 2885
2554 2290 2361
2555 2018 1123
2556 161 617
2557 1013 1304
2558 1780 1517
2559 61 809
2560 203 1257
2561 309 2990
2562 2537 1004
2563 2118 1453
2564 579 2065
2565 114 1532
2566 2642 1350
2567 975 795
2568 11 830
2569 1296 1036
2570 2404 73
2571 2140 162
2572 2578 1541
2573 379 1480
2574 2665 2070
2575 580 702
2576 1436 2057
2577 880 580
2578 985 1796
2579 2756 674
2580 1662 32
2581 2617 180
2582 3010 1004
2583 2685 771
2584 234 2941
2585 1748 367
2586 1636 423
2587 1965 735
2588 641 568
2589 669 762
2590 1413 3090
2591 1594 2703
2592 1079 2253
2593 764 183
2594 2366 1845
2595 1386 53
2596 864 773
2597 1441 366
2598 716 593
2599 3060 1803
2600 369 2277
2601 175 1860
2602 1700 231
2603 2829 850
2604 2342 101
2605 2864 2659
2606 1020 1554
2607 2224 1696
2608 2307 523
2609 2827 2295
2610 112 2480
2611 447 438
2612 2523 2561
2613 224 236
2614 1989 2026
2615 572 1167
2616 3048 902
2617 780 2862
2618 1914 3
2619 769 1967
2620 401 2685
2621 3091 847
2622 314 330
2623 728 13
2624 1011 1880
2625 212 2448
2626 1190 725
2627 1100 365
2628 1931 2911
2629 1316 1833
2630 2229 2930
2631 3021 1819
2632 522 2351
2633 2043 1084
2634 2728 2606
2635 2044 1926
2636 650 1267
2637 1490 2639
2638 2794 645
2639 2049 338
2640 1302 851
2641 271 2739
2642 1306 1287
2643 971 2283
2644 3038 812
2645 444 929
2646 2404 1062
2647 2736 867
2648 796 2769
2649 693 1240
2650 1298 1730
2651 2310 252
2652 1180 877
2653 9 669
2654 697 1215
2655 2732 3067
2656 2677 1398
2657 1073 758
2658 834 2803
2659 1714 586
2660 1638 1155
2661 449 2500
2662 2850 966
2663 40 2867
2664 1930 207
2665 1901 2641
2666 2554 2288
2667 2120 815
2668 3001 1376
2669 613 2082
2670 231 14
2671 679 1416
2672 2656 1425
2673 725 1535
2674 851 1396
2675 2345 1091
2676 852 981
2677 214 2150
2678 2374 677
2679 1050 1223
2680 32 1722
2681 2015 95
2682 2822 1351
2683 285 2536
2684 1171 106
2685 2641 2447
2686 1668 2671
2687 25 45
2688 1675 2513
2689 2219 1596
2690 905 1287
2691 1906 691
2692 952 1029
2693 867 1151
2694 922 1023
2695 381 1655
2696 302 2981
2697 1831 278
2698 1336 2779
2699 1845 1588
2700 1175 747
2701 2809 771
2702 1524 345
2703 1827 867
2704 2626 182
2705 620 1831
2706 1680 212
2707 2135 1933
2708 2462 3052
2709 1784 1139
2710 8 1653
2711 2437 2268
2712 1556 1125
2713 854 2699
2714 230 2594
2715 2569 2486
2716 780 918
2717 2282 1753
2718 2778 278
2719 2307 2608
2720 684 2055
2721 1639 1699
2722 563 902
2723 2132 1540
2724 394 974
2725 1050 1886
2726 1413 575
2727 122 1976
2728 1529 965
2729 3035 2796
2730 1009 502
2731 456 1233
2732 2440 1916
2733 1366 699
2734 684 1874
2735 3016 2145
2736 2782 3037
2737 832 587
2738 1843 914
2739 1023 1458
2740 1079 1258
2741 760 3092
2742 1393 3020
2743 101 1817
2744 2182 1690
2745 403 1242
2746 2316 771
2747 194 2179
2748 2197 1641
2749 848 2576
2750 2696 2026
2751 1998 703
2752 1937 399
2753 2636 1785
2754 748 159
2755 1066 10
2756 1367 1645
2757 2590 2158
2758 3 2845
2759 2865 537
2760 423 1296
2761 64 841
2762 1729 726
2763 1172 2491
2764 344 2104
2765 1525 316
2766 139 854
2767 1758 2520
2768 2482 3058
2769 893 1848
2770 1174 906
2771 2776 303
2772 996 14
2773 2493 382
2774 1536 2462
2775 966 1670
2776 1816 2350
2777 1636 2098
2778 1494 1814
2779 1037 1917
2780 2729 153
2781 2471 1818
2782 973 1729
2783 831 2890
2784 144 137
2785 98 360
2786 1953 246
2787 2266 495
2788 2623 586
2789 432 2966
2790 2557 873
2791 1153 2462
2792 1108 1797
2793 1651 1447
2794 2332 1641
2795 1897 2784
2796 1720 2513
2797 1441 1616
2798 997 620
2799 445 2348
2800 1530 2165
2801 784 1241
2802 389 268
2803 543 1321
2804 291 1520
2805 2151 1304
2806 2096 2541
2807 2669 2743
2808 1705 2484
2809 2879 558
2810 2127 2368
2811 124 242
2812 569 2316
2813 2868 805
2814 1145 2946
2815 524 449
2816 203 1646
2817 865 807
2818 2453 2775
2819 1307 2537
2820 2466 1553
2821 1471 3094
2822 321 2316
2823 1686 1360
2824 1061 2072
2825 578 129
2826 2539 549
2827 1419 1318
2828 115 2133
2829 591 2614
2830 2587 524
2831 1021 2431
2832 2380 2291
2833 932 2810
2834 2854 2168
2835 2522 1611
2836 594 2225
2837 2423 1330
2838 742 507
2839 168 637
2840 1753 2356
2841 676 2994
2842 2828 396
2843 5 557
2844 1888 2909
2845 2634 2205
2846 996 821
2847 1916 2377
2848 2129 1753
2849 2490 1630
2850 972 1403
2851 413 2563
2852 2748 2987
2853 1983 2210
2854 929 213
2855 1876 2353
2856 1741 1277
2857 2915 2152
2858 1621 1841
2859 307 1717
2860 1030 3063
2861 1561 2639
2862 1584 2134
2863 1447 923
2864 1738 2255
2865 1317 851
2866 3087 2691
2867 531 2694
2868 1316 1227
2869 1576 2557
2870 464 691
2871 1733 1134
2872 109 1347
2873 2649 1598
2874 1323 1843
2875 140 507
2876 1777 1592
2877 585 1140
2878 2730 683
2879 2752 2617
2880 2850 2166
2881 743 450
2882 219 405
2883 2693 986
2884 6 2879
2885 2665 431
2886 61 2220
2887 456 819
2888 624 785
2889 2777 3030
2890 1066 2818
2891 2216 1851
2892 1547 2960
2893 2061 1037
2894 2184 2139
2895 130 1727
2896 727 2657
2897 2804 741
2898 2687 136
2899 2769 336
2900 550 1176
2901 1862 2223
2902 1137 341
2903 556 2500
2904 2875 2820
2905 2244 2743
2906 2426 1571
2907 1307 1290
2908 211 678
2909 2621 2484
2910 1032 339
2911 1206 2633
2912 1947 1045
2913 1582 201
2914 684 73
2915 2401 1328
2916 1395 2769
2917 1124 2291
2918 2247 45
2919 2805 550
2920 502 2851
2921 1801 497
2922 2811 3002
2923 182 478
2924 96 1258
2925 1578 238
2926 1063 2106
2927 2998 331
2928 1815 550
2929 503 1207
2930 2370 2987
2931 1053 491
2932 1242 1172
2933 217 1990
2934 2649 253
2935 2239 2987
2936 2001 3055
2937 2216 3052
2938 1200 2862
2939 2968 2320
2940 247 1594
2941 923 2256
2942 769 2453
2943 1224 2569
2944 1651 1867
2945 343 1170
2946 1977 2915
2947 3084 2235
2948 1247 1981
2949 1156 1708
2950 1837 909
2951 1455 2684
2952 620 2647
2953 1633 700
2954 810 132
2955 1857 1669
2956 396 1379
2957 2688 1357
2958 214 2719
2959 928 640
2960 1694 2732
2961 1480 529
2962 2405 244
2963 1813 258
2964 1486 2529
2965 662 866
2966 1340 1212
2967 1308 2625
2968 491 2316
2969 2209 1365
2970 1125 1911
2971 2802 1696
2972 1859 2220
2973 2722 2228
2974 161 401
2975 981 354
2976 2874 2791
2977 1212 526
2978 1489 3024
2979 327 135
2980 2287 2492
2981 2573 2782
2982 2926 1387
2983 18 3047
2984 2001 661
2985 2143 40
2986 1433 1260
2987 2482 2848
2988 875 2758
2989 1780 1955
2990 2948 2883
2991 2947 2572
2992 169 1825
2993 2179 100
2994 1739 1724
2995 1735 2925
2996 2461 2581
2997 132 509
2998 199 1349
2999 266 2332
3000 2691 1751
3001 2316 2275
3002 2594 1562
3003 2037 1495
3004 1470 2216
3005 1966 189
3006 2745 844
3007 1322 103
3008 1648 1093
3009 1731 322
3010 1929 1574
3011 775 2970
3012 613 89
3013 767 1631
3014 298 2935
3015 327 114
3016 789 1366
3017 982 2895
3018 1735 2358
3019 1740 120
3020 386 2616
3021 2761 1814
3022 2393 1948
3023 2595 733
3024 2795 2861
3025 2130 2630
3026 640 2626
3027 2383 2493
3028 2696 1311
3029 879 1697
3030 433 576
3031 1169 807
3032 539 2957
3033 1743 2853
3034 222 1548
3035 2785 686
3036 2588 794
3037 1455 1009
3038 1436 2024
3039 3085 640
3040 218 1133
3041 1219 1727
3042 687 191
3043 1785 1866
3044 1615 1616
3045 3083 589
3046 1150 3025
3047 2893 777
3048 1108 817
3049 2015 2567
3050 2321 283
3051 2403 207
3052 2660 823
3053 687 1160
3054 2757 152
3055 1368 3011
3056 1408 1558
3057 1315 649
3058 2924 802
3059 439 45
3060 2933 1815
3061 2939 1221
3062 598 1894
3063 758 735
3064 1918 2213
3065 2352 1491
3066 1037 1611
3067 1843 914
3068 1637 2483
3069 902 1146
3070 206 3071
3071 20 2981
3072 2146 188
3073 2981 2796
3074 473 51
3075 264 334
3076 1829 2861
3077 2684 1539
3078 1597 1782
3079 2016 1308
3080 2639 386
3081 1560 771
3082 1578 1202
3083 2823 2751
3084 1245 365
3085 798 212
3086 269 1278
3087 2542 2240
3088 233 1618
3089 1493 1300
3090 2659 753
3091 1005 1085
3092 1702 2745
3093 2365 2957
3094 1466 782
3095 2420 378
3096 96 2883
3097 251 2793
3098 551 1049
3099 2654 710
3100 358 2062
