1640 1640
1 1507 811
2 1479 1576
3 92 1455
4 489 411
5 1480 806
6 122 91
7 782 1197
8 1079 1460
9 928 292
10 689 724
11 310 1322
12 810 140
13 359 824
14 1041 702
15 1364 405
16 368 438
17 765 1474
18 652 1603
19 1160 1295
20 1356 1080
21 23 334
22 1078 1134
23 1066 1597
24 735 989
25 1157 178
26 802 562
27 834 1339
28 658 443
29 626 1507
30 611 1369
31 240 1348
32 1366 1637
33 55 97
34 171 1294
35 1350 1266
36 1204 1538
37 784 1510
38 87 947
39 337 1204
40 957 764
41 894 347
42 41 1132
43 1324 1411
44 547 1354
45 1451 1563
46 941 1570
47 1436 517
48 141 782
49 57 1222
50 1349 1465
51 1549 242
52 191 1296
53 396 1216
54 1389 1338
55 1267 385
56 760 577
57 979 71
58 712 498
59 1114 84
60 1619 1265
61 1187 848
62 689 440
63 1135 1216
64 1599 1418
65 68 427
66 922 611
67 1309 1358
68 383 779
69 698 738
70 1368 314
71 81 428
72 1002 1166
73 741 1230
74 413 962
75 1518 197
76 203 1185
77 81 314
78 397 1324
79 618 1237
80 906 1569
81 1151 974
82 633 1597
83 263 630
84 666 1578
85 346 662
86 1384 156
87 1442 485
88 1065 1024
89 1435 176
90 209 967
91 679 750
92 1155 1458
93 214 274
94 730 486
95 1404 996
96 23 202
97 1346 569
98 836 46
99 1626 1618
100 225 1310
101 1533 995
102 1468 823
103 415 693
104 598 1330
105 1166 918
106 1380 1551
107 198 22
108 1235 283
109 577 430
110 1024 69
111 237 285
112 1142 669
113 590 1195
114 489 839
115 590 665
116 51 271
117 114 1136
118 197 116
119 407 562
120 1025 954
121 1540 134
122 501 1562
123 338 687
124 683 117
125 450 1487
126 702 1634
127 693 8
128 63 708
129 554 948
130 313 71
131 755 149
132 1338 1404
133 273 1455
134 1187 75
135 210 621
136 754 1544
137 1143 617
138 862 905
139 1475 1448
140 34 1080
141 817 230
142 1142 1172
143 1605 381
144 1018 828
145 1558 628
146 1276 1359
147 1010 150
148 556 493
149 1595 167
150 198 547
151 336 774
152 1608 741
153 359 1144
154 1109 444
155 1009 514
156 1601 1210
157 1343 1161
158 590 716
159 308 997
160 238 848
161 770 363
162 1314 1238
163 418 90
164 1002 956
165 446 1344
166 1310 668
167 1570 366
168 756 569
169 1434 1617
170 43 426
171 1341 259
172 1368 1038
173 179 1425
174 727 1521
175 1034 854
176 716 1622
177 567 1313
178 122 453
179 1564 506
180 1156 558
181 141 282
182 586 727
183 1623 1363
184 487 683
185 218 1206
186 1600 548
187 286 860
188 407 586
189 685 967
190 297 1108
191 1568 34
192 756 94
193 236 846
194 957 804
195 646 1214
196 1434 1518
197 709 1477
198 963 268
199 55 191
200 6 268
201 1015 205
202 124 1434
203 661 293
204 22 855
205 1462 666
206 1379 1173
207 1541 1175
208 438 809
209 834 450
210 668 226
211 666 1534
212 747 402
213 928 617
214 514 1594
215 1523 880
216 332 1091
217 119 1520
218 1526 1578
219 696 735
220 76 604
221 1269 921
222 1447 1283
223 793 1471
224 74 1215
225 456 1197
226 1269 928
227 1520 67
228 1585 1378
229 1309 1047
230 900 1410
231 1082 312
232 1104 1041
233 580 918
234 616 375
235 345 552
236 666 1242
237 762 1334
238 1403 294
239 1077 705
240 271 1247
241 542 79
242 8 1221
243 30 1411
244 1586 1487
245 980 421
246 724 820
247 492 1238
248 489 685
249 781 86
250 456 1615
251 1504 770
252 384 360
253 821 1024
254 760 1400
255 944 1380
256 70 434
257 1244 200
258 943 474
259 1430 1376
260 359 417
261 870 868
262 313 151
263 146 929
264 136 1536
265 843 106
266 1079 211
267 1259 51
268 1430 1351
269 847 79
270 790 614
271 954 490
272 448 791
273 1203 617
274 144 718
275 1352 1608
276 928 535
277 522 500
278 338 947
279 642 955
280 285 1354
281 1205 1417
282 1156 362
283 284 1549
284 1124 574
285 495 1323
286 1405 1539
287 44 866
288 874 551
289 890 1544
290 396 26
291 490 13
292 20 234
293 1312 134
294 1624 697
295 1055 619
296 1344 450
297 795 603
298 1121 669
299 1003 1070
300 425 222
301 1190 284
302 1092 596
303 828 1564
304 1119 561
305 1001 855
306 1451 838
307 1422 302
308 1029 681
309 1529 8
310 195 1321
311 790 273
312 705 209
313 438 168
314 1620 787
315 1190 456
316 399 343
317 1331 146
318 133 156
319 1021 920
320 1022 1038
321 849 764
322 1605 25
323 372 706
324 1113 709
325 1292 1364
326 651 714
327 1009 1253
328 815 1350
329 1148 400
330 239 1429
331 471 890
332 700 256
333 1182 237
334 694 361
335 340 22
336 782 21
337 1481 1209
338 1010 467
339 330 539
340 785 189
341 913 1489
342 1055 1173
343 1439 1055
344 1107 778
345 823 883
346 1336 986
347 253 1356
348 1217 386
349 1167 821
350 176 708
351 259 942
352 704 1448
353 985 1549
354 33 1086
355 1154 1640
356 917 98
357 1025 406
358 1457 1097
359 409 1407
360 1181 1292
361 927 722
362 1288 579
363 545 182
364 365 524
365 327 1618
366 1147 44
367 817 208
368 1292 388
369 858 471
370 835 151
371 1363 497
372 812 652
373 651 813
374 415 1487
375 1405 230
376 837 173
377 1379 1563
378 1542 648
379 1562 24
380 74 1439
381 1109 68
382 1438 1617
383 654 349
384 34 1219
385 1147 1009
386 969 369
387 1262 982
388 40 1594
389 807 1453
390 1594 1183
391 1437 1314
392 107 628
393 811 1199
394 516 1080
395 448 1242
396 830 114
397 1330 1204
398 803 1405
399 259 1531
400 1113 1125
401 580 698
402 1320 418
403 1361 1615
404 7 332
405 966 462
406 706 1560
407 1161 1300
408 894 315
409 1167 95
410 120 1115
411 1115 324
412 11 974
413 572 1184
414 688 1389
415 263 147
416 843 1545
417 1229 1258
418 1483 98
419 743 196
420 714 236
421 886 320
422 174 226
423 1279 1157
424 288 1271
425 1464 1417
426 779 1019
427 1092 1366
428 207 1410
429 317 578
430 1214 1236
431 1571 102
432 494 72
433 535 649
434 1201 170
435 365 462
436 625 759
437 522 1259
438 1032 671
439 1194 1195
440 591 1562
441 845 1071
442 1525 438
443 1426 1248
444 802 1336
445 661 888
446 1077 120
447 341 1426
448 1635 226
449 1081 1047
450 369 778
451 1333 667
452 172 792
453 1591 1199
454 1246 844
455 383 1168
456 996 292
457 318 975
458 1606 76
459 94 1178
460 1510 189
461 90 1436
462 765 1361
463 1175 217
464 1146 38
465 628 772
466 804 1513
467 70 84
468 1594 197
469 1183 764
470 609 1396
471 303 170
472 926 884
473 1084 771
474 453 22
475 134 133
476 505 1635
477 790 869
478 981 1200
479 585 241
480 994 92
481 503 816
482 1226 1288
483 1408 641
484 709 1550
485 1497 1610
486 705 684
487 883 1595
488 1615 1275
489 1318 1130
490 963 1291
491 1580 1351
492 1213 538
493 88 506
494 1038 181
495 337 1300
496 37 502
497 650 1500
498 539 102
499 548 331
500 187 236
501 1613 1474
502 118 1375
503 651 42
504 1245 313
505 964 475
506 1329 1132
507 1360 922
508 568 937
509 457 1093
510 368 1479
511 641 961
512 673 649
513 1077 958
514 1142 524
515 1065 1504
516 1197 815
517 868 762
518 927 627
519 1621 966
520 1482 1261
521 222 1480
522 1597 1033
523 1528 868
524 755 1449
525 1344 1061
526 323 1127
527 336 1088
528 583 992
529 473 1607
530 765 1353
531 215 938
532 283 718
533 429 915
534 446 1576
535 1067 1033
536 939 127
537 1125 1352
538 423 257
539 1070 951
540 749 1634
541 749 1578
542 799 1068
543 111 1312
544 895 1352
545 997 304
546 534 646
547 383 1440
548 620 90
549 16 1094
550 1089 55
551 1388 1170
552 1619 584
553 976 1611
554 1505 669
555 818 338
556 1496 451
557 81 1500
558 268 1023
559 861 643
560 1297 988
561 1625 1495
562 186 891
563 816 177
564 794 1626
565 1182 1553
566 665 1248
567 337 73
568 929 656
569 616 1465
570 585 332
571 170 820
572 762 1180
573 1066 747
574 633 96
575 346 712
576 132 98
577 78 886
578 1345 551
579 1034 287
580 1163 959
581 814 206
582 317 1490
583 729 766
584 1332 1174
585 1012 1154
586 153 1551
587 344 351
588 1564 1518
589 642 207
590 799 22
591 1550 983
592 738 1626
593 699 1612
594 866 882
595 734 1033
596 680 1224
597 880 947
598 1567 1390
599 636 697
600 574 603
601 108 342
602 1335 1094
603 1187 1178
604 430 265
605 921 192
606 1462 313
607 978 201
608 185 1293
609 1496 1472
610 743 758
611 1426 1087
612 137 38
613 261 538
614 1069 971
615 42 2
616 1613 118
617 960 1334
618 459 95
619 1020 1613
620 712 476
621 862 438
622 254 1474
623 389 1500
624 666 779
625 766 748
626 1510 200
627 9 105
628 493 1009
629 1372 1594
630 649 1250
631 748 1442
632 921 264
633 289 904
634 631 621
635 42 1016
636 1074 1296
637 1353 1618
638 1582 145
639 48 801
640 1261 1163
641 211 847
642 704 163
643 48 399
644 1366 520
645 261 1267
646 769 1019
647 1481 687
648 156 985
649 1566 109
650 249 934
651 365 1435
652 347 1301
653 162 546
654 232 581
655 361 1600
656 1281 1222
657 90 929
658 869 1013
659 401 441
660 866 915
661 1369 1021
662 373 125
663 1177 922
664 1237 1592
665 223 1070
666 1275 227
667 965 950
668 844 73
669 202 56
670 978 1439
671 434 274
672 240 835
673 944 1122
674 1580 894
675 195 1327
676 554 660
677 1126 8
678 263 1017
679 621 1460
680 1267 797
681 149 377
682 803 451
683 995 425
684 221 1487
685 1264 634
686 677 758
687 1123 709
688 1128 827
689 199 978
690 927 583
691 310 249
692 678 864
693 1079 52
694 1485 606
695 740 955
696 927 1634
697 535 512
698 1162 1271
699 1518 4
700 1158 613
701 148 490
702 1257 947
703 210 1283
704 546 1454
705 326 1049
706 492 208
707 291 335
708 1558 402
709 1417 793
710 321 172
711 1159 849
712 1001 1580
713 733 97
714 1583 62
715 463 880
716 71 124
717 375 630
718 1582 486
719 641 1450
720 310 699
721 870 1279
722 404 1048
723 1465 906
724 529 760
725 790 1199
726 1497 349
727 1580 156
728 929 734
729 320 398
730 1516 177
731 916 371
732 103 355
733 704 1296
734 731 486
735 616 1620
736 731 898
737 1501 1036
738 1071 327
739 417 592
740 1625 1250
741 1445 1238
742 86 1151
743 341 742
744 318 293
745 703 494
746 591 1072
747 1287 126
748 1319 1171
749 183 575
750 1249 1476
751 213 1607
752 683 380
753 413 656
754 1349 1311
755 593 651
756 972 521
757 806 334
758 1183 306
759 841 374
760 650 828
761 202 401
762 265 1554
763 128 1106
764 735 67
765 1300 802
766 1009 119
767 1362 669
768 940 281
769 974 1508
770 406 54
771 635 201
772 1395 1541
773 1474 520
774 326 1519
775 257 1307
776 227 601
777 706 1198
778 570 1551
779 1117 461
780 423 500
781 176 491
782 1312 599
783 1182 621
784 775 1008
785 247 1134
786 841 228
787 1095 924
788 998 53
789 1320 1610
790 1337 1349
791 700 191
792 994 588
793 917 79
794 178 249
795 1584 1185
796 1143 405
797 1387 697
798 401 1630
799 410 1079
800 1332 762
801 344 1263
802 551 1610
803 1027 626
804 1364 1106
805 113 1110
806 185 630
807 1370 1217
808 79 1166
809 1438 155
810 1161 1197
811 769 853
812 446 431
813 1435 356
814 43 1274
815 1533 1099
816 739 422
817 289 1504
818 896 15
819 1337 1477
820 1127 915
821 1027 898
822 1094 1183
823 1580 1425
824 1401 375
825 1482 682
826 854 806
827 1334 1208
828 1102 530
829 362 980
830 517 227
831 719 657
832 475 205
833 1035 727
834 204 581
835 1592 68
836 565 1561
837 936 544
838 432 1034
839 880 607
840 850 638
841 331 244
842 186 1361
843 1201 252
844 1125 85
845 103 225
846 712 274
847 905 809
848 741 1399
849 380 574
850 235 1169
851 1441 535
852 287 1339
853 183 678
854 1247 775
855 673 1051
856 1136 468
857 896 162
858 205 1321
859 201 216
860 372 1129
861 1018 59
862 1308 911
863 313 411
864 138 1379
865 1271 308
866 1356 765
867 835 1565
868 1133 1162
869 913 1326
870 242 382
871 924 1333
872 252 993
873 1297 1082
874 535 132
875 1623 1004
876 570 173
877 540 107
878 1625 1017
879 625 847
880 936 170
881 377 385
882 872 921
883 1446 1160
884 766 1278
885 669 199
886 898 981
887 139 950
888 1246 1195
889 1551 1437
890 1048 1514
891 730 416
892 369 1298
893 1148 1151
894 1103 529
895 481 1365
896 527 507
897 964 460
898 1159 1061
899 395 39
900 396 1398
901 339 961
902 383 1287
903 341 380
904 901 941
905 129 627
906 127 437
907 1258 420
908 223 1423
909 627 1632
910 1101 374
911 336 558
912 1489 1151
913 119 1351
914 1529 1471
915 1440 1547
916 1461 634
917 1132 203
918 873 1130
919 418 1280
920 1027 1261
921 776 789
922 1294 1090
923 527 816
924 790 149
925 199 1055
926 1492 865
927 854 1312
928 100 357
929 1587 1561
930 1542 346
931 383 202
932 586 620
933 1103 343
934 1608 1367
935 1203 1243
936 478 788
937 770 105
938 83 427
939 1018 748
940 1412 1331
941 1378 1562
942 756 57
943 1299 1004
944 978 574
945 1135 626
946 941 52
947 1432 1477
948 1283 937
949 204 1580
950 307 565
951 359 643
952 1527 961
953 929 1137
954 479 1376
955 466 408
956 1473 26
957 884 1411
958 837 343
959 1112 1275
960 737 465
961 1315 786
962 1328 797
963 834 252
964 608 348
965 187 259
966 1467 1564
967 710 842
968 54 852
969 621 787
970 57 1361
971 128 1005
972 655 562
973 611 1496
974 583 218
975 1548 1564
976 1145 1215
977 1623 297
978 1141 471
979 1541 751
980 832 451
981 1421 250
982 1600 126
983 433 902
984 403 607
985 1044 401
986 1467 437
987 1434 1449
988 444 74
989 1041 563
990 697 780
991 887 654
992 924 288
993 76 184
994 805 1263
995 185 1591
996 1085 510
997 1153 1570
998 714 1201
999 1031 1001
1000 525 1408
1001 344 650
1002 1139 1356
1003 1138 158
1004 954 1563
1005 1109 1507
1006 461 930
1007 770 1627
1008 568 947
1009 1473 765
1010 863 1568
1011 167 826
1012 693 766
1013 167 283
1014 609 829
1015 1096 657
1016 278 559
1017 168 1534
1018 514 1271
1019 1056 1322
1020 823 932
1021 72 184
1022 1041 598
1023 1499 474
1024 839 1001
1025 967 177
1026 405 703
1027 142 778
1028 889 955
1029 1016 141
1030 117 1155
1031 941 376
1032 1292 1229
1033 653 868
1034 1312 94
1035 1634 471
1036 468 78
1037 625 1586
1038 446 704
1039 213 634
1040 1023 873
1041 524 804
1042 437 655
1043 646 1501
1044 1433 148
1045 1587 913
1046 1437 299
1047 1181 101
1048 512 1098
1049 582 782
1050 453 304
1051 218 643
1052 664 137
1053 768 288
1054 211 1583
1055 941 133
1056 641 420
1057 570 1175
1058 481 1214
1059 752 885
1060 644 34
1061 1633 149
1062 490 780
1063 936 760
1064 34 557
1065 571 1091
1066 89 582
1067 855 944
1068 589 132
1069 270 100
1070 418 1284
1071 1205 1226
1072 1020 505
1073 241 848
1074 271 1492
1075 1411 985
1076 356 124
1077 1064 1323
1078 1548 1126
1079 1206 1081
1080 481 910
1081 1396 1067
1082 851 535
1083 1402 1621
1084 1385 1639
1085 889 909
1086 1425 551
1087 500 689
1088 506 1393
1089 407 353
1090 1399 50
1091 471 80
1092 927 875
1093 18 769
1094 963 987
1095 1496 744
1096 1039 1351
1097 778 950
1098 340 860
1099 1370 593
1100 1053 811
1101 1140 356
1102 401 1119
1103 107 1202
1104 793 1012
1105 558 1313
1106 723 1360
1107 876 684
1108 1310 598
1109 463 713
1110 94 936
1111 1581 541
1112 1122 341
1113 1580 341
1114 1228 1636
1115 575 46
1116 1137 1304
1117 1524 359
1118 1354 892
1119 1513 1541
1120 594 65
1121 342 1399
1122 233 1045
1123 955 1468
1124 657 158
1125 1341 1162
1126 647 1064
1127 1446 576
1128 379 731
1129 299 1606
1130 1579 656
1131 714 1635
1132 5 1221
1133 1035 687
1134 308 375
1135 1494 1531
1136 429 232
1137 1269 989
1138 531 738
1139 787 416
1140 1599 1491
1141 118 1516
1142 1164 713
1143 1217 361
1144 202 1359
1145 182 1522
1146 1153 48
1147 314 1440
1148 1241 1443
1149 528 372
1150 1639 1096
1151 314 402
1152 1050 923
1153 189 1458
1154 695 1422
1155 661 1544
1156 410 1012
1157 1009 534
1158 374 315
1159 1264 425
1160 639 561
1161 1453 1113
1162 85 1291
1163 1455 1445
1164 428 481
1165 1051 1151
1166 130 782
1167 86 43
1168 129 943
1169 605 294
1170 54 186
1171 1168 1620
1172 152 1097
1173 255 1290
1174 565 1327
1175 523 734
1176 265 962
1177 1216 860
1178 177 394
1179 1441 1466
1180 1519 1168
1181 597 902
1182 590 1306
1183 1489 14
1184 457 143
1185 1454 937
1186 1431 94
1187 1308 164
1188 778 148
1189 847 1359
1190 896 1309
1191 1417 537
1192 1201 1210
1193 16 633
1194 323 852
1195 1161 663
1196 498 880
1197 629 83
1198 1483 804
1199 491 988
1200 75 1017
1201 95 1299
1202 1308 249
1203 449 865
1204 800 914
1205 1145 925
1206 745 484
1207 1626 227
1208 752 1120
1209 388 1306
1210 1148 754
1211 1614 821
1212 77 1248
1213 1163 308
1214 1425 1587
1215 1405 1371
1216 567 541
1217 768 292
1218 1235 843
1219 1288 353
1220 666 662
1221 1213 1204
1222 1374 69
1223 742 1146
1224 1403 1389
1225 1588 1469
1226 243 691
1227 760 1522
1228 1592 1601
1229 864 819
1230 984 559
1231 678 557
1232 405 1588
1233 1217 1140
1234 1373 1389
1235 328 1197
1236 895 910
1237 1404 1228
1238 856 727
1239 110 736
1240 925 536
1241 9 780
1242 306 800
1243 48 87
1244 1562 730
1245 99 310
1246 847 441
1247 1366 593
1248 1573 1574
1249 1211 1539
1250 458 879
1251 682 357
1252 697 906
1253 653 902
1254 919 835
1255 1345 796
1256 565 1338
1257 305 1566
1258 999 504
1259 1133 1413
1260 148 12
1261 1164 87
1262 312 153
1263 334 1358
1264 1334 498
1265 581 217
1266 658 904
1267 876 794
1268 990 971
1269 1337 1352
1270 67 1368
1271 1319 829
1272 162 1146
1273 799 563
1274 499 252
1275 928 1538
1276 862 350
1277 52 877
1278 465 1278
1279 1053 406
1280 369 1104
1281 1023 215
1282 1140 801
1283 1192 1562
1284 1383 761
1285 1134 1299
1286 331 1207
1287 456 1389
1288 1365 1473
1289 64 522
1290 510 1612
1291 1471 896
1292 888 185
1293 1050 1128
1294 1003 1409
1295 739 1192
1296 1327 586
1297 1274 651
1298 1162 962
1299 542 1095
1300 12 1003
1301 1198 528
1302 712 96
1303 869 731
1304 1134 15
1305 150 213
1306 1280 487
1307 156 901
1308 954 828
1309 534 352
1310 197 897
1311 64 116
1312 397 326
1313 101 38
1314 322 1098
1315 1228 512
1316 100 122
1317 1265 1525
1318 395 506
1319 149 1439
1320 1485 395
1321 1624 1203
1322 1601 462
1323 1078 675
1324 283 1192
1325 1568 733
1326 1425 1055
1327 1549 1090
1328 566 1268
1329 1513 1169
1330 1589 401
1331 972 276
1332 185 893
1333 1261 1220
1334 386 1045
1335 825 617
1336 1482 718
1337 359 1012
1338 544 1192
1339 342 417
1340 1613 1293
1341 945 471
1342 77 1066
1343 1361 842
1344 161 349
1345 1540 1371
1346 43 664
1347 885 293
1348 641 541
1349 1308 819
1350 237 1315
1351 904 1209
1352 260 95
1353 682 1600
1354 582 46
1355 819 1343
1356 1350 482
1357 536 502
1358 1538 947
1359 765 460
1360 893 464
1361 1200 579
1362 691 1423
1363 648 1450
1364 437 609
1365 142 988
1366 1422 297
1367 50 743
1368 564 287
1369 489 912
1370 1123 400
1371 669 732
1372 991 792
1373 798 1186
1374 1632 258
1375 1296 312
1376 1459 662
1377 252 1403
1378 655 1629
1379 212 731
1380 349 338
1381 1545 14
1382 675 1282
1383 1575 915
1384 354 877
1385 1212 1298
1386 247 61
1387 1573 258
1388 591 406
1389 705 507
1390 1287 1126
1391 1354 302
1392 787 935
1393 193 954
1394 485 1259
1395 1249 1120
1396 1352 8
1397 1391 656
1398 1413 412
1399 640 1317
1400 1038 722
1401 1196 1159
1402 978 1109
1403 434 840
1404 440 93
1405 1099 858
1406 1583 240
1407 1219 1222
1408 1253 770
1409 1102 559
1410 950 1280
1411 879 1633
1412 1376 970
1413 599 1596
1414 804 1383
1415 972 790
1416 1040 1453
1417 616 1535
1418 123 185
1419 956 1294
1420 1024 52
1421 1468 709
1422 599 135
1423 1316 57
1424 448 568
1425 1611 1036
1426 1330 437
1427 1223 726
1428 219 664
1429 378 1033
1430 1088 684
1431 1460 892
1432 591 695
1433 1512 1315
1434 1235 1417
1435 459 1356
1436 1393 1524
1437 1362 1205
1438 1520 1124
1439 732 1301
1440 1246 160
1441 609 888
1442 1217 138
1443 1360 1119
1444 1098 820
1445 391 1447
1446 1409 843
1447 1230 984
1448 93 488
1449 1229 321
1450 1491 180
1451 1456 203
1452 793 196
1453 687 1179
1454 1155 1294
1455 307 723
1456 61 451
1457 390 1291
1458 322 1142
1459 579 84
1460 901 859
1461 622 1366
1462 1222 395
1463 1292 1379
1464 208 503
1465 518 1051
1466 1496 1011
1467 42 1273
1468 280 933
1469 1019 525
1470 1413 1398
1471 1154 1604
1472 38 9
1473 261 1173
1474 246 345
1475 47 701
1476 60 1344
1477 1151 414
1478 41 605
1479 1158 155
1480 129 1549
1481 419 471
1482 533 1365
1483 721 855
1484 1240 1535
1485 1036 205
1486 1209 1508
1487 1248 70
1488 1369 145
1489 1323 494
1490 1102 588
1491 1076 635
1492 718 497
1493 771 823
1494 968 480
1495 642 1330
1496 887 489
1497 493 1535
1498 1281 1235
1499 6 1205
1500 207 681
1501 1156 538
1502 1214 1143
1503 477 1499
1504 1070 1443
1505 1594 215
1506 31 815
1507 298 140
1508 429 862
1509 1553 937
1510 732 21
1511 1282 95
1512 468 84
1513 523 1634
1514 107 157
1515 1240 612
1516 511 1500
1517 411 1171
1518 739 815
1519 514 802
1520 1308 736
1521 985 686
1522 796 961
1523 1114 554
1524 223 1104
1525 1066 197
1526 1132 283
1527 1605 921
1528 334 949
1529 517 800
1530 156 170
1531 1287 146
1532 854 1503
1533 1239 1210
1534 921 486
1535 22 434
1536 1204 688
1537 1176 44
1538 908 411
1539 539 915
1540 1237 895
1541 220 649
1542 938 3
1543 380 1066
1544 479 1333
1545 612 128
1546 1444 1154
1547 628 129
1548 13 883
1549 1450 726
1550 1376 1041
1551 1057 653
1552 46 114
1553 856 674
1554 1374 1149
1555 749 1313
1556 1591 946
1557 185 390
1558 804 677
1559 1406 441
1560 1157 588
1561 1198 44
1562 955 767
1563 1494 383
1564 371 840
1565 683 919
1566 424 1211
1567 1060 1058
1568 602 479
1569 512 1102
1570 43 1293
1571 817 1178
1572 1340 1370
1573 681 285
1574 1539 1448
1575 587 6
1576 1152 681
1577 1286 459
1578 776 838
1579 1437 14
1580 1170 365
1581 379 613
1582 1424 649
1583 861 657
1584 984 1039
1585 824 857
1586 1603 22
1587 54 1056
1588 550 1614
1589 10 556
1590 823 973
1591 500 65
1592 1090 1341
1593 9 549
1594 1573 1106
1595 1498 877
1596 176 1066
1597 593 1336
1598 1393 134
1599 1599 1146
1600 1079 385
1601 1089 532
1602 1022 750
1603 1228 738
1604 1347 559
1605 1558 757
1606 1568 443
1607 743 394
1608 153 87
1609 41 586
1610 912 528
1611 1252 892
1612 374 672
1613 1541 760
1614 844 1368
1615 1271 253
1616 1041 1397
1617 730 46
1618 172 1390
1619 755 1224
1620 948 1372
1621 797 1535
1622 309 467
1623 1031 17
1624 1071 272
1625 901 235
1626 1562 891
1627 515 635
1628 1636 1263
1629 415 805
1630 471 616
1631 1335 66
1632 1188 1500
1633 1099 382
1634 980 877
1635 180 1057
1636 177 30
1637 1525 1225
1638 264 1132
1639 1313 806
1640 178 1495
