3980 3980
1 1447 635
2 1228 2670
3 2986 317
4 3459 3494
5 2816 803
6 1315 1789
7 2843 507
8 1563 479
9 549 864
10 3570 2573
11 3554 1324
12 1852 2628
13 3196 3677
14 1984 2618
15 1859 1253
16 3242 3963
17 1598 606
18 1330 1783
19 1028 394
20 112 2681
21 1042 2668
22 149 159
23 1555 3043
24 570 2207
25 1673 1138
26 2248 2330
27 196 952
28 1856 1938
29 1165 2253
30 3232 2042
31 2253 1341
32 217 2776
33 3218 2773
34 2894 3278
35 2532 2039
36 2757 3278
37 1759 2890
38 872 3306
39 3041 754
40 2259 1172
41 3207 3120
42 1844 2969
43 9 1749
44 3063 756
45 2277 2719
46 1063 3101
47 2088 3200
48 1957 846
49 2355 251
50 1728 991
51 487 785
52 488 1481
53 692 3785
54 87 2944
55 1471 3127
56 2937 2577
57 2906 3565
58 3702 1349
59 704 993
60 3389 656
61 2305 3265
62 2063 72
63 723 2609
64 3310 334
65 3114 1129
66 1000 2765
67 381 299
68 971 3052
69 3477 2473
70 561 2942
71 2589 2318
72 2755 3416
73 211 3849
74 3658 3431
75 2410 122
76 2470 1767
77 2025 2994
78 1203 311
79 2326 2825
80 1772 3806
81 539 3390
82 2082 1665
83 2157 1909
84 1917 1557
85 3905 963
86 2340 348
87 1688 1671
88 2659 159
89 1689 420
90 3712 3447
91 3030 1016
92 3787 913
93 2040 983
94 2671 3426
95 347 515
96 3592 3762
97 781 3802
98 570 1979
99 2340 2212
100 633 3182
101 1701 314
102 887 114
103 2580 67
104 3188 968
105 1137 1647
106 3140 1677
107 3813 162
108 3650 2625
109 266 3058
110 2095 2204
111 2855 1679
112 2940 144
113 4 1237
114 1544 2103
115 1065 2227
116 1325 721
117 664 371
118 2738 2763
119 3532 3862
120 1961 1809
121 1067 617
122 1547 3521
123 2587 3112
124 1020 1101
125 3336 2154
126 71 3443
127 441 3873
128 617 2722
129 306 1312
130 3113 1572
131 3936 3418
132 760 1711
133 1639 2813
134 1889 3588
135 2444 614
136 1104 2110
137 374 3535
138 2843 2650
139 791 1138
140 1754 1027
141 2326 2860
142 843 1281
143 171 3902
144 2196 1778
145 1092 3518
146 1855 1064
147 3055 661
148 3798 2155
149 3442 412
150 2481 2341
151 2685 2477
152 748 121
153 3618 3447
154 1185 910
155 3209 2805
156 2414 2860
157 1935 3906
158 1683 815
159 3837 2065
160 1171 3258
161 3457 563
162 3567 1465
163 1164 2145
164 2955 3911
165 76 3696
166 92 2698
167 223 2806
168 1549 1528
169 1661 2271
170 3926 2211
171 2319 4
172 3410 2824
173 1124 2810
174 191 2445
175 1584 3086
176 3772 3970
177 1823 3572
178 310 824
179 1299 1509
180 1355 2477
181 1293 222
182 447 2711
183 474 3630
184 315 1953
185 2304 2831
186 1896 594
187 2166 63
188 1960 3655
189 3856 1048
190 1328 678
191 36 2978
192 3881 1132
193 1454 3088
194 390 3237
195 3345 2922
196 130 3846
197 3146 1405
198 1638 1304
199 1453 2243
200 215 474
201 3366 3949
202 53 1322
203 2185 2795
204 2842 1732
205 1056 2859
206 296 1248
207 540 320
208 1352 3647
209 1607 111
210 3557 143
211 3498 1839
212 3060 1818
213 587 3381
214 3942 1860
215 3592 2223
216 1495 2952
217 3685 183
218 3680 2841
219 3293 495
220 3931 217
221 2716 3575
222 588 2797
223 2881 3952
224 2664 3318
225 3758 3850
226 730 1900
227 2493 3048
228 1850 1881
229 3655 1607
230 3053 3728
231 2048 1754
232 3072 3714
233 2197 3184
234 1272 753
235 3261 1555
236 2698 1748
237 879 3416
238 849 3522
239 1298 206
240 3149 1246
241 322 2396
242 4 2226
243 3751 2893
244 2790 1970
245 1391 1994
246 1761 3416
247 1425 391
248 674 2014
249 2843 1365
250 2751 691
251 2003 87
252 1389 3806
253 3606 1387
254 317 367
255 676 2791
256 2910 3455
257 3712 2525
258 917 3942
259 2095 3071
260 3149 1895
261 2831 3670
262 396 3748
263 2638 918
264 2762 1490
265 3554 2089
266 1248 3591
267 1191 1392
268 3039 2422
269 1008 451
270 1078 1768
271 2479 3835
272 2845 3509
273 431 2106
274 1208 3976
275 870 2669
276 3772 14
277 2114 568
278 1208 3511
279 2523 727
280 2666 623
281 3288 1688
282 2163 1445
283 7 2325
284 2588 2266
285 141 500
286 903 1112
287 1430 3868
288 661 3607
289 960 3893
290 1997 396
291 3051 1219
292 3509 2396
293 2364 3447
294 2132 779
295 2190 1635
296 3400 425
297 166 2311
298 2068 521
299 3096 1115
300 1604 720
301 3251 1406
302 1603 3013
303 3165 816
304 3746 791
305 1811 3593
306 3536 1565
307 3019 3606
308 3862 1721
309 3750 3147
310 2091 3650
311 2377 1653
312 3858 728
313 102 3032
314 2111 3978
315 676 1341
316 2447 2878
317 468 2754
318 1340 2209
319 477 1006
320 1308 3519
321 3571 599
322 1497 801
323 1818 165
324 89 3284
325 2556 1233
326 2463 537
327 2260 433
328 1606 3896
329 3268 2910
330 1376 2589
331 3423 3047
332 2433 1370
333 992 3180
334 1653 1613
335 1978 198
336 464 100
337 820 2517
338 768 786
339 2907 1576
340 3236 1119
341 2853 1372
342 3755 3944
343 1576 1783
344 2031 1956
345 776 1906
346 3523 1794
347 1745 3669
348 2455 1445
349 3108 2226
350 1090 1296
351 3703 2557
352 892 2201
353 2299 2598
354 1389 169
355 2346 3972
356 1258 944
357 2046 840
358 1895 1511
359 2744 3192
360 300 3533
361 3732 3678
362 332 481
363 405 2944
364 2339 3190
365 3072 1274
366 1847 1544
367 3177 1678
368 281 1608
369 2512 3230
370 17 861
371 736 3927
372 3731 3980
373 1346 213
374 2955 989
375 1446 1396
376 2459 151
377 391 2045
378 3812 2658
379 1675 2247
380 1510 1267
381 1215 2611
382 76 727
383 2463 1418
384 3876 328
385 1234 410
386 3182 1936
387 1093 3372
388 1123 2307
389 2062 2564
390 1395 2383
391 1219 2461
392 1279 3642
393 855 1551
394 2417 3389
395 3480 3130
396 2309 2950
397 2873 546
398 2341 2338
399 3258 239
400 863 1312
401 194 1393
402 3021 3604
403 2085 696
404 614 1549
405 1618 3252
406 3943 3786
407 3773 3085
408 140 3830
409 3385 885
410 1780 73
411 1252 2682
412 3886 1200
413 3396 3161
414 3594 3049
415 1714 3815
416 195 3941
417 2143 3064
418 887 3239
419 2938 573
420 3144 2829
421 2441 2258
422 2663 3499
423 632 2263
424 430 1958
425 2356 302
426 830 1995
427 798 3342
428 83 1593
429 2205 478
430 972 2796
431 3430 486
432 2461 1507
433 3826 2285
434 2170 3331
435 1319 158
436 629 3308
437 2807 1664
438 692 41
439 3780 2220
440 1277 2071
441 2984 1234
442 1873 1803
443 1723 34
444 3574 2421
445 3731 541
446 825 3583
447 770 1718
448 3204 2701
449 1155 2934
450 920 3532
451 3410 104
452 501 1483
453 2285 217
454 3616 3811
455 1611 1910
456 3529 3713
457 3551 2970
458 247 317
459 3922 1923
460 1825 3579
461 2412 93
462 2802 593
463 1384 2577
464 2739 45
465 881 3690
466 131 3708
467 3087 309
468 2096 3555
469 271 886
470 2360 3664
471 200 468
472 1795 1268
473 575 3581
474 2895 1352
475 2944 2696
476 2991 3784
477 3796 2890
478 1972 3020
479 1537 426
480 52 2653
481 1893 162
482 345 1810
483 2480 191
484 1562 3539
485 2360 253
486 1973 1537
487 3125 519
488 1557 3592
489 3272 191
490 2756 49
491 2856 3517
492 3151 2161
493 3444 728
494 493 2490
495 1112 106
496 1022 1346
497 122 3857
498 2161 3033
499 1490 538
500 748 1958
501 1109 981
502 3849 1434
503 1391 3013
504 3916 3369
505 2251 2773
506 3184 1577
507 327 3871
508 1035 632
509 3776 1964
510 2051 2516
511 2403 796
512 113 488
513 3537 1187
514 1599 2702
515 1512 3509
516 1364 3063
517 2966 2662
518 3610 539
519 625 453
520 3073 2846
521 816 182
522 3878 302
523 277 1561
524 3194 2725
525 543 3261
526 304 985
527 306 2120
528 3861 3263
529 3085 1497
530 2967 3117
531 2371 696
532 2863 1699
533 678 621
534 2379 3280
535 3963 2635
536 2638 968
537 510 1154
538 2742 1816
539 3545 11
540 1052 706
541 1266 995
542 522 1835
543 2218 167
544 354 1322
545 823 46
546 1744 3078
547 478 2179
548 1510 418
549 2741 244
550 2267 1160
551 3163 828
552 253 2263
553 3901 3393
554 2916 2769
555 1179 3749
556 3673 3433
557 1620 1338
558 1928 3108
559 1103 2211
560 3548 131
561 1686 1890
562 3824 2256
563 3811 2295
564 3247 2448
565 3952 798
566 808 1816
567 355 539
568 184 3047
569 519 604
570 836 3071
571 49 2096
572 1941 3328
573 2286 1555
574 2217 3061
575 2424 323
576 1259 652
577 1819 3177
578 2291 536
579 3794 2854
580 1944 2537
581 1987 3380
582 3821 228
583 2211 956
584 1657 3095
585 3865 2122
586 298 1652
587 1208 467
588 668 1713
589 987 1674
590 3395 3214
591 1193 540
592 3851 1742
593 246 2820
594 2495 1067
595 1568 2135
596 220 1284
597 3505 1112
598 2462 208
599 2168 2372
600 438 1005
601 3662 3468
602 2374 1630
603 3491 743
604 1211 3372
605 3504 3825
606 1689 123
607 944 1656
608 724 1737
609 2190 638
610 3085 1102
611 2545 3763
612 290 1822
613 2395 889
614 2939 2996
615 2841 1809
616 1317 955
617 468 2924
618 3288 1430
619 2308 3390
620 808 3683
621 2577 1894
622 1615 371
623 3642 1710
624 2898 3628
625 3816 3464
626 1181 3948
627 3808 1728
628 1452 3979
629 332 2556
630 116 3939
631 3696 3502
632 717 3822
633 1043 2737
634 2644 2471
635 3447 2022
636 3596 2017
637 2981 2612
638 2841 12
639 2002 114
640 2286 73
641 3239 1920
642 3779 252
643 3002 1473
644 3525 299
645 2141 1956
646 2713 454
647 3558 2040
648 2886 3198
649 3088 3932
650 375 3335
651 3173 779
652 1368 937
653 701 3804
654 2579 3928
655 2162 705
656 478 1518
657 1724 1604
658 1624 2629
659 3238 927
660 2213 2706
661 801 3801
662 2002 2110
663 1817 3473
664 924 114
665 2275 1683
666 1647 956
667 3486 3315
668 2626 2096
669 436 2076
670 2081 2492
671 1666 2854
672 3840 3828
673 2486 1988
674 2366 28
675 229 1245
676 116 3239
677 1061 575
678 595 2764
679 3329 1424
680 3447 528
681 1403 3741
682 2802 1103
683 841 1524
684 2872 1450
685 1147 2906
686 2000 1940
687 743 1201
688 2678 3811
689 878 2522
690 1119 2437
691 63 3099
692 3410 184
693 1929 2787
694 2092 2327
695 642 1634
696 231 3770
697 317 2186
698 2630 3920
699 1143 1806
700 1180 3858
701 2817 2862
702 3314 759
703 181 1843
704 962 2662
705 2164 1444
706 2209 2940
707 3551 3625
708 3143 1655
709 1312 2880
710 3658 1846
711 3710 3522
712 3600 3085
713 1740 2607
714 1181 3659
715 2895 919
716 3524 794
717 351 3130
718 2156 3755
719 3183 307
720 399 399
721 691 950
722 2334 9
723 1981 2260
724 1239 1453
725 1195 2166
726 1587 2580
727 1028 2704
728 666 1281
729 2657 1683
730 2541 1815
731 2110 977
732 2603 1252
733 2813 1169
734 2019 1610
735 2502 2381
736 3488 3548
737 1915 162
738 373 19
739 3122 2863
740 3199 2942
741 605 2866
742 3516 2022
743 618 2272
744 1358 2770
745 2931 982
746 2508 3810
747 3319 3607
748 1993 2037
749 122 3960
750 3669 1409
751 1533 3554
752 655 1538
753 3161 3094
754 2565 3724
755 1238 2707
756 2445 2201
757 3575 2003
758 294 1588
759 2177 855
760 474 699
761 3451 2980
762 2773 550
763 2727 798
764 885 2485
765 2462 693
766 2100 3148
767 3037 416
768 3943 2249
769 921 2725
770 1416 806
771 2164 2558
772 1154 3019
773 3220 2685
774 212 122
775 1712 1236
776 371 2689
777 293 50
778 3500 3716
779 810 3953
780 1389 1680
781 874 3218
782 2714 271
783 1445 90
784 2308 3225
785 670 2760
786 3553 2258
787 3409 2434
788 1367 705
789 1641 2825
790 609 392
791 2823 807
792 486 1385
793 2228 3516
794 2129 3444
795 2851 2896
796 300 310
797 1486 1614
798 3017 1157
799 1566 3105
800 2346 1757
801 1877 118
802 1208 1239
803 2773 1867
804 1666 397
805 2890 314
806 2207 469
807 3836 3241
808 1705 2705
809 2472 532
810 2264 3877
811 3415 763
812 382 2790
813 437 2514
814 2964 3388
815 2004 2479
816 3485 723
817 1054 1247
818 2593 11
819 3790 1759
820 1697 611
821 2226 716
822 217 494
823 3365 3765
824 1998 3429
825 2031 1188
826 2929 485
827 3729 207
828 1871 149
829 2852 596
830 715 774
831 2582 1487
832 1037 3673
833 1840 2759
834 328 2900
835 2331 3460
836 699 3861
837 842 1884
838 3706 3871
839 586 835
840 1980 1943
841 3858 2415
842 424 618
843 1602 1271
844 2084 939
845 1083 599
846 593 208
847 901 3850
848 922 1968
849 2795 2175
850 3281 651
851 3050 1730
852 1755 2054
853 1881 3237
854 2440 1080
855 412 2508
856 6 1285
857 264 3249
858 1193 2953
859 309 1392
860 983 3644
861 2301 3924
862 488 1761
863 956 1790
864 36 244
865 2577 2830
866 748 800
867 3864 1587
868 783 909
869 2748 2319
870 2162 2713
871 1014 2023
872 2258 1192
873 3283 2439
874 68 2398
875 1563 305
876 253 3176
877 2762 10
878 1399 3595
879 272 1773
880 2832 2224
881 863 1937
882 1058 3403
883 1392 3589
884 3378 719
885 1602 2490
886 3108 601
887 3250 2220
888 715 3932
889 1167 2692
890 169 3889
891 1799 3366
892 1442 1226
893 2799 1229
894 3458 2224
895 3036 891
896 3808 1030
897 3267 3719
898 3977 1428
899 1703 775
900 8 1524
901 1876 987
902 3718 1781
903 573 1207
904 89 2633
905 41 3645
906 2821 2489
907 799 187
908 3839 2020
909 3768 693
910 361 1141
911 1789 390
912 1970 1468
913 3557 172
914 3498 2118
915 3464 1354
916 2761 3771
917 2849 3913
918 637 1294
919 1725 589
920 976 915
921 2145 1860
922 786 3559
923 96 725
924 1686 640
925 88 651
926 2981 998
927 3695 108
928 1360 1063
929 505 388
930 974 2846
931 2852 181
932 2761 3946
933 3898 3557
934 1847 1421
935 1282 3341
936 2640 21
937 2782 2771
938 2810 463
939 2448 2511
940 765 539
941 1000 2134
942 2348 2659
943 1485 1253
944 3496 1995
945 1866 1232
946 3919 2124
947 582 1444
948 1740 1991
949 3567 1733
950 669 1609
951 2072 944
952 1157 3069
953 2261 2634
954 2311 3893
955 427 469
956 3666 2132
957 1116 979
958 3887 3220
959 1319 3351
960 2064 1016
961 500 475
962 279 532
963 3767 1547
964 3150 1311
965 227 1435
966 3619 2441
967 1645 45
968 427 713
969 1913 3787
970 731 1533
971 32 3764
972 3959 2265
973 2834 2156
974 1410 3700
975 1031 2396
976 166 1657
977 2232 777
978 80 58
979 2303 659
980 491 1346
981 307 459
982 1622 1660
983 3952 1900
984 2090 2062
985 115 3376
986 764 251
987 1720 1174
988 2767 580
989 1621 3319
990 3782 1621
991 866 928
992 2889 2951
993 2898 798
994 812 509
995 1369 51
996 2779 1944
997 2370 2415
998 652 1203
999 631 2105
1000 618 1247
1001 1174 3433
1002 3580 2218
1003 1599 3682
1004 150 2306
1005 67 244
1006 3345 281
1007 2563 3517
1008 1120 1822
1009 1481 107
1010 1218 2174
1011 870 511
1012 3903 2701
1013 2953 1081
1014 251 2022
1015 731 681
1016 164 770
1017 3659 1988
1018 2446 663
1019 316 2809
1020 1867 2335
1021 3645 3409
1022 3517 1337
1023 1652 1653
1024 3389 3562
1025 3826 1036
1026 3154 1305
1027 3125 220
1028 2521 1764
1029 3595 1885
1030 945 2497
1031 2847 2071
1032 1690 1021
1033 2914 3819
1034 1042 2822
1035 2791 1537
1036 2532 1143
1037 2002 324
1038 2205 3604
1039 3773 1723
1040 2167 3395
1041 2076 987
1042 2039 1398
1043 3055 853
1044 210 82
1045 1025 3201
1046 808 1880
1047 2155 151
1048 1118 3729
1049 482 813
1050 2180 2347
1051 1905 3021
1052 3384 1078
1053 803 1429
1054 3480 2132
1055 2527 2868
1056 534 933
1057 1072 130
1058 1315 985
1059 1047 3335
1060 3051 207
1061 2811 1531
1062 95 2686
1063 229 3966
1064 2850 2678
1065 2911 2615
1066 3164 3846
1067 646 1046
1068 3671 1843
1069 631 1882
1070 3784 2923
1071 3746 2547
1072 1434 711
1073 2965 2592
1074 769 1862
1075 2958 144
1076 138 2315
1077 2552 1975
1078 1245 3664
1079 395 319
1080 1340 948
1081 659 804
1082 430 3250
1083 2829 2707
1084 2237 107
1085 2167 2001
1086 2668 254
1087 953 520
1088 643 642
1089 2704 1470
1090 2641 3912
1091 1408 1982
1092 1261 225
1093 48 723
1094 3048 2578
1095 1365 2194
1096 2574 439
1097 1392 3788
1098 2682 2540
1099 2747 552
1100 1771 3958
1101 2206 885
1102 1208 1481
1103 172 3095
1104 2690 3562
1105 509 1778
1106 1271 1396
1107 3372 2216
1108 2007 3427
1109 1961 2837
1110 3691 3508
1111 3340 68
1112 2590 2798
1113 3718 2179
1114 3960 856
1115 1087 441
1116 1771 1332
1117 425 3451
1118 539 1304
1119 2813 3889
1120 2809 3827
1121 407 1215
1122 3268 2314
1123 2322 2351
1124 2736 2183
1125 3104 3272
1126 494 1590
1127 2171 1708
1128 71 1194
1129 238 3150
1130 1684 2458
1131 2150 2843
1132 3458 3525
1133 576 2654
1134 1199 2326
1135 97 941
1136 3133 448
1137 1615 1702
1138 3626 3206
1139 2376 1550
1140 619 2158
1141 248 945
1142 2117 1059
1143 3160 1530
1144 3381 1411
1145 2619 984
1146 1294 2930
1147 3764 1369
1148 884 1948
1149 1598 3370
1150 1928 1529
1151 3443 2819
1152 482 1075
1153 392 1825
1154 1650 555
1155 1175 3133
1156 2510 2000
1157 2195 1514
1158 3484 2384
1159 1152 3014
1160 848 1949
1161 3654 3741
1162 2723 1779
1163 3388 159
1164 3886 3147
1165 3187 2227
1166 864 1939
1167 2141 3276
1168 429 2090
1169 787 3199
1170 3737 1143
1171 2762 1049
1172 3184 765
1173 2853 806
1174 775 2266
1175 1641 2393
1176 2419 128
1177 2995 490
1178 125 3903
1179 898 3798
1180 1066 1740
1181 3281 1938
1182 2312 693
1183 767 2611
1184 3500 554
1185 3231 2244
1186 3741 680
1187 1919 432
1188 3117 2164
1189 2063 3242
1190 1510 3450
1191 2451 3106
1192 1988 1635
1193 2513 178
1194 3906 2200
1195 1640 2321
1196 1722 2840
1197 838 18
1198 2944 2171
1199 3530 1568
1200 1861 967
1201 1881 1465
1202 756 2391
1203 754 1029
1204 525 771
1205 2813 2484
1206 402 1867
1207 1038 2006
1208 75 3019
1209 857 1649
1210 916 1723
1211 2627 4
1212 3072 2150
1213 1678 1924
1214 1616 3932
1215 206 3192
1216 3458 1741
1217 145 25
1218 3088 288
1219 1008 901
1220 520 2576
1221 3938 791
1222 1645 2544
1223 3376 3420
1224 114 2432
1225 1018 1604
1226 1949 3755
1227 2366 640
1228 78 3084
1229 2830 3934
1230 565 2554
1231 2886 3010
1232 1113 2891
1233 330 2244
1234 3455 1730
1235 1929 2538
1236 2903 1380
1237 1587 1599
1238 3392 2760
1239 84 2036
1240 1158 3610
1241 2765 3754
1242 2471 2762
1243 3898 2360
1244 3483 840
1245 3273 454
1246 3281 927
1247 1539 1902
1248 377 3914
1249 1788 215
1250 1663 3279
1251 3324 3695
1252 304 2670
1253 623 1953
1254 412 8
1255 3164 946
1256 267 3005
1257 1053 1707
1258 2920 182
1259 746 2812
1260 675 2039
1261 2084 1520
1262 3502 32
1263 2344 2121
1264 2418 2199
1265 3969 2857
1266 3026 509
1267 2509 2840
1268 1140 404
1269 1099 3124
1270 2523 3664
1271 105 3687
1272 2058 796
1273 751 3776
1274 1275 2844
1275 1980 1017
1276 3053 181
1277 291 1226
1278 3250 1989
1279 3154 526
1280 1504 2571
1281 3362 3150
1282 975 3273
1283 414 2598
1284 1484 3276
1285 3162 2116
1286 3955 632
1287 2174 174
1288 3049 3677
1289 2843 476
1290 484 1600
1291 2240 3201
1292 2643 186
1293 3925 2538
1294 899 2098
1295 1452 3041
1296 3438 3773
1297 2394 2014
1298 282 1467
1299 1309 2984
1300 3374 3811
1301 1881 1750
1302 1119 712
1303 3815 667
1304 553 3094
1305 2304 79
1306 111 3434
1307 707 387
1308 220 886
1309 3195 440
1310 983 778
1311 2047 382
1312 1950 1900
1313 531 82
1314 2995 191
1315 1138 2602
1316 2611 1973
1317 3432 2969
1318 1766 3831
1319 2426 3003
1320 635 2184
1321 2167 1681
1322 707 3602
1323 2957 616
1324 2528 592
1325 1272 1566
1326 408 2643
1327 1419 2414
1328 448 1951
1329 1317 1945
1330 478 776
1331 386 3285
1332 2552 1454
1333 950 2449
1334 3894 314
1335 1528 1213
1336 65 3563
1337 2507 3431
1338 1298 3407
1339 401 2562
1340 3967 1345
1341 229 2718
1342 1313 2431
1343 587 472
1344 2202 447
1345 1361 236
1346 1271 2644
1347 1024 2400
1348 3632 3570
1349 2659 3879
1350 918 3381
1351 2424 2909
1352 2513 706
1353 1373 1332
1354 2164 386
1355 2520 3216
1356 658 2809
1357 377 2531
1358 2186 2127
1359 3916 2257
1360 2121 688
1361 2275 434
1362 2302 3301
1363 2534 2667
1364 2830 1424
1365 693 1769
1366 1306 2584
1367 3920 2084
1368 2354 1563
1369 888 3309
1370 859 1176
1371 1846 3066
1372 3575 1344
1373 929 2406
1374 3699 2730
1375 2533 3971
1376 1081 2402
1377 3642 2823
1378 2683 2592
1379 973 219
1380 3096 3522
1381 3465 698
1382 986 3607
1383 3260 3917
1384 1788 960
1385 221 149
1386 1104 2538
1387 1017 1849
1388 1535 2874
1389 2121 2794
1390 1016 546
1391 995 3193
1392 1678 3209
1393 1162 3687
1394 3978 304
1395 923 3571
1396 2065 338
1397 1178 1899
1398 2050 3189
1399 1301 1432
1400 754 1166
1401 3543 2520
1402 2039 3575
1403 452 940
1404 994 1130
1405 3356 1075
1406 3157 2833
1407 1365 2848
1408 1197 3260
1409 3501 3271
1410 3832 2543
1411 492 3639
1412 2145 800
1413 2170 1682
1414 2938 1335
1415 387 2553
1416 3038 3269
1417 1059 1170
1418 1009 278
1419 3909 2820
1420 3365 3389
1421 3867 1373
1422 1962 3269
1423 2288 2330
1424 3816 2456
1425 444 1530
1426 2339 1559
1427 203 1867
1428 3484 3502
1429 813 1242
1430 2418 3170
1431 3421 3977
1432 2203 3856
1433 2969 1552
1434 2716 1058
1435 1913 2719
1436 2622 3540
1437 197 2885
1438 75 2504
1439 2968 2402
1440 445 3229
1441 582 3576
1442 2708 562
1443 1409 2928
1444 2114 3731
1445 3516 2684
1446 514 3943
1447 3784 1647
1448 2421 2317
1449 596 1137
1450 2109 208
1451 3323 955
1452 1763 1320
1453 2515 2662
1454 3788 2330
1455 1044 1220
1456 826 3779
1457 925 170
1458 3568 3238
1459 3630 3977
1460 2819 502
1461 595 1986
1462 362 3101
1463 1519 2964
1464 1892 570
1465 3137 3213
1466 301 460
1467 711 412
1468 3378 3912
1469 1452 2645
1470 1409 2897
1471 1748 437
1472 3289 3910
1473 1097 2219
1474 1749 3136
1475 3233 2615
1476 163 3324
1477 2629 18
1478 3571 1227
1479 3067 779
1480 1464 3336
1481 2107 37
1482 3907 510
1483 1935 436
1484 1965 3251
1485 3389 2628
1486 3599 1243
1487 790 23
1488 2312 1049
1489 2015 1371
1490 2373 3171
1491 3910 865
1492 1442 1553
1493 1054 1608
1494 1991 44
1495 436 2184
1496 2778 2875
1497 1719 2816
1498 3682 193
1499 2541 553
1500 1699 2960
1501 3790 1461
1502 516 726
1503 539 397
1504 2717 3386
1505 1639 267
1506 2927 369
1507 1955 927
1508 2804 2997
1509 3324 1478
1510 2795 1489
1511 2113 1847
1512 304 83
1513 444 1642
1514 2652 1683
1515 2617 70
1516 3568 1236
1517 338 756
1518 3210 2788
1519 3662 292
1520 1495 3595
1521 808 3382
1522 3083 2708
1523 2177 805
1524 2118 3271
1525 137 3222
1526 1276 1606
1527 298 3769
1528 2175 2635
1529 2687 384
1530 188 2186
1531 3740 1256
1532 1391 3
1533 3413 3031
1534 371 198
1535 1708 1014
1536 3194 3257
1537 459 180
1538 2840 605
1539 2918 536
1540 2022 2649
1541 2849 3380
1542 3137 631
1543 1549 1381
1544 468 840
1545 1936 1960
1546 898 51
1547 86 3110
1548 1722 2789
1549 2665 1900
1550 653 1587
1551 3372 3114
1552 1214 379
1553 2551 934
1554 3456 2464
1555 2150 1795
1556 1041 881
1557 229 3378
1558 3397 868
1559 1967 1427
1560 1845 3458
1561 1590 3169
1562 2685 1797
1563 3238 2952
1564 892 1857
1565 3755 3555
1566 1363 2005
1567 3180 2681
1568 2615 679
1569 2109 3954
1570 410 981
1571 1189 598
1572 348 2644
1573 3824 1574
1574 2314 3904
1575 343 1280
1576 3020 1221
1577 3290 1712
1578 731 3146
1579 2388 3454
1580 3057 2089
1581 3290 2494
1582 1724 2546
1583 2984 2082
1584 525 2587
1585 2213 3287
1586 2646 2859
1587 54 2294
1588 50 1082
1589 472 1211
1590 2327 2384
1591 3714 2467
1592 1227 3313
1593 1471 1111
1594 1555 957
1595 3210 3753
1596 3081 3863
1597 1019 2747
1598 2486 2395
1599 3342 2273
1600 536 1232
1601 862 2110
1602 196 23
1603 1181 734
1604 3830 1026
1605 1642 3390
1606 2223 176
1607 1907 2052
1608 3652 1550
1609 3802 3937
1610 2849 1189
1611 3045 1304
1612 2725 1472
1613 3557 1557
1614 3528 3072
1615 191 406
1616 2268 2234
1617 3184 265
1618 2392 530
1619 3587 3082
1620 2370 954
1621 200 2158
1622 192 2288
1623 1224 1524
1624 1154 631
1625 1858 3587
1626 2634 2983
1627 2584 112
1628 2415 2752
1629 762 789
1630 150 2061
1631 1046 1110
1632 1885 3001
1633 340 623
1634 2046 1633
1635 3796 99
1636 937 2140
1637 3830 2555
1638 1513 804
1639 3353 3742
1640 376 3541
1641 2304 2323
1642 2308 1711
1643 1217 3428
1644 2444 2151
1645 1294 430
1646 848 109
1647 2036 1496
1648 1520 2545
1649 434 2984
1650 3043 803
1651 2871 1692
1652 2806 2289
1653 3463 1374
1654 3834 2083
1655 3779 1926
1656 3848 1340
1657 1815 2391
1658 2404 1844
1659 1680 1152
1660 1772 896
1661 115 2304
1662 1310 2158
1663 1712 48
1664 115 3605
1665 3705 1025
1666 1633 2483
1667 1509 1365
1668 767 1905
1669 1800 2417
1670 223 3542
1671 2258 1681
1672 825 488
1673 1144 2963
1674 730 1964
1675 2362 208
1676 2276 3676
1677 898 2111
1678 3656 222
1679 2232 603
1680 191 3494
1681 406 341
1682 233 2440
1683 3749 1954
1684 3659 3096
1685 3761 3367
1686 657 1882
1687 2157 3217
1688 1255 1089
1689 871 1065
1690 599 3913
1691 2211 273
1692 3570 2987
1693 653 2564
1694 2374 2450
1695 3264 408
1696 153 3252
1697 2640 1333
1698 2784 2491
1699 2252 3688
1700 1874 3737
1701 2153 2809
1702 2838 3828
1703 3425 2945
1704 3010 2994
1705 1939 3523
1706 3257 592
1707 1662 3322
1708 3940 3941
1709 196 2106
1710 900 1282
1711 2913 207
1712 2247 2471
1713 3904 3451
1714 1344 684
1715 322 3258
1716 660 257
1717 3016 241
1718 2407 1331
1719 2589 766
1720 1702 2753
1721 2069 293
1722 2590 1033
1723 2640 1691
1724 3657 386
1725 439 2214
1726 215 113
1727 1967 3045
1728 2483 491
1729 3358 953
1730 1171 3239
1731 2482 1781
1732 1149 1700
1733 1208 46
1734 508 3398
1735 2574 1010
1736 2623 3424
1737 2128 3065
1738 3552 1612
1739 3648 101
1740 2588 3694
1741 1461 2218
1742 2553 697
1743 2701 469
1744 1640 2235
1745 2381 2138
1746 2940 400
1747 1216 3599
1748 3142 2794
1749 1762 3536
1750 1398 2400
1751 2884 3272
1752 2969 3835
1753 957 561
1754 417 2628
1755 699 2786
1756 467 2960
1757 2242 1432
1758 395 2872
1759 1848 1319
1760 3145 1365
1761 3378 27
1762 622 666
1763 2169 3687
1764 3249 1995
1765 657 992
1766 771 1666
1767 3582 1756
1768 729 3492
1769 1472 2309
1770 652 2739
1771 1376 1293
1772 1797 3877
1773 3715 1004
1774 3398 1515
1775 679 2012
1776 1404 175
1777 1816 1683
1778 1387 1739
1779 801 3294
1780 3783 2415
1781 1922 1377
1782 1417 756
1783 1312 927
1784 517 1378
1785 580 3751
1786 2237 2667
1787 688 2599
1788 862 873
1789 2000 3916
1790 716 870
1791 3151 3119
1792 500 2566
1793 24 1942
1794 1718 333
1795 1751 3190
1796 1085 1737
1797 2656 3819
1798 614 370
1799 44 1712
1800 2834 1400
1801 3245 313
1802 3211 1225
1803 3359 2190
1804 3749 992
1805 2200 3318
1806 3591 217
1807 1571 3800
1808 1329 1173
1809 2549 797
1810 2407 3461
1811 1600 338
1812 3029 2302
1813 977 2251
1814 1808 1420
1815 591 2431
1816 1013 843
1817 464 266
1818 1016 1417
1819 1536 1829
1820 2348 13
1821 360 958
1822 3690 903
1823 2872 3659
1824 1599 2178
1825 900 3787
1826 2450 302
1827 1199 374
1828 3293 2218
1829 3061 3452
1830 1738 3833
1831 1940 1849
1832 1116 2843
1833 3229 2707
1834 1379 1550
1835 3848 1601
1836 3134 230
1837 1775 1614
1838 2824 2634
1839 482 621
1840 1666 3547
1841 2600 1708
1842 243 2934
1843 1961 2079
1844 2447 1197
1845 2973 2242
1846 2379 986
1847 3900 101
1848 3897 1128
1849 603 875
1850 1200 3858
1851 510 2301
1852 1704 629
1853 1486 2088
1854 1279 148
1855 328 1941
1856 822 1802
1857 2134 988
1858 346 31
1859 1878 1892
1860 1857 1483
1861 49 185
1862 2057 3047
1863 742 3603
1864 1083 1113
1865 719 3642
1866 1687 1895
1867 1271 1849
1868 3064 2999
1869 3784 2871
1870 326 338
1871 11 2452
1872 79 240
1873 3238 2200
1874 615 2898
1875 429 3461
1876 2481 159
1877 2340 950
1878 351 3548
1879 160 512
1880 2041 1860
1881 2648 3012
1882 3449 2298
1883 2374 1661
1884 1343 1576
1885 3902 2580
1886 2761 3275
1887 1402 213
1888 2170 2572
1889 2443 2575
1890 2286 2491
1891 3759 2918
1892 237 822
1893 3271 885
1894 1149 1141
1895 2450 3039
1896 2869 979
1897 2507 1714
1898 388 3955
1899 3676 3598
1900 2205 427
1901 1148 3522
1902 696 2213
1903 3222 2884
1904 1729 1509
1905 2482 522
1906 819 2578
1907 2383 3872
1908 3772 1908
1909 73 3348
1910 1635 1721
1911 509 3012
1912 1650 1935
1913 3540 599
1914 2389 790
1915 2540 2931
1916 3219 3102
1917 761 2149
1918 2223 3482
1919 3554 3309
1920 3073 2110
1921 1006 2119
1922 890 1303
1923 2370 2147
1924 3554 2261
1925 1087 3721
1926 1177 117
1927 661 2520
1928 3096 640
1929 3910 2087
1930 960 2858
1931 1799 284
1932 2743 27
1933 3170 3513
1934 110 1688
1935 1971 3005
1936 2423 297
1937 3724 2416
1938 3524 3785
1939 2387 3165
1940 3711 2597
1941 1613 147
1942 3451 526
1943 1829 2237
1944 1699 2837
1945 1877 887
1946 2662 528
1947 1793 1634
1948 1786 83
1949 670 1903
1950 53 533
1951 2585 3663
1952 3553 1552
1953 1447 3473
1954 3039 3417
1955 3519 2712
1956 275 2183
1957 98 2690
1958 3573 2177
1959 1374 2090
1960 2827 1812
1961 706 2430
1962 585 1228
1963 1565 532
1964 1221 886
1965 3698 3258
1966 2241 1809
1967 1179 2511
1968 289 1951
1969 2860 1224
1970 2045 1763
1971 645 2851
1972 2010 965
1973 3974 299
1974 700 537
1975 267 2444
1976 3484 2535
1977 705 3900
1978 3803 2514
1979 452 790
1980 1783 1656
1981 1689 1559
1982 156 2614
1983 3913 3058
1984 1041 3424
1985 3875 3259
1986 1352 3383
1987 1806 255
1988 428 3541
1989 3654 3925
1990 418 169
1991 969 133
1992 3590 1767
1993 153 2730
1994 886 2154
1995 3525 2685
1996 2875 3484
1997 3148 3632
1998 1407 3038
1999 661 367
2000 2147 346
2001 2355 566
2002 2102 3233
2003 878 1854
2004 969 1124
2005 658 3405
2006 1612 1868
2007 1592 392
2008 805 656
2009 479 971
2010 1564 2108
2011 2353 2956
2012 3767 840
2013 486 367
2014 1991 3387
2015 1484 2814
2016 3518 1832
2017 2096 3475
2018 2710 3244
2019 2112 962
2020 1637 2717
2021 2437 1421
2022 1371 1467
2023 3591 3725
2024 1542 3150
2025 1083 3707
2026 3952 2423
2027 2859 1571
2028 2394 2930
2029 276 2264
2030 3138 195
2031 1357 247
2032 3074 1755
2033 2083 2668
2034 1919 1581
2035 2361 1419
2036 301 1814
2037 1548 2495
2038 2017 1114
2039 94 2193
2040 1063 1004
2041 2388 1939
2042 390 1236
2043 784 139
2044 536 3719
2045 3082 3881
2046 2430 3079
2047 2573 2859
2048 454 499
2049 200 2600
2050 659 2456
2051 892 475
2052 795 3593
2053 2583 1311
2054 368 2901
2055 711 239
2056 1261 1376
2057 2790 3494
2058 2517 2999
2059 120 442
2060 3816 2755
2061 3459 1884
2062 2681 2894
2063 31 3242
2064 1928 2176
2065 1458 3460
2066 3237 477
2067 3638 2592
2068 1377 116
2069 3197 223
2070 1259 3296
2071 1543 3679
2072 2965 156
2073 3834 1188
2074 2135 2292
2075 2634 2855
2076 1536 261
2077 3092 2464
2078 5 1454
2079 1125 1462
2080 759 1489
2081 882 3559
2082 225 2136
2083 3026 1930
2084 433 3749
2085 2998 1569
2086 965 1762
2087 2309 730
2088 3813 17
2089 1984 685
2090 527 3723
2091 3355 2087
2092 1831 2047
2093 1636 1050
2094 3709 1977
2095 2799 2941
2096 819 851
2097 3408 3045
2098 3351 2197
2099 5 783
2100 3909 2728
2101 2619 1560
2102 72 1028
2103 230 3003
2104 1043 3110
2105 3883 3650
2106 1161 171
2107 2118 1256
2108 1690 2655
2109 700 741
2110 2600 3648
2111 3487 2530
2112 937 3351
2113 271 2974
2114 791 2667
2115 63 965
2116 1691 959
2117 2788 369
2118 1347 1910
2119 2909 3582
2120 2765 3377
2121 84 446
2122 1729 1577
2123 1176 1797
2124 1675 1286
2125 132 637
2126 1468 955
2127 322 433
2128 3515 2667
2129 3363 2259
2130 949 1519
2131 3143 3804
2132 2237 896
2133 2204 2127
2134 854 1456
2135 3780 3956
2136 1965 340
2137 206 1586
2138 3303 2173
2139 2144 682
2140 1287 1796
2141 1463 3799
2142 3572 2394
2143 3602 351
2144 1934 3239
2145 1990 3771
2146 2473 2113
2147 3913 2842
2148 998 1693
2149 3644 3646
2150 2945 3690
2151 551 880
2152 1306 1233
2153 830 1373
2154 1180 2239
2155 2559 3288
2156 3870 3540
2157 1681 3182
2158 560 752
2159 3623 323
2160 182 1029
2161 273 3331
2162 1288 3773
2163 1315 2153
2164 54 2248
2165 2019 2914
2166 1288 3031
2167 1575 710
2168 1192 826
2169 1684 2979
2170 1994 2267
2171 3033 1370
2172 1353 2840
2173 2511 2466
2174 988 2827
2175 3841 3742
2176 1184 2755
2177 310 3502
2178 676 2054
2179 22 148
2180 1348 942
2181 958 684
2182 1819 3928
2183 772 2019
2184 1891 671
2185 467 1596
2186 3554 3888
2187 97 925
2188 2642 402
2189 2721 2527
2190 1140 1829
2191 2435 646
2192 2550 823
2193 2437 992
2194 2126 1614
2195 97 3644
2196 3638 2934
2197 473 2595
2198 3770 958
2199 3365 1966
2200 483 2998
2201 3863 2213
2202 3069 2844
2203 1587 699
2204 1250 3715
2205 2370 902
2206 3196 3783
2207 3053 225
2208 1757 2107
2209 2838 181
2210 3475 2411
2211 302 3980
2212 367 3978
2213 1331 204
2214 3649 3898
2215 3467 939
2216 3728 626
2217 1805 2765
2218 3909 1189
2219 3960 1474
2220 638 2899
2221 3203 2138
2222 2901 1129
2223 2872 1099
2224 3838 1292
2225 3896 1450
2226 761 3422
2227 2745 1828
2228 3815 2624
2229 2540 3090
2230 148 719
2231 389 966
2232 206 2970
2233 901 2096
2234 888 1852
2235 1180 762
2236 3861 690
2237 2151 3731
2238 2161 3366
2239 3608 1402
2240 2016 769
2241 791 1178
2242 2294 783
2243 1207 160
2244 1051 885
2245 2009 645
2246 2372 3480
2247 2232 1200
2248 1313 223
2249 162 3939
2250 3868 1208
2251 638 229
2252 970 3551
2253 3275 1962
2254 161 2164
2255 3556 3696
2256 3834 2412
2257 1936 1561
2258 788 1853
2259 2896 537
2260 2885 3573
2261 1722 2141
2262 2635 2428
2263 2396 2432
2264 1193 101
2265 285 65
2266 1287 3539
2267 3523 133
2268 587 580
2269 1575 3174
2270 2250 1341
2271 2501 1828
2272 2906 3859
2273 1775 2651
2274 2157 142
2275 2711 714
2276 1950 3040
2277 706 2767
2278 1542 3944
2279 3068 722
2280 1814 1179
2281 3258 1858
2282 612 2591
2283 1231 905
2284 2307 1447
2285 1034 1484
2286 3358 2806
2287 2642 1103
2288 1595 2499
2289 1611 501
2290 1628 1308
2291 2876 88
2292 558 2397
2293 2994 1670
2294 26 2680
2295 3676 535
2296 761 2443
2297 1080 2907
2298 750 945
2299 977 3690
2300 414 581
2301 3608 2926
2302 1531 2843
2303 3956 236
2304 5 108
2305 989 31
2306 593 2068
2307 1269 353
2308 3010 3310
2309 1702 2886
2310 274 264
2311 1426 942
2312 3708 767
2313 1499 3542
2314 3723 3517
2315 2309 1847
2316 2852 118
2317 607 1578
2318 1903 2588
2319 1802 2367
2320 3940 3386
2321 3260 35
2322 2895 2402
2323 303 1527
2324 3116 3209
2325 2908 348
2326 1749 2516
2327 2967 2120
2328 2793 3520
2329 688 98
2330 2990 443
2331 428 192
2332 580 2601
2333 12 2239
2334 2248 604
2335 989 997
2336 3148 3520
2337 2057 2343
2338 3552 3430
2339 833 2214
2340 2782 1131
2341 2707 835
2342 2121 2599
2343 1450 1903
2344 3150 3754
2345 2607 2680
2346 299 1703
2347 3962 1861
2348 3129 3560
2349 1946 2658
2350 397 1505
2351 1049 1080
2352 109 2460
2353 2779 1462
2354 1887 2503
2355 3341 264
2356 1382 768
2357 337 3147
2358 1509 1582
2359 2520 2285
2360 625 2229
2361 3351 1478
2362 510 2764
2363 3126 2475
2364 3040 2909
2365 1714 2686
2366 2470 1885
2367 3929 1915
2368 879 3756
2369 179 1037
2370 1532 3951
2371 1839 1935
2372 3334 2507
2373 1899 888
2374 92 2869
2375 3500 1989
2376 3792 1309
2377 1897 1383
2378 2975 1164
2379 3689 1149
2380 3466 2437
2381 2415 3743
2382 2974 1873
2383 1126 1383
2384 3686 625
2385 1705 3494
2386 344 372
2387 3768 1059
2388 1636 2238
2389 3772 2635
2390 3556 920
2391 1072 844
2392 3049 53
2393 2492 2360
2394 3126 485
2395 966 228
2396 1319 360
2397 1403 3518
2398 1655 344
2399 3667 2454
2400 1178 2879
2401 2032 1160
2402 3537 499
2403 1208 1726
2404 166 771
2405 3093 2879
2406 796 1419
2407 1636 1245
2408 595 1250
2409 2181 1299
2410 1900 3595
2411 650 1570
2412 1335 1673
2413 3822 1266
2414 440 3688
2415 1117 1775
2416 2984 177
2417 1769 400
2418 3520 2264
2419 2718 514
2420 539 3307
2421 2269 1001
2422 1864 1105
2423 3925 2980
2424 3402 1064
2425 1156 2766
2426 1219 440
2427 2229 1378
2428 155 110
2429 190 1399
2430 1585 191
2431 2571 1346
2432 2406 1561
2433 3743 264
2434 61 1686
2435 3355 278
2436 255 2854
2437 485 2196
2438 292 3035
2439 1395 178
2440 261 2707
2441 3684 1489
2442 3604 147
2443 2430 3325
2444 1045 3873
2445 2604 3133
2446 2766 3431
2447 2694 1488
2448 2697 2021
2449 527 1903
2450 3073 3886
2451 3910 339
2452 3442 128
2453 2196 628
2454 685 2250
2455 929 3330
2456 1586 3695
2457 1921 2919
2458 3676 1971
2459 665 521
2460 1034 87
2461 3630 3541
2462 792 2118
2463 2546 2964
2464 3654 938
2465 976 1273
2466 1038 401
2467 3344 2584
2468 1224 3284
2469 2799 525
2470 3065 1031
2471 816 1616
2472 804 2487
2473 2185 3600
2474 1289 473
2475 3940 313
2476 3119 164
2477 568 1798
2478 3809 1096
2479 962 3002
2480 27 492
2481 907 3199
2482 2402 2609
2483 517 1117
2484 241 327
2485 3622 3704
2486 753 1877
2487 171 312
2488 2880 1004
2489 801 2840
2490 1805 3025
2491 2700 1605
2492 2859 1468
2493 898 1700
2494 2250 2371
2495 1050 203
2496 3282 486
2497 2996 2668
2498 3067 1275
2499 1612 1498
2500 3017 3818
2501 252 1216
2502 265 2319
2503 3311 1159
2504 2824 1842
2505 3084 855
2506 3610 631
2507 2948 693
2508 1781 2966
2509 3039 1188
2510 3723 1125
2511 1571 2498
2512 3650 474
2513 198 216
2514 1123 1170
2515 3289 3628
2516 3980 3111
2517 46 2797
2518 1414 100
2519 3440 1432
2520 153 3365
2521 375 2750
2522 514 2014
2523 1158 3206
2524 1011 2180
2525 1527 965
2526 3297 1644
2527 2773 2343
2528 1310 414
2529 3341 1536
2530 1088 3300
2531 3965 2014
2532 207 2034
2533 2495 120
2534 358 1137
2535 2013 708
2536 3403 2489
2537 3089 741
2538 2572 1388
2539 470 2348
2540 608 3408
2541 3863 1715
2542 3130 1390
2543 3608 1527
2544 948 283
2545 399 91
2546 3564 1847
2547 1420 2352
2548 576 185
2549 2280 2880
2550 2475 546
2551 118 2985
2552 1734 786
2553 636 2674
2554 2123 1795
2555 337 3437
2556 2352 2471
2557 2651 1051
2558 3856 1092
2559 3318 3208
2560 3131 2321
2561 265 337
2562 590 1024
2563 1953 1895
2564 3748 2742
2565 940 585
2566 2455 419
2567 333 769
2568 3143 2627
2569 1496 459
2570 2849 2780
2571 1966 1495
2572 855 1968
2573 3458 3328
2574 330 1421
2575 782 1177
2576 3383 824
2577 922 1534
2578 1382 347
2579 3537 194
2580 288 2694
2581 1040 2624
2582 228 2132
2583 1811 804
2584 496 853
2585 182 1903
2586 3581 778
2587 1023 2729
2588 1337 2125
2589 937 2138
2590 2459 479
2591 3394 2263
2592 804 3363
2593 1372 1995
2594 3544 2328
2595 3508 297
2596 3306 469
2597 2188 320
2598 3081 2364
2599 291 2316
2600 2179 3972
2601 1118 1659
2602 1623 2523
2603 2617 924
2604 3046 788
2605 3631 602
2606 849 1216
2607 3190 3000
2608 1390 412
2609 715 1867
2610 2884 2926
2611 1885 3573
2612 1900 2347
2613 107 3021
2614 585 2648
2615 1882 1927
2616 2642 3392
2617 3915 2318
2618 2299 1822
2619 3534 3175
2620 3898 463
2621 2405 891
2622 3011 961
2623 3512 1291
2624 2773 2089
2625 1860 3135
2626 2570 3882
2627 1104 821
2628 2804 3076
2629 3486 1744
2630 1346 2872
2631 391 2805
2632 2039 1940
2633 1250 3400
2634 2373 3706
2635 2974 2958
2636 477 348
2637 818 249
2638 3917 3090
2639 1493 2249
2640 1521 3003
2641 119 2854
2642 1850 3437
2643 182 1329
2644 1608 3255
2645 12 620
2646 1695 84
2647 3048 1260
2648 3169 70
2649 1546 1353
2650 1989 3336
2651 3749 1225
2652 3295 319
2653 671 3593
2654 2846 3231
2655 2523 2540
2656 3882 562
2657 447 1772
2658 1496 701
2659 3603 1694
2660 1723 2965
2661 2546 1637
2662 808 2288
2663 1725 154
2664 3788 1032
2665 1652 3350
2666 1352 992
2667 3126 3353
2668 704 3714
2669 1736 3877
2670 336 2131
2671 2734 2330
2672 49 3861
2673 2060 3669
2674 1412 1102
2675 3542 2935
2676 321 1106
2677 823 1587
2678 2437 3903
2679 2651 1862
2680 3371 1723
2681 100 2746
2682 3116 217
2683 1985 2025
2684 3605 2872
2685 828 3856
2686 34 2608
2687 2798 1031
2688 2760 2506
2689 2148 1294
2690 903 198
2691 1624 3464
2692 1201 3090
2693 3648 295
2694 2434 1418
2695 3726 977
2696 3116 643
2697 1621 2694
2698 1110 3573
2699 3623 1381
2700 2860 2480
2701 2820 1351
2702 81 3708
2703 3678 2477
2704 741 3891
2705 1044 1170
2706 2383 1715
2707 2816 282
2708 2193 2137
2709 948 348
2710 3083 422
2711 357 494
2712 1030 947
2713 31 2076
2714 503 2818
2715 3008 2026
2716 1139 2995
2717 3523 932
2718 3851 1640
2719 3186 2990
2720 1282 2025
2721 3823 2769
2722 2762 438
2723 1903 3431
2724 720 2887
2725 524 2459
2726 892 608
2727 1381 1069
2728 2017 3417
2729 3968 954
2730 3737 9
2731 575 2883
2732 704 641
2733 1898 3166
2734 57 784
2735 3407 262
2736 1725 480
2737 1855 2492
2738 2058 1447
2739 64 718
2740 2030 2963
2741 2312 3070
2742 2514 31
2743 2397 482
2744 3545 619
2745 1333 3080
2746 2574 1126
2747 3157 3320
2748 2757 10
2749 2836 2497
2750 423 2679
2751 2077 1315
2752 3912 1647
2753 3456 698
2754 621 3930
2755 3020 2144
2756 3276 1326
2757 3291 2588
2758 1131 3718
2759 3278 10
2760 1090 2646
2761 29 244
2762 1968 3473
2763 3421 98
2764 2256 1729
2765 314 2238
2766 3206 3903
2767 543 1679
2768 3717 3420
2769 2047 511
2770 53 255
2771 2987 2239
2772 1204 3716
2773 1466 2322
2774 1000 1916
2775 2600 444
2776 737 1294
2777 750 140
2778 3225 1513
2779 1360 2360
2780 2915 731
2781 343 2628
2782 3008 314
2783 446 1306
2784 3639 2509
2785 1888 1056
2786 1360 777
2787 1896 1810
2788 387 3681
2789 3824 1442
2790 1798 1006
2791 426 2753
2792 472 47
2793 2432 355
2794 2799 668
2795 2433 3774
2796 1277 1781
2797 2928 2959
2798 2455 3905
2799 1201 2446
2800 2989 2139
2801 2426 2364
2802 697 3198
2803 2900 253
2804 353 2208
2805 3386 2147
2806 2331 548
2807 2288 1583
2808 932 12
2809 128 1242
2810 1724 3784
2811 3773 1237
2812 514 2357
2813 209 3164
2814 3569 876
2815 1589 3817
2816 945 2230
2817 154 1395
2818 1579 2376
2819 2946 1121
2820 1155 35
2821 299 2369
2822 3861 314
2823 3268 2772
2824 1690 851
2825 657 2204
2826 2947 2642
2827 20 1243
2828 1806 2471
2829 2197 1298
2830 3796 323
2831 3073 598
2832 258 2450
2833 1475 926
2834 1748 3200
2835 1399 2573
2836 851 3480
2837 1572 21
2838 2799 2144
2839 2055 660
2840 984 114
2841 1121 2625
2842 2980 2370
2843 1365 2507
2844 1949 2813
2845 29 1233
2846 638 3861
2847 3430 1282
2848 1688 1947
2849 1878 659
2850 3251 3737
2851 3090 161
2852 1079 2692
2853 2369 3077
2854 1988 1057
2855 1884 1041
2856 1828 1866
2857 2425 1602
2858 1447 3131
2859 2372 3254
2860 1583 1693
2861 1784 718
2862 2013 1112
2863 2192 3792
2864 683 1740
2865 3051 281
2866 1432 413
2867 2668 3678
2868 3337 2291
2869 1929 1184
2870 1282 1174
2871 2296 1929
2872 2188 762
2873 667 2189
2874 424 3179
2875 291 2158
2876 2140 3276
2877 1843 1460
2878 2100 2734
2879 378 3444
2880 1443 3258
2881 405 381
2882 851 1534
2883 909 1603
2884 103 2664
2885 2372 2935
2886 1128 1919
2887 3666 2976
2888 558 2220
2889 3979 2517
2890 2975 2172
2891 3940 190
2892 3720 1123
2893 250 2095
2894 1243 3680
2895 2353 3030
2896 1001 1841
2897 2584 337
2898 2416 3681
2899 2468 2492
2900 296 1825
2901 1008 988
2902 2034 804
2903 1748 3080
2904 469 2246
2905 421 423
2906 820 643
2907 2531 2746
2908 1379 2603
2909 3248 2168
2910 1310 41
2911 3224 3663
2912 1159 269
2913 285 2556
2914 3384 3646
2915 1282 622
2916 3811 3368
2917 2002 1774
2918 3908 1389
2919 1746 1587
2920 2924 3630
2921 171 1689
2922 1659 1460
2923 3881 675
2924 2905 775
2925 1257 5
2926 249 991
2927 3568 1990
2928 1462 141
2929 2076 270
2930 1069 289
2931 1930 1456
2932 326 3606
2933 733 694
2934 882 3465
2935 3589 1336
2936 2029 3730
2937 372 134
2938 1581 1599
2939 1373 260
2940 3743 113
2941 446 949
2942 1244 3972
2943 2396 1867
2944 2246 1611
2945 700 1684
2946 2272 642
2947 1592 3870
2948 3260 1651
2949 2487 2943
2950 3336 2129
2951 2589 436
2952 2495 1510
2953 1310 1230
2954 52 3155
2955 1820 2126
2956 2251 1131
2957 1243 233
2958 1043 538
2959 477 2687
2960 660 1525
2961 1866 1845
2962 57 936
2963 794 1348
2964 821 1002
2965 2564 1757
2966 2078 3434
2967 721 1418
2968 1866 592
2969 3102 614
2970 3633 477
2971 1582 307
2972 2491 2623
2973 2975 1035
2974 434 3279
2975 2851 305
2976 1674 1388
2977 1293 3742
2978 685 2524
2979 1814 2543
2980 1909 1
2981 2465 168
2982 2040 2629
2983 254 3278
2984 3386 3414
2985 1051 3717
2986 3293 1921
2987 3682 297
2988 1353 1278
2989 1087 1334
2990 1461 191
2991 2249 1765
2992 970 328
2993 1830 3309
2994 658 866
2995 2316 630
2996 2420 2570
2997 2590 261
2998 1450 3141
2999 1231 1476
3000 2203 886
3001 1569 1887
3002 2266 135
3003 2549 2856
3004 3555 3347
3005 6 3070
3006 660 1240
3007 3903 3812
3008 2979 2129
3009 317 2300
3010 2914 790
3011 1453 242
3012 1826 2298
3013 1310 3831
3014 989 645
3015 2133 805
3016 3145 2634
3017 3866 3301
3018 1066 847
3019 1130 3350
3020 539 768
3021 2133 1132
3022 1660 2536
3023 3522 3365
3024 984 2362
3025 453 2446
3026 1560 964
3027 1061 1278
3028 2515 481
3029 3198 3766
3030 1395 1772
3031 2000 396
3032 3872 3043
3033 2336 3246
3034 2388 2965
3035 2006 2501
3036 1391 1143
3037 2004 3255
3038 1383 405
3039 426 840
3040 1003 3112
3041 2323 3336
3042 1115 1463
3043 1411 3154
3044 1564 19
3045 713 2751
3046 2809 499
3047 1359 3806
3048 1909 3936
3049 3411 1630
3050 3419 2556
3051 2212 276
3052 1262 2669
3053 2210 2163
3054 2259 2393
3055 2454 2006
3056 955 107
3057 662 1485
3058 3109 452
3059 3336 3606
3060 3871 508
3061 2332 397
3062 3576 830
3063 1298 1237
3064 2334 1051
3065 484 3518
3066 1409 3861
3067 2397 3192
3068 2860 238
3069 1191 377
3070 670 3125
3071 891 1134
3072 2336 763
3073 2511 2277
3074 2633 2143
3075 1195 2939
3076 137 95
3077 3758 1204
3078 511 2073
3079 1342 3899
3080 1204 614
3081 2035 817
3082 965 1248
3083 2573 164
3084 797 3482
3085 2661 1324
3086 3414 2344
3087 2573 1828
3088 1598 304
3089 1869 3117
3090 943 3000
3091 2777 1632
3092 1755 3709
3093 3576 2621
3094 2429 3480
3095 2771 760
3096 276 3426
3097 2575 2263
3098 2115 1237
3099 2383 3504
3100 3345 2541
3101 3125 452
3102 766 8
3103 2027 1104
3104 893 2322
3105 3577 3244
3106 3603 2751
3107 2633 2733
3108 1007 2890
3109 1394 3003
3110 700 3586
3111 3176 2986
3112 1168 219
3113 2548 2508
3114 1895 3528
3115 176 3944
3116 2720 1366
3117 386 2078
3118 2961 263
3119 177 403
3120 113 340
3121 898 3734
3122 3369 1996
3123 2640 2703
3124 3839 1794
3125 895 2542
3126 2671 212
3127 3762 2291
3128 190 177
3129 1568 165
3130 1917 1000
3131 3479 1549
3132 1746 338
3133 958 1341
3134 3717 2294
3135 364 2536
3136 2066 2355
3137 721 1663
3138 3409 1814
3139 1254 1229
3140 3189 345
3141 683 483
3142 365 10
3143 2313 1575
3144 2401 2148
3145 1196 1785
3146 801 3594
3147 2605 806
3148 2183 1709
3149 709 393
3150 1985 589
3151 3704 2800
3152 1196 191
3153 3266 2976
3154 1115 178
3155 542 2691
3156 3535 998
3157 656 3741
3158 2716 3080
3159 2080 1396
3160 784 747
3161 3095 1693
3162 3599 2490
3163 365 1740
3164 3531 2303
3165 244 171
3166 1953 3644
3167 2716 1841
3168 1895 2000
3169 1548 3512
3170 2167 1376
3171 1008 1562
3172 328 2906
3173 1463 1436
3174 3063 578
3175 3823 1564
3176 2913 1083
3177 791 295
3178 3751 1020
3179 1988 569
3180 906 2672
3181 1458 1589
3182 177 3319
3183 1493 1681
3184 1119 30
3185 1816 3072
3186 3417 3804
3187 3717 56
3188 3608 1917
3189 2927 2300
3190 250 3771
3191 903 1402
3192 2427 3104
3193 116 1694
3194 2718 604
3195 394 3116
3196 1497 1919
3197 2097 1565
3198 3357 3357
3199 2563 804
3200 865 2856
3201 1257 2362
3202 3242 3945
3203 2333 2424
3204 327 3443
3205 1910 1250
3206 2997 1188
3207 108 2535
3208 2378 2258
3209 627 151
3210 430 1945
3211 1930 2506
3212 1074 3806
3213 3978 707
3214 1673 1879
3215 1053 3045
3216 599 3811
3217 2064 3928
3218 76 621
3219 3948 2611
3220 252 704
3221 1208 1801
3222 2577 3326
3223 2949 3978
3224 1970 773
3225 3172 1584
3226 2984 3837
3227 3420 3325
3228 1111 827
3229 132 1726
3230 357 2125
3231 611 3796
3232 851 3007
3233 3472 210
3234 3696 3606
3235 2148 3899
3236 809 463
3237 3714 1614
3238 2528 62
3239 3271 3335
3240 1859 3408
3241 3518 3000
3242 885 106
3243 393 1444
3244 158 2075
3245 260 1210
3246 2185 3299
3247 538 1677
3248 1743 964
3249 834 2598
3250 1255 3917
3251 3292 3907
3252 3266 3130
3253 1404 183
3254 615 2319
3255 1581 2366
3256 3761 2732
3257 3366 191
3258 1811 981
3259 2733 3263
3260 1273 1397
3261 369 3419
3262 2962 2033
3263 426 3713
3264 2337 74
3265 3394 3494
3266 1987 742
3267 3942 700
3268 793 1827
3269 3197 966
3270 3818 132
3271 3856 492
3272 1956 1805
3273 1727 2994
3274 1832 2569
3275 55 634
3276 2466 3135
3277 1465 922
3278 942 1934
3279 2550 1450
3280 359 1280
3281 591 2042
3282 734 1440
3283 1490 3796
3284 3007 1367
3285 65 3151
3286 2598 1792
3287 2568 1288
3288 1600 2507
3289 3278 1984
3290 127 2388
3291 2168 578
3292 419 3415
3293 2528 2846
3294 546 1915
3295 1787 2803
3296 1363 2224
3297 665 2272
3298 2211 3501
3299 654 2993
3300 684 2989
3301 2050 996
3302 3393 2668
3303 1760 2939
3304 681 3146
3305 2974 2709
3306 2307 20
3307 2860 3795
3308 563 3950
3309 3563 2379
3310 2543 832
3311 336 2061
3312 680 2148
3313 1209 3290
3314 717 2499
3315 1799 1667
3316 3168 3971
3317 3098 683
3318 1301 1392
3319 2056 1947
3320 2888 2973
3321 776 3665
3322 1178 1098
3323 1118 2271
3324 2358 3148
3325 690 1578
3326 995 3857
3327 3082 994
3328 3322 973
3329 1499 2055
3330 698 327
3331 3732 2441
3332 1624 2923
3333 2429 144
3334 364 3572
3335 1589 3222
3336 759 722
3337 1648 277
3338 3935 3506
3339 3522 1308
3340 3664 93
3341 3920 2478
3342 2236 1382
3343 1404 3669
3344 1297 2346
3345 2103 2272
3346 2017 2801
3347 1834 423
3348 2998 2187
3349 3072 341
3350 3100 2160
3351 907 1104
3352 496 707
3353 565 816
3354 986 1360
3355 2221 813
3356 2473 3433
3357 410 1919
3358 2841 2714
3359 2235 3587
3360 273 509
3361 2487 1788
3362 618 1225
3363 3064 3105
3364 3092 2920
3365 190 3148
3366 2268 135
3367 3241 2315
3368 1129 1157
3369 559 399
3370 3895 2784
3371 7 3923
3372 3405 1663
3373 363 702
3374 3693 527
3375 2983 795
3376 1534 2316
3377 2218 2143
3378 3785 3694
3379 872 2504
3380 352 2713
3381 2840 1261
3382 771 690
3383 2300 3941
3384 628 708
3385 2636 1153
3386 3726 1121
3387 3015 2276
3388 1788 3588
3389 1872 534
3390 2954 3623
3391 1615 3477
3392 2516 3360
3393 1882 3001
3394 2282 742
3395 2138 1823
3396 124 1025
3397 2398 2346
3398 3039 1125
3399 312 2582
3400 1463 795
3401 3913 3062
3402 759 941
3403 2950 3879
3404 2898 2108
3405 2196 979
3406 3091 1779
3407 640 2485
3408 2107 3889
3409 39 3739
3410 1925 887
3411 507 3782
3412 1511 775
3413 2007 3969
3414 691 2004
3415 64 188
3416 136 1408
3417 3465 2110
3418 510 2774
3419 2159 2185
3420 3647 3399
3421 548 2509
3422 796 242
3423 3125 2912
3424 2111 1775
3425 3307 3712
3426 1826 922
3427 3979 533
3428 2284 1581
3429 928 1549
3430 399 1979
3431 1852 85
3432 2826 1353
3433 3510 98
3434 3647 600
3435 1427 3036
3436 811 3569
3437 3268 669
3438 121 2082
3439 3543 1405
3440 1145 474
3441 351 3185
3442 498 635
3443 3069 3645
3444 3133 1877
3445 2496 1499
3446 543 1769
3447 429 2060
3448 1513 3827
3449 260 1589
3450 3475 285
3451 3026 2631
3452 2971 2185
3453 3655 2654
3454 270 3813
3455 2101 892
3456 3523 2261
3457 2889 2400
3458 1687 1221
3459 2918 3105
3460 1557 3560
3461 988 1054
3462 2347 452
3463 263 3294
3464 1837 1958
3465 768 384
3466 2244 3924
3467 3951 1594
3468 3309 2545
3469 3066 2773
3470 2899 1897
3471 2352 1694
3472 2414 1861
3473 1637 388
3474 3366 770
3475 3121 3142
3476 2612 313
3477 1788 482
3478 3651 98
3479 1205 3266
3480 414 2417
3481 2366 1005
3482 1607 956
3483 1490 66
3484 51 659
3485 828 1149
3486 836 36
3487 3499 594
3488 3719 2902
3489 3327 1062
3490 2908 3684
3491 2907 3519
3492 1402 3346
3493 291 3743
3494 1427 3920
3495 616 3096
3496 3540 1542
3497 1285 2782
3498 3545 666
3499 2649 1414
3500 2027 2103
3501 346 2794
3502 3157 3074
3503 3184 1852
3504 3116 532
3505 3774 3412
3506 795 516
3507 2992 3516
3508 2711 3713
3509 1805 1910
3510 936 3401
3511 2519 100
3512 3311 1251
3513 886 115
3514 280 3662
3515 1853 562
3516 2943 1191
3517 2995 2616
3518 3347 149
3519 3584 1945
3520 131 391
3521 3798 301
3522 893 2858
3523 2527 2589
3524 2959 3891
3525 992 3810
3526 1660 2179
3527 1415 3051
3528 575 161
3529 2500 250
3530 286 3732
3531 2053 1767
3532 3129 1798
3533 432 1608
3534 124 239
3535 1605 2968
3536 3967 174
3537 1264 225
3538 3412 2613
3539 296 2763
3540 3606 268
3541 2153 1403
3542 1556 2904
3543 1252 2192
3544 952 3668
3545 1452 333
3546 1350 2835
3547 918 2696
3548 927 3567
3549 1916 2329
3550 2354 1794
3551 2403 2285
3552 740 3823
3553 3020 916
3554 3718 787
3555 552 401
3556 1729 652
3557 3855 3210
3558 1693 3533
3559 701 152
3560 1966 1656
3561 1121 1467
3562 2515 1021
3563 1323 2389
3564 1304 715
3565 1153 3607
3566 2379 3204
3567 1877 757
3568 2165 1228
3569 1945 1943
3570 554 450
3571 3199 272
3572 2226 658
3573 1703 3934
3574 413 3162
3575 3634 2786
3576 738 1800
3577 1004 2613
3578 3155 404
3579 3914 3382
3580 2988 74
3581 2684 931
3582 2689 1218
3583 3252 1543
3584 2976 3786
3585 2028 2586
3586 2808 907
3587 3524 554
3588 706 560
3589 1220 3167
3590 2494 3883
3591 1884 742
3592 1282 245
3593 3477 586
3594 845 1457
3595 2867 1624
3596 591 264
3597 1995 780
3598 1190 487
3599 496 1215
3600 1480 616
3601 1248 3299
3602 2848 2602
3603 3480 3853
3604 3654 108
3605 988 214
3606 831 2164
3607 443 1692
3608 447 2040
3609 2123 2266
3610 3573 3668
3611 879 271
3612 1457 1509
3613 3822 2582
3614 2884 3093
3615 1004 2893
3616 2881 1416
3617 2590 272
3618 2257 2211
3619 403 1277
3620 2424 927
3621 3667 3514
3622 3639 520
3623 2078 885
3624 1710 1627
3625 1367 3234
3626 3467 1828
3627 938 3189
3628 2710 1656
3629 1716 570
3630 1158 3098
3631 1720 986
3632 3091 636
3633 2101 1612
3634 1753 2457
3635 2271 2152
3636 3890 3193
3637 1930 2247
3638 3544 2608
3639 1890 1972
3640 3502 2354
3641 820 1172
3642 15 2615
3643 2879 360
3644 2266 3210
3645 2462 3947
3646 739 3667
3647 1077 2285
3648 2794 2293
3649 834 416
3650 1452 2297
3651 3563 1260
3652 1918 725
3653 485 566
3654 261 356
3655 715 2017
3656 798 3071
3657 2047 511
3658 1921 2171
3659 995 2375
3660 2813 2319
3661 732 2925
3662 581 2340
3663 1119 2087
3664 682 3119
3665 3917 2626
3666 1796 1828
3667 2365 857
3668 58 2085
3669 1083 3529
3670 3918 1556
3671 2732 3436
3672 648 2372
3673 2727 748
3674 2297 3617
3675 3934 3154
3676 3851 1911
3677 3233 3348
3678 1819 3633
3679 2325 111
3680 1808 522
3681 3437 105
3682 1434 3212
3683 1038 589
3684 2649 2443
3685 3449 2115
3686 823 2540
3687 2865 1130
3688 2663 1386
3689 369 1097
3690 419 3253
3691 3126 1042
3692 3548 414
3693 849 297
3694 81 334
3695 828 233
3696 2466 546
3697 2591 1538
3698 3322 865
3699 1841 2406
3700 1955 2556
3701 370 3197
3702 2688 3563
3703 311 3311
3704 3266 1917
3705 1732 3801
3706 3851 1570
3707 382 3714
3708 2061 3963
3709 3265 1431
3710 2995 3218
3711 3136 3061
3712 1333 754
3713 2546 2727
3714 3712 1357
3715 1223 1935
3716 1776 2928
3717 3703 497
3718 457 2043
3719 2 2713
3720 1799 609
3721 537 72
3722 2442 1130
3723 2976 3371
3724 3120 399
3725 3413 1523
3726 741 2446
3727 3447 1420
3728 1198 3635
3729 587 3163
3730 113 454
3731 439 817
3732 868 759
3733 324 1778
3734 2250 2638
3735 1325 2334
3736 249 618
3737 2540 3787
3738 3482 3775
3739 2825 1543
3740 3291 2118
3741 1084 3284
3742 675 3114
3743 1432 2641
3744 2319 145
3745 857 1390
3746 3227 1829
3747 110 475
3748 3687 688
3749 2012 2577
3750 3647 3189
3751 1177 705
3752 2324 3651
3753 456 13
3754 261 1478
3755 2488 208
3756 2052 1364
3757 2271 1178
3758 398 2570
3759 2225 2292
3760 2038 1816
3761 1761 1769
3762 3260 747
3763 1415 3437
3764 3541 1268
3765 3795 2388
3766 3340 1479
3767 993 1711
3768 1780 1350
3769 2090 3514
3770 2581 219
3771 838 2713
3772 2461 2729
3773 853 661
3774 1816 498
3775 3563 634
3776 1269 2152
3777 1531 1607
3778 558 3157
3779 3043 2859
3780 2490 531
3781 2654 1617
3782 2474 3734
3783 1842 3574
3784 3910 1681
3785 1277 2103
3786 408 354
3787 358 1839
3788 1600 3789
3789 1819 138
3790 134 3289
3791 689 3938
3792 1722 3952
3793 618 48
3794 707 3554
3795 2386 2158
3796 3386 3289
3797 2429 2504
3798 1323 1128
3799 176 56
3800 2856 1617
3801 3890 419
3802 3004 326
3803 113 2749
3804 1059 1599
3805 169 776
3806 1897 40
3807 420 2340
3808 60 3002
3809 230 3249
3810 1658 352
3811 1107 285
3812 717 38
3813 291 2359
3814 3544 3094
3815 38 1281
3816 587 3445
3817 904 30
3818 991 1577
3819 1582 39
3820 1361 1852
3821 2938 2795
3822 2695 1547
3823 47 3000
3824 503 3452
3825 1941 3281
3826 3546 141
3827 3555 3400
3828 1972 654
3829 2129 332
3830 3966 2160
3831 2052 3752
3832 1719 2439
3833 2096 361
3834 2164 849
3835 1898 690
3836 770 2956
3837 142 292
3838 2698 1042
3839 1403 655
3840 2226 315
3841 116 2940
3842 1001 831
3843 3625 332
3844 1365 964
3845 131 3243
3846 3848 3006
3847 1299 1365
3848 917 2237
3849 3542 815
3850 2707 3059
3851 2733 2041
3852 466 15
3853 867 210
3854 276 2713
3855 3827 2424
3856 3075 3075
3857 234 2218
3858 650 3331
3859 682 2108
3860 3721 3309
3861 376 2238
3862 3581 2564
3863 451 3452
3864 1327 1320
3865 217 2632
3866 1916 2323
3867 214 20
3868 1225 1676
3869 3278 3369
3870 1823 1143
3871 1384 3932
3872 757 135
3873 833 2676
3874 561 1728
3875 1681 1229
3876 3913 1817
3877 2936 119
3878 2959 2885
3879 615 1746
3880 1983 700
3881 62 2124
3882 611 660
3883 3897 1743
3884 635 1345
3885 3518 1682
3886 1458 2802
3887 1298 978
3888 2660 3260
3889 1477 3069
3890 3110 1336
3891 1931 2577
3892 387 1108
3893 3072 2449
3894 3957 130
3895 2532 362
3896 851 209
3897 2224 224
3898 600 572
3899 1216 2831
3900 3180 1988
3901 1801 1764
3902 3177 572
3903 2732 2014
3904 1045 83
3905 631 938
3906 1845 1573
3907 1548 2594
3908 2469 2498
3909 1976 3101
3910 3970 3539
3911 470 3860
3912 3457 86
3913 1700 2091
3914 307 1449
3915 720 275
3916 1000 2342
3917 3347 2251
3918 1487 2274
3919 3019 676
3920 902 2790
3921 3887 3618
3922 3778 3928
3923 11 1875
3924 2230 3070
3925 1863 1494
3926 456 1736
3927 2124 3180
3928 196 1517
3929 3665 2514
3930 3124 1968
3931 780 1596
3932 1091 2747
3933 337 3615
3934 114 19
3935 318 201
3936 56 365
3937 1012 649
3938 1917 285
3939 1340 3585
3940 493 2441
3941 2922 3132
3942 354 2261
3943 2882 719
3944 3351 1184
3945 256 2364
3946 2955 1945
3947 2178 2548
3948 1158 1167
3949 39 2329
3950 57 2981
3951 3166 2144
3952 2031 1174
3953 574 1183
3954 878 1444
3955 3085 1247
3956 1000 3955
3957 3580 3416
3958 848 3049
3959 1477 245
3960 2780 428
3961 2676 1297
3962 3848 480
3963 2278 2385
3964 1819 221
3965 1856 680
3966 3572 3694
3967 2614 2402
3968 2256 459
3969 3279 2413
3970 3214 3425
3971 3351 2893
3972 3106 620
3973 3022 3560
3974 1306 2910
3975 2377 792
3976 2266 2193
3977 2058 2001
3978 3148 2452
3979 861 803
3980 2363 2278
