3900 3900
1 215 864
2 3186 2338
3 2295 3432
4 837 852
5 1217 2845
6 2092 1074
7 1349 2288
8 2214 2085
9 1705 280
10 1814 130
11 1414 2463
12 2291 1745
13 165 3270
14 1530 1724
15 2194 3868
16 1290 154
17 2797 2031
18 978 1069
19 1142 822
20 785 2341
21 1903 3734
22 2278 2797
23 1198 1045
24 2881 231
25 3569 1655
26 1046 1699
27 3852 1173
28 1792 256
29 1746 1512
30 3357 1062
31 2436 1476
32 2148 2803
33 3224 1936
34 891 2369
35 1350 2787
36 1554 619
37 2067 1663
38 791 668
39 1108 2121
40 1492 752
41 313 2233
42 1162 1156
43 2389 927
44 3579 708
45 3868 10
46 1859 2443
47 846 1865
48 1322 655
49 704 1739
50 3737 1862
51 76 2651
52 1733 1040
53 1566 1316
54 336 1721
55 2996 989
56 311 345
57 2202 480
58 959 1742
59 3294 2076
60 3049 903
61 2630 2305
62 76 3371
63 599 3659
64 236 3139
65 3288 1077
66 3160 271
67 968 799
68 2131 2414
69 1300 1190
70 387 161
71 1969 1755
72 2254 3198
73 1807 1906
74 630 901
75 2126 3468
76 2480 2191
77 2166 2612
78 3248 1021
79 2800 1606
80 3258 1363
81 1337 433
82 1236 3462
83 3229 2342
84 2598 70
85 2408 3724
86 2582 800
87 2756 1550
88 1481 2979
89 3641 2735
90 233 3549
91 167 2448
92 3238 1677
93 1384 2227
94 2411 1570
95 2541 3023
96 612 159
97 1814 336
98 3809 565
99 3188 1520
100 1308 688
101 803 2034
102 3759 282
103 3316 666
104 2173 3180
105 756 1565
106 462 202
107 489 1087
108 3397 821
109 1805 158
110 3305 1499
111 2973 3549
112 3399 110
113 3360 1357
114 951 649
115 528 438
116 943 3604
117 1240 1785
118 588 2722
119 3391 1028
120 1320 3044
121 2847 3274
122 1072 2879
123 193 717
124 119 3066
125 2817 3258
126 2130 3189
127 3569 3552
128 3869 3022
129 955 1780
130 3670 3086
131 662 1223
132 3273 5
133 112 884
134 2872 3306
135 1417 683
136 2799 1468
137 1879 3454
138 1687 2206
139 2067 3499
140 1346 1378
141 2519 2822
142 1990 3231
143 1728 1897
144 1160 2549
145 754 3833
146 970 1452
147 3753 3735
148 1348 233
149 322 2751
150 742 788
151 3891 75
152 1771 136
153 1795 2403
154 3326 941
155 2886 3856
156 1604 1639
157 1583 3458
158 1917 3312
159 539 2175
160 3582 604
161 2117 2793
162 2792 3790
163 94 59
164 534 1814
165 3447 3814
166 2936 593
167 361 3613
168 3374 1952
169 2076 3603
170 647 2281
171 1255 1704
172 732 3154
173 2491 3587
174 812 2459
175 213 1006
176 2973 1847
177 1549 3307
178 3302 649
179 501 1078
180 1378 3497
181 3503 1350
182 85 2348
183 1702 128
184 898 1672
185 3246 1209
186 1401 2057
187 3033 3256
188 3886 215
189 161 1672
190 3673 901
191 1223 3639
192 2675 497
193 2790 2307
194 2005 182
195 409 2100
196 3512 3682
197 2545 3614
198 1385 3787
199 315 1916
200 3882 3072
201 600 358
202 3840 3575
203 1073 3851
204 2038 798
205 1453 3258
206 1298 870
207 1929 2117
208 2022 2088
209 2059 3002
210 1370 38
211 983 829
212 948 420
213 3674 935
214 1868 1508
215 519 270
216 645 1779
217 1374 3897
218 2948 1205
219 147 1225
220 1608 830
221 1004 1427
222 2281 1938
223 1714 1776
224 957 3278
225 1245 843
226 2928 3012
227 1274 3598
228 814 1589
229 3193 3224
230 1862 349
231 663 537
232 1993 3246
233 581 1450
234 2141 3024
235 1386 2506
236 300 3733
237 3821 2617
238 3388 173
239 987 217
240 2408 340
241 948 694
242 1846 631
243 595 1966
244 3854 2211
245 3115 1701
246 1563 2484
247 118 2701
248 2977 73
249 1273 1421
250 3135 376
251 714 3187
252 330 73
253 1121 1567
254 1210 1486
255 415 2099
256 1350 938
257 2771 1232
258 2490 1222
259 45 3158
260 528 3235
261 3359 2466
262 1800 3489
263 2377 3634
264 2397 3248
265 509 2891
266 2047 3777
267 1312 351
268 3802 2707
269 1528 902
270 3142 3622
271 2455 446
272 3545 687
273 1562 1176
274 2055 2654
275 3317 1152
276 644 2125
277 1754 3864
278 895 3278
279 1060 1841
280 2037 814
281 254 319
282 2619 3111
283 348 2083
284 2496 2311
285 637 1721
286 3142 2429
287 1218 6
288 1332 1089
289 3306 2426
290 3073 3231
291 3426 2498
292 3727 2269
293 1031 1950
294 2509 1434
295 3274 2885
296 3529 733
297 3515 3809
298 2232 3533
299 717 3221
300 2113 2480
301 1321 3600
302 2069 1991
303 2777 1692
304 1735 2530
305 999 2222
306 1671 2457
307 645 500
308 583 3570
309 2635 2956
310 3899 1876
311 788 1459
312 2121 3619
313 1841 3246
314 2799 3600
315 872 2571
316 399 231
317 459 3064
318 3747 2164
319 195 3343
320 3827 387
321 340 1789
322 843 1076
323 3306 225
324 2133 2489
325 1214 2263
326 2187 1161
327 425 2450
328 709 373
329 1052 1021
330 2962 3108
331 1052 2097
332 2751 2365
333 3736 579
334 1696 104
335 789 3628
336 2626 3720
337 2606 826
338 2684 267
339 460 3669
340 2018 1370
341 3355 1526
342 2931 181
343 2998 638
344 2841 283
345 211 2706
346 2763 721
347 994 3825
348 382 2104
349 712 2892
350 240 438
351 2003 3609
352 3173 977
353 3844 3742
354 3650 2412
355 2488 1956
356 2288 1445
357 2659 2445
358 1381 264
359 3346 1803
360 3310 588
361 955 3786
362 1344 3339
363 1418 1245
364 3086 889
365 686 1992
366 3531 2763
367 736 476
368 1752 1325
369 3479 3328
370 1634 3329
371 489 2639
372 2513 1266
373 725 1337
374 3595 77
375 1998 814
376 3026 2886
377 1259 1356
378 1579 2697
379 207 2705
380 1773 2947
381 734 49
382 3889 115
383 381 2417
384 1532 318
385 1175 984
386 2958 3174
387 2992 2396
388 2912 2937
389 1002 3889
390 2188 253
391 2073 1206
392 2750 1387
393 3239 1120
394 3875 1905
395 1698 1015
396 3602 3596
397 2837 3174
398 499 762
399 2217 3610
400 3195 3330
401 735 3622
402 1311 973
403 812 2638
404 1984 1981
405 2473 2605
406 579 333
407 3817 1071
408 1523 892
409 2257 1831
410 2236 605
411 1118 3849
412 3881 2466
413 2219 395
414 1779 943
415 1553 2965
416 1043 2886
417 2303 1031
418 381 3221
419 2958 3266
420 411 2943
421 3599 166
422 3586 2623
423 695 134
424 1368 3521
425 143 2284
426 2997 3542
427 1756 206
428 3233 1214
429 2907 245
430 2710 472
431 148 218
432 922 1334
433 32 2582
434 2157 2013
435 726 3446
436 2660 1455
437 1512 862
438 2624 2067
439 3565 1278
440 3392 2482
441 1301 1319
442 2232 1099
443 887 983
444 3700 3480
445 606 2775
446 3609 1123
447 1591 1399
448 3866 673
449 818 2051
450 653 818
451 2839 3169
452 543 2933
453 2951 2800
454 3773 3415
455 1711 415
456 1517 3098
457 3380 2524
458 1308 3598
459 712 735
460 133 2424
461 2960 241
462 3090 3581
463 1126 1670
464 3718 989
465 56 2667
466 2259 1208
467 310 924
468 556 3881
469 101 2557
470 1281 149
471 236 2086
472 2014 3350
473 2700 3260
474 2225 725
475 2122 314
476 2872 2557
477 3820 2916
478 3499 1166
479 2820 919
480 2773 488
481 2791 1429
482 1489 1291
483 774 2258
484 2811 454
485 2513 1463
486 1728 1790
487 2173 1526
488 1634 2438
489 1288 970
490 1384 1342
491 1566 1400
492 3369 2616
493 1178 47
494 3147 97
495 65 2192
496 845 3263
497 1803 1653
498 2861 374
499 1192 1083
500 1036 3297
501 520 3221
502 2959 1931
503 642 3363
504 115 1546
505 1412 3275
506 3615 3807
507 416 1034
508 3860 186
509 1067 3562
510 213 36
511 1311 3135
512 3825 1358
513 3379 3564
514 2154 2907
515 1115 703
516 2839 1638
517 1821 3780
518 1116 3161
519 1486 2157
520 940 2314
521 918 2237
522 351 3820
523 1067 219
524 3293 2673
525 1195 2034
526 507 1077
527 1231 3787
528 1089 2872
529 1583 433
530 483 504
531 1120 587
532 880 761
533 1129 1502
534 776 2279
535 1441 1861
536 1209 566
537 984 3235
538 1588 3751
539 708 1552
540 505 2301
541 1841 2010
542 3472 617
543 956 3449
544 1361 3859
545 852 1940
546 1930 54
547 2003 226
548 1700 1702
549 1196 2557
550 915 1219
551 600 3354
552 3338 381
553 1502 3886
554 23 2502
555 1450 2223
556 1174 3452
557 3526 1518
558 580 1192
559 1872 679
560 3081 2353
561 1198 3013
562 270 1845
563 155 2313
564 3121 1248
565 1877 3065
566 1906 3883
567 79 3681
568 1791 2356
569 1037 1092
570 3014 2551
571 1726 255
572 1501 24
573 13 1766
574 1907 305
575 159 1904
576 3773 2315
577 2068 957
578 2415 3504
579 1556 1762
580 2816 2877
581 172 3852
582 1655 3709
583 3585 1477
584 1816 3643
585 3860 1164
586 3759 3672
587 3363 1529
588 2963 1934
589 103 871
590 3325 1366
591 1586 2673
592 1573 1889
593 3191 2487
594 2641 2293
595 3843 1355
596 2206 1915
597 3454 1892
598 1036 2374
599 2583 3242
600 3042 1046
601 2784 1854
602 3080 1413
603 610 2587
604 2258 1622
605 1175 128
606 3670 2749
607 1245 1700
608 3070 439
609 3730 1900
610 1324 2178
611 1012 800
612 1793 379
613 2971 1237
614 3883 3557
615 1260 3800
616 2611 1957
617 2561 999
618 1671 3460
619 3574 836
620 3696 2880
621 810 878
622 882 171
623 2287 92
624 2998 880
625 3894 2099
626 3372 2860
627 3682 1395
628 3499 700
629 2674 3649
630 3770 440
631 929 2744
632 2220 151
633 1950 1142
634 854 2332
635 2321 2272
636 2104 3684
637 768 3740
638 529 680
639 1853 549
640 3742 354
641 2563 1368
642 1058 1379
643 3194 2174
644 2055 2672
645 1328 2
646 3464 3041
647 1594 453
648 278 2325
649 3088 2539
650 2587 352
651 1968 2059
652 2289 133
653 3812 2342
654 2579 864
655 3574 2740
656 1303 1079
657 2756 3503
658 2120 1443
659 516 3760
660 3780 1797
661 2601 3083
662 2465 3081
663 1146 2839
664 507 1599
665 3646 3158
666 1657 2613
667 97 1618
668 1913 445
669 483 2860
670 1401 79
671 407 1652
672 131 2636
673 1501 2213
674 1663 3295
675 1539 1374
676 772 2640
677 2600 1521
678 140 1320
679 3205 1043
680 3385 73
681 2341 2580
682 1284 2179
683 1544 2433
684 3147 1590
685 1824 3715
686 2125 3584
687 2695 3273
688 3724 3453
689 3103 3713
690 3224 1385
691 675 1195
692 614 3145
693 809 1959
694 2723 1286
695 677 3396
696 2198 1871
697 3597 2760
698 2224 350
699 2800 582
700 1015 193
701 3560 1802
702 384 1476
703 3111 1152
704 629 845
705 2738 3367
706 2405 3863
707 3533 1667
708 3702 948
709 853 1717
710 3045 3807
711 795 1930
712 1020 637
713 1141 1035
714 1925 1193
715 618 1539
716 521 2661
717 1614 333
718 1811 1455
719 15 2932
720 2641 2718
721 2053 484
722 1676 2150
723 2673 495
724 1716 3469
725 1128 3627
726 802 2386
727 1650 2734
728 1438 1366
729 1445 2584
730 2407 650
731 1338 3039
732 285 1828
733 2323 193
734 3300 721
735 2158 2249
736 1142 3358
737 1409 2215
738 2567 2937
739 282 109
740 216 2179
741 2641 3530
742 3358 292
743 2352 259
744 2555 3239
745 286 167
746 3186 1327
747 2191 511
748 343 308
749 2895 781
750 2381 1614
751 2148 604
752 1391 1410
753 602 960
754 248 2418
755 337 1440
756 3082 3040
757 3505 2817
758 3874 3601
759 3841 1485
760 189 3560
761 2284 1384
762 510 37
763 1433 2713
764 1383 1938
765 1581 3109
766 2681 677
767 1419 2655
768 2264 3734
769 471 2392
770 1413 355
771 3173 1537
772 1538 3098
773 503 2885
774 1608 89
775 242 2520
776 175 3185
777 2930 3788
778 2195 3395
779 3813 2832
780 1569 74
781 2302 3530
782 660 319
783 92 1429
784 153 2045
785 2096 566
786 164 850
787 3115 2222
788 3060 3717
789 832 3645
790 1157 2936
791 11 1869
792 397 1053
793 1857 1034
794 1854 1287
795 1031 345
796 1285 2560
797 1457 811
798 2777 3424
799 1650 1671
800 2234 3313
801 3662 2046
802 560 2205
803 979 1438
804 941 2819
805 3324 1153
806 3809 789
807 887 3527
808 919 462
809 2072 894
810 3097 1199
811 1450 266
812 2331 3624
813 2683 1564
814 1290 44
815 463 395
816 695 1692
817 3633 977
818 1865 1592
819 936 289
820 783 3443
821 1622 3209
822 2157 706
823 870 2187
824 2457 458
825 1356 3385
826 1605 925
827 3523 594
828 3220 281
829 1291 745
830 1590 931
831 2059 3240
832 1644 2691
833 672 3245
834 839 2089
835 3518 3080
836 2611 1244
837 2074 2058
838 1123 5
839 554 404
840 108 1310
841 865 2334
842 687 2591
843 2022 197
844 782 3232
845 3770 3487
846 1097 908
847 2859 1074
848 101 3670
849 3092 3085
850 342 975
851 1678 870
852 830 1703
853 3470 2491
854 797 1147
855 748 758
856 3650 2938
857 426 1746
858 1185 3294
859 582 300
860 1831 1801
861 443 1737
862 235 3841
863 3403 2762
864 302 3209
865 1472 3374
866 2298 2197
867 1896 1951
868 1390 3720
869 1739 740
870 3465 3127
871 2527 3561
872 1644 249
873 1676 3335
874 1441 2133
875 3059 3758
876 1325 2896
877 2179 3852
878 824 3856
879 3726 1591
880 3236 343
881 3037 766
882 699 1576
883 3071 2176
884 765 1143
885 3188 922
886 2681 1479
887 1753 1350
888 1234 3405
889 258 1867
890 1230 3350
891 302 987
892 3442 1377
893 2918 298
894 1417 2554
895 1752 1850
896 2701 3894
897 1218 1364
898 1869 32
899 3600 556
900 702 779
901 2659 923
902 3564 3869
903 3878 2324
904 3181 1952
905 3756 3045
906 155 3779
907 547 2732
908 2877 359
909 1543 326
910 1196 3538
911 331 1617
912 3283 2832
913 585 380
914 3397 3624
915 2863 1635
916 2836 2818
917 3036 1050
918 2498 2802
919 3679 1479
920 291 691
921 496 1722
922 1590 2301
923 2157 1064
924 1933 3375
925 275 3857
926 782 718
927 1001 2134
928 3180 3754
929 515 1635
930 1169 114
931 3635 614
932 49 1670
933 448 80
934 1966 3722
935 92 3204
936 2390 1742
937 108 593
938 3306 3660
939 1385 583
940 472 381
941 45 729
942 2955 3232
943 1622 2373
944 442 404
945 1394 2800
946 1838 332
947 348 1360
948 708 768
949 1394 3875
950 3518 2337
951 72 250
952 1216 2977
953 764 2398
954 2139 3708
955 3306 2053
956 1297 485
957 1222 3457
958 1800 3529
959 3451 564
960 2331 2581
961 2318 787
962 3361 3847
963 3255 729
964 2857 60
965 916 3502
966 769 2631
967 704 2561
968 2391 1155
969 113 1357
970 1789 260
971 3889 2363
972 64 1511
973 3649 397
974 595 725
975 2495 433
976 1929 3375
977 250 353
978 384 2863
979 272 2677
980 528 1517
981 2091 2578
982 431 419
983 3191 2978
984 2054 2057
985 2275 1867
986 1160 3310
987 2457 2364
988 2409 3307
989 2747 1058
990 3254 604
991 3628 1867
992 1531 188
993 999 869
994 2261 1720
995 3698 1053
996 2397 3629
997 3577 862
998 1284 1322
999 1198 2204
1000 857 1747
1001 1477 2135
1002 1316 2980
1003 927 3737
1004 2920 3040
1005 2740 3251
1006 3424 2390
1007 3335 3251
1008 145 1013
1009 481 947
1010 1807 530
1011 3498 1468
1012 3760 3006
1013 370 490
1014 2741 2832
1015 2680 967
1016 867 2213
1017 2319 3550
1018 3189 3099
1019 3003 1189
1020 697 3763
1021 3427 972
1022 2380 274
1023 1502 660
1024 566 1030
1025 3414 1616
1026 269 2936
1027 2319 1759
1028 525 577
1029 1738 2114
1030 3276 3641
1031 2546 59
1032 3238 1959
1033 2647 2075
1034 3680 935
1035 2516 388
1036 3292 380
1037 948 3057
1038 3600 2918
1039 2937 1934
1040 3872 2870
1041 1533 3143
1042 3429 1359
1043 738 2961
1044 3284 1626
1045 60 1727
1046 2802 2113
1047 3000 3433
1048 3501 709
1049 2874 1518
1050 3415 1951
1051 1319 3166
1052 938 3087
1053 3384 1259
1054 2627 720
1055 2536 906
1056 50 1019
1057 36 2744
1058 3666 1883
1059 355 666
1060 2213 1720
1061 2752 68
1062 3391 3279
1063 233 1836
1064 1740 2542
1065 3659 303
1066 2891 1957
1067 1523 1248
1068 2449 1427
1069 1123 3738
1070 301 3212
1071 117 3170
1072 2376 547
1073 504 1580
1074 224 132
1075 657 3798
1076 3701 3117
1077 3439 1821
1078 2320 144
1079 3162 113
1080 220 1823
1081 1232 2327
1082 3237 291
1083 3129 3589
1084 890 3334
1085 1961 2332
1086 3562 904
1087 3563 3452
1088 3671 3847
1089 1620 2421
1090 1583 3866
1091 1392 2610
1092 1518 1491
1093 3021 2347
1094 2159 1749
1095 2226 3131
1096 1051 3504
1097 3765 633
1098 3879 3766
1099 2496 2001
1100 2442 26
1101 2232 627
1102 2050 299
1103 3040 400
1104 541 3595
1105 2309 2618
1106 451 2544
1107 1766 645
1108 222 2303
1109 2637 185
1110 1450 2731
1111 2158 1790
1112 3098 2821
1113 2503 3145
1114 3311 894
1115 909 3197
1116 2999 2640
1117 2415 2250
1118 1637 576
1119 3008 1329
1120 2671 723
1121 3302 364
1122 1104 135
1123 2004 3079
1124 1079 3669
1125 2100 955
1126 127 541
1127 3245 282
1128 1173 3266
1129 3766 664
1130 655 926
1131 3772 2212
1132 2207 936
1133 3224 2310
1134 1791 2116
1135 2721 311
1136 2465 2046
1137 2476 133
1138 2982 1808
1139 3361 3413
1140 3679 1025
1141 697 954
1142 1896 1626
1143 2900 532
1144 69 182
1145 2413 397
1146 1137 2616
1147 384 3514
1148 1124 2257
1149 951 3757
1150 1084 267
1151 80 850
1152 2308 806
1153 3374 208
1154 3825 3032
1155 310 3010
1156 2752 3490
1157 1857 2753
1158 1724 1169
1159 1127 587
1160 3660 266
1161 2913 1072
1162 480 2054
1163 3665 3032
1164 2228 1137
1165 3830 3357
1166 3384 985
1167 1856 243
1168 3666 789
1169 453 1249
1170 3573 1286
1171 54 2494
1172 3052 1906
1173 3015 3540
1174 2247 1827
1175 3617 2459
1176 3207 1302
1177 605 2185
1178 3603 2001
1179 3397 2185
1180 42 1890
1181 830 250
1182 3824 3625
1183 3334 2081
1184 57 772
1185 2441 101
1186 1231 1477
1187 3015 221
1188 3710 3167
1189 280 1312
1190 3596 2792
1191 722 1953
1192 3851 726
1193 3574 221
1194 1264 185
1195 1277 2457
1196 1442 1489
1197 666 654
1198 2870 181
1199 829 2984
1200 443 3887
1201 2705 1411
1202 1901 2756
1203 509 804
1204 1374 554
1205 936 3475
1206 1873 556
1207 183 1972
1208 2779 2662
1209 3740 1800
1210 3546 1806
1211 2404 1496
1212 2979 458
1213 1391 3036
1214 2387 1815
1215 1043 401
1216 2742 1981
1217 1890 2111
1218 1953 772
1219 3573 1119
1220 1908 267
1221 3138 1120
1222 1609 3787
1223 2200 2308
1224 3298 3086
1225 1866 3492
1226 2469 2367
1227 392 3207
1228 2663 2873
1229 2832 1237
1230 208 2960
1231 2336 407
1232 13 2960
1233 879 3842
1234 3853 1781
1235 3239 436
1236 892 1925
1237 2186 976
1238 932 2048
1239 960 2054
1240 2294 3093
1241 524 3443
1242 3149 2474
1243 3149 3758
1244 3013 2329
1245 1191 1610
1246 3360 2384
1247 1761 3674
1248 803 1110
1249 1561 3623
1250 571 3107
1251 890 1189
1252 3886 138
1253 2186 2021
1254 3306 980
1255 280 3461
1256 2006 3432
1257 3291 3780
1258 438 2401
1259 108 3279
1260 165 680
1261 3044 1224
1262 2374 2426
1263 1294 2334
1264 242 1308
1265 2203 850
1266 3637 941
1267 3639 2737
1268 1502 3196
1269 1247 3274
1270 3460 387
1271 2628 1809
1272 2150 1407
1273 3087 1971
1274 2285 529
1275 3557 1928
1276 1804 192
1277 372 2619
1278 76 396
1279 798 1048
1280 1869 282
1281 510 1236
1282 3385 517
1283 885 1368
1284 2132 1112
1285 860 3035
1286 2220 549
1287 2931 3338
1288 3094 2538
1289 1635 2565
1290 3236 338
1291 2643 2256
1292 664 3590
1293 3367 2185
1294 3861 3404
1295 1966 2972
1296 1312 3015
1297 3794 364
1298 2478 465
1299 221 3567
1300 1552 3854
1301 1947 3549
1302 3379 1378
1303 2609 2653
1304 2722 1100
1305 136 21
1306 804 3411
1307 2 2979
1308 1794 1550
1309 3724 1788
1310 1452 1067
1311 2809 388
1312 2611 3209
1313 1674 134
1314 312 2990
1315 131 3377
1316 3186 2306
1317 244 871
1318 3561 3221
1319 971 1417
1320 334 391
1321 29 544
1322 1737 874
1323 864 506
1324 3094 2331
1325 1984 239
1326 3843 2133
1327 3168 442
1328 1090 1250
1329 1179 923
1330 815 2932
1331 3218 1139
1332 2507 3407
1333 3428 2802
1334 827 1435
1335 1485 2123
1336 3642 221
1337 2231 2580
1338 3244 649
1339 2110 3772
1340 745 619
1341 2022 295
1342 1589 1794
1343 1535 973
1344 3621 315
1345 1776 2386
1346 747 1798
1347 646 1919
1348 1105 2050
1349 679 3152
1350 863 1140
1351 38 289
1352 746 95
1353 862 1527
1354 3203 1729
1355 887 709
1356 1709 2448
1357 2527 2423
1358 714 1869
1359 3697 649
1360 560 1664
1361 3174 1087
1362 2204 770
1363 205 2247
1364 382 2148
1365 1720 3579
1366 3759 896
1367 579 3202
1368 622 3833
1369 1217 1389
1370 3224 2014
1371 25 3478
1372 3432 239
1373 1623 3235
1374 838 2323
1375 1630 2867
1376 2376 1545
1377 2988 3806
1378 1642 3794
1379 2904 1047
1380 860 3362
1381 916 3451
1382 101 3599
1383 3415 2567
1384 2766 2442
1385 3364 1548
1386 3214 2935
1387 3380 1666
1388 108 2468
1389 1613 955
1390 1449 2752
1391 35 150
1392 687 3657
1393 643 964
1394 853 2791
1395 3746 1205
1396 2873 347
1397 3002 3746
1398 2179 881
1399 2039 1858
1400 2623 616
1401 617 3766
1402 3712 3266
1403 1801 1289
1404 1383 1662
1405 1101 84
1406 1100 3188
1407 736 3019
1408 230 2790
1409 466 996
1410 693 249
1411 1124 2499
1412 407 3006
1413 491 1590
1414 276 409
1415 1139 3042
1416 3283 3501
1417 557 2850
1418 3560 2977
1419 1192 2960
1420 1911 1703
1421 2872 3637
1422 2109 2571
1423 2680 184
1424 2454 3514
1425 30 3014
1426 1886 660
1427 3789 1673
1428 2096 630
1429 3302 3518
1430 144 156
1431 3290 311
1432 3024 298
1433 1643 3785
1434 3797 1713
1435 3816 1082
1436 1706 1457
1437 2914 3739
1438 2725 237
1439 3508 3823
1440 893 3058
1441 2615 707
1442 1085 1151
1443 3579 2529
1444 2387 1664
1445 1292 2079
1446 2699 2430
1447 3529 1190
1448 2300 2495
1449 1041 1466
1450 1391 1886
1451 458 255
1452 2155 2581
1453 2922 1924
1454 2633 1465
1455 2648 3540
1456 3729 2202
1457 3136 1878
1458 276 3188
1459 2726 1097
1460 280 172
1461 197 2328
1462 924 3743
1463 1011 762
1464 2221 164
1465 1587 965
1466 978 1680
1467 1661 1244
1468 1398 1679
1469 169 3674
1470 2147 1800
1471 3687 3797
1472 2625 2945
1473 690 3440
1474 2080 105
1475 587 2072
1476 855 1570
1477 2856 1605
1478 3233 1806
1479 2952 1171
1480 605 196
1481 2498 1971
1482 830 2047
1483 3394 2504
1484 3655 2847
1485 3063 2049
1486 649 358
1487 301 2088
1488 2360 1473
1489 40 15
1490 2714 471
1491 1442 807
1492 1240 30
1493 2218 2722
1494 1541 3373
1495 426 2294
1496 3726 572
1497 2426 1078
1498 3711 2042
1499 3413 3319
1500 3666 2796
1501 3122 3419
1502 3617 591
1503 2027 1436
1504 3664 2224
1505 763 1109
1506 3729 61
1507 1990 517
1508 783 1839
1509 1602 3108
1510 3193 30
1511 363 129
1512 535 2825
1513 1066 1965
1514 1357 1158
1515 1301 1469
1516 3015 1027
1517 2241 3266
1518 1565 155
1519 2257 1754
1520 880 3059
1521 3438 669
1522 1840 1321
1523 2328 1346
1524 208 474
1525 1473 234
1526 1367 3302
1527 3683 111
1528 2468 3472
1529 3018 2881
1530 3264 891
1531 762 3363
1532 38 3729
1533 218 1818
1534 2803 2609
1535 1638 3821
1536 3036 1490
1537 322 1252
1538 2197 1661
1539 440 2698
1540 2459 1567
1541 966 181
1542 772 2513
1543 2963 2225
1544 1309 1020
1545 2228 3692
1546 2432 1605
1547 293 636
1548 3051 1904
1549 1758 1677
1550 1441 3346
1551 1079 641
1552 1840 2481
1553 1079 29
1554 1211 2067
1555 3132 142
1556 196 1034
1557 1026 3644
1558 2888 3063
1559 2739 3429
1560 3526 660
1561 1441 3541
1562 1057 1767
1563 2550 1353
1564 3090 2612
1565 144 2397
1566 3154 2134
1567 3275 882
1568 2116 2083
1569 776 2016
1570 2197 1625
1571 307 205
1572 3859 675
1573 2836 1995
1574 1988 615
1575 2338 3034
1576 599 2571
1577 2884 1616
1578 3536 1851
1579 2608 1136
1580 368 867
1581 2129 2769
1582 218 705
1583 247 773
1584 3872 1469
1585 1758 2906
1586 2833 2955
1587 3151 2443
1588 337 2745
1589 22 3818
1590 1578 1442
1591 3640 417
1592 260 3450
1593 2787 1050
1594 1627 431
1595 2036 1143
1596 2783 2267
1597 3808 102
1598 3473 2031
1599 1443 1269
1600 1496 3031
1601 376 1570
1602 2230 3687
1603 3613 3341
1604 2136 590
1605 2849 574
1606 1899 2080
1607 223 1248
1608 1525 449
1609 3854 1118
1610 992 3516
1611 3425 2554
1612 3248 2697
1613 3086 311
1614 991 3287
1615 930 255
1616 2492 3345
1617 1023 2392
1618 132 315
1619 896 210
1620 2877 3568
1621 3855 170
1622 1492 3441
1623 1480 1094
1624 886 504
1625 2798 376
1626 925 422
1627 1828 1143
1628 3128 2397
1629 1202 792
1630 976 1283
1631 1600 1910
1632 1748 3343
1633 530 2764
1634 11 3805
1635 3028 558
1636 3065 3564
1637 3656 2758
1638 2624 601
1639 1470 3380
1640 2524 2443
1641 2039 1325
1642 3648 1165
1643 2649 552
1644 2830 2023
1645 3577 553
1646 2132 1865
1647 1138 3442
1648 1801 3609
1649 1438 927
1650 3680 2959
1651 1131 3354
1652 1483 3009
1653 3871 1499
1654 2766 811
1655 1503 1428
1656 1097 805
1657 336 2608
1658 3488 3732
1659 1419 545
1660 2649 355
1661 3367 979
1662 1463 3518
1663 2152 1319
1664 1133 478
1665 1058 632
1666 273 3382
1667 2143 2161
1668 1466 893
1669 129 1335
1670 788 3157
1671 15 2653
1672 482 1523
1673 590 3717
1674 3164 1080
1675 927 2516
1676 3495 488
1677 2571 401
1678 1269 1262
1679 2805 3774
1680 1214 2443
1681 3215 2540
1682 2999 981
1683 800 1503
1684 732 558
1685 1566 221
1686 1657 3257
1687 367 2835
1688 2072 814
1689 3608 1053
1690 2934 1437
1691 3416 1655
1692 1459 2076
1693 294 291
1694 1387 2252
1695 1522 3462
1696 3358 2812
1697 3369 2689
1698 3062 1470
1699 3759 2069
1700 1548 2629
1701 389 50
1702 3173 1872
1703 711 1679
1704 873 1579
1705 307 2758
1706 3685 2531
1707 1259 1777
1708 280 521
1709 1347 638
1710 1479 49
1711 847 139
1712 931 817
1713 2687 1869
1714 99 863
1715 767 3806
1716 1326 3522
1717 2314 432
1718 1435 962
1719 2554 520
1720 307 145
1721 1342 3795
1722 1469 1762
1723 1079 531
1724 3548 2580
1725 1455 3805
1726 2647 1918
1727 1250 1386
1728 3547 5
1729 3382 2440
1730 1412 2609
1731 2098 454
1732 2029 1637
1733 2402 1822
1734 1741 2158
1735 2961 718
1736 3681 1051
1737 442 3829
1738 2338 866
1739 3529 1820
1740 1470 1432
1741 441 2068
1742 3485 3053
1743 3426 10
1744 1936 2814
1745 3201 1376
1746 2435 2832
1747 1113 653
1748 807 494
1749 1381 17
1750 3022 2062
1751 1587 3697
1752 3214 728
1753 1747 2574
1754 2844 2014
1755 3248 1048
1756 1230 3139
1757 742 1016
1758 127 3026
1759 2093 3719
1760 1509 1198
1761 3269 1931
1762 3170 3520
1763 3098 1368
1764 887 3264
1765 258 3360
1766 3275 3176
1767 681 1578
1768 344 3825
1769 3364 2157
1770 935 3151
1771 2937 1443
1772 2100 183
1773 3466 812
1774 231 1043
1775 3892 1509
1776 1294 34
1777 285 1169
1778 315 101
1779 3465 3526
1780 3778 3445
1781 3378 3071
1782 3458 641
1783 378 2105
1784 3390 610
1785 3682 2379
1786 2227 1853
1787 3184 830
1788 2396 1869
1789 1396 900
1790 3527 3778
1791 122 1177
1792 1734 1518
1793 2086 1664
1794 1369 138
1795 3314 3416
1796 3074 1179
1797 2860 2918
1798 2068 3301
1799 1075 620
1800 1784 1307
1801 524 3122
1802 1268 836
1803 3268 3328
1804 2655 1553
1805 1588 769
1806 242 2745
1807 2608 2742
1808 1555 3598
1809 1188 3706
1810 1195 3832
1811 104 2053
1812 784 966
1813 2765 3578
1814 1329 935
1815 1056 293
1816 2778 955
1817 2891 1180
1818 2607 3252
1819 3494 618
1820 1691 43
1821 1208 1518
1822 3068 22
1823 3129 57
1824 132 3109
1825 3574 590
1826 3091 119
1827 3215 517
1828 2664 3060
1829 1161 1106
1830 3334 929
1831 1196 455
1832 2536 2852
1833 522 1189
1834 486 2556
1835 1289 42
1836 2069 2503
1837 3125 3527
1838 360 1262
1839 3858 1833
1840 1353 1204
1841 673 3629
1842 3184 3339
1843 2024 3812
1844 3423 2700
1845 255 3302
1846 2241 165
1847 3396 2031
1848 1774 576
1849 2898 831
1850 3050 3537
1851 3670 1170
1852 773 480
1853 1086 2517
1854 1412 852
1855 954 2774
1856 1959 2627
1857 3652 3110
1858 2134 968
1859 2491 2975
1860 3847 1009
1861 2495 79
1862 2171 668
1863 2779 2107
1864 3388 1432
1865 1043 168
1866 2712 2091
1867 1548 3634
1868 64 2343
1869 9 2854
1870 2879 1418
1871 970 784
1872 104 838
1873 520 1065
1874 2037 2749
1875 3839 2333
1876 3809 1900
1877 3575 892
1878 881 3330
1879 1726 933
1880 1558 2204
1881 1016 872
1882 2647 2350
1883 2420 1661
1884 520 3648
1885 3486 2721
1886 481 3686
1887 2918 24
1888 2357 3785
1889 2160 2706
1890 1681 1735
1891 45 810
1892 3794 373
1893 2520 1209
1894 658 915
1895 2876 2721
1896 445 3267
1897 2121 757
1898 1194 1846
1899 3145 2770
1900 2571 3503
1901 2886 2671
1902 1507 3353
1903 2129 53
1904 1906 1900
1905 961 22
1906 2094 2310
1907 2512 2059
1908 273 3544
1909 1737 3579
1910 521 1418
1911 1290 6
1912 3291 751
1913 2336 2389
1914 463 114
1915 805 1280
1916 2592 2236
1917 1517 2542
1918 607 3587
1919 1996 455
1920 352 906
1921 486 2212
1922 2565 3062
1923 3365 427
1924 2029 1052
1925 3103 3557
1926 124 2377
1927 1656 2556
1928 725 566
1929 1442 2104
1930 1625 3400
1931 3633 1700
1932 1510 1394
1933 2926 645
1934 102 2524
1935 3798 3211
1936 2277 3808
1937 640 3725
1938 680 683
1939 455 1986
1940 2096 2455
1941 137 3779
1942 1318 1762
1943 2649 3799
1944 1920 1281
1945 1034 220
1946 1819 1174
1947 3763 4
1948 3199 2178
1949 3102 40
1950 3708 303
1951 1276 2564
1952 3551 34
1953 803 2147
1954 3264 100
1955 3555 1977
1956 1957 595
1957 665 3026
1958 3451 1882
1959 1637 2656
1960 334 3448
1961 1374 3335
1962 1915 553
1963 2111 792
1964 2050 777
1965 1408 2264
1966 1742 2970
1967 3225 582
1968 2984 496
1969 1358 3716
1970 3702 447
1971 865 1894
1972 2943 2805
1973 1819 1688
1974 3406 1581
1975 913 1246
1976 173 275
1977 3770 2488
1978 3452 2052
1979 2988 1690
1980 2435 828
1981 1349 1096
1982 2318 2167
1983 3866 966
1984 1610 961
1985 2166 1444
1986 2280 3622
1987 304 1732
1988 3100 2801
1989 208 3340
1990 1033 3274
1991 657 1713
1992 2392 985
1993 1167 2032
1994 762 1157
1995 795 2724
1996 2342 962
1997 1200 3628
1998 918 2479
1999 2343 3539
2000 308 3083
2001 994 3221
2002 3016 3398
2003 3820 1544
2004 1927 3318
2005 480 2991
2006 711 2779
2007 2876 2365
2008 3894 1227
2009 3153 130
2010 1313 2390
2011 2656 3177
2012 2743 3358
2013 2614 2201
2014 3020 3458
2015 2723 389
2016 1373 364
2017 515 1385
2018 3560 215
2019 315 1412
2020 300 3650
2021 2054 3539
2022 3553 1814
2023 3567 771
2024 3001 2534
2025 1623 2790
2026 3073 1344
2027 2686 2398
2028 1322 2047
2029 1250 2426
2030 3038 1191
2031 731 1601
2032 1483 1601
2033 2876 16
2034 2962 2748
2035 3150 3047
2036 2079 1171
2037 1495 3219
2038 1169 1772
2039 3650 3127
2040 3348 3755
2041 1177 3600
2042 1506 1847
2043 2257 2893
2044 315 1650
2045 3142 2199
2046 1482 3140
2047 1718 3250
2048 1865 1170
2049 1902 2472
2050 136 1415
2051 3276 1954
2052 77 710
2053 3407 3447
2054 1404 1345
2055 2736 2423
2056 619 3397
2057 425 857
2058 3645 3499
2059 1434 964
2060 1806 207
2061 2859 225
2062 1830 31
2063 1889 1476
2064 459 1703
2065 221 459
2066 864 294
2067 2835 1499
2068 3316 3651
2069 128 1784
2070 2602 2796
2071 3793 281
2072 2046 419
2073 584 3836
2074 1552 1632
2075 501 2343
2076 3063 3210
2077 2251 2287
2078 389 2529
2079 3175 1811
2080 1325 3151
2081 3836 3656
2082 1425 1610
2083 291 2744
2084 2737 3229
2085 1449 537
2086 2936 1027
2087 3014 3812
2088 2245 1232
2089 3077 1593
2090 388 3753
2091 805 321
2092 1967 1770
2093 1074 945
2094 1135 3802
2095 1497 2052
2096 1335 2787
2097 3392 3092
2098 2631 2515
2099 2169 2913
2100 64 134
2101 3324 1255
2102 3580 3072
2103 751 3829
2104 2716 2533
2105 234 1161
2106 2850 3735
2107 2347 2286
2108 3280 3057
2109 87 1307
2110 3208 590
2111 834 3154
2112 1913 3003
2113 3804 1538
2114 458 2204
2115 2749 2388
2116 770 1740
2117 2754 100
2118 875 804
2119 1475 1298
2120 103 3042
2121 227 1815
2122 564 590
2123 2251 1618
2124 3051 1385
2125 1095 3822
2126 2480 3296
2127 1487 670
2128 1195 375
2129 901 2574
2130 118 1839
2131 1234 815
2132 41 3376
2133 878 278
2134 3494 1367
2135 551 2721
2136 1071 3463
2137 3669 2111
2138 2156 3898
2139 3368 3462
2140 3409 3227
2141 674 3553
2142 3255 3302
2143 3252 1110
2144 1870 3635
2145 78 2064
2146 1183 1486
2147 3321 1038
2148 2283 3158
2149 1408 3509
2150 3572 1405
2151 2167 2158
2152 430 252
2153 1280 650
2154 516 3411
2155 2538 521
2156 1664 675
2157 3439 1841
2158 1905 986
2159 3008 117
2160 1004 99
2161 3112 581
2162 1565 846
2163 3225 2787
2164 2378 1186
2165 2066 619
2166 2480 3465
2167 2969 2296
2168 2973 452
2169 1951 3875
2170 2438 1780
2171 2290 1163
2172 2778 2640
2173 1782 3205
2174 98 1065
2175 2600 1192
2176 218 938
2177 3414 2640
2178 2100 3191
2179 2459 1196
2180 2096 1915
2181 1614 1218
2182 1420 3537
2183 2160 2751
2184 877 2196
2185 2351 1910
2186 509 1331
2187 748 2081
2188 3758 520
2189 2369 1273
2190 938 126
2191 191 65
2192 3313 3709
2193 3241 338
2194 2729 2097
2195 2754 789
2196 720 87
2197 2152 925
2198 3027 3471
2199 2334 1635
2200 1000 133
2201 3287 524
2202 1217 2490
2203 1723 30
2204 695 3333
2205 1205 653
2206 1890 3759
2207 438 3463
2208 3803 956
2209 385 1413
2210 1690 3275
2211 635 684
2212 518 3360
2213 1357 3205
2214 1201 128
2215 2408 2553
2216 684 2632
2217 1908 1628
2218 3881 1418
2219 684 1962
2220 1231 3348
2221 1536 1334
2222 3420 3190
2223 1984 2538
2224 2854 475
2225 3049 3519
2226 3284 3506
2227 3018 831
2228 1233 351
2229 281 2197
2230 2174 3267
2231 3889 608
2232 2583 552
2233 2637 946
2234 1459 982
2235 1158 3153
2236 2721 325
2237 3750 1779
2238 1162 2548
2239 1402 2538
2240 713 3481
2241 178 452
2242 784 1575
2243 3006 2005
2244 167 1160
2245 3311 689
2246 1109 2822
2247 1510 3392
2248 1403 3900
2249 3103 2046
2250 766 588
2251 2994 2080
2252 37 672
2253 3007 496
2254 3078 3301
2255 952 1740
2256 2943 2280
2257 1219 886
2258 2888 3736
2259 195 3479
2260 699 3838
2261 279 3081
2262 841 3191
2263 394 2197
2264 299 2071
2265 1978 1545
2266 2254 3170
2267 1635 1142
2268 1167 3452
2269 1742 3074
2270 2166 2649
2271 17 816
2272 1690 1290
2273 1065 2607
2274 2566 277
2275 3007 648
2276 2921 1427
2277 759 1314
2278 1695 2980
2279 1222 3176
2280 706 2850
2281 505 3098
2282 3872 2773
2283 546 1236
2284 679 1151
2285 3395 3444
2286 1420 2932
2287 2141 2028
2288 1449 724
2289 1079 2679
2290 1981 1464
2291 1383 3808
2292 2913 1453
2293 2860 1443
2294 2300 2795
2295 2561 1609
2296 10 405
2297 1737 3410
2298 2670 109
2299 315 1753
2300 25 1503
2301 2319 1050
2302 2902 3025
2303 3290 1474
2304 1860 3542
2305 2102 1344
2306 832 2355
2307 326 1447
2308 3600 3297
2309 2605 201
2310 3484 2113
2311 2476 3734
2312 146 3392
2313 3497 3127
2314 1761 2558
2315 3357 1345
2316 2073 197
2317 102 3181
2318 739 3005
2319 3585 741
2320 2451 1460
2321 3646 3556
2322 1785 819
2323 3526 2382
2324 2324 2855
2325 152 3730
2326 1239 845
2327 3151 257
2328 1330 618
2329 2322 612
2330 225 808
2331 1373 1060
2332 3308 1177
2333 1707 3135
2334 2155 1857
2335 277 2246
2336 1030 1445
2337 1562 3414
2338 335 2960
2339 1667 656
2340 942 1183
2341 2937 1857
2342 3126 145
2343 1561 641
2344 1294 1613
2345 415 498
2346 3243 3110
2347 2726 1207
2348 824 238
2349 3775 2059
2350 209 2094
2351 200 668
2352 1485 3886
2353 547 1295
2354 2742 2050
2355 2822 3645
2356 1962 2084
2357 2233 3143
2358 931 2363
2359 1938 1910
2360 3086 1523
2361 1025 471
2362 1025 3357
2363 2733 589
2364 1738 630
2365 2381 2706
2366 1059 3575
2367 2650 2411
2368 556 259
2369 2400 3086
2370 1102 1165
2371 487 14
2372 2273 451
2373 3624 638
2374 2716 156
2375 976 389
2376 3371 617
2377 1408 590
2378 781 3678
2379 2437 2738
2380 3647 587
2381 114 3214
2382 3692 1123
2383 2480 1479
2384 299 3524
2385 2930 3019
2386 2175 3816
2387 2449 1126
2388 177 1765
2389 3565 2229
2390 1531 2216
2391 2620 989
2392 2559 383
2393 2959 2527
2394 3353 2734
2395 771 2647
2396 1661 1898
2397 2898 958
2398 3064 129
2399 3366 3601
2400 1050 561
2401 1320 74
2402 85 1489
2403 353 2005
2404 3196 219
2405 2653 1052
2406 3566 2071
2407 909 123
2408 911 1960
2409 1846 199
2410 851 3528
2411 1591 3171
2412 1678 3671
2413 3668 3531
2414 996 994
2415 1443 1300
2416 2994 538
2417 1659 272
2418 524 898
2419 1702 72
2420 764 2168
2421 3291 419
2422 1607 2288
2423 1073 1261
2424 907 1478
2425 3847 832
2426 1613 3263
2427 1212 958
2428 72 2333
2429 264 2967
2430 3838 3750
2431 3200 3528
2432 2301 2142
2433 1278 2680
2434 448 1436
2435 189 570
2436 1667 3483
2437 3460 1355
2438 3108 1168
2439 1528 1670
2440 172 947
2441 179 3137
2442 581 3478
2443 70 521
2444 869 3334
2445 135 1480
2446 2211 2633
2447 1352 566
2448 2753 3714
2449 2414 179
2450 1345 558
2451 3797 2575
2452 2072 1255
2453 575 2596
2454 552 584
2455 1755 243
2456 880 504
2457 1001 395
2458 1126 2250
2459 431 1731
2460 2512 72
2461 2405 562
2462 3731 3250
2463 3672 2257
2464 216 3246
2465 547 2055
2466 2240 3194
2467 2799 2092
2468 326 793
2469 2465 588
2470 323 2842
2471 1454 2937
2472 3489 701
2473 342 3868
2474 1784 1227
2475 876 2956
2476 157 2004
2477 1733 3316
2478 283 2279
2479 3355 537
2480 2108 3086
2481 1528 2847
2482 415 674
2483 3327 616
2484 1663 1629
2485 2362 1957
2486 2401 554
2487 3680 3269
2488 1305 3310
2489 1845 1499
2490 959 1689
2491 1820 256
2492 2076 3402
2493 860 1954
2494 745 730
2495 90 2203
2496 855 3665
2497 2082 1032
2498 2392 367
2499 836 1275
2500 1030 615
2501 773 906
2502 1970 3134
2503 3186 287
2504 3850 2758
2505 20 3873
2506 19 1491
2507 3893 1456
2508 24 1326
2509 1961 2804
2510 3735 3188
2511 3153 82
2512 475 405
2513 1544 604
2514 3621 2277
2515 3507 989
2516 3355 1251
2517 779 1052
2518 3410 3300
2519 3507 3193
2520 1795 3258
2521 555 1353
2522 2532 454
2523 187 3507
2524 3539 1091
2525 1221 1303
2526 1463 3737
2527 1011 1862
2528 127 76
2529 255 2461
2530 2520 2944
2531 1807 2975
2532 950 496
2533 2603 2918
2534 33 2774
2535 1444 993
2536 3592 2443
2537 3148 3847
2538 998 1971
2539 2751 290
2540 1741 2962
2541 2100 2298
2542 43 32
2543 2656 2792
2544 1955 2871
2545 362 3690
2546 1271 2479
2547 497 340
2548 3143 1959
2549 2006 1644
2550 1383 3710
2551 2580 3782
2552 1176 3062
2553 3028 1807
2554 249 1304
2555 2825 544
2556 3096 1428
2557 497 3685
2558 3886 3435
2559 174 515
2560 3286 70
2561 354 2944
2562 1124 628
2563 696 1093
2564 3510 1904
2565 2023 978
2566 1272 2468
2567 1864 653
2568 1933 2858
2569 1942 3702
2570 1849 1149
2571 2804 3705
2572 3457 3091
2573 1117 268
2574 867 1536
2575 3034 2871
2576 3630 537
2577 527 2865
2578 2390 3841
2579 3745 3133
2580 3276 2479
2581 2835 49
2582 376 2882
2583 3028 1789
2584 630 3886
2585 303 2403
2586 1763 3112
2587 640 2237
2588 856 979
2589 1143 164
2590 564 1904
2591 2235 1360
2592 10 323
2593 652 3765
2594 2917 1839
2595 3443 2052
2596 415 820
2597 2489 3496
2598 4 615
2599 1499 3406
2600 2015 93
2601 2670 234
2602 2817 627
2603 1583 2701
2604 209 1806
2605 1860 1400
2606 1484 2371
2607 2299 2343
2608 234 601
2609 1506 2138
2610 3517 2710
2611 847 2874
2612 1316 3082
2613 1646 1167
2614 2094 370
2615 726 3312
2616 553 3776
2617 2941 328
2618 2240 72
2619 162 3116
2620 2381 234
2621 2499 2049
2622 1199 3576
2623 2502 543
2624 2591 2195
2625 204 1522
2626 165 182
2627 369 1320
2628 2888 1043
2629 3538 3259
2630 2988 3388
2631 516 1712
2632 3822 2719
2633 2252 392
2634 3361 2789
2635 2872 762
2636 282 3085
2637 1729 3362
2638 2617 3461
2639 2381 3213
2640 2883 917
2641 375 2400
2642 407 882
2643 448 1697
2644 3413 1729
2645 3836 511
2646 1224 1977
2647 1702 1205
2648 2887 762
2649 1216 2118
2650 770 1190
2651 3195 784
2652 3078 1229
2653 25 2735
2654 674 1968
2655 164 3595
2656 1467 2363
2657 2750 1401
2658 719 1743
2659 3645 617
2660 2633 1689
2661 21 3207
2662 640 2148
2663 3003 2084
2664 1124 593
2665 3821 971
2666 2961 2197
2667 3439 1353
2668 2611 790
2669 1240 3840
2670 1110 3378
2671 2098 2035
2672 1643 885
2673 2834 1427
2674 2871 1701
2675 3411 1713
2676 898 2590
2677 3080 2980
2678 1038 1787
2679 3400 803
2680 230 691
2681 3358 2630
2682 1889 661
2683 2233 3801
2684 3843 2882
2685 862 3398
2686 2457 2275
2687 659 3565
2688 3464 618
2689 2642 3900
2690 3840 128
2691 3591 2448
2692 742 3422
2693 842 833
2694 2856 2308
2695 1329 3212
2696 2511 2285
2697 396 1883
2698 1077 2805
2699 33 157
2700 1449 2799
2701 2458 2072
2702 1588 1479
2703 1813 2383
2704 596 2255
2705 2863 1680
2706 430 732
2707 2016 1114
2708 3016 491
2709 2443 3322
2710 125 2468
2711 2481 1191
2712 3892 828
2713 1974 2167
2714 1547 3590
2715 2218 2776
2716 84 1763
2717 1233 1335
2718 1433 346
2719 846 515
2720 3725 3004
2721 2857 2506
2722 1014 1424
2723 679 2300
2724 619 3027
2725 2421 2976
2726 3149 1459
2727 2676 674
2728 950 3885
2729 577 1493
2730 1854 744
2731 2689 3774
2732 394 1408
2733 3566 2741
2734 893 235
2735 1106 2381
2736 745 529
2737 1459 130
2738 1326 2886
2739 3360 2816
2740 333 2740
2741 3399 969
2742 1756 1241
2743 287 667
2744 240 3883
2745 1392 3385
2746 1950 2603
2747 1073 1564
2748 498 2259
2749 478 3188
2750 3401 611
2751 1498 1527
2752 3606 3845
2753 1646 3184
2754 1635 1568
2755 830 3441
2756 1789 1166
2757 1963 2424
2758 1282 1878
2759 982 198
2760 365 697
2761 3616 3611
2762 87 3866
2763 355 853
2764 3068 2159
2765 396 2752
2766 1319 2138
2767 1145 131
2768 703 1358
2769 401 2373
2770 1314 591
2771 486 1112
2772 1331 259
2773 1214 802
2774 619 773
2775 517 3021
2776 1347 3222
2777 453 1120
2778 1381 475
2779 643 141
2780 2824 2506
2781 289 1551
2782 3245 1252
2783 2569 1197
2784 2915 1386
2785 417 184
2786 2657 2747
2787 615 2927
2788 3755 857
2789 3687 2117
2790 2467 3527
2791 334 3590
2792 3857 3643
2793 2514 1135
2794 2252 504
2795 3068 1892
2796 2938 3582
2797 2833 555
2798 473 293
2799 3843 3891
2800 3804 242
2801 3821 3049
2802 834 1895
2803 3626 3581
2804 2005 2690
2805 1263 1488
2806 3886 616
2807 1376 1084
2808 1379 792
2809 3484 1929
2810 3612 3098
2811 418 31
2812 158 1424
2813 7 2304
2814 533 468
2815 2501 3507
2816 2245 886
2817 2890 2608
2818 1776 132
2819 2054 1695
2820 2141 2000
2821 1661 1115
2822 236 1648
2823 3233 3312
2824 3649 2561
2825 422 1013
2826 1578 1604
2827 3674 1009
2828 488 1088
2829 3571 3188
2830 3784 3422
2831 999 3200
2832 98 1266
2833 1800 3050
2834 2679 3127
2835 1924 3751
2836 2272 955
2837 2710 107
2838 2345 3439
2839 1093 977
2840 3847 89
2841 761 2215
2842 3028 2312
2843 1440 1974
2844 1176 1050
2845 1323 3505
2846 1850 2671
2847 2816 1487
2848 1403 3685
2849 1106 807
2850 606 2146
2851 1719 1463
2852 1920 2141
2853 3242 1555
2854 1370 2436
2855 497 1975
2856 509 574
2857 3608 2371
2858 1443 1773
2859 1275 3235
2860 123 1006
2861 2364 1302
2862 3391 2299
2863 3893 846
2864 1484 3064
2865 801 153
2866 3387 3730
2867 144 1403
2868 3594 797
2869 3132 3892
2870 33 2561
2871 1013 998
2872 1347 1494
2873 512 3066
2874 1832 110
2875 3200 1263
2876 1307 303
2877 2009 100
2878 2862 594
2879 390 3784
2880 3313 1011
2881 352 746
2882 1549 822
2883 1631 838
2884 2615 3514
2885 2496 2496
2886 928 368
2887 96 603
2888 3025 786
2889 3525 2791
2890 2073 2588
2891 1222 1923
2892 2326 1078
2893 1276 3502
2894 3153 1747
2895 2758 402
2896 1146 1922
2897 1036 717
2898 284 836
2899 699 196
2900 2753 937
2901 1691 1357
2902 241 2218
2903 1695 3369
2904 3623 702
2905 10 886
2906 1444 835
2907 3642 205
2908 2190 1219
2909 1425 3416
2910 788 3352
2911 641 2662
2912 1552 1241
2913 468 3711
2914 3084 3818
2915 2261 3869
2916 3730 1334
2917 1313 3743
2918 2594 70
2919 650 241
2920 3401 3185
2921 971 636
2922 615 3318
2923 1048 2867
2924 565 1402
2925 2389 2770
2926 2249 339
2927 2641 2323
2928 1617 3472
2929 405 3282
2930 2373 1689
2931 552 3810
2932 1212 2453
2933 3765 500
2934 3105 2726
2935 3719 2489
2936 3272 1229
2937 2818 3800
2938 932 1775
2939 3023 325
2940 2389 2719
2941 1244 597
2942 1425 541
2943 2779 2869
2944 2942 266
2945 2842 832
2946 2144 837
2947 3297 2929
2948 3221 165
2949 1560 2786
2950 1428 3820
2951 2325 1147
2952 858 2312
2953 3000 3618
2954 430 880
2955 2204 3321
2956 792 2053
2957 1537 3812
2958 2968 1329
2959 1574 49
2960 2312 3232
2961 1452 941
2962 3883 286
2963 547 1873
2964 2788 932
2965 718 1536
2966 3314 3657
2967 610 1343
2968 3805 3435
2969 3876 1174
2970 1717 3374
2971 3186 29
2972 1213 605
2973 3156 2972
2974 2794 1277
2975 1327 570
2976 3393 230
2977 279 432
2978 1911 299
2979 2075 1307
2980 1396 2260
2981 2794 999
2982 1879 2977
2983 2175 2799
2984 867 486
2985 2611 733
2986 1760 773
2987 2222 516
2988 375 3128
2989 1567 1179
2990 588 959
2991 3037 268
2992 1099 604
2993 510 837
2994 549 3105
2995 3881 397
2996 1143 3682
2997 1824 1566
2998 239 1428
2999 3079 2933
3000 3286 3037
3001 3612 3467
3002 533 3725
3003 487 843
3004 320 2363
3005 272 15
3006 2896 2957
3007 158 1276
3008 1929 1689
3009 2770 3772
3010 83 3608
3011 3752 702
3012 876 482
3013 2981 3673
3014 3710 2954
3015 3503 3125
3016 1080 47
3017 625 1262
3018 1735 1481
3019 3318 269
3020 2935 37
3021 1447 340
3022 1300 2485
3023 2730 2653
3024 3626 1239
3025 3258 3862
3026 2199 2576
3027 501 711
3028 3191 1627
3029 781 1568
3030 1836 274
3031 1554 2445
3032 2091 1197
3033 102 848
3034 2702 899
3035 2238 2742
3036 2156 1465
3037 2845 724
3038 2846 2995
3039 26 387
3040 2256 2124
3041 3883 3574
3042 3743 1253
3043 3331 2071
3044 1968 179
3045 111 2812
3046 2765 1341
3047 1793 31
3048 3070 984
3049 173 2000
3050 598 3037
3051 3828 3710
3052 371 3010
3053 2457 2881
3054 380 2145
3055 1802 1427
3056 3862 637
3057 560 756
3058 669 1279
3059 1403 2594
3060 1831 2076
3061 3768 976
3062 441 3647
3063 2043 3646
3064 2185 2961
3065 771 638
3066 1060 24
3067 896 214
3068 580 3061
3069 84 2374
3070 2213 1925
3071 2473 3415
3072 1068 2090
3073 1910 2669
3074 2024 869
3075 2832 116
3076 1060 3583
3077 1519 1377
3078 376 3552
3079 349 3147
3080 588 167
3081 2074 527
3082 946 1592
3083 501 1057
3084 2536 1990
3085 3566 240
3086 120 3197
3087 2948 2494
3088 1986 2883
3089 1997 3347
3090 319 3340
3091 3531 1906
3092 1643 2184
3093 3677 5
3094 1678 184
3095 2011 153
3096 3179 3261
3097 2930 810
3098 3257 740
3099 2968 2604
3100 1937 1389
3101 3814 694
3102 3679 259
3103 2022 293
3104 3640 1399
3105 1356 2341
3106 1204 2312
3107 396 2791
3108 3125 3578
3109 3626 1502
3110 3324 3278
3111 2456 2580
3112 674 1486
3113 3231 1440
3114 1454 3410
3115 3372 477
3116 564 1737
3117 2153 3332
3118 3597 312
3119 1084 2410
3120 2902 1143
3121 3900 2376
3122 22 1209
3123 2282 3896
3124 1760 1459
3125 2789 420
3126 1784 1136
3127 1232 436
3128 1569 2475
3129 1540 883
3130 3699 1140
3131 3282 2066
3132 2418 836
3133 910 3895
3134 2914 2427
3135 214 2000
3136 3528 2175
3137 1276 758
3138 3685 3087
3139 2705 2467
3140 1454 2397
3141 2066 2250
3142 436 464
3143 2049 158
3144 3312 3380
3145 2893 2317
3146 817 743
3147 1389 2319
3148 409 800
3149 2654 497
3150 1402 2214
3151 2043 2415
3152 1322 1071
3153 1013 302
3154 2569 3677
3155 870 2854
3156 1293 957
3157 1031 868
3158 2482 1371
3159 269 2013
3160 3199 1769
3161 3239 398
3162 2237 99
3163 1310 910
3164 566 1870
3165 61 2237
3166 2601 1947
3167 135 800
3168 540 1095
3169 3842 1537
3170 3282 3812
3171 1669 3197
3172 1782 1487
3173 1061 1090
3174 60 3636
3175 80 826
3176 3843 2702
3177 3430 1524
3178 1614 1423
3179 1452 1481
3180 1770 2370
3181 882 2652
3182 2079 3575
3183 3071 3730
3184 583 2067
3185 2936 1133
3186 2932 861
3187 1689 2462
3188 942 1755
3189 3015 780
3190 8 2009
3191 463 851
3192 2234 3854
3193 2225 441
3194 3407 373
3195 3581 2228
3196 3512 1080
3197 3741 2364
3198 740 114
3199 995 1442
3200 3069 1086
3201 2642 2845
3202 3159 1993
3203 3207 3583
3204 1304 3081
3205 3283 1747
3206 1960 3372
3207 2185 1706
3208 2249 3358
3209 2525 1304
3210 206 35
3211 1114 2213
3212 467 3427
3213 1271 2800
3214 2453 1420
3215 634 1362
3216 100 413
3217 2081 3430
3218 2336 787
3219 155 1715
3220 3719 3340
3221 869 375
3222 751 250
3223 2375 1503
3224 2949 3663
3225 2805 3650
3226 830 838
3227 3333 526
3228 2761 2832
3229 376 4
3230 16 2144
3231 1981 2420
3232 3122 1156
3233 1417 2066
3234 1033 3718
3235 756 1447
3236 3421 61
3237 2014 1694
3238 1981 399
3239 1517 1512
3240 1672 3770
3241 2546 22
3242 1503 2078
3243 1806 983
3244 1669 931
3245 1203 961
3246 1698 552
3247 1348 3568
3248 837 979
3249 2581 3400
3250 2787 2901
3251 226 2726
3252 2525 556
3253 1537 2982
3254 1750 1115
3255 1118 3835
3256 1076 6
3257 3839 3312
3258 2941 3487
3259 60 3562
3260 3111 2148
3261 1005 234
3262 1564 3102
3263 3870 684
3264 1291 1097
3265 3886 2032
3266 67 2589
3267 3370 860
3268 3759 3225
3269 3828 2322
3270 3022 894
3271 1379 1268
3272 1332 2378
3273 2745 3057
3274 300 568
3275 3412 2037
3276 1959 1995
3277 1978 1035
3278 2108 3463
3279 1675 2982
3280 1446 48
3281 747 3503
3282 2375 434
3283 3552 1354
3284 371 3023
3285 284 215
3286 1593 3371
3287 2719 701
3288 2459 1849
3289 1836 2867
3290 3360 3295
3291 1838 1943
3292 3869 299
3293 3421 1917
3294 1032 2735
3295 1948 1765
3296 3617 1486
3297 2089 1696
3298 3445 3128
3299 2155 406
3300 1821 3124
3301 1244 1103
3302 3259 1683
3303 3487 1252
3304 3563 3068
3305 23 3305
3306 741 1006
3307 2701 277
3308 1841 1246
3309 2542 711
3310 526 3257
3311 1197 3198
3312 2128 156
3313 3043 711
3314 776 630
3315 60 2847
3316 289 118
3317 2485 109
3318 416 338
3319 1487 2100
3320 3595 203
3321 2691 1836
3322 2723 1450
3323 357 329
3324 2795 870
3325 1494 761
3326 1888 7
3327 89 3376
3328 2890 1350
3329 2882 3125
3330 299 2838
3331 698 1826
3332 2599 2754
3333 30 1762
3334 1692 1144
3335 3346 922
3336 1355 1146
3337 1431 678
3338 3854 1875
3339 319 3085
3340 231 328
3341 1865 1556
3342 1577 2427
3343 1081 2319
3344 729 2252
3345 1118 620
3346 1544 1386
3347 1530 1497
3348 627 2264
3349 1837 2076
3350 1511 917
3351 1116 2453
3352 195 3268
3353 1344 2090
3354 3214 3864
3355 559 1793
3356 1 1996
3357 2386 1863
3358 585 2466
3359 2184 1680
3360 2820 2029
3361 638 567
3362 3142 1575
3363 1804 1371
3364 130 468
3365 2074 3338
3366 1966 4
3367 3474 557
3368 2511 2067
3369 1537 2908
3370 2084 875
3371 2404 660
3372 1534 3237
3373 462 1258
3374 2104 1876
3375 3239 801
3376 1351 2638
3377 1435 1771
3378 1221 3713
3379 3359 2552
3380 1282 1169
3381 2950 1648
3382 3447 2326
3383 1384 1626
3384 2787 489
3385 2123 3149
3386 806 3162
3387 1171 58
3388 1812 265
3389 1536 2497
3390 2922 1277
3391 406 2992
3392 2431 2551
3393 644 1558
3394 1909 3075
3395 1259 3877
3396 3304 3160
3397 681 187
3398 3844 2108
3399 2473 1181
3400 2351 2703
3401 1926 540
3402 1926 1154
3403 1804 3519
3404 2332 2250
3405 2729 3717
3406 2831 960
3407 3372 3785
3408 1078 3832
3409 306 2723
3410 2598 3175
3411 1725 1873
3412 2169 222
3413 1854 2942
3414 2479 1003
3415 2086 1037
3416 851 2397
3417 3105 2985
3418 3150 2883
3419 3234 568
3420 2107 3181
3421 1400 3861
3422 3783 1654
3423 977 343
3424 3097 3493
3425 1172 347
3426 2880 159
3427 1869 932
3428 1495 3716
3429 2402 3049
3430 74 1146
3431 2862 3839
3432 880 710
3433 1064 3637
3434 2056 3549
3435 3085 1860
3436 3895 2930
3437 618 1154
3438 2934 1388
3439 1058 2358
3440 2440 1334
3441 1863 3585
3442 2979 3116
3443 2158 3139
3444 852 497
3445 3160 1489
3446 1879 2732
3447 1430 3689
3448 1016 4
3449 1580 355
3450 751 2687
3451 2338 3279
3452 3310 2628
3453 555 3231
3454 2736 995
3455 3871 1614
3456 3844 3078
3457 3610 2137
3458 2987 1266
3459 3321 2841
3460 2791 468
3461 541 1617
3462 2884 964
3463 910 989
3464 2784 1525
3465 2105 411
3466 1170 1838
3467 665 734
3468 475 3021
3469 94 604
3470 2373 2514
3471 563 92
3472 2523 2362
3473 86 1347
3474 2825 3001
3475 2406 3778
3476 1911 3052
3477 1328 2169
3478 1804 47
3479 1545 867
3480 2893 3842
3481 1095 226
3482 2023 2214
3483 2661 1131
3484 65 643
3485 3024 233
3486 898 616
3487 2043 2167
3488 579 3450
3489 1567 3508
3490 2279 1548
3491 620 1955
3492 2030 2662
3493 1650 3493
3494 3455 2289
3495 703 1477
3496 1033 471
3497 1948 926
3498 3413 2327
3499 3011 1273
3500 2706 3383
3501 3240 2087
3502 325 2912
3503 3838 1343
3504 3858 2418
3505 3772 1587
3506 3338 2273
3507 2527 2003
3508 579 3494
3509 2539 2082
3510 2389 302
3511 1442 237
3512 646 3356
3513 2839 2922
3514 608 1125
3515 2126 2685
3516 3401 3181
3517 347 1513
3518 3303 1047
3519 2501 2085
3520 1694 501
3521 2662 296
3522 3155 2410
3523 3584 14
3524 2638 832
3525 602 2272
3526 3118 1165
3527 843 95
3528 3451 2220
3529 3746 2763
3530 444 2696
3531 2207 1493
3532 3274 997
3533 1988 3271
3534 1413 1937
3535 2644 3452
3536 3530 1685
3537 668 1296
3538 1080 396
3539 271 3040
3540 1435 548
3541 488 3777
3542 2222 2264
3543 1681 2453
3544 119 1276
3545 2557 947
3546 2589 627
3547 1009 880
3548 2493 2910
3549 2016 2798
3550 1701 2802
3551 2102 3764
3552 1529 276
3553 1267 1586
3554 1763 2138
3555 2555 1834
3556 2550 3461
3557 1616 891
3558 1617 2985
3559 3849 217
3560 3004 1293
3561 2066 2717
3562 1875 2211
3563 2017 2527
3564 1114 622
3565 755 277
3566 2481 3630
3567 2832 1405
3568 169 1131
3569 2706 582
3570 1154 2282
3571 1165 2771
3572 3611 2284
3573 2883 1217
3574 3811 3153
3575 2038 3482
3576 141 3453
3577 3774 3190
3578 802 1144
3579 2703 1141
3580 569 2651
3581 1904 600
3582 2696 2512
3583 817 252
3584 677 998
3585 1906 77
3586 503 2138
3587 3452 1356
3588 526 1081
3589 2660 3839
3590 2616 1460
3591 2090 3673
3592 482 2360
3593 59 3032
3594 934 1690
3595 1562 2390
3596 610 1570
3597 3172 2472
3598 1921 3445
3599 3198 2677
3600 993 941
3601 731 1906
3602 121 360
3603 2957 955
3604 3887 2764
3605 2656 2418
3606 2608 1738
3607 741 841
3608 3459 2444
3609 3801 3721
3610 2136 3884
3611 2015 1874
3612 3170 2870
3613 3270 3112
3614 1934 1493
3615 970 1746
3616 2845 911
3617 3616 3285
3618 188 698
3619 1280 299
3620 735 1373
3621 1722 1593
3622 1196 3550
3623 1985 570
3624 3688 747
3625 860 1309
3626 1766 2732
3627 2273 1450
3628 3031 801
3629 1954 3644
3630 1242 1524
3631 990 3821
3632 3869 2081
3633 2774 1474
3634 3084 2676
3635 3376 2841
3636 3728 3827
3637 1283 2913
3638 1886 3801
3639 703 3000
3640 3433 3334
3641 3831 494
3642 190 708
3643 5 705
3644 1058 1725
3645 3886 1376
3646 2885 1042
3647 201 1293
3648 3157 1375
3649 3120 1578
3650 885 3120
3651 3525 3499
3652 1935 1904
3653 2239 2540
3654 1020 3731
3655 1369 536
3656 142 1889
3657 1386 3690
3658 3066 3821
3659 134 55
3660 1864 3096
3661 736 1461
3662 403 3455
3663 2040 2178
3664 413 837
3665 2815 180
3666 1135 93
3667 2501 2720
3668 1481 2630
3669 261 1348
3670 1800 1116
3671 915 3577
3672 1244 2584
3673 1938 2417
3674 3420 2955
3675 45 1509
3676 1343 3584
3677 1544 2058
3678 2000 906
3679 3167 2857
3680 2990 1399
3681 2590 141
3682 310 2226
3683 1293 976
3684 3632 2554
3685 2198 3388
3686 3400 2732
3687 3529 3047
3688 1549 3443
3689 107 3073
3690 1942 2658
3691 2046 3238
3692 3041 3081
3693 31 2176
3694 2480 3144
3695 1265 537
3696 958 2077
3697 3418 3600
3698 182 656
3699 1960 372
3700 2510 2579
3701 301 3389
3702 155 231
3703 390 871
3704 3518 3709
3705 884 3540
3706 1526 917
3707 864 342
3708 1784 3465
3709 1053 866
3710 1179 3185
3711 3607 3387
3712 2934 774
3713 3414 1041
3714 59 987
3715 3639 703
3716 3782 891
3717 3467 2394
3718 300 496
3719 66 564
3720 3228 3848
3721 2506 2506
3722 2559 2389
3723 2423 450
3724 2382 834
3725 1141 1124
3726 1966 3849
3727 1360 2469
3728 1019 515
3729 131 924
3730 2213 694
3731 1833 2593
3732 2831 832
3733 1331 3019
3734 1005 716
3735 2018 2571
3736 2069 2406
3737 312 1837
3738 1396 3603
3739 1169 1081
3740 926 1074
3741 968 1326
3742 1539 591
3743 3845 1377
3744 3563 1644
3745 3865 2426
3746 1749 2355
3747 2432 1262
3748 1123 2264
3749 134 2497
3750 2401 2415
3751 2066 1930
3752 2851 3855
3753 3151 1115
3754 1259 3852
3755 3503 1387
3756 1156 1919
3757 681 2225
3758 367 241
3759 1141 631
3760 2364 257
3761 183 1630
3762 1437 1220
3763 2984 2127
3764 773 2365
3765 2496 435
3766 588 2889
3767 2481 3075
3768 2760 2953
3769 2178 2295
3770 2099 2871
3771 452 3680
3772 428 1562
3773 3765 2284
3774 315 1457
3775 2285 3145
3776 3137 1469
3777 2998 132
3778 3879 3070
3779 494 495
3780 3745 3435
3781 1104 3521
3782 98 2201
3783 3464 369
3784 3538 3475
3785 3626 382
3786 1404 2395
3787 466 3301
3788 3746 2510
3789 715 3147
3790 3113 3376
3791 973 161
3792 509 3818
3793 689 1141
3794 2977 129
3795 26 1871
3796 1719 432
3797 1391 1319
3798 2959 2421
3799 770 3037
3800 3636 2616
3801 1463 555
3802 2722 2263
3803 1321 317
3804 1166 3065
3805 200 1035
3806 191 3197
3807 2820 1718
3808 3794 1590
3809 1417 1676
3810 2597 2185
3811 2963 2454
3812 255 2758
3813 1228 606
3814 2503 2915
3815 2880 2394
3816 3725 1125
3817 2400 2570
3818 3237 3516
3819 1014 3425
3820 2856 2705
3821 3328 1579
3822 2344 1694
3823 3571 3849
3824 319 2798
3825 313 2701
3826 1805 2334
3827 2386 36
3828 97 775
3829 2628 1969
3830 1258 1960
3831 2129 756
3832 1191 206
3833 1690 799
3834 765 2202
3835 1701 316
3836 2468 603
3837 1314 2655
3838 3067 1642
3839 3089 3413
3840 2228 2602
3841 1314 1325
3842 2635 2671
3843 1726 1841
3844 1073 3229
3845 42 3709
3846 816 600
3847 482 464
3848 301 3047
3849 2624 3691
3850 1555 3369
3851 329 3674
3852 2870 247
3853 450 1419
3854 3486 20
3855 3831 3566
3856 2013 2850
3857 1600 167
3858 714 3397
3859 2344 1850
3860 3623 3685
3861 667 2600
3862 2638 1078
3863 2455 2353
3864 2839 2355
3865 2503 237
3866 785 3133
3867 3434 515
3868 2878 1681
3869 2565 2872
3870 2260 1241
3871 712 2824
3872 3714 377
3873 158 2695
3874 142 2816
3875 1156 2710
3876 1040 62
3877 1003 168
3878 1014 648
3879 1123 287
3880 1069 1428
3881 2766 541
3882 2068 417
3883 646 1280
3884 1156 1465
3885 399 358
3886 2581 3157
3887 2137 3668
3888 2655 1040
3889 2448 2249
3890 1710 432
3891 765 3194
3892 2062 1634
3893 1689 2645
3894 237 1660
3895 3855 2226
3896 3507 76
3897 2762 2288
3898 1849 1578
3899 546 108
3900 921 3650
