3700 3700
1 2818 183
2 870 677
3 2179 2844
4 1655 2452
5 2044 3100
6 3206 2232
7 761 1470
8 2421 2276
9 503 3697
10 1362 2007
11 3099 2427
12 1771 2172
13 1102 712
14 535 1889
15 1338 1527
16 394 2940
17 1290 3330
18 2459 3443
19 2706 2055
20 189 33
21 2786 3013
22 2159 1270
23 336 2944
24 693 1679
25 1112 1764
26 3084 509
27 1047 2096
28 2247 2988
29 1405 1670
30 919 1999
31 659 1209
32 2692 98
33 285 643
34 2653 3663
35 2001 1448
36 3429 3677
37 880 2314
38 1171 1794
39 1581 1111
40 3231 483
41 763 3596
42 1983 3273
43 2582 3215
44 3501 3570
45 3533 603
46 2281 2272
47 734 2322
48 209 3570
49 3338 3440
50 2115 1201
51 2327 2955
52 3203 1716
53 3587 86
54 1654 2466
55 311 341
56 2478 2595
57 132 1065
58 1010 2742
59 1032 1224
60 3077 1487
61 797 3060
62 1998 3465
63 1125 3268
64 3279 77
65 2461 543
66 282 3280
67 2876 2924
68 2263 3057
69 2410 409
70 1687 866
71 3006 3124
72 2861 2392
73 536 1607
74 319 3485
75 1454 1311
76 2067 3250
77 1925 3187
78 2022 2086
79 1494 2158
80 1452 90
81 2447 566
82 1190 1244
83 2404 583
84 1613 1249
85 3230 3363
86 1824 1401
87 3039 2131
88 723 1598
89 3373 3386
90 3064 526
91 1067 2548
92 2450 544
93 954 2766
94 2037 1470
95 2661 2088
96 2606 2946
97 2899 3363
98 247 1198
99 2424 144
100 508 379
101 2506 796
102 2983 3168
103 213 845
104 165 3504
105 117 2138
106 1670 1544
107 2484 551
108 227 1929
109 999 639
110 1030 2810
111 1308 1101
112 727 3196
113 361 2680
114 628 3402
115 2415 235
116 157 3444
117 2078 1716
118 1689 2587
119 256 2440
120 3539 1847
121 824 2295
122 2133 2547
123 1012 1192
124 219 1668
125 1052 1688
126 3631 1453
127 2681 3291
128 2831 1162
129 2562 2535
130 583 1740
131 382 1832
132 1060 1779
133 726 1072
134 2234 801
135 528 2931
136 3517 902
137 1389 1653
138 2353 1632
139 519 3187
140 1796 2438
141 722 1520
142 1098 107
143 1551 2933
144 1516 1904
145 2005 3475
146 1894 1687
147 1292 859
148 929 429
149 2079 402
150 3449 2614
151 614 150
152 2122 686
153 2556 345
154 1662 1619
155 205 3368
156 1518 550
157 787 2311
158 1964 3038
159 1251 2987
160 833 395
161 1870 3644
162 3014 2343
163 1237 1392
164 3636 177
165 876 415
166 1368 119
167 3361 3249
168 1204 122
169 413 3497
170 799 2651
171 2027 3020
172 1599 1793
173 2646 2237
174 329 1264
175 975 2957
176 2553 3211
177 2786 354
178 2231 1729
179 2209 2988
180 1268 716
181 2533 456
182 2425 1764
183 614 3656
184 2989 1275
185 1725 1670
186 873 2197
187 3272 3137
188 1437 3462
189 3036 1302
190 165 565
191 550 3099
192 2469 503
193 724 1185
194 2940 461
195 1025 149
196 2135 1178
197 3579 2759
198 1261 1156
199 1240 3587
200 1598 1949
201 135 2029
202 3360 1917
203 1856 2300
204 2918 2294
205 1975 1314
206 1047 1942
207 1489 1786
208 2557 896
209 2864 745
210 2571 1774
211 1464 2932
212 631 134
213 2221 3434
214 284 860
215 1507 1803
216 1567 2555
217 2599 360
218 576 1325
219 1088 906
220 1944 2396
221 1158 1145
222 285 2123
223 642 2904
224 1449 3457
225 1670 742
226 2086 1465
227 534 2074
228 505 2465
229 475 947
230 674 231
231 3607 450
232 387 1881
233 318 593
234 537 1496
235 139 1166
236 2175 1489
237 262 963
238 825 3091
239 780 2654
240 3428 891
241 815 2584
242 690 1117
243 636 694
244 3224 326
245 974 2440
246 278 182
247 2429 2453
248 1204 2920
249 1503 1083
250 3162 3460
251 2509 771
252 1825 2561
253 133 2740
254 2284 1519
255 7 1157
256 3631 2246
257 3014 3679
258 2187 2275
259 33 1091
260 46 1178
261 3289 2612
262 3118 2649
263 888 3557
264 1712 172
265 2842 3053
266 277 2406
267 1759 1867
268 2120 1679
269 1173 2876
270 2517 906
271 1288 1411
272 1251 1209
273 1563 2731
274 1753 638
275 785 3683
276 41 3456
277 208 2730
278 3012 23
279 1996 1852
280 1028 1313
281 2172 2157
282 2040 1945
283 2112 2609
284 3050 180
285 722 1171
286 814 2609
287 1878 302
288 2194 2008
289 3603 1313
290 2331 331
291 3476 2237
292 1539 1869
293 3660 64
294 485 2624
295 1994 1480
296 1792 2357
297 603 2718
298 3648 3014
299 2616 1904
300 1281 411
301 1499 294
302 3165 2671
303 1233 1824
304 1092 913
305 3685 1759
306 2470 3334
307 323 801
308 54 601
309 288 577
310 1700 662
311 2513 995
312 3324 3527
313 1462 320
314 3300 704
315 1352 478
316 1238 993
317 1568 507
318 2703 265
319 1034 2795
320 2995 3665
321 2806 2406
322 555 486
323 3202 2070
324 2050 3275
325 2744 2001
326 3687 1230
327 517 771
328 1599 2353
329 2882 283
330 3266 636
331 1258 2466
332 832 3153
333 1205 1244
334 1392 3519
335 2524 3441
336 2205 651
337 3640 1291
338 1140 2683
339 2415 3158
340 2185 1856
341 3160 2300
342 1180 2923
343 2595 2995
344 350 571
345 2045 1291
346 352 1013
347 2205 1656
348 461 692
349 2899 3231
350 3668 980
351 707 1044
352 3444 724
353 2105 1445
354 2813 179
355 528 1928
356 1829 1483
357 3281 3370
358 917 3251
359 2734 1103
360 3158 2527
361 2574 2260
362 199 1572
363 986 1584
364 1939 586
365 1313 2134
366 2703 1760
367 2848 2631
368 3322 19
369 1068 1367
370 1872 2215
371 2836 189
372 3244 933
373 726 471
374 472 218
375 1378 1446
376 2856 3538
377 2373 2338
378 3519 2565
379 2427 3370
380 1103 1850
381 191 2312
382 2072 3325
383 441 3310
384 1467 1506
385 1402 3491
386 2911 562
387 2059 3135
388 2708 3161
389 2196 2300
390 3086 253
391 1171 1094
392 1103 3130
393 2091 3542
394 2396 3139
395 347 447
396 2609 2408
397 1789 956
398 2021 3096
399 945 2641
400 3161 197
401 3530 3080
402 2431 2810
403 1582 1939
404 2154 1060
405 2333 347
406 1774 2876
407 114 3162
408 1506 2371
409 887 1782
410 1446 3467
411 294 1797
412 901 3326
413 540 764
414 1564 56
415 2405 3064
416 2407 581
417 2180 3561
418 468 3307
419 1716 2261
420 1233 166
421 2227 605
422 1554 2826
423 2638 950
424 1692 2301
425 666 2707
426 356 3172
427 1577 785
428 3475 1405
429 3655 455
430 85 1075
431 2435 371
432 3624 3418
433 2733 3300
434 594 594
435 234 2074
436 3655 3350
437 946 2431
438 3576 1671
439 2704 2270
440 178 231
441 2374 3226
442 1288 243
443 431 2095
444 1810 3460
445 3123 2657
446 3674 313
447 2442 1166
448 1021 975
449 108 2488
450 921 1103
451 2402 1164
452 1874 2864
453 300 647
454 897 3069
455 2831 3523
456 2196 1885
457 1241 1517
458 432 2687
459 57 88
460 2543 940
461 3179 2322
462 3454 2459
463 1826 1705
464 794 3461
465 2537 485
466 460 2785
467 3550 72
468 2971 3629
469 1679 1411
470 1209 3233
471 2467 1351
472 1170 2392
473 3171 1822
474 3320 1037
475 1645 442
476 2630 2708
477 235 3074
478 1484 21
479 3252 1125
480 1055 1491
481 1432 51
482 2293 3553
483 2270 2751
484 1710 477
485 3387 541
486 3576 1002
487 1688 551
488 1472 20
489 414 3315
490 1054 1117
491 2253 3255
492 1511 1730
493 847 2965
494 2297 798
495 507 376
496 3439 3090
497 2050 1011
498 338 2342
499 2012 168
500 1143 3543
501 666 959
502 561 1506
503 135 1400
504 961 1448
505 3300 1706
506 3069 2374
507 1160 934
508 2150 1515
509 2152 2915
510 225 1982
511 148 1695
512 1499 1986
513 1290 3419
514 3152 3345
515 3158 3074
516 2041 2308
517 1542 2116
518 2001 2461
519 2839 2288
520 1555 657
521 2701 1398
522 2240 2112
523 3547 1438
524 3658 2374
525 329 377
526 3172 1791
527 917 2267
528 244 318
529 1965 3332
530 1158 145
531 3548 1839
532 262 2088
533 386 3163
534 2769 3648
535 3296 2360
536 784 2674
537 2799 1199
538 808 1828
539 1485 277
540 1804 1399
541 1703 433
542 377 1059
543 592 2154
544 3464 730
545 1697 738
546 2054 2683
547 52 810
548 3116 1278
549 143 318
550 2335 599
551 927 1005
552 768 2464
553 2060 2808
554 1889 874
555 2474 2706
556 1709 3588
557 3176 1000
558 2586 50
559 745 1110
560 3675 1076
561 856 90
562 3334 2891
563 2868 1918
564 1368 374
565 672 596
566 1579 3073
567 1583 2062
568 1349 1298
569 2223 1267
570 2631 3326
571 3543 3633
572 1446 2806
573 1230 3395
574 2941 53
575 2002 193
576 1175 1813
577 2022 774
578 735 1656
579 3255 2045
580 2534 3521
581 877 677
582 1751 1251
583 644 3254
584 618 2525
585 373 1375
586 3185 2650
587 1815 1378
588 1578 1336
589 893 2828
590 759 743
591 2961 3321
592 2418 2844
593 3117 308
594 1461 890
595 502 3586
596 217 1631
597 2407 3277
598 233 72
599 2583 2551
600 722 2597
601 1608 3400
602 2476 741
603 2442 2945
604 1448 1960
605 431 549
606 1528 2290
607 1273 3021
608 2610 2974
609 579 2242
610 1984 2467
611 1924 3353
612 543 1427
613 2252 1840
614 2179 1801
615 867 1308
616 3658 41
617 571 975
618 329 1577
619 636 1822
620 3391 3202
621 2962 2269
622 1067 2183
623 1023 1569
624 1541 986
625 456 326
626 184 308
627 1729 3674
628 486 3270
629 2786 3246
630 3047 2857
631 3328 1657
632 3314 3394
633 1511 1166
634 2206 1166
635 2806 2841
636 1660 1431
637 2714 2831
638 838 2640
639 586 1993
640 3591 1434
641 3606 2275
642 2772 1504
643 557 2358
644 2143 1663
645 1725 872
646 261 153
647 1522 1718
648 3462 2131
649 1898 1770
650 203 1838
651 1187 3654
652 3027 387
653 889 481
654 3199 3201
655 1602 2269
656 826 914
657 431 1768
658 965 2025
659 209 1663
660 1630 1651
661 3228 2592
662 587 89
663 1370 2491
664 2957 501
665 903 283
666 3158 2710
667 3444 29
668 3520 81
669 373 1626
670 1351 730
671 3172 3253
672 465 1799
673 2550 3287
674 83 971
675 3112 3030
676 182 318
677 2035 1715
678 2692 1092
679 2019 3624
680 3649 595
681 950 770
682 1773 3397
683 2535 2247
684 2714 2070
685 3625 742
686 1026 513
687 1322 2853
688 1643 629
689 1620 975
690 518 2699
691 1222 2315
692 989 1055
693 3562 1818
694 2443 511
695 3246 2881
696 3532 1310
697 1404 1189
698 326 1364
699 1046 2838
700 3179 481
701 3154 1001
702 1432 1997
703 110 1857
704 3321 1291
705 1012 2944
706 926 957
707 1392 359
708 193 2994
709 638 903
710 1881 2521
711 1753 3010
712 959 3618
713 2776 1837
714 291 2506
715 61 915
716 2565 2619
717 3207 1575
718 40 884
719 3688 2337
720 75 1842
721 2078 3270
722 838 2148
723 1065 880
724 655 1009
725 2570 3012
726 3414 3351
727 2807 1707
728 3634 3698
729 1986 1671
730 1385 2105
731 2354 43
732 1009 2024
733 716 804
734 495 2898
735 2567 1313
736 1637 1881
737 3110 3129
738 1751 3133
739 949 1484
740 1891 3145
741 3442 1847
742 822 1824
743 665 2716
744 2180 1934
745 803 1982
746 1055 1233
747 231 3496
748 1639 115
749 653 1492
750 2045 1561
751 2155 790
752 1190 3617
753 3549 1293
754 2337 731
755 2913 1589
756 2201 2625
757 2719 1914
758 2520 2553
759 785 3666
760 2911 3423
761 570 3229
762 1859 1455
763 892 504
764 31 2516
765 2271 339
766 606 942
767 1088 2482
768 1271 2894
769 1878 2039
770 3232 1251
771 1520 329
772 3409 3207
773 3672 1080
774 2493 606
775 2382 1895
776 885 3197
777 611 834
778 383 1659
779 1063 1142
780 48 3192
781 3333 3249
782 2498 1908
783 2863 1458
784 1073 3435
785 2494 369
786 3312 3028
787 2530 755
788 3486 2263
789 3321 1145
790 1430 2110
791 1600 1833
792 491 2063
793 2995 484
794 2556 692
795 2334 3033
796 2743 2415
797 1179 2623
798 2245 1048
799 3671 2003
800 2802 2600
801 2499 2088
802 1820 151
803 2828 1399
804 761 2434
805 1430 3076
806 3020 3117
807 1548 218
808 3329 3438
809 1433 3335
810 3574 1087
811 2156 1919
812 20 2532
813 1698 2191
814 1606 1809
815 332 711
816 1622 359
817 2783 1069
818 474 936
819 2561 2076
820 2914 503
821 3676 675
822 226 2300
823 689 3540
824 3423 3310
825 3481 739
826 2169 39
827 206 2755
828 3 2696
829 2953 1686
830 2710 193
831 863 1800
832 1519 1921
833 642 3578
834 1356 454
835 1973 2316
836 13 96
837 510 137
838 2747 1459
839 3387 537
840 3616 2910
841 3043 2248
842 3244 1065
843 2591 1213
844 1668 435
845 2053 9
846 2757 1160
847 171 1265
848 1559 2437
849 3514 785
850 2687 2734
851 3000 1866
852 2045 574
853 2033 2594
854 2682 3417
855 367 799
856 2369 274
857 1532 2314
858 973 240
859 1247 2181
860 1178 648
861 952 2118
862 2483 2763
863 128 1150
864 1700 2296
865 2021 2056
866 1991 663
867 3443 3354
868 3516 211
869 3652 3074
870 3068 2519
871 2011 2525
872 1135 3447
873 975 917
874 462 3661
875 902 2327
876 351 1847
877 2248 511
878 2992 910
879 3234 1082
880 2784 1865
881 1159 2725
882 3495 318
883 2261 124
884 2452 419
885 1923 3174
886 2545 3105
887 3470 3071
888 1212 881
889 873 3009
890 2424 2052
891 2149 3303
892 1889 413
893 1220 2183
894 3627 3100
895 3114 1975
896 1803 414
897 2838 2054
898 697 866
899 2743 2669
900 3066 1518
901 378 1552
902 1693 1566
903 1581 1101
904 556 2667
905 1872 570
906 3175 2492
907 3571 645
908 3049 1670
909 1721 626
910 1465 3590
911 2459 1284
912 1911 3523
913 2744 2709
914 1195 1968
915 872 563
916 3058 2735
917 1594 801
918 3588 590
919 682 1835
920 2245 2474
921 2070 81
922 2566 2518
923 2253 1234
924 3039 2449
925 286 3299
926 2390 827
927 2486 385
928 2407 1413
929 344 2821
930 794 2735
931 1192 531
932 1548 3270
933 1894 2681
934 549 2318
935 1504 169
936 205 1874
937 735 1384
938 1351 157
939 1734 536
940 1422 87
941 1491 460
942 2618 2216
943 1338 3534
944 3478 2776
945 3679 2882
946 3066 644
947 943 13
948 139 1232
949 878 2849
950 2194 918
951 2240 2319
952 1417 1346
953 1982 2428
954 1156 1862
955 1950 1664
956 780 1395
957 493 3200
958 305 1917
959 955 2003
960 3033 2515
961 2372 1488
962 2954 3191
963 1694 1966
964 1324 1037
965 359 359
966 513 45
967 1708 2049
968 2117 2914
969 1039 3522
970 1874 840
971 2401 551
972 3515 994
973 2058 1707
974 1906 385
975 3373 3149
976 3568 3439
977 955 2231
978 4 3563
979 2472 1124
980 1084 3372
981 1724 837
982 3199 148
983 2527 2871
984 1025 2239
985 3278 440
986 2169 1360
987 48 239
988 3416 343
989 2069 137
990 1019 1760
991 1753 2406
992 3195 927
993 2472 471
994 3630 737
995 1869 377
996 1581 2538
997 3277 101
998 2979 2698
999 1070 3246
1000 1449 225
1001 2015 292
1002 3176 2910
1003 410 1358
1004 3091 343
1005 211 242
1006 70 2743
1007 2022 195
1008 3549 2472
1009 548 264
1010 353 3684
1011 170 1791
1012 2699 2334
1013 3431 1605
1014 2987 3324
1015 1211 1852
1016 1248 1447
1017 179 1953
1018 65 1237
1019 1171 2118
1020 3399 802
1021 490 2411
1022 3428 3694
1023 2828 3517
1024 1883 738
1025 546 602
1026 2961 2329
1027 1454 788
1028 980 2809
1029 3341 568
1030 1957 1314
1031 49 1846
1032 3404 1458
1033 2910 2958
1034 1574 513
1035 1707 977
1036 1858 967
1037 2785 1458
1038 496 3360
1039 256 1622
1040 38 3160
1041 3683 2306
1042 1878 1355
1043 2497 431
1044 3378 1346
1045 1611 374
1046 2694 2275
1047 2712 2373
1048 683 13
1049 2758 2649
1050 416 2236
1051 427 3478
1052 1634 3227
1053 2320 1404
1054 2716 2578
1055 545 912
1056 740 750
1057 1777 1130
1058 1099 3303
1059 1236 3471
1060 2938 1106
1061 122 3574
1062 3074 144
1063 1221 2287
1064 2605 2113
1065 2953 597
1066 1835 2587
1067 2195 609
1068 448 945
1069 232 1229
1070 3394 1080
1071 2099 97
1072 1269 2461
1073 1534 1527
1074 1289 105
1075 3101 1806
1076 992 2053
1077 2964 282
1078 1873 2044
1079 363 1730
1080 2144 2161
1081 1002 1370
1082 1915 1413
1083 2441 1546
1084 1140 1726
1085 3568 1186
1086 2012 685
1087 1315 747
1088 859 821
1089 2366 2886
1090 2417 48
1091 419 2883
1092 1356 930
1093 1644 381
1094 2975 1323
1095 814 2657
1096 559 2974
1097 858 1836
1098 275 112
1099 3587 1972
1100 570 1513
1101 3620 717
1102 1052 1069
1103 488 2036
1104 3328 3661
1105 1663 2721
1106 584 813
1107 3043 1698
1108 1866 2917
1109 1507 251
1110 1659 2391
1111 2283 2503
1112 1061 1004
1113 1284 1731
1114 605 44
1115 2320 429
1116 185 3091
1117 761 1072
1118 198 1869
1119 438 2830
1120 2818 2390
1121 95 886
1122 2833 1635
1123 855 2463
1124 713 1536
1125 2715 3372
1126 950 1174
1127 1936 3158
1128 351 1646
1129 620 2087
1130 2195 1490
1131 1785 2036
1132 219 752
1133 2338 30
1134 1608 1109
1135 2614 1172
1136 183 3188
1137 3178 2228
1138 175 2775
1139 734 638
1140 2274 2948
1141 1303 3421
1142 1604 960
1143 1272 2521
1144 781 233
1145 2054 3636
1146 3642 990
1147 988 526
1148 1258 2495
1149 3111 898
1150 3040 1004
1151 627 622
1152 2971 2678
1153 2266 194
1154 3021 1284
1155 1217 899
1156 1777 2192
1157 1855 108
1158 3681 2894
1159 1348 2944
1160 2423 3676
1161 419 3111
1162 3378 871
1163 3268 3585
1164 3207 960
1165 53 858
1166 3688 563
1167 349 3388
1168 2716 1688
1169 3601 2202
1170 2588 3
1171 402 1807
1172 2206 610
1173 600 1842
1174 3377 1212
1175 1750 1727
1176 3068 892
1177 1222 1706
1178 202 2889
1179 954 1710
1180 2625 3029
1181 279 3149
1182 450 881
1183 1412 2394
1184 833 3123
1185 2430 2695
1186 3132 1199
1187 3355 1100
1188 1097 2686
1189 741 867
1190 3591 2805
1191 1093 1154
1192 2994 2968
1193 551 318
1194 2256 322
1195 2872 3585
1196 1194 2855
1197 2017 2779
1198 1163 3547
1199 3013 2416
1200 1729 1927
1201 446 2685
1202 3473 1829
1203 3096 2567
1204 1637 713
1205 2931 1824
1206 2829 257
1207 3386 53
1208 1767 3505
1209 939 76
1210 610 1736
1211 2609 1743
1212 2544 2501
1213 2007 1856
1214 294 73
1215 1807 1074
1216 2793 3583
1217 1020 2352
1218 139 937
1219 2776 2285
1220 1036 1223
1221 3696 2183
1222 493 3042
1223 2163 1172
1224 2504 839
1225 2897 2338
1226 2545 1391
1227 2845 3226
1228 1161 1869
1229 3434 3252
1230 1121 1494
1231 1415 440
1232 705 1384
1233 2868 1068
1234 1657 3330
1235 2475 1336
1236 556 2787
1237 2310 2286
1238 1096 2089
1239 1094 1675
1240 1809 1717
1241 3345 1298
1242 1441 2504
1243 2125 500
1244 3515 1367
1245 1125 2671
1246 3586 1902
1247 812 1235
1248 2029 2861
1249 3218 2113
1250 529 2701
1251 265 494
1252 778 2886
1253 3425 67
1254 13 457
1255 2371 2139
1256 873 2823
1257 352 1946
1258 1081 1914
1259 2788 539
1260 2166 2416
1261 2157 2385
1262 70 3282
1263 1174 2293
1264 3648 2823
1265 2043 1091
1266 721 3269
1267 1182 3409
1268 2637 1075
1269 2803 32
1270 1962 3288
1271 881 3358
1272 2842 2386
1273 2661 2108
1274 1387 1186
1275 2530 3141
1276 624 604
1277 3145 2262
1278 757 1242
1279 1137 567
1280 699 282
1281 994 2278
1282 1805 3411
1283 3491 751
1284 1623 1647
1285 18 3216
1286 3561 886
1287 2708 2673
1288 1710 2838
1289 2728 3007
1290 2113 2376
1291 1248 944
1292 1155 3630
1293 1853 1870
1294 867 345
1295 3666 2758
1296 307 25
1297 1832 1210
1298 23 3059
1299 2384 335
1300 3106 2505
1301 2657 319
1302 2331 444
1303 828 1345
1304 294 222
1305 2090 294
1306 1788 2759
1307 529 1610
1308 2177 667
1309 1957 3646
1310 2323 1948
1311 2316 2580
1312 3614 2580
1313 63 2628
1314 422 1571
1315 1611 160
1316 1184 1526
1317 3617 3408
1318 1964 1714
1319 2582 3512
1320 1766 2187
1321 1858 2527
1322 3540 2740
1323 1525 878
1324 3524 1994
1325 3010 752
1326 551 1031
1327 243 2967
1328 3148 3152
1329 1341 934
1330 2081 930
1331 790 576
1332 3003 258
1333 1173 3117
1334 2288 2303
1335 605 332
1336 1214 1553
1337 2188 525
1338 1337 578
1339 2848 536
1340 1157 2532
1341 3075 3489
1342 313 1529
1343 2828 1265
1344 2363 1681
1345 2962 2930
1346 217 438
1347 1760 46
1348 227 1260
1349 577 877
1350 2967 844
1351 1389 2744
1352 1481 2719
1353 684 672
1354 1147 2958
1355 1103 3656
1356 1983 872
1357 2428 722
1358 2510 470
1359 745 872
1360 3493 2286
1361 1265 2418
1362 3086 3060
1363 1162 3082
1364 1782 1261
1365 829 3116
1366 3500 692
1367 1994 2899
1368 496 553
1369 2459 1652
1370 841 3320
1371 2493 326
1372 2168 3487
1373 3026 46
1374 1010 139
1375 2737 131
1376 160 3256
1377 1137 2964
1378 812 2215
1379 1559 680
1380 2170 1700
1381 1038 98
1382 1628 2528
1383 1705 1103
1384 244 2036
1385 2672 1317
1386 764 1931
1387 115 1482
1388 2994 448
1389 64 1888
1390 3252 3312
1391 1797 2370
1392 606 191
1393 177 2002
1394 1854 280
1395 1379 984
1396 3121 3458
1397 1459 820
1398 755 655
1399 434 7
1400 1491 384
1401 3460 3048
1402 2160 2743
1403 2492 1908
1404 830 809
1405 986 2146
1406 2778 3220
1407 523 1633
1408 227 294
1409 1358 3030
1410 3410 122
1411 210 218
1412 1977 3686
1413 1925 772
1414 2525 1502
1415 823 3547
1416 2193 1456
1417 2302 1991
1418 1877 673
1419 276 1372
1420 2968 3555
1421 649 1711
1422 2998 1520
1423 3202 1180
1424 73 1745
1425 3002 1311
1426 1446 1934
1427 1969 1695
1428 3307 2145
1429 779 1483
1430 486 1953
1431 874 1103
1432 2792 3153
1433 1526 395
1434 2934 657
1435 2715 1458
1436 1748 1820
1437 352 1174
1438 2397 359
1439 3119 815
1440 2611 2165
1441 1408 2377
1442 231 64
1443 2735 2101
1444 3062 1202
1445 2277 2609
1446 3353 2551
1447 1318 243
1448 3550 3347
1449 3568 1804
1450 1853 1254
1451 1718 2931
1452 434 3508
1453 971 297
1454 1423 2910
1455 2117 3198
1456 628 1782
1457 385 3020
1458 2273 3087
1459 813 2045
1460 1784 2667
1461 2319 1911
1462 1179 2229
1463 3516 315
1464 880 920
1465 1445 1531
1466 1856 985
1467 3556 437
1468 1073 630
1469 298 667
1470 1400 164
1471 1604 3301
1472 3133 1327
1473 1188 2367
1474 3047 1063
1475 1469 1316
1476 3027 3553
1477 3250 3207
1478 1289 3578
1479 3118 3547
1480 1586 27
1481 1484 2518
1482 1240 458
1483 1925 1542
1484 3434 3139
1485 466 2508
1486 1915 3678
1487 1512 2144
1488 2054 2013
1489 417 2949
1490 1567 1449
1491 2669 984
1492 2240 318
1493 1161 491
1494 804 711
1495 2210 1288
1496 1220 2662
1497 2189 543
1498 2901 1303
1499 654 1356
1500 773 1395
1501 522 3640
1502 265 2260
1503 274 2031
1504 1839 3451
1505 1649 1187
1506 379 2689
1507 369 1303
1508 2119 3658
1509 3352 1213
1510 2491 1967
1511 1400 3096
1512 2558 2330
1513 3213 3245
1514 1639 1415
1515 1030 1041
1516 2566 3165
1517 155 1051
1518 1515 9
1519 1713 3383
1520 1487 1502
1521 2738 606
1522 804 18
1523 1719 107
1524 2016 444
1525 836 895
1526 2613 2975
1527 327 784
1528 291 3606
1529 1147 2631
1530 2125 1304
1531 1269 3039
1532 2273 1921
1533 199 3062
1534 3695 2050
1535 3413 1566
1536 887 994
1537 54 198
1538 298 1329
1539 3401 750
1540 2170 3421
1541 571 2156
1542 437 3023
1543 323 677
1544 37 2575
1545 67 1511
1546 2532 911
1547 748 512
1548 2173 2717
1549 537 787
1550 3077 2898
1551 2523 1697
1552 2412 898
1553 109 783
1554 917 3374
1555 2722 999
1556 2671 2041
1557 2760 980
1558 872 850
1559 2284 2449
1560 3558 2160
1561 989 1352
1562 2972 2263
1563 1574 599
1564 1204 1602
1565 90 1947
1566 1067 2326
1567 1050 2777
1568 1920 158
1569 526 1818
1570 2956 1824
1571 787 2565
1572 3429 3163
1573 816 982
1574 222 428
1575 1931 726
1576 1342 3662
1577 2910 1194
1578 1821 1013
1579 679 91
1580 784 2511
1581 2632 1291
1582 475 1661
1583 1630 1920
1584 3027 3495
1585 1673 353
1586 3381 3411
1587 3027 2086
1588 2077 3051
1589 3065 1780
1590 2535 2546
1591 1415 3046
1592 631 1484
1593 3337 1373
1594 1499 1236
1595 1960 2894
1596 3221 2477
1597 942 133
1598 1314 1660
1599 2764 2292
1600 2331 801
1601 2962 3177
1602 1626 1624
1603 2298 1205
1604 2963 2150
1605 1010 2689
1606 2722 20
1607 348 1331
1608 3216 2675
1609 2523 2457
1610 2690 3269
1611 2539 2563
1612 2209 1147
1613 1644 554
1614 3432 2531
1615 943 2536
1616 3118 2543
1617 1786 939
1618 1728 1543
1619 525 2318
1620 2858 2472
1621 532 621
1622 1337 1489
1623 2138 2520
1624 676 3155
1625 3463 1546
1626 1681 2135
1627 703 2402
1628 2895 771
1629 1411 103
1630 1749 209
1631 155 984
1632 62 1194
1633 1980 3525
1634 3326 2403
1635 1854 1705
1636 1020 172
1637 726 3288
1638 2998 1818
1639 786 2696
1640 1344 1451
1641 3433 2308
1642 401 1815
1643 2761 663
1644 1278 3573
1645 2826 1855
1646 2121 3287
1647 1317 443
1648 3521 1338
1649 2724 2049
1650 1134 765
1651 3664 2226
1652 1823 1947
1653 1860 2239
1654 530 1127
1655 956 1865
1656 3340 2932
1657 2453 1775
1658 1678 2549
1659 3491 582
1660 2711 2222
1661 2245 3289
1662 2839 3412
1663 2804 243
1664 439 1194
1665 646 3694
1666 1330 1080
1667 2892 625
1668 3664 2832
1669 586 2480
1670 1393 1091
1671 538 3442
1672 3568 773
1673 3288 911
1674 1308 1900
1675 2528 876
1676 2866 458
1677 2444 3183
1678 2564 2761
1679 3088 2591
1680 850 526
1681 947 2140
1682 2532 1957
1683 1872 758
1684 2127 472
1685 1597 788
1686 1251 2282
1687 2286 495
1688 3519 2391
1689 3513 912
1690 3363 2689
1691 668 1011
1692 939 1992
1693 504 544
1694 1896 2961
1695 737 3579
1696 873 2771
1697 979 2398
1698 2126 2496
1699 3031 3002
1700 2679 3051
1701 3332 1039
1702 367 1557
1703 1647 72
1704 2939 3009
1705 2917 2143
1706 3310 1891
1707 1972 2804
1708 205 1513
1709 1521 948
1710 2335 1901
1711 2348 1647
1712 3343 3405
1713 2432 1782
1714 2632 716
1715 1493 3211
1716 578 3392
1717 3275 474
1718 414 2600
1719 2097 3105
1720 1926 992
1721 330 2562
1722 1194 3311
1723 1091 384
1724 598 3184
1725 2765 3335
1726 453 2192
1727 1940 751
1728 353 2615
1729 1812 1003
1730 580 401
1731 943 2758
1732 3598 95
1733 2187 2899
1734 264 2718
1735 873 1774
1736 3065 1543
1737 498 3531
1738 2723 2272
1739 3341 2365
1740 2404 574
1741 3190 9
1742 58 3239
1743 2602 328
1744 215 2690
1745 1534 1537
1746 265 1620
1747 1992 600
1748 3500 2302
1749 1975 2320
1750 1793 776
1751 2706 1708
1752 2960 312
1753 2977 2408
1754 213 1459
1755 3567 2276
1756 2060 427
1757 1323 3578
1758 2157 3366
1759 3308 564
1760 2625 2697
1761 1995 1392
1762 2650 169
1763 2180 3335
1764 2968 1154
1765 423 3539
1766 3013 362
1767 1325 2417
1768 166 1912
1769 3197 487
1770 1148 1944
1771 1472 3394
1772 58 2590
1773 1605 3110
1774 1235 856
1775 1004 3464
1776 234 2209
1777 3697 1977
1778 3240 799
1779 2844 2453
1780 834 3078
1781 696 494
1782 1772 1854
1783 2716 1530
1784 465 341
1785 1972 354
1786 1747 1590
1787 1088 1814
1788 2542 523
1789 2754 1641
1790 1140 1886
1791 2790 2813
1792 2447 2874
1793 894 1230
1794 2139 2419
1795 2247 3421
1796 2622 731
1797 1833 1088
1798 2621 855
1799 2398 2724
1800 2083 1731
1801 2325 2171
1802 2299 2453
1803 2844 743
1804 1211 2991
1805 3068 1907
1806 792 451
1807 529 2141
1808 2653 2611
1809 2214 1024
1810 1922 3365
1811 3513 2954
1812 2071 3652
1813 1386 3421
1814 2017 2427
1815 212 1453
1816 3073 2125
1817 3157 1589
1818 269 746
1819 395 975
1820 1882 2334
1821 3055 3177
1822 2114 1076
1823 1513 1502
1824 1462 1416
1825 3164 2931
1826 1835 892
1827 2463 2754
1828 1742 2847
1829 2820 1061
1830 484 519
1831 332 795
1832 803 2836
1833 1347 296
1834 3547 1105
1835 3357 1949
1836 159 1963
1837 2265 2313
1838 3168 2972
1839 2030 658
1840 1970 2958
1841 3060 2420
1842 956 148
1843 2944 3168
1844 1383 2500
1845 709 3671
1846 2082 138
1847 2792 3004
1848 397 1956
1849 751 212
1850 1869 2322
1851 2411 1753
1852 466 1031
1853 1400 2217
1854 2380 2676
1855 60 1191
1856 1295 2413
1857 2366 461
1858 306 3606
1859 2032 3192
1860 2694 3068
1861 3476 1585
1862 1710 2553
1863 1923 1054
1864 1530 2312
1865 2674 321
1866 1205 3679
1867 496 2927
1868 1247 3401
1869 1800 3383
1870 119 916
1871 548 2263
1872 1671 732
1873 59 388
1874 1273 494
1875 1131 3106
1876 862 2851
1877 3250 698
1878 2570 1083
1879 78 1364
1880 1599 876
1881 1658 1943
1882 3125 1255
1883 1712 3491
1884 2897 2874
1885 1719 1245
1886 1885 3143
1887 2730 1688
1888 2524 3072
1889 2622 3635
1890 2445 2199
1891 1742 1306
1892 1493 1184
1893 2841 1843
1894 296 3277
1895 2879 538
1896 3121 2525
1897 2901 826
1898 574 612
1899 2323 3281
1900 3002 3258
1901 3223 3629
1902 317 1565
1903 1704 3325
1904 2592 2397
1905 2887 2368
1906 650 3166
1907 188 2768
1908 2081 2116
1909 2504 810
1910 397 3438
1911 2837 1759
1912 3162 2579
1913 2735 2986
1914 2728 406
1915 2922 249
1916 1096 3036
1917 2656 97
1918 3225 516
1919 600 1218
1920 439 1146
1921 663 2186
1922 3651 3626
1923 1862 2652
1924 3139 2799
1925 2071 2596
1926 817 1127
1927 3129 2097
1928 2846 561
1929 211 403
1930 2203 851
1931 2092 2095
1932 1836 665
1933 2804 1576
1934 2387 1117
1935 5 2859
1936 1347 1731
1937 604 2584
1938 549 2708
1939 642 2166
1940 2899 2991
1941 3055 2925
1942 3035 3264
1943 1222 3603
1944 3147 1240
1945 3485 2726
1946 2019 2116
1947 1682 3003
1948 730 908
1949 737 1789
1950 2116 1819
1951 604 2756
1952 3019 1773
1953 1141 2228
1954 2480 2160
1955 11 103
1956 1013 1363
1957 3375 3558
1958 1501 356
1959 2080 1173
1960 95 1956
1961 2297 1333
1962 2395 2232
1963 466 38
1964 509 38
1965 1030 498
1966 200 3156
1967 540 1997
1968 3006 1500
1969 251 1077
1970 1384 1053
1971 906 1301
1972 1188 3421
1973 2100 149
1974 533 1371
1975 3363 491
1976 1203 3187
1977 1296 533
1978 3388 1312
1979 2082 2114
1980 55 1698
1981 2008 2990
1982 90 2456
1983 1221 1358
1984 1853 1111
1985 256 1427
1986 669 2651
1987 1729 2381
1988 3282 2482
1989 1040 1791
1990 56 2567
1991 3360 618
1992 3239 624
1993 3109 2207
1994 2762 2603
1995 2862 2528
1996 2302 1041
1997 1570 2089
1998 312 708
1999 2047 2391
2000 3120 2883
2001 1987 3170
2002 1982 144
2003 975 184
2004 3273 2401
2005 1053 905
2006 362 1222
2007 2050 3468
2008 691 3129
2009 2540 2661
2010 3413 335
2011 2932 93
2012 1571 2694
2013 2996 2483
2014 1860 1520
2015 2515 1
2016 687 1131
2017 25 2198
2018 472 3073
2019 1468 2360
2020 3326 2774
2021 975 178
2022 1579 1976
2023 2146 102
2024 567 2103
2025 3474 1605
2026 3309 332
2027 946 3367
2028 2574 158
2029 1742 1692
2030 2931 1059
2031 2748 2538
2032 421 1244
2033 688 2035
2034 1159 2445
2035 3493 3047
2036 2792 1575
2037 2916 2529
2038 3138 990
2039 1182 1365
2040 194 1057
2041 1438 2146
2042 1317 2043
2043 1988 3164
2044 3534 641
2045 2877 1169
2046 1025 750
2047 2966 607
2048 2211 2222
2049 3515 1674
2050 3095 2981
2051 2665 1896
2052 2445 446
2053 634 3180
2054 77 719
2055 3128 2479
2056 3618 3476
2057 2104 1288
2058 1415 3304
2059 668 575
2060 1969 3390
2061 1516 1532
2062 878 3572
2063 1382 3557
2064 1030 932
2065 1279 1933
2066 2508 2500
2067 1056 1438
2068 1307 471
2069 3300 2346
2070 2066 2540
2071 2012 2057
2072 3073 1183
2073 1193 1538
2074 1077 1378
2075 1224 2207
2076 1045 3394
2077 1348 998
2078 1766 834
2079 2639 2986
2080 3304 2654
2081 1642 2801
2082 758 1944
2083 2938 1259
2084 355 579
2085 2227 3643
2086 114 1985
2087 420 20
2088 679 2879
2089 1931 366
2090 1316 3550
2091 2159 2218
2092 1651 1416
2093 2443 1184
2094 1228 1795
2095 1973 3412
2096 2613 1541
2097 1803 267
2098 2208 2241
2099 3176 122
2100 921 3370
2101 1506 1922
2102 397 1413
2103 506 2843
2104 1042 3499
2105 1829 1275
2106 2447 1731
2107 1034 3447
2108 3459 1361
2109 751 3404
2110 2445 3512
2111 2649 597
2112 2423 1753
2113 642 2181
2114 2595 3216
2115 961 1775
2116 3121 315
2117 3209 1265
2118 3630 1573
2119 2414 2445
2120 1189 2160
2121 1668 601
2122 3560 1022
2123 2904 3682
2124 2797 3404
2125 2896 1808
2126 501 1961
2127 626 587
2128 2320 21
2129 3484 1828
2130 1723 3081
2131 2982 1746
2132 27 2930
2133 2648 2283
2134 3499 4
2135 2150 2600
2136 99 2182
2137 3382 2844
2138 1473 146
2139 1289 2527
2140 1644 1866
2141 1848 2406
2142 1948 1009
2143 3592 1713
2144 678 2554
2145 2532 2761
2146 2932 1071
2147 1754 547
2148 2526 505
2149 3152 525
2150 922 3203
2151 52 2559
2152 2937 2624
2153 1610 1104
2154 2347 2553
2155 2501 1402
2156 234 2671
2157 1257 3512
2158 2606 1316
2159 1896 3083
2160 987 200
2161 1198 2959
2162 1997 1147
2163 2053 506
2164 2831 265
2165 3392 3401
2166 3524 3357
2167 2379 2858
2168 423 391
2169 3240 3513
2170 1078 1080
2171 1849 907
2172 2853 3250
2173 3283 3136
2174 3402 2464
2175 249 325
2176 227 682
2177 343 2205
2178 336 360
2179 1351 2599
2180 402 3585
2181 2149 1120
2182 265 1611
2183 2260 2681
2184 29 1354
2185 3637 3636
2186 330 1225
2187 3200 1862
2188 942 3111
2189 664 56
2190 2997 2926
2191 1355 2514
2192 1564 1660
2193 3037 1581
2194 795 1019
2195 1449 2218
2196 1923 1771
2197 1986 494
2198 2140 133
2199 2446 3027
2200 78 234
2201 376 1603
2202 2071 1576
2203 2587 1100
2204 56 1204
2205 1050 679
2206 2523 633
2207 82 3109
2208 1649 2339
2209 1895 2398
2210 763 2224
2211 1074 804
2212 698 2475
2213 2939 2764
2214 419 1582
2215 2617 3015
2216 3484 718
2217 1178 3075
2218 172 2808
2219 900 967
2220 813 146
2221 2668 2649
2222 2948 339
2223 3027 15
2224 2253 831
2225 710 1968
2226 2228 1462
2227 2751 1079
2228 446 1690
2229 1960 936
2230 2068 2775
2231 2549 406
2232 3477 639
2233 109 1249
2234 3142 2390
2235 3362 1396
2236 3675 1468
2237 1727 2270
2238 1376 956
2239 509 1421
2240 233 3151
2241 3388 1003
2242 2249 3581
2243 3294 716
2244 1545 2780
2245 3510 3051
2246 1196 1019
2247 2647 2181
2248 2642 1500
2249 2447 1715
2250 1357 1449
2251 1018 1500
2252 3128 1372
2253 2474 1882
2254 1614 2953
2255 3549 1467
2256 3369 2592
2257 1776 1511
2258 1956 719
2259 3317 2904
2260 2089 3252
2261 1564 3114
2262 743 3111
2263 242 1804
2264 751 14
2265 880 1303
2266 1401 566
2267 3514 1673
2268 1410 3434
2269 2373 3525
2270 3608 3590
2271 2657 1405
2272 3425 2453
2273 3671 436
2274 715 2937
2275 2996 2077
2276 2659 1119
2277 1838 1164
2278 1889 1006
2279 695 3551
2280 59 2369
2281 1406 1835
2282 1254 2917
2283 3153 961
2284 2713 3271
2285 1632 3667
2286 2904 1150
2287 2711 603
2288 1516 1775
2289 1112 250
2290 2495 1254
2291 497 1889
2292 491 168
2293 629 2768
2294 2481 2485
2295 2592 1351
2296 12 988
2297 607 1669
2298 3471 3197
2299 3435 3390
2300 2615 2275
2301 568 1644
2302 3351 2873
2303 243 2350
2304 2815 2738
2305 1047 2061
2306 3168 379
2307 2018 3575
2308 1640 3628
2309 3311 2096
2310 2841 3148
2311 1451 2578
2312 940 408
2313 2571 2028
2314 3578 295
2315 2152 538
2316 215 1277
2317 112 192
2318 2804 1693
2319 851 2776
2320 711 3261
2321 472 342
2322 2674 779
2323 2750 150
2324 911 2534
2325 571 3051
2326 487 1190
2327 3452 1626
2328 2492 1436
2329 2496 1200
2330 1697 1522
2331 2997 1660
2332 1860 549
2333 1304 2280
2334 553 2664
2335 729 2999
2336 3214 3340
2337 2296 363
2338 3424 1812
2339 2214 1248
2340 2969 2695
2341 2738 265
2342 2812 595
2343 2729 2101
2344 972 1153
2345 3600 872
2346 3061 3582
2347 786 1432
2348 1559 2973
2349 2633 538
2350 2056 1298
2351 1461 2249
2352 2320 2412
2353 1070 1293
2354 3436 1758
2355 557 2984
2356 692 895
2357 1754 3401
2358 1712 3204
2359 2488 3625
2360 1504 1351
2361 3402 3498
2362 2702 1569
2363 1529 1642
2364 1632 299
2365 2162 2100
2366 1510 1000
2367 3129 1576
2368 2547 3585
2369 2022 405
2370 1092 3091
2371 2787 654
2372 12 1289
2373 1274 1729
2374 1614 249
2375 1821 1804
2376 595 1689
2377 2675 129
2378 2887 2697
2379 1300 2194
2380 3158 1155
2381 699 60
2382 347 2497
2383 643 1207
2384 2429 942
2385 429 1029
2386 2545 2436
2387 2377 1938
2388 3519 2178
2389 1895 2209
2390 424 1422
2391 1486 3592
2392 3042 2307
2393 2297 549
2394 425 2510
2395 3134 43
2396 199 1978
2397 1265 952
2398 2471 1207
2399 2743 1590
2400 1924 2276
2401 2774 1435
2402 554 83
2403 1357 2064
2404 951 2897
2405 1660 1439
2406 1708 1597
2407 769 1360
2408 3430 682
2409 2727 3143
2410 957 3405
2411 3296 2960
2412 373 2875
2413 627 1502
2414 1054 3071
2415 2423 248
2416 2406 1083
2417 1357 121
2418 3581 1576
2419 2390 1776
2420 1970 95
2421 1357 3144
2422 3575 885
2423 3281 1992
2424 2525 66
2425 1334 2825
2426 429 3506
2427 272 1494
2428 49 2863
2429 3061 1840
2430 735 1323
2431 2813 1263
2432 2971 3502
2433 219 53
2434 1952 2383
2435 829 3634
2436 2854 2023
2437 818 688
2438 801 3076
2439 567 3088
2440 2515 2618
2441 3000 3208
2442 453 3024
2443 1621 3346
2444 183 398
2445 788 2857
2446 696 1851
2447 3436 2090
2448 2033 313
2449 315 3362
2450 2205 58
2451 1124 1446
2452 2368 1042
2453 2088 895
2454 1201 822
2455 1726 3000
2456 2778 3071
2457 3184 2308
2458 351 2132
2459 2852 2168
2460 3151 3411
2461 1443 913
2462 483 2570
2463 1809 405
2464 463 769
2465 3241 2376
2466 1206 2688
2467 3054 1404
2468 2799 51
2469 2022 2358
2470 3457 2068
2471 90 2960
2472 1472 2464
2473 3258 3670
2474 3509 3621
2475 2743 2424
2476 1117 1307
2477 2734 531
2478 3181 2953
2479 306 464
2480 2680 1398
2481 109 223
2482 1463 1411
2483 691 1481
2484 2053 3495
2485 3388 3367
2486 787 2578
2487 719 2848
2488 282 746
2489 1003 2604
2490 1521 2844
2491 697 2995
2492 892 1429
2493 2454 2237
2494 77 1392
2495 2974 407
2496 2361 1867
2497 108 2899
2498 3218 24
2499 2472 931
2500 2620 1522
2501 1663 3511
2502 516 711
2503 2966 128
2504 208 473
2505 2214 2056
2506 1677 3044
2507 978 343
2508 649 1566
2509 2201 2554
2510 797 2574
2511 2874 723
2512 430 1817
2513 901 2896
2514 185 3346
2515 1088 1892
2516 481 2219
2517 338 1547
2518 2936 1680
2519 1514 1480
2520 3670 1004
2521 1695 2564
2522 2641 2154
2523 547 150
2524 2108 10
2525 2090 366
2526 2635 2707
2527 2140 1078
2528 3439 1899
2529 769 3506
2530 3378 825
2531 1467 3018
2532 968 419
2533 3013 162
2534 775 3257
2535 672 1664
2536 2876 3244
2537 3331 2242
2538 1319 2829
2539 159 3574
2540 477 828
2541 1274 2166
2542 1152 1661
2543 1427 829
2544 351 634
2545 1799 853
2546 2483 395
2547 1258 2679
2548 797 2025
2549 169 2275
2550 332 537
2551 78 425
2552 2553 668
2553 2649 2092
2554 810 818
2555 2794 2493
2556 2952 1192
2557 59 3068
2558 184 325
2559 1487 109
2560 1623 722
2561 891 1861
2562 3421 1482
2563 2944 1057
2564 739 1814
2565 2997 472
2566 877 740
2567 1066 3021
2568 1983 3629
2569 1089 1224
2570 1921 293
2571 2533 634
2572 712 2987
2573 2024 525
2574 235 1682
2575 2637 2968
2576 2228 2198
2577 3493 2586
2578 2951 1902
2579 665 154
2580 3520 3506
2581 65 772
2582 1512 1543
2583 1364 2262
2584 1864 250
2585 3368 41
2586 1597 113
2587 2547 1968
2588 627 1201
2589 2925 2789
2590 2176 1801
2591 548 1540
2592 1192 306
2593 1426 3549
2594 1903 3664
2595 290 3253
2596 1650 2859
2597 654 3623
2598 114 582
2599 3026 170
2600 1149 296
2601 17 2347
2602 1382 2267
2603 2936 2757
2604 3583 829
2605 3367 909
2606 2485 1481
2607 3660 871
2608 27 2935
2609 1393 1268
2610 939 2932
2611 2486 2250
2612 1226 3540
2613 1454 709
2614 2326 2344
2615 1338 1119
2616 2845 274
2617 708 546
2618 3696 3430
2619 728 36
2620 1853 2076
2621 2465 3599
2622 640 2008
2623 1502 3595
2624 1135 509
2625 2806 3065
2626 560 593
2627 109 361
2628 1832 2291
2629 840 2978
2630 2530 2282
2631 3312 2832
2632 1346 897
2633 1993 2606
2634 2354 771
2635 448 1629
2636 2864 886
2637 3675 1309
2638 3358 2526
2639 69 3590
2640 934 2963
2641 3058 2222
2642 38 1727
2643 3015 514
2644 239 1125
2645 989 3642
2646 744 2167
2647 1786 3276
2648 3030 1785
2649 2105 1927
2650 514 946
2651 3547 272
2652 666 3210
2653 3138 49
2654 1859 36
2655 713 1318
2656 2030 3302
2657 2284 2293
2658 2181 1340
2659 553 2689
2660 469 3597
2661 2595 2481
2662 2654 1628
2663 798 109
2664 1430 1465
2665 2551 2709
2666 102 3170
2667 1538 553
2668 3421 3340
2669 801 1301
2670 3594 2598
2671 119 1690
2672 3149 2410
2673 3364 1256
2674 2765 221
2675 666 3410
2676 2132 1604
2677 97 3207
2678 18 3420
2679 1843 2330
2680 2598 1074
2681 716 1452
2682 1311 815
2683 828 3604
2684 618 2409
2685 2524 440
2686 1561 1859
2687 3529 866
2688 2335 1674
2689 291 2597
2690 569 2825
2691 827 2057
2692 3625 1281
2693 2311 2364
2694 828 1820
2695 2814 1723
2696 2906 1187
2697 1466 2820
2698 1508 2546
2699 1053 2845
2700 2729 457
2701 2112 2577
2702 2350 1060
2703 2550 1054
2704 1690 858
2705 3536 527
2706 1610 358
2707 2835 2486
2708 1064 805
2709 2830 960
2710 1282 1632
2711 2762 2456
2712 145 2353
2713 2911 610
2714 27 83
2715 2477 2509
2716 2082 131
2717 1916 3022
2718 2862 232
2719 3147 2046
2720 2629 763
2721 1479 2694
2722 2744 3552
2723 1718 1905
2724 3084 428
2725 93 2340
2726 47 2347
2727 1367 3645
2728 929 3495
2729 1671 2584
2730 774 969
2731 2293 1242
2732 1953 3520
2733 1228 1014
2734 365 1496
2735 1882 2282
2736 2691 2669
2737 2148 3241
2738 2791 1432
2739 532 3039
2740 2307 3541
2741 2685 42
2742 390 782
2743 1041 3586
2744 2720 2978
2745 3445 3535
2746 2223 2141
2747 2020 2145
2748 1741 1583
2749 3124 1829
2750 3595 596
2751 1746 2018
2752 1901 959
2753 2048 3414
2754 1979 3078
2755 2962 390
2756 1743 2408
2757 3432 3172
2758 652 2176
2759 85 1327
2760 703 1241
2761 1877 592
2762 1084 3155
2763 3274 1163
2764 2799 1093
2765 1285 1471
2766 1027 103
2767 23 690
2768 1703 558
2769 3062 456
2770 1435 93
2771 2219 316
2772 553 1938
2773 1076 3604
2774 2709 1694
2775 2166 2496
2776 2050 3461
2777 755 1681
2778 1838 1930
2779 1964 2390
2780 499 2457
2781 3210 2512
2782 538 2573
2783 2026 1655
2784 729 1065
2785 3483 308
2786 1592 438
2787 2179 951
2788 2485 143
2789 801 340
2790 873 2391
2791 1545 2374
2792 1084 1026
2793 2379 2292
2794 868 70
2795 429 640
2796 2733 760
2797 3304 888
2798 844 1527
2799 2062 579
2800 94 989
2801 2218 3312
2802 1654 400
2803 1543 2249
2804 1075 810
2805 1537 518
2806 3559 1480
2807 1040 2819
2808 951 95
2809 3330 2884
2810 1796 2308
2811 2701 471
2812 845 1626
2813 818 2271
2814 2625 1037
2815 3000 1815
2816 1803 3574
2817 1983 1073
2818 2257 2588
2819 2274 1744
2820 3443 2936
2821 3390 2008
2822 1052 896
2823 2505 640
2824 2513 2037
2825 828 2576
2826 3312 132
2827 1809 861
2828 2398 2186
2829 384 3594
2830 3205 902
2831 3570 964
2832 1349 1975
2833 306 2331
2834 2277 2169
2835 3264 386
2836 2796 2853
2837 2847 3441
2838 1441 3068
2839 3148 1330
2840 1719 1323
2841 107 2294
2842 1841 1385
2843 3572 3133
2844 1577 2181
2845 3042 3591
2846 2404 3011
2847 1030 2840
2848 1470 420
2849 3264 1258
2850 425 632
2851 865 3574
2852 631 1072
2853 205 1021
2854 484 1944
2855 1843 1095
2856 1741 838
2857 1749 557
2858 2615 2240
2859 1210 3027
2860 322 1322
2861 413 2295
2862 1449 2344
2863 1704 2977
2864 3666 2578
2865 2240 723
2866 2651 2061
2867 2094 24
2868 1992 2841
2869 607 1244
2870 2241 1467
2871 756 2725
2872 835 3438
2873 2209 2985
2874 1198 2020
2875 1268 1798
2876 953 1930
2877 1660 3139
2878 2469 2836
2879 934 2421
2880 1887 2561
2881 2462 2228
2882 469 2591
2883 859 3532
2884 115 3321
2885 1905 1310
2886 2678 270
2887 551 1827
2888 2376 318
2889 3324 1162
2890 2493 10
2891 2984 1988
2892 850 1532
2893 2827 2385
2894 2132 2047
2895 3134 1402
2896 2599 2916
2897 2375 1175
2898 1604 954
2899 1730 110
2900 1820 2940
2901 463 247
2902 1293 2240
2903 3050 1652
2904 594 614
2905 1741 640
2906 674 3385
2907 2529 2148
2908 941 1329
2909 599 3399
2910 1706 1198
2911 139 367
2912 996 868
2913 1594 2698
2914 1476 2736
2915 3041 2954
2916 1078 3137
2917 1726 2587
2918 3228 658
2919 3307 3038
2920 639 207
2921 1616 3503
2922 847 2378
2923 396 1582
2924 1977 365
2925 2311 2907
2926 1763 429
2927 1318 540
2928 3216 3649
2929 3519 2663
2930 3248 1846
2931 583 1176
2932 3318 1093
2933 2249 422
2934 253 396
2935 1765 704
2936 644 3413
2937 853 2563
2938 2661 409
2939 879 2475
2940 859 1355
2941 1671 1571
2942 2710 3007
2943 3462 2301
2944 423 2598
2945 27 2969
2946 950 1687
2947 812 2100
2948 1652 1891
2949 2929 1916
2950 1944 481
2951 1069 2818
2952 1200 759
2953 3269 2473
2954 328 3493
2955 2029 893
2956 1179 2756
2957 1468 2386
2958 560 21
2959 2927 2573
2960 1599 659
2961 1601 3644
2962 2180 1917
2963 2881 3234
2964 1180 1060
2965 1044 3325
2966 1851 2029
2967 2386 1928
2968 2749 2310
2969 1155 3375
2970 1099 2299
2971 1994 2653
2972 1613 2463
2973 2468 3308
2974 1729 1550
2975 398 99
2976 1279 2321
2977 309 2819
2978 2743 1116
2979 1297 2838
2980 2086 436
2981 853 2178
2982 1288 1885
2983 2748 2434
2984 2917 641
2985 115 882
2986 432 1722
2987 83 55
2988 3320 3617
2989 1850 397
2990 2433 2303
2991 885 1768
2992 3350 944
2993 3127 3624
2994 1979 993
2995 3337 2585
2996 677 2890
2997 3017 2061
2998 1409 1617
2999 347 3152
3000 753 465
3001 566 875
3002 1017 1347
3003 3099 3612
3004 3054 1929
3005 1103 2108
3006 828 1204
3007 3694 3085
3008 2021 427
3009 744 2550
3010 3295 1112
3011 531 1729
3012 3679 1206
3013 1418 1500
3014 2136 1712
3015 1404 2610
3016 3593 638
3017 1967 3128
3018 2747 1781
3019 506 1854
3020 1645 1016
3021 2361 1799
3022 2837 2408
3023 2929 838
3024 320 2515
3025 1391 1593
3026 1473 3124
3027 2477 2408
3028 202 2942
3029 79 2417
3030 62 2619
3031 1134 89
3032 2757 3155
3033 2290 3419
3034 586 3593
3035 3533 1527
3036 2918 741
3037 2035 458
3038 3122 2655
3039 2317 499
3040 2695 2055
3041 181 1409
3042 2227 710
3043 367 3276
3044 2979 291
3045 2068 1698
3046 2714 1577
3047 3313 915
3048 2085 2585
3049 1720 1986
3050 3069 2039
3051 2899 2725
3052 2613 3069
3053 1386 3003
3054 3045 1282
3055 1450 3020
3056 1277 204
3057 2901 758
3058 542 737
3059 1883 3235
3060 793 2328
3061 2097 1197
3062 1594 2147
3063 1246 1133
3064 2072 2439
3065 16 1407
3066 1666 266
3067 3688 1026
3068 525 3576
3069 2844 2955
3070 3275 245
3071 1612 70
3072 3355 194
3073 1687 3397
3074 742 3166
3075 7 1935
3076 1818 127
3077 791 368
3078 200 3617
3079 2068 2836
3080 3064 3565
3081 1254 1853
3082 883 3510
3083 1045 1220
3084 2104 1509
3085 2059 1466
3086 1680 1459
3087 3652 463
3088 2838 2592
3089 415 2744
3090 1183 2112
3091 2615 1378
3092 1376 576
3093 986 3126
3094 3441 3662
3095 872 2530
3096 995 425
3097 3283 27
3098 1365 1637
3099 2373 2517
3100 480 2957
3101 1123 452
3102 1767 1529
3103 2177 3201
3104 2984 1046
3105 3578 1424
3106 2160 3284
3107 241 1679
3108 3612 500
3109 328 923
3110 3389 450
3111 2880 1709
3112 2218 2249
3113 1398 2903
3114 956 864
3115 3008 1708
3116 2878 1283
3117 1703 998
3118 13 719
3119 2991 1698
3120 2137 809
3121 443 3358
3122 638 2846
3123 2019 1070
3124 2990 2498
3125 2911 1307
3126 1456 1107
3127 742 1043
3128 2872 3441
3129 3143 3416
3130 2608 2634
3131 511 3229
3132 2102 392
3133 2915 1250
3134 3299 847
3135 1959 2820
3136 1635 3405
3137 1522 2128
3138 286 1685
3139 272 131
3140 2794 1212
3141 1302 958
3142 2590 2146
3143 3573 2490
3144 519 3650
3145 2966 2134
3146 3304 3048
3147 2573 3272
3148 1880 459
3149 3451 2758
3150 371 1060
3151 2440 978
3152 2660 801
3153 3676 1588
3154 374 649
3155 1157 1257
3156 328 223
3157 3486 2060
3158 1006 1110
3159 1578 3485
3160 2069 1964
3161 2268 3025
3162 1970 1365
3163 610 2505
3164 3659 37
3165 516 432
3166 1481 1524
3167 1554 2967
3168 3054 2906
3169 172 2120
3170 1074 40
3171 1953 1795
3172 2247 986
3173 2754 2289
3174 261 1324
3175 1960 2215
3176 1055 1674
3177 3088 2889
3178 2128 1031
3179 3570 2348
3180 273 818
3181 1457 2622
3182 855 3432
3183 2853 3665
3184 2607 1100
3185 1290 642
3186 800 2220
3187 2672 3006
3188 2360 2794
3189 1478 1657
3190 1111 1847
3191 3047 282
3192 2997 3384
3193 1747 2459
3194 1843 1754
3195 3594 2337
3196 240 3401
3197 502 2067
3198 1015 2131
3199 2078 1867
3200 2531 3106
3201 491 1169
3202 2562 2137
3203 786 63
3204 1167 3322
3205 1606 3576
3206 3084 653
3207 2732 3205
3208 1099 1336
3209 476 2697
3210 611 2164
3211 317 656
3212 2933 426
3213 2555 2814
3214 3259 3498
3215 3504 313
3216 1228 2352
3217 1378 1612
3218 745 1036
3219 1796 2094
3220 3248 1276
3221 3067 1122
3222 2908 2546
3223 3234 1416
3224 20 1880
3225 551 568
3226 3567 1378
3227 872 1537
3228 1211 2474
3229 3101 1237
3230 1849 2292
3231 3596 2495
3232 113 2275
3233 2899 2753
3234 137 2780
3235 1261 3139
3236 2439 608
3237 1664 2936
3238 3482 152
3239 533 1963
3240 3206 772
3241 1760 1200
3242 1417 2711
3243 2981 3629
3244 988 533
3245 899 2379
3246 1454 2738
3247 1549 3685
3248 425 455
3249 3047 1903
3250 3258 94
3251 1705 2755
3252 1395 1011
3253 1217 2024
3254 3312 1384
3255 1805 1546
3256 719 77
3257 3468 1490
3258 2135 3628
3259 766 2630
3260 1662 3531
3261 3258 2544
3262 2877 47
3263 1419 3607
3264 2189 3439
3265 960 306
3266 2936 2058
3267 3113 1780
3268 494 2149
3269 2487 2196
3270 1268 3020
3271 55 3445
3272 1480 1298
3273 2486 3328
3274 3498 2624
3275 3243 1353
3276 1419 270
3277 2793 3540
3278 2528 2620
3279 3658 1166
3280 3149 288
3281 2757 2606
3282 3466 807
3283 2396 235
3284 2594 1529
3285 513 1154
3286 2927 756
3287 14 2721
3288 2625 84
3289 2602 376
3290 1522 2913
3291 2086 727
3292 3029 1729
3293 1200 1071
3294 349 3485
3295 1947 248
3296 2469 2233
3297 2495 3111
3298 2114 2706
3299 262 3125
3300 2980 864
3301 3647 536
3302 2600 1348
3303 2810 2052
3304 2177 519
3305 2417 1325
3306 1055 1335
3307 169 2431
3308 3284 3522
3309 2919 1641
3310 2989 1457
3311 2757 754
3312 200 915
3313 3316 61
3314 1782 1938
3315 2280 3001
3316 3652 241
3317 1318 80
3318 1837 2007
3319 696 2767
3320 3282 1362
3321 2742 298
3322 952 2623
3323 1524 456
3324 1462 2810
3325 2971 886
3326 2664 2713
3327 1025 2273
3328 2579 2213
3329 3 1964
3330 2575 48
3331 3013 2162
3332 97 3421
3333 2601 1888
3334 956 1501
3335 2923 2207
3336 3102 282
3337 3433 3285
3338 1502 2497
3339 3409 1712
3340 3530 2020
3341 183 1543
3342 1994 1248
3343 2881 935
3344 1931 2985
3345 1184 125
3346 200 1199
3347 1885 3130
3348 324 907
3349 1348 359
3350 1178 1727
3351 2468 1630
3352 222 1254
3353 2858 641
3354 701 336
3355 2650 2758
3356 1035 3528
3357 1400 774
3358 3434 1587
3359 1351 1557
3360 3098 1120
3361 2900 2982
3362 771 1052
3363 1585 1800
3364 2662 1676
3365 1556 3329
3366 1963 333
3367 2437 1478
3368 3110 1891
3369 2130 1986
3370 2209 1841
3371 930 3033
3372 150 180
3373 3004 184
3374 814 3473
3375 122 3372
3376 2308 2392
3377 3402 1772
3378 2302 1587
3379 2792 1688
3380 521 3576
3381 1499 1430
3382 3671 1262
3383 764 3473
3384 1558 285
3385 872 1840
3386 526 3675
3387 1094 627
3388 2131 1693
3389 3061 1102
3390 3660 1847
3391 1407 559
3392 379 2509
3393 3154 2764
3394 542 1575
3395 2582 725
3396 1937 2298
3397 1668 858
3398 2266 3147
3399 1812 1121
3400 3173 2963
3401 921 2355
3402 556 3019
3403 2381 1779
3404 1190 1366
3405 783 2426
3406 2305 2733
3407 2217 2849
3408 2181 3486
3409 2197 292
3410 3215 813
3411 2359 789
3412 3164 906
3413 2656 2213
3414 415 3007
3415 538 309
3416 1121 3197
3417 3156 1683
3418 170 3349
3419 959 1341
3420 1954 397
3421 252 1186
3422 653 482
3423 1256 1720
3424 804 2016
3425 2782 558
3426 1509 120
3427 456 2911
3428 1340 1906
3429 1977 1587
3430 623 459
3431 3625 1873
3432 2680 1632
3433 3269 3504
3434 245 1764
3435 492 2317
3436 1476 1530
3437 1938 976
3438 2975 1039
3439 1557 3667
3440 1322 2163
3441 909 2061
3442 3351 1341
3443 2168 1500
3444 2427 1944
3445 1482 3212
3446 1530 1438
3447 1989 1064
3448 3323 1520
3449 3396 1670
3450 2557 1684
3451 2105 2659
3452 3524 1146
3453 2717 1394
3454 2813 1867
3455 2547 98
3456 195 3197
3457 1151 896
3458 1707 475
3459 748 2814
3460 2703 1872
3461 3107 2580
3462 1080 1273
3463 403 2352
3464 2601 2384
3465 486 2961
3466 2358 2258
3467 3317 2668
3468 1122 869
3469 1675 163
3470 2513 391
3471 1646 1141
3472 1109 2769
3473 231 2897
3474 475 883
3475 2747 130
3476 3569 1451
3477 3093 2283
3478 1285 3184
3479 2669 920
3480 2528 1593
3481 1098 2757
3482 563 1554
3483 3341 226
3484 346 1230
3485 114 511
3486 2688 2458
3487 2706 2368
3488 2299 3261
3489 2913 3027
3490 3392 1144
3491 2141 172
3492 1508 3580
3493 931 382
3494 2928 1910
3495 2122 2232
3496 1794 186
3497 3437 371
3498 562 235
3499 419 3498
3500 2356 2734
3501 2077 94
3502 1658 1205
3503 3340 3271
3504 1316 1202
3505 1906 1246
3506 2398 2435
3507 2506 380
3508 762 1604
3509 454 3099
3510 2931 2720
3511 1715 1936
3512 2616 2344
3513 517 2213
3514 1345 1586
3515 2421 3432
3516 203 1092
3517 2189 3136
3518 2875 1359
3519 2319 3054
3520 2937 3127
3521 1632 382
3522 901 2216
3523 3307 543
3524 121 1003
3525 3472 2092
3526 1748 1869
3527 2906 665
3528 1762 55
3529 2900 1193
3530 2273 2514
3531 915 193
3532 1588 2557
3533 2049 2461
3534 98 209
3535 2212 1673
3536 3322 1809
3537 3458 3495
3538 548 10
3539 1975 1731
3540 3498 1400
3541 2911 347
3542 204 2974
3543 910 2461
3544 1652 2182
3545 1158 2589
3546 1478 420
3547 1324 3691
3548 299 1721
3549 1769 121
3550 2789 1363
3551 2514 1964
3552 2687 1599
3553 1961 2777
3554 720 2194
3555 1866 3666
3556 1957 2392
3557 1838 554
3558 1062 1170
3559 35 1021
3560 1894 2761
3561 3405 307
3562 1160 1660
3563 704 288
3564 2112 2119
3565 3141 3672
3566 1210 988
3567 2817 648
3568 31 3654
3569 3463 1752
3570 2205 3471
3571 2733 1014
3572 2250 1950
3573 2366 1931
3574 56 1590
3575 3622 322
3576 347 3202
3577 939 622
3578 3354 1449
3579 971 2995
3580 3655 391
3581 666 3466
3582 794 509
3583 705 1023
3584 3175 1169
3585 99 3644
3586 3523 1166
3587 1255 1361
3588 1448 1719
3589 1418 232
3590 684 1949
3591 1902 1922
3592 3161 3286
3593 2599 3173
3594 1469 1324
3595 969 2335
3596 2975 2654
3597 1091 655
3598 1512 2905
3599 727 2911
3600 2860 518
3601 2613 1874
3602 1966 3130
3603 1608 1942
3604 2809 2782
3605 1298 2008
3606 987 2028
3607 535 2330
3608 3634 1176
3609 2002 1498
3610 382 2248
3611 703 686
3612 74 728
3613 173 323
3614 538 3185
3615 1190 2674
3616 1812 642
3617 698 2764
3618 2061 804
3619 2261 237
3620 2543 368
3621 187 3475
3622 3073 1059
3623 514 403
3624 187 2402
3625 1311 2036
3626 570 405
3627 2377 3303
3628 3238 2244
3629 1150 919
3630 1214 3208
3631 498 1662
3632 1543 3095
3633 3185 2835
3634 774 1984
3635 1244 1345
3636 2515 1309
3637 2708 1081
3638 1486 1401
3639 1354 2616
3640 591 1368
3641 2266 1955
3642 2352 3041
3643 381 1926
3644 508 1071
3645 1568 3225
3646 3553 31
3647 1916 2505
3648 755 405
3649 490 3604
3650 1239 2261
3651 920 2148
3652 2309 244
3653 365 1542
3654 1174 635
3655 2667 1420
3656 2408 1955
3657 1420 1823
3658 1647 3622
3659 2409 1743
3660 3543 3189
3661 2755 1923
3662 3 730
3663 1402 3317
3664 98 403
3665 2170 457
3666 3261 912
3667 1106 1341
3668 3460 1290
3669 1674 1238
3670 3220 3700
3671 994 57
3672 1448 3251
3673 703 1376
3674 2674 872
3675 3576 2358
3676 2693 813
3677 2445 3023
3678 3452 1240
3679 2947 3493
3680 1114 1898
3681 960 1712
3682 2780 3508
3683 2252 3668
3684 1526 1134
3685 3628 3649
3686 1145 1761
3687 370 2010
3688 1280 83
3689 2689 1646
3690 3662 1940
3691 1199 2023
3692 1888 3035
3693 56 607
3694 1788 117
3695 64 1077
3696 3593 3669
3697 2908 583
3698 2971 2910
3699 137 357
3700 349 2773
