3270 3270
1 1662 2885
2 1832 3114
3 2683 678
4 2336 764
5 1964 2782
6 2423 3038
7 617 2660
8 832 1297
9 417 2188
10 3062 1420
11 2060 1397
12 448 2078
13 1141 429
14 1367 1775
15 2868 128
16 581 672
17 1751 272
18 2056 904
19 211 1564
20 3136 760
21 2200 1572
22 2549 1706
23 394 2006
24 546 2356
25 1090 2659
26 2761 351
27 526 2597
28 662 2826
29 2616 2256
30 2304 1081
31 1194 2231
32 12 1839
33 1523 2034
34 2257 1700
35 2863 305
36 54 704
37 1445 648
38 546 216
39 383 1156
40 2182 2696
41 1445 1418
42 1839 1468
43 930 2261
44 2672 427
45 3261 1133
46 1767 2460
47 407 3107
48 2017 989
49 2161 2592
50 1201 979
51 2904 2203
52 1862 2295
53 2723 1924
54 2407 1866
55 2089 653
56 2978 2718
57 1798 2844
58 2223 1123
59 2589 747
60 170 2311
61 1861 2360
62 2064 374
63 2424 1727
64 1868 1284
65 2841 3141
66 296 2641
67 97 2812
68 321 2477
69 645 802
70 482 2092
71 1571 960
72 2576 1607
73 3184 1675
74 1531 886
75 2508 2089
76 2605 1608
77 1527 1523
78 1874 910
79 578 324
80 579 995
81 257 1768
82 458 2591
83 1904 1359
84 2809 3242
85 283 2863
86 2710 1283
87 2314 3083
88 160 191
89 1494 2552
90 434 808
91 2120 571
92 2479 2840
93 3160 913
94 2247 2164
95 2172 1603
96 2045 310
97 2238 3265
98 1771 1823
99 256 469
100 3238 1963
101 1501 634
102 120 1711
103 2289 1343
104 860 1150
105 3149 675
106 2109 2959
107 410 551
108 1378 2633
109 2109 3119
110 471 774
111 2384 1720
112 2752 1267
113 919 2914
114 625 3211
115 1394 2898
116 1326 1200
117 1742 91
118 2867 992
119 557 342
120 2604 2612
121 2615 1151
122 2427 1074
123 860 49
124 358 2735
125 1255 1018
126 3153 1873
127 821 371
128 2001 1145
129 2908 2702
130 2592 1638
131 2703 1927
132 2605 1957
133 2783 835
134 790 1895
135 543 1543
136 2727 1078
137 1955 2777
138 173 993
139 1299 619
140 3223 342
141 1198 864
142 2985 2463
143 1318 786
144 1700 2414
145 2453 1440
146 2670 342
147 2390 707
148 2403 548
149 846 2628
150 2655 2332
151 3220 3199
152 1101 1643
153 954 1313
154 3249 218
155 650 537
156 3166 696
157 393 2472
158 1980 1498
159 2192 3054
160 3164 2714
161 1469 1647
162 1905 1243
163 24 2724
164 1862 1744
165 3091 2131
166 383 2163
167 913 764
168 482 1172
169 385 2561
170 2440 1612
171 1992 1891
172 2664 1423
173 1557 2749
174 1590 2950
175 2854 855
176 503 1606
177 3064 2597
178 716 1400
179 2536 1852
180 1459 2222
181 1251 2771
182 1618 3067
183 118 2699
184 2824 1853
185 2149 2610
186 1256 3109
187 3093 84
188 333 1791
189 1855 1905
190 2504 3000
191 399 1351
192 385 568
193 1185 463
194 2161 3028
195 1530 1770
196 1214 576
197 1195 1808
198 159 2066
199 1610 1515
200 3019 1183
201 2460 1117
202 2375 1461
203 2611 801
204 664 2853
205 2714 515
206 1578 2713
207 2690 2024
208 2341 2859
209 989 1590
210 2201 483
211 2713 154
212 349 656
213 3177 2999
214 2600 1267
215 786 3002
216 1833 1510
217 1995 1175
218 1375 1503
219 224 3179
220 1083 1106
221 145 2453
222 1720 1903
223 2331 419
224 1766 375
225 1877 2614
226 2641 2881
227 3076 1144
228 830 1281
229 2168 661
230 1416 1258
231 605 3135
232 2780 760
233 2354 2837
234 3152 419
235 3244 218
236 1624 1440
237 893 2152
238 1868 2132
239 2827 1022
240 344 74
241 1176 468
242 1454 1670
243 632 2678
244 827 57
245 538 2285
246 1944 1305
247 1714 1627
248 2033 1914
249 2926 3051
250 2028 339
251 320 1331
252 1659 645
253 2950 679
254 200 237
255 2100 1839
256 2160 889
257 267 1924
258 2525 3262
259 824 2957
260 1050 3044
261 1577 2583
262 2078 2425
263 2513 1524
264 1984 3126
265 819 2199
266 1575 1874
267 812 3114
268 34 702
269 2095 2672
270 1074 1482
271 2300 1214
272 964 400
273 1795 974
274 2574 2600
275 443 177
276 1615 1533
277 27 2903
278 2561 1114
279 2493 2869
280 821 1198
281 670 1032
282 1535 1114
283 1887 2365
284 1405 2103
285 1638 3055
286 1548 3201
287 124 820
288 2992 1238
289 2718 1789
290 960 3189
291 508 2747
292 1976 1948
293 1361 1692
294 101 1951
295 2170 2494
296 2882 1322
297 1772 327
298 954 2436
299 1874 2618
300 160 718
301 2610 255
302 1387 1209
303 3177 2666
304 670 1211
305 1119 1891
306 3091 607
307 3128 2786
308 1129 2685
309 2097 693
310 725 1864
311 2949 908
312 2033 729
313 1000 1163
314 1589 2226
315 56 1064
316 3038 807
317 559 2808
318 2931 3014
319 327 2349
320 2384 245
321 2612 2574
322 462 1922
323 1493 2627
324 611 651
325 84 1950
326 19 2659
327 854 2014
328 1288 1704
329 2761 1578
330 1228 2020
331 80 1565
332 3033 1735
333 1901 2994
334 1488 1658
335 1088 2205
336 2642 3049
337 790 1826
338 497 3142
339 3028 1256
340 1362 1281
341 496 1200
342 2686 1489
343 2674 40
344 2999 1909
345 2845 2912
346 509 1971
347 3209 1913
348 2563 1721
349 892 3071
350 1480 1740
351 3123 1566
352 1898 103
353 3179 1270
354 179 1886
355 3039 1403
356 462 1846
357 3092 814
358 3059 728
359 3212 2625
360 2588 788
361 1233 467
362 2504 641
363 2058 3029
364 3176 629
365 2729 2460
366 229 3206
367 1576 3097
368 80 3153
369 2217 2627
370 2268 1066
371 1124 2588
372 865 1531
373 2083 194
374 1381 1228
375 1495 1121
376 1220 2905
377 2167 2515
378 3257 1949
379 3208 2964
380 2696 173
381 514 543
382 969 1274
383 2492 121
384 2927 3108
385 1073 1375
386 2561 2136
387 1174 1325
388 1733 1445
389 2478 2177
390 605 2318
391 846 227
392 2665 1593
393 1139 1350
394 1451 1551
395 1323 3238
396 1619 783
397 1422 205
398 2968 2927
399 66 2238
400 2569 2200
401 569 2902
402 2696 1828
403 1566 734
404 1426 1205
405 536 20
406 3059 2148
407 2341 1704
408 428 1847
409 1234 2575
410 1681 525
411 1896 2300
412 2917 1264
413 536 1495
414 1732 476
415 2323 3033
416 288 1577
417 2654 3152
418 348 1894
419 1768 1065
420 1256 2210
421 180 225
422 494 476
423 1539 700
424 364 633
425 3195 2081
426 1377 1428
427 1367 1928
428 2629 2409
429 606 1086
430 1882 1267
431 2100 2827
432 106 698
433 524 1366
434 2509 2833
435 2135 2696
436 1734 1307
437 2919 2919
438 656 2285
439 1564 2644
440 1327 37
441 2414 2597
442 676 2500
443 876 1105
444 2536 253
445 2104 2556
446 936 1242
447 3066 2208
448 2117 1007
449 1376 424
450 2464 284
451 845 2801
452 2710 190
453 1441 2054
454 717 1293
455 94 13
456 1309 861
457 1679 409
458 2290 255
459 2314 2072
460 762 2419
461 3217 3179
462 2328 1772
463 38 1759
464 2411 2459
465 454 3234
466 2609 1582
467 371 2291
468 238 2675
469 2775 1493
470 490 2775
471 2298 1697
472 1247 2214
473 1567 1981
474 1899 2968
475 2058 733
476 1034 2104
477 3060 391
478 2320 2433
479 2004 2531
480 3232 390
481 398 3195
482 1582 2933
483 939 2141
484 2926 1212
485 1725 1987
486 2502 948
487 1227 571
488 1212 2060
489 510 794
490 959 1181
491 846 3201
492 218 891
493 2073 1532
494 3158 1551
495 2557 2368
496 2685 1656
497 1768 408
498 591 2223
499 528 184
500 2234 3180
501 627 1254
502 2038 1519
503 829 2854
504 820 3207
505 1063 301
506 434 260
507 507 2505
508 990 2213
509 1348 1302
510 3050 2674
511 2923 2583
512 1756 1886
513 2914 1883
514 220 2491
515 1345 1128
516 2108 1460
517 2939 579
518 435 2334
519 2876 1748
520 2292 710
521 436 987
522 592 918
523 557 1815
524 2162 1409
525 3240 899
526 2986 1083
527 2016 1415
528 700 1964
529 2905 1510
530 490 2191
531 215 1
532 2834 456
533 3233 1276
534 1671 3058
535 219 531
536 716 1147
537 33 161
538 1209 2481
539 1401 1098
540 1885 2275
541 1283 1887
542 123 690
543 3107 640
544 2519 1217
545 2207 88
546 794 1453
547 1393 1908
548 562 154
549 478 1758
550 2488 1764
551 3150 2748
552 328 3203
553 2243 2041
554 1298 2752
555 1401 785
556 1051 715
557 3012 2728
558 733 611
559 551 2164
560 2874 825
561 2071 1849
562 3170 2294
563 415 2204
564 726 2118
565 1103 532
566 2271 1954
567 162 2194
568 1500 739
569 709 1063
570 2647 1489
571 3076 1170
572 3095 886
573 740 2045
574 649 1848
575 3006 1688
576 308 544
577 1537 1377
578 2485 2074
579 380 3255
580 1695 19
581 2855 3015
582 3180 2062
583 189 2810
584 808 2614
585 5 1842
586 3014 126
587 229 3014
588 1116 2394
589 848 2033
590 1755 613
591 332 1513
592 2441 1983
593 772 32
594 2857 3238
595 2074 814
596 1105 2461
597 1132 1433
598 143 2681
599 315 2125
600 570 3252
601 2291 2479
602 3067 2052
603 834 601
604 696 3149
605 899 1643
606 1762 1539
607 3170 1006
608 3222 2060
609 864 2673
610 1236 308
611 836 776
612 2473 274
613 2199 1668
614 604 2745
615 1845 1137
616 2714 2063
617 1112 1444
618 2578 2729
619 536 1630
620 218 3186
621 2851 263
622 1432 1401
623 226 2795
624 2477 2813
625 621 1245
626 484 2630
627 2838 2763
628 2386 2559
629 369 3020
630 1437 3140
631 506 1178
632 1831 377
633 608 574
634 891 2569
635 2885 780
636 673 983
637 2907 511
638 628 1858
639 849 172
640 2844 1453
641 3245 1002
642 2835 1885
643 2127 3190
644 3171 441
645 549 1749
646 2426 27
647 2854 305
648 1793 1303
649 2910 1936
650 3130 733
651 2442 2875
652 2592 70
653 1871 2172
654 1920 48
655 2401 2771
656 2826 518
657 3123 895
658 86 1243
659 384 2006
660 21 114
661 2370 959
662 2527 1332
663 257 245
664 2544 3260
665 1195 1290
666 980 1334
667 1263 2992
668 2438 2692
669 1334 1787
670 849 1397
671 3202 938
672 533 986
673 2167 3235
674 3159 2556
675 245 2697
676 618 3010
677 3045 645
678 201 171
679 1390 2856
680 296 47
681 2912 1100
682 1576 694
683 2631 3080
684 2759 3068
685 742 2739
686 2001 202
687 2524 1503
688 3227 2350
689 12 828
690 2527 3019
691 2099 2340
692 2305 2673
693 915 900
694 3024 1629
695 2735 317
696 209 256
697 16 861
698 1754 17
699 909 1949
700 2100 400
701 598 2100
702 2863 2321
703 801 1682
704 1154 2818
705 687 2991
706 1387 1578
707 956 1410
708 1696 829
709 1782 2251
710 1662 2591
711 2001 1421
712 441 1316
713 1869 95
714 1057 2527
715 1360 1945
716 1751 2416
717 2261 244
718 427 2344
719 2694 2293
720 320 2311
721 2672 2924
722 2101 2329
723 2525 853
724 1350 1328
725 2831 1916
726 2435 1965
727 989 2148
728 1830 2509
729 2540 1960
730 1603 116
731 327 2275
732 2340 2344
733 1811 1249
734 667 3220
735 806 950
736 2796 2603
737 2101 600
738 3 1377
739 390 1541
740 3235 3128
741 2103 751
742 1429 335
743 2726 1811
744 1347 1625
745 427 3174
746 1680 2909
747 1919 2342
748 563 1665
749 2653 2611
750 2521 107
751 1779 2003
752 317 910
753 2770 2626
754 2807 3181
755 2442 1343
756 2250 425
757 2033 2979
758 438 241
759 1319 123
760 1637 1645
761 1459 820
762 2150 3229
763 1325 1885
764 2536 511
765 2847 2334
766 1101 2990
767 398 324
768 377 2637
769 2995 2898
770 1457 1007
771 1044 1798
772 2308 2553
773 2642 41
774 832 2765
775 1707 62
776 1824 791
777 2744 1752
778 114 1822
779 1297 703
780 361 928
781 1376 1649
782 562 579
783 2015 661
784 3129 2026
785 1947 1813
786 2344 3013
787 2865 1103
788 321 936
789 1941 3164
790 3217 997
791 45 1670
792 231 2337
793 2379 113
794 1784 1182
795 2340 2200
796 2100 71
797 1550 2021
798 1365 154
799 196 1553
800 1865 1708
801 3259 269
802 1693 2895
803 2316 1057
804 2284 1863
805 2135 914
806 1099 2925
807 187 1850
808 1060 1733
809 2791 86
810 2937 2553
811 2715 3234
812 2005 350
813 1196 2011
814 3142 800
815 2270 1603
816 2023 2965
817 1747 2399
818 1508 2701
819 1439 456
820 653 527
821 3011 1578
822 505 2136
823 334 1107
824 1447 2682
825 1059 2614
826 2127 2182
827 1773 1066
828 411 2754
829 2403 209
830 1896 215
831 582 3015
832 2179 2181
833 2886 2820
834 3162 3027
835 97 1496
836 235 378
837 2419 657
838 155 369
839 2915 10
840 1136 997
841 1522 2533
842 415 1676
843 3093 2963
844 122 179
845 1708 1978
846 2541 1115
847 1444 1656
848 43 1067
849 338 2926
850 1065 2949
851 2380 3234
852 1902 172
853 2260 361
854 1687 1453
855 1775 2594
856 2615 812
857 3172 1183
858 1569 1119
859 1466 3243
860 149 515
861 3248 3169
862 3027 1763
863 2245 3259
864 2746 2911
865 1697 1002
866 1807 358
867 323 1857
868 2801 654
869 2228 3265
870 2565 1154
871 1391 217
872 1171 1639
873 2720 338
874 2329 2547
875 2587 2963
876 2247 493
877 2338 3000
878 744 1968
879 1603 816
880 268 111
881 2603 2107
882 1880 1365
883 64 87
884 2619 944
885 3209 2027
886 3171 256
887 790 513
888 1236 1434
889 1274 1866
890 1801 3000
891 3160 106
892 762 1759
893 1893 989
894 2060 288
895 2364 526
896 1754 2856
897 2954 1719
898 146 751
899 2224 981
900 446 2148
901 266 2821
902 3051 1562
903 93 1777
904 111 70
905 730 1263
906 2077 1741
907 1184 2732
908 2802 1472
909 2547 89
910 3109 299
911 1785 2451
912 2538 706
913 305 1889
914 1515 1856
915 1978 1252
916 1322 477
917 2942 2176
918 1195 3017
919 375 2296
920 1043 2542
921 971 794
922 1144 2849
923 2087 2750
924 1662 1778
925 2789 145
926 2532 1057
927 1423 3242
928 631 1009
929 3210 1828
930 528 3227
931 1928 1082
932 3150 807
933 1809 122
934 2706 1180
935 536 624
936 142 2614
937 2740 3026
938 3038 2545
939 2445 2007
940 2987 61
941 1964 1235
942 1813 3230
943 719 86
944 55 90
945 1460 780
946 769 2028
947 2497 784
948 3240 3048
949 1780 3255
950 2046 1030
951 291 2190
952 2738 2372
953 1429 742
954 1289 2200
955 3191 2617
956 2157 2234
957 541 468
958 1743 2829
959 8 3177
960 836 2731
961 2388 1624
962 2199 505
963 1931 866
964 1373 2627
965 2219 2261
966 2927 2760
967 656 2605
968 415 2550
969 3028 106
970 1946 1737
971 3086 421
972 359 2911
973 3251 1451
974 2349 1157
975 644 290
976 2471 2279
977 1170 796
978 609 2655
979 2567 2243
980 281 3088
981 75 999
982 1961 2039
983 195 1085
984 449 2325
985 1642 1043
986 555 2755
987 1706 1129
988 1661 1826
989 2801 1756
990 3231 1128
991 1873 2150
992 525 542
993 446 1505
994 1105 1414
995 1497 2548
996 1895 354
997 98 156
998 1604 2688
999 1901 383
1000 3047 2795
1001 2175 301
1002 2046 2401
1003 3195 912
1004 2657 426
1005 2700 2186
1006 95 1068
1007 492 3195
1008 3120 1174
1009 844 514
1010 1697 1276
1011 3104 3023
1012 945 1603
1013 1419 921
1014 482 740
1015 3049 3244
1016 1283 432
1017 778 1269
1018 705 2774
1019 2708 2741
1020 2889 2215
1021 906 640
1022 959 1119
1023 997 1672
1024 1227 3074
1025 578 1563
1026 2966 1943
1027 3259 1631
1028 1581 3187
1029 823 1106
1030 3269 447
1031 2209 3006
1032 580 3235
1033 1065 1294
1034 71 1316
1035 3031 3114
1036 1033 2529
1037 3042 1654
1038 409 36
1039 2367 2359
1040 1710 586
1041 2191 1881
1042 1663 1798
1043 1785 145
1044 548 2903
1045 2759 2093
1046 659 1541
1047 2108 2879
1048 2568 1432
1049 1170 890
1050 3258 555
1051 1365 2198
1052 1983 2031
1053 2506 255
1054 1938 1594
1055 1269 359
1056 961 2847
1057 2674 2197
1058 386 1110
1059 3209 261
1060 738 601
1061 2994 2363
1062 2610 2164
1063 3092 3206
1064 1740 248
1065 280 936
1066 2670 1633
1067 2612 223
1068 3092 2892
1069 500 1374
1070 2076 1709
1071 1864 981
1072 1386 1227
1073 79 203
1074 1306 1895
1075 2863 743
1076 910 1250
1077 1282 355
1078 1967 2409
1079 196 984
1080 1738 152
1081 1916 2476
1082 30 1035
1083 2686 888
1084 1524 3004
1085 2277 433
1086 3265 1315
1087 3071 3061
1088 1323 2022
1089 51 363
1090 2493 1445
1091 644 551
1092 2770 1862
1093 1976 1417
1094 822 850
1095 2490 222
1096 2340 193
1097 638 315
1098 3174 198
1099 2062 1616
1100 52 1697
1101 1142 2829
1102 642 3162
1103 1222 2428
1104 1922 233
1105 2690 698
1106 1525 2274
1107 608 1975
1108 619 1091
1109 474 1252
1110 711 1211
1111 379 1651
1112 2663 1199
1113 2080 2364
1114 2624 2510
1115 1905 3232
1116 991 427
1117 1263 1040
1118 2003 2209
1119 416 1718
1120 401 2724
1121 2476 2797
1122 1824 2103
1123 1433 1239
1124 1377 2918
1125 3112 2197
1126 2538 2563
1127 1780 3067
1128 1295 2784
1129 2921 485
1130 1690 95
1131 1469 352
1132 2721 2360
1133 1260 928
1134 1434 1570
1135 2507 292
1136 3126 1655
1137 1691 1943
1138 3118 471
1139 2612 1099
1140 1496 25
1141 725 486
1142 3177 2453
1143 2416 2464
1144 2705 2804
1145 829 3191
1146 2854 3243
1147 762 806
1148 3100 2636
1149 676 1977
1150 1997 3105
1151 496 1249
1152 2926 777
1153 63 53
1154 965 2070
1155 1534 1305
1156 32 3226
1157 1766 2192
1158 2344 315
1159 2306 1305
1160 889 1234
1161 1137 2603
1162 1494 1305
1163 1021 2809
1164 2386 1721
1165 247 564
1166 3199 479
1167 1419 1212
1168 1571 2628
1169 1925 2683
1170 309 464
1171 3214 1809
1172 2127 2363
1173 2320 470
1174 2333 733
1175 2628 1113
1176 2398 3033
1177 428 1089
1178 2242 1665
1179 1032 1438
1180 587 1656
1181 1630 3109
1182 308 2659
1183 391 201
1184 513 1578
1185 2513 2201
1186 2196 639
1187 345 2759
1188 2312 2071
1189 3078 1924
1190 1537 232
1191 2177 544
1192 106 1932
1193 2745 1182
1194 2559 575
1195 808 1980
1196 44 3266
1197 934 3116
1198 1452 335
1199 25 1844
1200 334 458
1201 1666 1426
1202 573 3129
1203 59 1297
1204 1133 2501
1205 2310 175
1206 992 558
1207 842 1723
1208 2511 51
1209 111 2239
1210 2549 2646
1211 1184 3109
1212 2709 2484
1213 1932 930
1214 712 2903
1215 755 155
1216 1162 746
1217 3209 2931
1218 1632 201
1219 364 1171
1220 1811 2179
1221 2616 2153
1222 1310 1867
1223 2736 227
1224 1231 1291
1225 1819 580
1226 1688 1155
1227 883 768
1228 3264 566
1229 2849 328
1230 1552 1483
1231 632 2356
1232 2459 2363
1233 2420 120
1234 1403 2630
1235 633 56
1236 368 1481
1237 1047 1945
1238 2203 3065
1239 3187 1846
1240 306 1664
1241 2076 2635
1242 2094 1144
1243 2924 634
1244 2337 481
1245 2830 1914
1246 272 2563
1247 2070 2791
1248 3029 611
1249 2041 2572
1250 1620 3114
1251 922 2027
1252 2039 2700
1253 2251 336
1254 2959 1467
1255 1955 2691
1256 3179 2298
1257 2414 1851
1258 2055 2927
1259 1403 2179
1260 3232 443
1261 2148 189
1262 2282 1029
1263 1968 2743
1264 1215 2380
1265 2598 680
1266 395 3047
1267 2582 1749
1268 1656 240
1269 2055 1550
1270 2170 2950
1271 2886 2407
1272 2958 2836
1273 2220 1783
1274 2569 2097
1275 1453 1735
1276 2187 648
1277 2064 2692
1278 2694 397
1279 1518 153
1280 1103 63
1281 2203 1284
1282 1476 2028
1283 1314 762
1284 3199 3159
1285 616 366
1286 1138 1922
1287 1246 702
1288 1763 1500
1289 1941 2814
1290 532 2602
1291 2556 2509
1292 1114 3009
1293 1630 913
1294 2393 2589
1295 3003 3104
1296 2982 982
1297 299 1715
1298 1583 1883
1299 381 464
1300 313 3020
1301 2418 1334
1302 469 1351
1303 2932 1024
1304 1323 1700
1305 2944 2422
1306 2294 532
1307 1881 1296
1308 1535 1546
1309 883 2993
1310 1840 1673
1311 2988 326
1312 3212 1228
1313 383 2736
1314 211 2640
1315 802 2792
1316 2260 2841
1317 3055 2901
1318 345 2751
1319 1920 140
1320 2504 1952
1321 1184 1319
1322 362 197
1323 1026 1495
1324 1040 1871
1325 855 817
1326 735 1
1327 2602 232
1328 962 2083
1329 473 1937
1330 2632 3148
1331 1417 3135
1332 1497 1018
1333 2454 270
1334 117 2775
1335 3019 1825
1336 2509 2825
1337 8 719
1338 2962 1318
1339 2612 432
1340 3165 1636
1341 364 2785
1342 1485 1880
1343 458 1756
1344 1145 3201
1345 2910 478
1346 478 801
1347 1953 419
1348 2762 1066
1349 1595 2094
1350 1843 167
1351 2117 108
1352 1083 132
1353 825 1726
1354 1481 2164
1355 340 2039
1356 975 410
1357 2487 1315
1358 2600 215
1359 2936 764
1360 1605 2955
1361 1288 3158
1362 1035 1212
1363 97 377
1364 458 1812
1365 2519 701
1366 553 1887
1367 2804 2430
1368 644 1141
1369 2423 2682
1370 2960 2819
1371 2149 634
1372 3220 2816
1373 1619 1934
1374 1962 3014
1375 953 2992
1376 2797 1499
1377 3269 1518
1378 1287 2139
1379 826 2330
1380 1471 527
1381 1579 1871
1382 387 364
1383 3149 3215
1384 3087 2230
1385 1581 1819
1386 729 1913
1387 586 541
1388 1778 2178
1389 2886 589
1390 231 273
1391 2869 1429
1392 1379 905
1393 1087 753
1394 928 3220
1395 604 2596
1396 2355 3005
1397 2864 1735
1398 1523 3057
1399 2115 491
1400 2968 1355
1401 2609 1141
1402 642 28
1403 2301 3016
1404 941 278
1405 2593 205
1406 505 497
1407 1719 2343
1408 3089 1688
1409 1248 2746
1410 2022 2642
1411 55 826
1412 2064 542
1413 1573 2994
1414 373 2826
1415 3022 2159
1416 858 1591
1417 931 2752
1418 1382 2695
1419 1819 3107
1420 1277 748
1421 1442 259
1422 2188 586
1423 1371 2322
1424 60 3082
1425 1443 3209
1426 3075 271
1427 687 273
1428 2504 2432
1429 573 2243
1430 2535 1019
1431 474 102
1432 137 1461
1433 2970 2242
1434 936 1118
1435 1435 2462
1436 2485 2461
1437 1127 801
1438 787 2866
1439 108 1559
1440 178 2693
1441 212 1152
1442 1761 1331
1443 2036 1187
1444 1442 399
1445 313 2782
1446 3166 667
1447 3180 2684
1448 52 1201
1449 2861 2175
1450 72 1257
1451 992 2999
1452 468 2805
1453 989 1773
1454 784 1532
1455 509 239
1456 861 184
1457 562 2562
1458 1803 2915
1459 1189 611
1460 2727 964
1461 2506 1468
1462 3268 144
1463 1048 2186
1464 2662 2897
1465 2604 2013
1466 2197 1149
1467 1359 155
1468 552 1218
1469 1569 284
1470 3106 2408
1471 3041 2288
1472 2063 201
1473 3150 372
1474 3023 733
1475 2931 2324
1476 3009 2755
1477 3110 1928
1478 81 3114
1479 1563 827
1480 2822 743
1481 1649 1379
1482 213 781
1483 1361 2987
1484 518 1988
1485 1054 77
1486 1376 118
1487 2453 1817
1488 150 2699
1489 18 760
1490 1280 2117
1491 3128 698
1492 1611 2912
1493 2410 1618
1494 3229 1705
1495 156 1025
1496 1401 592
1497 641 62
1498 2812 1755
1499 577 788
1500 1096 1717
1501 1829 1790
1502 1530 1051
1503 1261 3011
1504 429 2946
1505 346 531
1506 1683 3206
1507 2003 3112
1508 533 493
1509 1954 1156
1510 2224 10
1511 2886 2263
1512 1743 136
1513 1146 1351
1514 1776 1149
1515 3082 2806
1516 2354 1784
1517 1064 3160
1518 2612 127
1519 2868 512
1520 1141 1258
1521 1356 2988
1522 2239 1953
1523 808 994
1524 1045 2741
1525 672 1733
1526 2096 330
1527 760 881
1528 123 2387
1529 2653 2228
1530 1203 1199
1531 829 2205
1532 292 2420
1533 3121 1950
1534 2898 825
1535 1961 2172
1536 3206 8
1537 1330 1993
1538 191 1332
1539 1817 2324
1540 689 2605
1541 2157 1092
1542 979 649
1543 1953 3096
1544 2169 2264
1545 2168 3109
1546 1497 2479
1547 3076 2158
1548 398 2302
1549 545 2764
1550 108 1835
1551 653 2962
1552 339 3146
1553 2879 1315
1554 2239 3131
1555 1720 2062
1556 2885 1355
1557 848 820
1558 2783 495
1559 2654 2509
1560 2901 3143
1561 1231 1441
1562 2231 1113
1563 552 2628
1564 822 1888
1565 3152 561
1566 1141 457
1567 2219 1387
1568 2012 189
1569 2858 1751
1570 1100 876
1571 1636 2041
1572 514 2111
1573 2319 2461
1574 912 1348
1575 75 2530
1576 15 371
1577 2163 1305
1578 2619 1379
1579 1362 576
1580 2391 420
1581 2263 339
1582 2459 2350
1583 1146 2692
1584 753 2263
1585 2793 925
1586 2215 3189
1587 303 1023
1588 2346 3099
1589 3258 1323
1590 1495 31
1591 2261 292
1592 423 1025
1593 2013 543
1594 1046 3031
1595 1485 3173
1596 2065 1987
1597 3203 725
1598 3166 1976
1599 2689 2508
1600 1576 2448
1601 1585 31
1602 318 890
1603 822 1170
1604 142 1464
1605 1276 2618
1606 16 1657
1607 1865 3074
1608 701 816
1609 1881 296
1610 1945 1035
1611 1332 1099
1612 2753 2925
1613 2475 640
1614 1874 2085
1615 45 3069
1616 2293 2489
1617 2672 428
1618 2864 2967
1619 777 1709
1620 1419 2404
1621 1649 2115
1622 1213 211
1623 2508 1728
1624 3167 640
1625 793 2139
1626 2510 2115
1627 2200 1922
1628 162 1212
1629 980 2444
1630 2971 838
1631 585 471
1632 55 2438
1633 670 435
1634 263 600
1635 1909 1859
1636 3151 19
1637 900 2288
1638 2720 1164
1639 2093 661
1640 3209 43
1641 2036 1136
1642 2717 1529
1643 3142 57
1644 2482 85
1645 676 1982
1646 407 1348
1647 2757 819
1648 1430 1131
1649 858 1739
1650 1849 3207
1651 649 1174
1652 1858 140
1653 2948 2369
1654 1479 2135
1655 3087 1066
1656 1957 219
1657 8 2394
1658 1774 3097
1659 1099 129
1660 1031 1292
1661 1104 2145
1662 856 2276
1663 2898 468
1664 2245 2319
1665 3239 3123
1666 115 2330
1667 922 2813
1668 3204 501
1669 3094 2094
1670 476 2623
1671 2171 1137
1672 84 1075
1673 42 1576
1674 1671 2710
1675 375 422
1676 2675 1891
1677 2932 2511
1678 214 554
1679 1641 2581
1680 1206 2000
1681 2129 265
1682 3205 1344
1683 1071 49
1684 2317 685
1685 833 1092
1686 1937 537
1687 455 2465
1688 664 1030
1689 1923 846
1690 497 1209
1691 3227 2484
1692 814 789
1693 1279 3030
1694 493 1812
1695 437 774
1696 2966 1152
1697 2711 1951
1698 2424 2032
1699 461 2908
1700 404 2195
1701 54 2697
1702 1053 2348
1703 72 436
1704 3251 355
1705 3154 2805
1706 2186 1321
1707 2995 1726
1708 1059 2015
1709 2131 544
1710 3213 78
1711 2103 1877
1712 1567 2470
1713 1417 1054
1714 1324 1524
1715 2821 1995
1716 1280 1776
1717 2300 595
1718 2198 3194
1719 910 309
1720 3259 1238
1721 2366 202
1722 301 1184
1723 513 364
1724 2160 1569
1725 2653 1732
1726 2455 1410
1727 260 3174
1728 407 960
1729 2279 419
1730 3034 2100
1731 3025 1054
1732 1629 1222
1733 293 1584
1734 2442 3231
1735 544 1135
1736 2052 1040
1737 2380 2573
1738 860 616
1739 1180 538
1740 2000 639
1741 1138 698
1742 1751 333
1743 2975 2077
1744 2219 3083
1745 368 2920
1746 174 1251
1747 308 966
1748 672 977
1749 1028 3153
1750 1769 1297
1751 842 2028
1752 396 2245
1753 537 3200
1754 2846 1386
1755 1339 1592
1756 1209 2127
1757 3203 1316
1758 535 3133
1759 2852 2740
1760 2534 871
1761 1765 1990
1762 1158 1621
1763 1402 2600
1764 511 67
1765 2478 2685
1766 2669 1451
1767 1561 2437
1768 1873 2779
1769 1707 2002
1770 1141 474
1771 1694 2929
1772 3158 1110
1773 2649 1289
1774 1083 1562
1775 58 3176
1776 2968 1146
1777 455 1034
1778 620 1266
1779 1053 692
1780 2382 2634
1781 606 1266
1782 396 2758
1783 10 1938
1784 2656 2217
1785 1939 2602
1786 3215 78
1787 770 882
1788 611 990
1789 670 1683
1790 1641 2336
1791 2258 1258
1792 1066 2977
1793 1229 420
1794 2516 3124
1795 1498 3117
1796 523 1526
1797 2041 151
1798 2860 3100
1799 1129 310
1800 1799 2119
1801 1748 2181
1802 2899 945
1803 1319 1993
1804 2361 407
1805 2923 531
1806 28 974
1807 1857 1935
1808 388 538
1809 53 749
1810 293 2342
1811 2734 1600
1812 1658 1247
1813 1388 617
1814 857 2107
1815 1275 862
1816 828 2489
1817 2501 1283
1818 3067 2298
1819 578 2925
1820 3116 3192
1821 2841 2632
1822 3041 1149
1823 2164 409
1824 562 3000
1825 425 2648
1826 3120 2357
1827 2507 1345
1828 1904 1614
1829 852 1112
1830 1041 1293
1831 760 566
1832 811 1979
1833 85 893
1834 2902 1977
1835 145 737
1836 603 1877
1837 1453 3212
1838 638 2150
1839 834 1822
1840 758 1767
1841 566 573
1842 3259 2017
1843 2927 1014
1844 323 954
1845 424 109
1846 2831 649
1847 1125 3061
1848 2086 1158
1849 1253 1950
1850 823 2904
1851 2641 2365
1852 1492 789
1853 916 792
1854 1766 1536
1855 3156 1841
1856 2618 3101
1857 2684 2224
1858 2083 1850
1859 521 2803
1860 1654 2853
1861 1019 3058
1862 1745 2052
1863 1664 2444
1864 1127 2311
1865 670 2496
1866 1226 147
1867 1699 2064
1868 2254 2566
1869 1037 939
1870 1733 2230
1871 2361 2869
1872 718 2173
1873 370 2454
1874 474 1066
1875 2649 2565
1876 300 2797
1877 1271 2222
1878 2623 2722
1879 2626 2749
1880 422 2964
1881 598 734
1882 1342 396
1883 1989 556
1884 1761 2086
1885 2683 2638
1886 1623 2223
1887 2516 833
1888 2120 2339
1889 1287 2750
1890 1888 690
1891 1344 2960
1892 3147 1463
1893 1075 40
1894 2929 1627
1895 2016 1877
1896 1729 2697
1897 950 1572
1898 1044 2146
1899 2664 2304
1900 1769 2484
1901 1169 1837
1902 2028 1526
1903 2103 1802
1904 76 2333
1905 1006 1699
1906 2681 227
1907 2745 238
1908 73 1241
1909 1046 2522
1910 3045 2957
1911 2131 987
1912 3079 2668
1913 2834 341
1914 2981 2776
1915 496 2021
1916 3232 2340
1917 2680 1324
1918 2912 1900
1919 695 2166
1920 393 2738
1921 2630 1252
1922 1715 1269
1923 1001 726
1924 114 3237
1925 2991 2627
1926 2517 2908
1927 3024 1441
1928 1702 2954
1929 1674 2480
1930 2498 1280
1931 3228 1159
1932 178 1879
1933 1310 782
1934 409 449
1935 2161 1919
1936 1809 2788
1937 645 323
1938 767 344
1939 1029 1068
1940 1634 460
1941 3237 220
1942 471 2693
1943 2569 1730
1944 913 1806
1945 555 309
1946 991 1870
1947 3208 1505
1948 2115 45
1949 2088 124
1950 2902 2633
1951 1582 1186
1952 2268 89
1953 200 1260
1954 847 2744
1955 2092 1449
1956 2604 988
1957 2302 1735
1958 1806 2141
1959 2865 408
1960 3229 2798
1961 288 2934
1962 2291 767
1963 279 1568
1964 1815 898
1965 1021 2631
1966 2065 2715
1967 1469 152
1968 2522 844
1969 1031 172
1970 2272 2156
1971 1549 2178
1972 197 1529
1973 1761 826
1974 1052 3032
1975 497 2700
1976 964 1612
1977 2736 6
1978 132 2615
1979 1986 328
1980 1059 405
1981 1984 2071
1982 1959 3181
1983 2289 2743
1984 2597 3159
1985 460 3072
1986 1665 966
1987 644 633
1988 1009 712
1989 842 1122
1990 1989 2218
1991 2882 1151
1992 2056 2048
1993 812 890
1994 428 658
1995 410 3231
1996 1103 2990
1997 3100 2258
1998 2679 1993
1999 2197 3002
2000 1989 449
2001 268 3126
2002 1354 3236
2003 1984 859
2004 957 2149
2005 36 79
2006 1161 1840
2007 2044 1517
2008 698 285
2009 1834 2173
2010 2061 3239
2011 1806 2978
2012 2677 1779
2013 278 560
2014 487 2202
2015 235 1980
2016 2806 994
2017 3164 341
2018 45 1699
2019 2457 493
2020 2041 1627
2021 619 1651
2022 1024 2588
2023 1047 3076
2024 435 487
2025 692 604
2026 151 832
2027 439 2412
2028 2443 1693
2029 365 1115
2030 899 2066
2031 3212 791
2032 87 2044
2033 3235 1290
2034 2216 985
2035 113 774
2036 2397 3258
2037 1790 354
2038 272 356
2039 501 2307
2040 747 2464
2041 216 3043
2042 1998 2073
2043 1274 1034
2044 3145 2830
2045 1387 1893
2046 2192 1726
2047 2408 747
2048 1154 2430
2049 1832 3173
2050 1843 795
2051 357 3072
2052 2701 3122
2053 334 675
2054 241 2871
2055 2110 2154
2056 585 1067
2057 679 3230
2058 1466 1271
2059 557 2083
2060 257 594
2061 2291 890
2062 2151 8
2063 75 89
2064 3060 3036
2065 1631 3151
2066 2284 2785
2067 18 2415
2068 3171 2558
2069 768 658
2070 1435 3053
2071 1995 2623
2072 1645 3010
2073 216 1950
2074 1533 818
2075 2097 2253
2076 1875 2052
2077 3151 2804
2078 1002 548
2079 2754 592
2080 2267 3121
2081 2894 2021
2082 2935 613
2083 78 706
2084 3227 1348
2085 1925 2054
2086 733 2586
2087 706 720
2088 1623 302
2089 1420 14
2090 1211 1923
2091 851 1910
2092 2149 3039
2093 1695 2895
2094 1882 2601
2095 1598 893
2096 1044 595
2097 334 745
2098 2493 2904
2099 2681 3042
2100 1832 1123
2101 493 100
2102 855 1359
2103 3018 186
2104 823 21
2105 1068 1737
2106 2291 938
2107 2676 1483
2108 1516 1243
2109 110 2988
2110 557 629
2111 1859 3231
2112 1067 1890
2113 2869 450
2114 2502 342
2115 982 1980
2116 554 2097
2117 757 76
2118 626 1283
2119 1583 1488
2120 2361 1281
2121 396 1853
2122 2595 2771
2123 1375 1597
2124 2678 2670
2125 1511 2076
2126 2111 583
2127 73 98
2128 217 2007
2129 854 2560
2130 404 2048
2131 2443 3080
2132 234 3060
2133 1385 887
2134 1513 2882
2135 25 2358
2136 2151 1507
2137 1700 1804
2138 2659 865
2139 1583 3144
2140 1410 2168
2141 52 2448
2142 1258 627
2143 205 602
2144 2318 1134
2145 1850 1992
2146 3027 2408
2147 2401 2498
2148 1391 1453
2149 2104 1804
2150 1082 1820
2151 2783 390
2152 1917 381
2153 1727 3262
2154 2387 560
2155 2353 675
2156 2771 2903
2157 1097 86
2158 1758 737
2159 907 1038
2160 521 1241
2161 1462 633
2162 85 1026
2163 353 3058
2164 269 2970
2165 428 2127
2166 2883 2321
2167 2450 186
2168 2994 2296
2169 1347 1589
2170 991 2199
2171 559 2085
2172 1074 151
2173 851 1014
2174 339 2708
2175 1650 963
2176 802 2877
2177 2827 403
2178 352 2595
2179 292 1104
2180 2672 2143
2181 1332 1457
2182 25 478
2183 2380 3139
2184 2578 622
2185 2691 2125
2186 526 1676
2187 570 2184
2188 188 646
2189 3252 1543
2190 2775 272
2191 2999 405
2192 1732 2040
2193 397 181
2194 2300 611
2195 493 62
2196 455 1758
2197 1177 2895
2198 1407 811
2199 277 1099
2200 681 453
2201 2274 561
2202 2283 3169
2203 1308 2793
2204 3119 161
2205 215 1688
2206 1404 2193
2207 69 2725
2208 1353 2978
2209 2625 2417
2210 368 128
2211 525 3213
2212 1433 114
2213 515 3031
2214 2087 46
2215 1682 2464
2216 3257 1924
2217 869 2700
2218 456 2865
2219 2653 2523
2220 2602 2655
2221 996 1493
2222 745 2701
2223 2013 1602
2224 387 1846
2225 2605 3118
2226 1512 1611
2227 643 1162
2228 2748 428
2229 819 2094
2230 3168 2928
2231 3009 2751
2232 2386 683
2233 377 1427
2234 1620 2172
2235 2370 116
2236 452 859
2237 2763 1235
2238 1620 1179
2239 2588 996
2240 2160 190
2241 1031 1791
2242 2185 735
2243 2397 1060
2244 1081 1294
2245 1419 543
2246 1856 75
2247 2035 943
2248 2902 631
2249 213 2872
2250 2049 908
2251 2252 1189
2252 1163 2501
2253 332 1421
2254 956 1962
2255 51 1456
2256 2800 1201
2257 2920 1514
2258 1618 1531
2259 1616 379
2260 2330 3156
2261 2772 2204
2262 1269 3268
2263 493 2762
2264 2237 1050
2265 1192 385
2266 591 774
2267 2113 1812
2268 2160 672
2269 2931 2656
2270 1456 1594
2271 3220 797
2272 1312 113
2273 1273 2124
2274 1681 168
2275 1899 60
2276 1853 1768
2277 2918 1325
2278 627 151
2279 1478 1048
2280 632 3068
2281 1508 493
2282 2074 2156
2283 2725 1324
2284 207 330
2285 819 2708
2286 2126 1705
2287 2588 31
2288 2307 614
2289 3019 554
2290 350 1109
2291 1123 1307
2292 1090 1205
2293 954 2129
2294 1792 3002
2295 2299 1988
2296 868 3058
2297 616 143
2298 888 576
2299 2411 2662
2300 1216 1535
2301 1865 2647
2302 1348 2267
2303 2481 505
2304 267 1637
2305 3207 306
2306 1442 955
2307 1665 2257
2308 751 922
2309 307 2665
2310 2864 3096
2311 1423 2020
2312 1865 2444
2313 2165 3056
2314 537 119
2315 857 2358
2316 763 2930
2317 1850 434
2318 3209 2137
2319 1914 560
2320 1953 762
2321 1141 2117
2322 1674 1189
2323 112 1239
2324 952 2155
2325 2190 1012
2326 1179 63
2327 1613 1252
2328 2082 1434
2329 982 171
2330 831 3211
2331 1702 613
2332 303 1805
2333 814 940
2334 1631 1854
2335 857 1870
2336 453 484
2337 319 6
2338 544 2114
2339 889 55
2340 1215 1382
2341 2132 2086
2342 54 1888
2343 3249 3128
2344 2383 1882
2345 2832 2008
2346 817 1285
2347 72 893
2348 626 570
2349 3056 2590
2350 2851 570
2351 236 3173
2352 1477 2085
2353 2096 1577
2354 3255 2510
2355 2767 634
2356 401 269
2357 193 1161
2358 2175 2161
2359 1330 1545
2360 40 951
2361 1388 3105
2362 2181 469
2363 1725 323
2364 1999 79
2365 787 772
2366 2739 2455
2367 2135 68
2368 127 2085
2369 2208 1383
2370 1507 2905
2371 2273 1970
2372 180 2399
2373 556 213
2374 3131 2688
2375 1623 342
2376 1201 994
2377 1125 1571
2378 2851 2299
2379 494 2968
2380 756 3239
2381 558 917
2382 3142 483
2383 2991 1362
2384 789 2059
2385 854 814
2386 2654 2577
2387 227 3256
2388 1359 3194
2389 1856 1516
2390 1221 690
2391 1175 351
2392 1882 2943
2393 967 2013
2394 3257 388
2395 984 3079
2396 2448 1525
2397 3032 2009
2398 1942 2659
2399 328 3254
2400 647 2093
2401 2291 1429
2402 274 2483
2403 1810 475
2404 1153 126
2405 718 972
2406 449 1675
2407 1261 2674
2408 504 2904
2409 963 2867
2410 71 3244
2411 2279 1778
2412 2219 1341
2413 391 67
2414 2865 2389
2415 2439 1798
2416 2900 1057
2417 2226 1811
2418 601 2197
2419 13 2957
2420 2448 2126
2421 1026 1253
2422 1129 91
2423 908 1933
2424 1635 2239
2425 2017 2734
2426 2345 1435
2427 1219 321
2428 1095 1267
2429 2088 1146
2430 2741 1363
2431 2493 130
2432 204 2804
2433 492 508
2434 2565 3173
2435 1997 747
2436 1068 421
2437 1388 1787
2438 2876 1739
2439 169 2893
2440 2644 821
2441 3026 445
2442 2361 628
2443 2209 159
2444 2843 1597
2445 2149 1592
2446 907 3226
2447 884 1242
2448 1110 3162
2449 1317 3109
2450 1266 2076
2451 2937 300
2452 2118 1239
2453 1194 2578
2454 1475 1567
2455 120 640
2456 102 307
2457 470 1604
2458 1240 1836
2459 867 3079
2460 622 1204
2461 2335 1386
2462 2473 425
2463 2574 2123
2464 291 3075
2465 40 2084
2466 986 859
2467 2164 1798
2468 163 2708
2469 1166 114
2470 1964 2467
2471 2996 200
2472 3199 1001
2473 1629 1965
2474 3153 1143
2475 374 1186
2476 284 814
2477 2058 470
2478 2454 238
2479 397 3027
2480 1769 2206
2481 2869 150
2482 2178 3090
2483 171 2284
2484 2325 1539
2485 2745 1263
2486 2006 3018
2487 1975 530
2488 983 1719
2489 1827 1193
2490 1564 3193
2491 1667 2998
2492 340 3067
2493 1719 2561
2494 1436 1945
2495 1157 1204
2496 2368 1863
2497 722 3252
2498 1326 1273
2499 1608 2335
2500 1913 2968
2501 2093 3115
2502 2111 72
2503 1274 443
2504 1320 3195
2505 585 1978
2506 2522 1366
2507 233 1086
2508 2182 2510
2509 2847 1456
2510 3056 242
2511 3077 642
2512 1449 2069
2513 1852 1287
2514 966 2675
2515 2474 2795
2516 1589 797
2517 2697 2989
2518 2161 2378
2519 2727 2493
2520 1744 1404
2521 1951 972
2522 1571 600
2523 2259 1229
2524 3066 2146
2525 1284 1199
2526 170 1379
2527 2064 2326
2528 1185 1430
2529 2564 867
2530 2798 232
2531 2928 1232
2532 15 556
2533 2767 1640
2534 1342 680
2535 2855 2824
2536 2462 646
2537 815 1467
2538 371 1244
2539 1875 2865
2540 3060 223
2541 673 2729
2542 1496 344
2543 1387 762
2544 3158 194
2545 3213 1960
2546 1630 1708
2547 949 2293
2548 1799 3152
2549 1437 120
2550 1618 818
2551 2203 981
2552 3019 731
2553 3209 512
2554 3088 2195
2555 910 2428
2556 1502 241
2557 2242 607
2558 2245 687
2559 2408 598
2560 1609 598
2561 2084 1765
2562 1312 264
2563 2082 671
2564 1145 1398
2565 1960 2988
2566 919 573
2567 2543 43
2568 2369 2982
2569 2934 1657
2570 113 827
2571 2150 2955
2572 610 741
2573 1738 2571
2574 3200 958
2575 768 144
2576 200 256
2577 1785 781
2578 1800 826
2579 3152 1341
2580 1473 3172
2581 2453 1677
2582 21 2879
2583 62 19
2584 2071 1033
2585 1462 2417
2586 1098 3006
2587 2798 1275
2588 1668 2385
2589 2437 446
2590 1589 1867
2591 2876 1039
2592 1727 1697
2593 2578 3075
2594 2555 390
2595 1738 2729
2596 2339 1648
2597 1610 1209
2598 2071 2539
2599 1714 1114
2600 3227 41
2601 1185 265
2602 1718 3265
2603 1148 889
2604 2436 941
2605 2132 2433
2606 277 2462
2607 3219 2056
2608 2124 2899
2609 2514 2933
2610 2275 905
2611 51 330
2612 2638 1728
2613 2795 23
2614 115 3055
2615 2534 530
2616 2871 544
2617 2351 2854
2618 493 1362
2619 3057 2359
2620 3010 703
2621 3014 684
2622 1842 476
2623 580 2096
2624 3067 348
2625 633 1618
2626 2504 3069
2627 1124 2843
2628 532 489
2629 349 265
2630 2788 2929
2631 1714 2139
2632 849 1520
2633 2791 1648
2634 1856 2069
2635 2260 2975
2636 3029 1002
2637 1450 595
2638 1422 1928
2639 1237 123
2640 2368 2193
2641 370 487
2642 615 2720
2643 2541 3024
2644 404 3197
2645 2886 772
2646 1679 2686
2647 2807 202
2648 2818 598
2649 1599 1359
2650 3069 2167
2651 122 359
2652 1535 91
2653 1747 1187
2654 271 1712
2655 2749 2111
2656 447 2082
2657 2746 1062
2658 304 917
2659 2841 24
2660 2501 682
2661 185 883
2662 962 1260
2663 582 2256
2664 758 458
2665 1994 389
2666 634 388
2667 2372 2207
2668 182 1070
2669 2456 1779
2670 2149 3006
2671 226 949
2672 536 1917
2673 164 1895
2674 959 469
2675 1657 73
2676 1 1909
2677 2909 3032
2678 917 2875
2679 573 3094
2680 2408 2563
2681 1644 640
2682 504 414
2683 2410 3269
2684 26 2485
2685 3188 1788
2686 514 1065
2687 3156 2870
2688 1936 2451
2689 2233 1635
2690 1746 2866
2691 2846 2856
2692 1842 1478
2693 3021 416
2694 1193 354
2695 2932 770
2696 1900 79
2697 2680 912
2698 1328 1474
2699 1539 1693
2700 1465 1326
2701 1341 929
2702 1140 2837
2703 2290 1226
2704 3147 2748
2705 135 2499
2706 866 1536
2707 1617 1782
2708 3217 2174
2709 84 2540
2710 743 1555
2711 2164 284
2712 2379 1302
2713 1617 98
2714 1130 1073
2715 1816 2431
2716 1030 3040
2717 1842 2352
2718 2905 600
2719 2489 2716
2720 2351 516
2721 2255 329
2722 2703 1533
2723 537 337
2724 2063 2298
2725 1053 2792
2726 1369 3000
2727 333 156
2728 3259 3233
2729 2430 867
2730 573 2006
2731 3186 895
2732 1334 1846
2733 868 2831
2734 586 1663
2735 3092 1087
2736 130 1856
2737 1891 1010
2738 1136 52
2739 65 2137
2740 2198 1729
2741 1067 1536
2742 768 3166
2743 598 2440
2744 26 1520
2745 548 2508
2746 3167 2340
2747 12 2434
2748 857 352
2749 2192 2711
2750 1477 2210
2751 1266 163
2752 3152 1638
2753 2803 711
2754 2425 2647
2755 1683 1187
2756 167 2397
2757 2726 2299
2758 2754 2276
2759 600 2920
2760 580 3266
2761 1926 1477
2762 1780 2032
2763 827 2855
2764 820 2948
2765 633 2431
2766 2437 3235
2767 1533 629
2768 1069 3189
2769 334 2511
2770 2599 198
2771 1220 1498
2772 1936 1476
2773 3079 2366
2774 567 2372
2775 2208 778
2776 2489 1281
2777 771 731
2778 1867 2647
2779 2110 1295
2780 1987 2794
2781 2012 2731
2782 3103 1351
2783 3173 96
2784 2563 1607
2785 497 2974
2786 57 1958
2787 2343 877
2788 2931 1262
2789 235 2662
2790 35 904
2791 1841 1864
2792 2724 3165
2793 1953 458
2794 1651 1366
2795 1226 632
2796 1054 1440
2797 3264 1178
2798 2278 1390
2799 3017 3118
2800 2571 716
2801 411 2374
2802 2785 2645
2803 2793 461
2804 1118 2491
2805 3101 868
2806 3088 412
2807 146 2556
2808 661 2021
2809 1453 811
2810 2059 322
2811 3242 400
2812 663 2285
2813 2449 2313
2814 1679 189
2815 2257 1028
2816 1977 2583
2817 1733 943
2818 1387 1994
2819 1745 1586
2820 613 1349
2821 2092 1506
2822 1082 1842
2823 2130 2629
2824 2030 2679
2825 3124 2237
2826 192 125
2827 1168 468
2828 2930 702
2829 1818 692
2830 2126 3012
2831 3176 2113
2832 1070 1586
2833 361 2549
2834 2594 1694
2835 2394 2652
2836 1532 2408
2837 1487 2586
2838 1299 1691
2839 678 2194
2840 1748 1873
2841 1657 2150
2842 2196 135
2843 1981 901
2844 2837 589
2845 1412 1254
2846 878 585
2847 2339 1371
2848 2886 220
2849 3199 1350
2850 2360 1912
2851 2557 2122
2852 127 2147
2853 289 2623
2854 448 1268
2855 2778 1354
2856 817 1525
2857 2953 1395
2858 645 1392
2859 740 1964
2860 1109 1018
2861 2328 2356
2862 834 1871
2863 807 878
2864 3052 3037
2865 1724 1679
2866 2754 1358
2867 1005 2061
2868 1866 2231
2869 1759 22
2870 1351 839
2871 159 547
2872 2912 2136
2873 481 914
2874 566 483
2875 3268 848
2876 1280 2910
2877 47 2724
2878 1134 1298
2879 599 2841
2880 144 17
2881 1482 1291
2882 2086 764
2883 738 1328
2884 1678 2976
2885 272 165
2886 2799 2074
2887 1925 409
2888 1374 2789
2889 2190 2154
2890 3085 2013
2891 132 1551
2892 2955 2499
2893 1052 1180
2894 355 1650
2895 1487 2919
2896 1683 2545
2897 2672 1577
2898 965 2476
2899 2709 2383
2900 503 3002
2901 1002 1991
2902 2955 2330
2903 1720 1775
2904 1687 1078
2905 328 3182
2906 2164 2932
2907 2405 1593
2908 1943 1203
2909 2804 49
2910 2919 1122
2911 928 445
2912 1717 897
2913 3147 891
2914 3051 979
2915 2224 1280
2916 2097 3122
2917 506 1399
2918 2689 507
2919 816 2406
2920 2612 2919
2921 1484 2434
2922 943 1802
2923 2634 2167
2924 3198 2089
2925 686 1886
2926 2810 2793
2927 742 1555
2928 107 483
2929 1612 953
2930 1226 2452
2931 2083 877
2932 2738 2388
2933 2805 1061
2934 2315 863
2935 1647 195
2936 1975 3202
2937 158 1781
2938 2006 2543
2939 996 1120
2940 1070 467
2941 883 2940
2942 3262 2020
2943 504 2641
2944 2591 1818
2945 1442 514
2946 1165 1812
2947 2907 890
2948 1656 1974
2949 3166 476
2950 1448 2659
2951 928 3244
2952 347 1732
2953 1719 54
2954 765 876
2955 1897 108
2956 2663 3102
2957 759 2755
2958 410 2308
2959 744 291
2960 1302 866
2961 53 1689
2962 1168 2195
2963 3141 1305
2964 617 1361
2965 982 2779
2966 2413 774
2967 3004 33
2968 972 234
2969 2511 2721
2970 1818 949
2971 884 713
2972 1207 2534
2973 2005 1316
2974 2702 2716
2975 3151 1167
2976 856 1773
2977 2866 423
2978 2248 2216
2979 2185 2236
2980 661 2087
2981 176 1324
2982 302 1577
2983 166 2264
2984 31 2214
2985 208 2607
2986 2660 2318
2987 1277 1650
2988 2483 2551
2989 764 1968
2990 1815 573
2991 426 2323
2992 1941 864
2993 2873 2428
2994 1519 2377
2995 394 791
2996 2367 928
2997 2325 2846
2998 2792 170
2999 2146 2079
3000 2717 16
3001 3078 2236
3002 23 3020
3003 606 1695
3004 1801 2662
3005 775 1685
3006 1674 1904
3007 2847 1077
3008 1309 2853
3009 802 844
3010 2144 1518
3011 2554 888
3012 2451 2917
3013 185 1298
3014 447 13
3015 11 1904
3016 683 846
3017 968 1303
3018 3227 2906
3019 830 3158
3020 416 615
3021 297 1008
3022 2439 1268
3023 1891 1279
3024 1730 1087
3025 1636 1849
3026 3249 570
3027 1260 3166
3028 237 2060
3029 649 472
3030 3027 48
3031 2136 751
3032 1202 679
3033 992 2931
3034 1412 444
3035 1800 2079
3036 2262 2684
3037 1711 575
3038 444 1715
3039 74 713
3040 2107 780
3041 1680 2109
3042 66 2075
3043 76 2128
3044 859 548
3045 1860 1122
3046 3178 893
3047 1704 1438
3048 1282 681
3049 1514 602
3050 2574 2522
3051 780 1029
3052 798 574
3053 1986 1393
3054 1201 1503
3055 801 425
3056 545 2180
3057 1289 1728
3058 479 785
3059 183 2283
3060 2453 2493
3061 2813 1101
3062 2796 1716
3063 2666 173
3064 468 390
3065 1889 1107
3066 1137 1497
3067 2937 3051
3068 1970 1059
3069 2486 1225
3070 2922 842
3071 2028 1861
3072 1302 1052
3073 2086 1108
3074 1802 3010
3075 586 1663
3076 2493 773
3077 565 1490
3078 3149 363
3079 117 103
3080 846 1469
3081 2597 1593
3082 707 1215
3083 1179 1437
3084 1389 2813
3085 2158 1337
3086 53 1621
3087 2598 3195
3088 1431 1414
3089 71 813
3090 718 525
3091 1312 1904
3092 1129 3131
3093 2631 538
3094 1675 3038
3095 124 1169
3096 978 550
3097 1633 2706
3098 924 1138
3099 2655 2830
3100 337 2957
3101 1076 93
3102 2766 1211
3103 2516 2864
3104 526 2593
3105 2114 1507
3106 3228 139
3107 76 1571
3108 1119 2945
3109 1508 3059
3110 1657 1345
3111 3101 442
3112 1694 2926
3113 1526 2058
3114 869 2204
3115 2185 781
3116 3115 732
3117 305 2358
3118 1050 1932
3119 2809 2979
3120 925 2567
3121 2860 949
3122 1492 598
3123 2292 2559
3124 1357 1779
3125 356 1091
3126 2545 1917
3127 811 1460
3128 164 2459
3129 2524 625
3130 2330 966
3131 2492 2532
3132 77 366
3133 1899 352
3134 549 1584
3135 2192 2236
3136 1034 1092
3137 1485 266
3138 255 2532
3139 1249 626
3140 212 3182
3141 190 3252
3142 3164 123
3143 2189 1623
3144 2638 1533
3145 2458 3019
3146 3064 2199
3147 581 2032
3148 604 1257
3149 2430 2671
3150 3077 2917
3151 402 3144
3152 2071 2979
3153 1288 815
3154 365 1779
3155 867 1403
3156 1792 2677
3157 2880 1836
3158 1711 2892
3159 1114 1800
3160 1896 1047
3161 422 872
3162 472 2615
3163 1088 173
3164 468 1523
3165 2796 1865
3166 3212 754
3167 1473 1660
3168 1186 2012
3169 156 848
3170 1974 2736
3171 3229 975
3172 9 906
3173 1749 2657
3174 2360 2754
3175 2029 3056
3176 2864 411
3177 2837 2396
3178 862 1014
3179 3132 1452
3180 1391 1060
3181 1552 455
3182 1580 1615
3183 784 552
3184 1476 25
3185 234 2255
3186 1404 1604
3187 1223 2166
3188 985 225
3189 715 1813
3190 2053 526
3191 725 3182
3192 268 952
3193 899 2885
3194 312 1146
3195 181 480
3196 1023 1752
3197 1644 1264
3198 1313 752
3199 1011 2783
3200 2239 973
3201 1389 347
3202 889 3144
3203 2112 1459
3204 646 1842
3205 1619 2104
3206 507 2250
3207 627 504
3208 1253 2580
3209 9 1207
3210 741 2104
3211 12 2081
3212 3168 523
3213 402 600
3214 1849 1708
3215 2786 1705
3216 2182 718
3217 1207 679
3218 2171 781
3219 969 2073
3220 724 2003
3221 686 26
3222 3215 2632
3223 2709 3224
3224 2489 307
3225 3154 2864
3226 170 1462
3227 1411 1332
3228 1086 2820
3229 2824 1615
3230 1862 167
3231 1224 815
3232 2552 306
3233 1737 2296
3234 2891 2978
3235 498 886
3236 2429 2209
3237 1806 2115
3238 2101 1467
3239 2632 3254
3240 56 1148
3241 1297 576
3242 2671 2012
3243 1189 182
3244 527 2928
3245 1745 1151
3246 2737 236
3247 2140 264
3248 729 2432
3249 2545 1202
3250 195 186
3251 1088 1583
3252 2900 2407
3253 3182 2057
3254 1470 501
3255 148 2648
3256 2584 547
3257 2947 243
3258 1739 1757
3259 113 779
3260 36 50
3261 942 2820
3262 2026 1164
3263 2697 674
3264 111 2102
3265 1123 313
3266 482 1294
3267 951 1369
3268 2225 1259
3269 942 178
3270 1866 3228
