1550 1550
1 1037 431
2 649 116
3 362 1165
4 379 771
5 290 696
6 1022 721
7 1142 727
8 1239 1080
9 1378 452
10 1319 724
11 580 1032
12 520 300
13 539 1544
14 661 972
15 1254 675
16 1178 1338
17 655 1474
18 452 683
19 780 1295
20 886 250
21 23 134
22 788 664
23 1426 1307
24 915 1259
25 1337 898
26 982 652
27 1464 149
28 928 1523
29 246 947
30 1061 89
31 600 608
32 1456 177
33 1225 1447
34 531 1454
35 610 1356
36 464 1248
37 784 320
38 537 1307
39 137 1274
40 1137 564
41 244 1517
42 401 1112
43 1324 1501
44 1357 1514
45 261 283
46 1121 1190
47 156 227
48 1491 1502
49 1407 1492
50 1239 1355
51 1529 512
52 81 1296
53 466 926
54 1459 1048
55 77 655
56 1390 107
57 1429 971
58 62 658
59 1184 444
60 249 975
61 1367 288
62 1499 980
63 1405 1286
64 679 1398
65 338 1327
66 92 771
67 1489 1158
68 743 489
69 318 1548
70 358 204
71 81 48
72 82 246
73 271 490
74 33 852
75 1228 1547
76 273 1185
77 171 294
78 667 944
79 1428 587
80 1086 739
81 51 594
82 1263 677
83 893 520
84 1476 1288
85 56 1472
86 914 336
87 342 645
88 955 1474
89 155 336
90 189 967
91 769 1110
92 595 898
93 394 434
94 440 1386
95 214 1266
96 383 1192
97 1506 1289
98 546 406
99 1066 608
100 1125 750
101 1423 345
102 1088 1363
103 865 673
104 38 1330
105 1166 918
106 1540 181
107 918 652
108 1505 1453
109 467 1420
110 14 969
111 1317 175
112 1142 1029
113 1490 5
114 849 99
115 480 465
116 771 721
117 654 1496
118 197 476
119 567 1372
120 465 1024
121 980 1214
122 31 1362
123 608 957
124 663 117
125 630 117
126 592 714
127 133 1178
128 423 868
129 1454 118
130 673 701
131 735 1499
132 418 304
133 1533 1525
134 897 975
135 840 801
136 754 1254
137 853 1247
138 932 435
139 1005 58
140 194 1150
141 1357 390
142 762 1332
143 55 741
144 188 808
145 8 718
146 986 1519
147 360 600
148 536 293
149 135 57
150 1458 547
151 876 34
152 328 631
153 69 944
154 909 984
155 1099 1234
156 31 110
157 63 1161
158 680 806
159 288 1447
160 1318 198
161 210 363
162 574 678
163 1228 990
164 82 1406
165 516 1054
166 390 108
167 1010 1176
168 196 569
169 154 157
170 1303 1416
171 781 799
172 358 208
173 159 145
174 527 781
175 744 924
176 516 72
177 727 1293
178 12 1083
179 374 506
180 686 718
181 141 1092
182 656 727
183 53 263
184 287 393
185 668 196
186 1490 728
187 646 750
188 497 1036
189 665 967
190 747 1288
191 468 934
192 936 274
193 1136 1026
194 577 244
195 1276 654
196 694 778
197 239 647
198 1053 718
199 1495 1001
200 996 248
201 95 745
202 214 1144
203 641 1013
204 22 1215
205 182 736
206 909 1153
207 81 705
208 438 789
209 814 520
210 468 1126
211 1026 434
212 907 492
213 98 777
214 1054 314
215 1323 590
216 312 1071
217 929 960
218 1326 388
219 1416 535
220 526 1054
221 1539 921
222 1067 903
223 233 281
224 234 1305
225 726 7
226 349 188
227 60 967
228 395 458
229 569 1137
230 610 1210
231 1532 582
232 904 841
233 380 358
234 976 1185
235 1425 622
236 756 1222
237 292 234
238 1293 1194
239 1167 55
240 1351 1407
241 522 59
242 908 1111
243 390 1301
244 1116 1197
245 1430 1501
246 814 820
247 1482 1328
248 1479 775
249 781 806
250 636 425
251 44 950
252 364 540
253 441 194
254 1030 390
255 924 1450
256 1510 1064
257 1224 740
258 653 634
259 960 186
260 1529 487
261 490 1138
262 113 221
263 126 1109
264 1216 1336
265 1383 106
266 1149 1111
267 429 211
268 150 611
269 917 239
270 1510 974
271 1134 940
272 1348 141
273 553 687
274 774 1168
275 522 38
276 998 895
277 682 770
278 318 207
279 1092 1225
280 1095 704
281 1475 1507
282 956 632
283 464 359
284 924 754
285 1125 1503
286 15 259
287 114 216
288 854 1091
289 240 1344
290 936 386
291 1390 553
292 470 1134
293 1202 1484
294 164 587
295 945 1339
296 1234 1170
297 145 873
298 291 939
299 263 1250
300 1325 1302
301 270 374
302 1162 1226
303 1098 14
304 1389 741
305 1161 745
306 171 1198
307 1042 662
308 469 951
309 609 78
310 175 1321
311 50 813
312 235 299
313 58 1068
314 520 137
315 1080 456
316 1119 523
317 1131 1136
318 293 136
319 911 90
320 1002 928
321 19 384
322 415 5
323 82 326
324 1113 889
325 1472 354
326 921 1164
327 1009 693
328 705 880
329 138 670
330 1049 239
331 1101 330
332 320 796
333 982 687
334 1414 251
335 1510 1012
336 222 91
337 1281 1009
338 90 1547
339 690 539
340 765 79
341 1073 929
342 765 793
343 249 1505
344 637 758
345 443 1043
346 866 66
347 523 1156
348 747 1106
349 1327 261
350 806 1428
351 889 382
352 704 348
353 155 629
354 303 1176
355 864 1530
356 267 458
357 1385 566
358 1437 357
359 209 1027
360 261 1452
361 1287 162
362 98 579
363 905 252
364 255 794
365 1047 1238
366 317 114
367 167 368
368 1472 1288
369 948 1371
370 635 131
371 1073 587
372 252 542
373 181 163
374 35 1467
375 35 950
376 277 1523
377 1449 553
378 442 1098
379 732 834
380 54 1329
381 369 1148
382 48 877
383 274 1069
384 34 659
385 1127 1079
386 1149 1359
387 702 872
388 1390 1214
389 1257 83
390 1214 1453
391 1327 214
392 87 1438
393 1081 459
394 1416 1530
395 68 52
396 270 564
397 1330 1204
398 803 665
399 619 51
400 1003 1215
401 1300 1058
402 1030 398
403 711 1055
404 167 1052
405 676 1272
406 1246 1090
407 1521 560
408 894 475
409 787 255
410 570 1475
411 555 954
412 171 684
413 1112 534
414 958 109
415 1073 127
416 843 85
417 759 968
418 1283 908
419 543 376
420 1074 326
421 956 390
422 1074 1306
423 719 327
424 378 711
425 994 677
426 129 9
427 982 86
428 387 40
429 477 1298
430 924 1306
431 1101 1362
432 674 522
433 605 179
434 1381 260
435 995 1092
436 425 1209
437 882 879
438 1012 1391
439 1284 1085
440 681 372
441 375 601
442 135 328
443 1496 328
444 1342 1316
445 661 688
446 697 300
447 411 416
448 1435 1486
449 1081 847
450 819 1498
451 233 287
452 332 1152
453 581 999
454 956 104
455 273 788
456 1536 922
457 1398 595
458 216 236
459 724 1158
460 1510 259
461 250 696
462 295 1451
463 75 287
464 1216 308
465 898 842
466 1344 503
467 880 1164
468 494 1277
469 443 924
470 609 116
471 103 620
472 1376 864
473 1244 481
474 1353 112
475 854 203
476 485 1165
477 320 1229
478 871 190
479 295 131
480 344 1532
481 573 166
482 1406 818
483 938 641
484 1519 1080
485 217 1410
486 1245 684
487 773 135
488 875 175
489 668 660
490 1233 461
491 570 1421
492 563 718
493 628 1226
494 1398 721
495 427 1010
496 1387 1222
497 1100 1390
498 809 372
499 1538 421
500 727 416
501 783 914
502 188 545
503 541 132
504 955 1393
505 224 565
506 229 392
507 350 722
508 728 827
509 77 1543
510 1088 739
511 731 581
512 743 1099
513 607 1028
514 492 324
515 955 134
516 997 1265
517 398 22
518 547 787
519 791 1326
520 1462 341
521 942 650
522 1397 473
523 698 128
524 1115 1339
525 1144 951
526 1403 297
527 1056 1068
528 1483 1262
529 363 1047
530 765 433
531 375 1098
532 373 878
533 1329 1455
534 806 206
535 57 1033
536 939 1387
537 115 1512
538 963 527
539 600 31
540 99 1344
541 1019 1468
542 509 688
543 1281 1292
544 1165 612
545 997 1114
546 624 806
547 1013 790
548 1340 1080
549 556 984
550 799 1045
551 1548 1350
552 609 854
553 596 1231
554 45 289
555 618 518
556 306 71
557 1341 1480
558 808 913
559 1311 1543
560 917 1078
561 55 1475
562 1536 151
563 1446 357
564 1334 56
565 622 723
566 845 1048
567 317 973
568 1289 726
569 1066 455
570 675 1412
571 1340 260
572 832 1540
573 686 1287
574 73 996
575 1516 692
576 132 728
577 888 976
578 1235 621
579 1394 647
580 243 129
581 1444 926
582 387 750
583 1179 1396
584 52 704
585 2 414
586 43 811
587 504 511
588 374 1048
589 532 657
590 1429 652
591 90 1523
592 1098 436
593 879 132
594 576 1422
595 824 653
596 1310 1314
597 970 657
598 467 380
599 1446 1147
600 644 1503
601 1008 1152
602 685 1074
603 87 888
604 520 1345
605 1281 1272
606 272 403
607 778 1191
608 1265 103
609 1206 282
610 3 558
611 1496 617
612 497 668
613 1161 898
614 1249 971
615 1122 2
616 423 658
617 850 414
618 729 725
619 1200 1143
620 1342 1106
621 32 528
622 884 464
623 279 760
624 106 1319
625 206 8
626 1310 830
627 1449 915
628 653 1369
629 1352 764
630 719 150
631 458 972
632 1191 714
633 89 1174
634 991 1521
635 112 726
636 64 916
637 343 158
638 932 305
639 408 1431
640 881 1163
641 661 917
642 794 523
643 948 289
644 1346 970
645 241 1067
646 659 999
647 1281 127
648 136 1255
649 196 1009
650 319 934
651 435 335
652 797 1281
653 702 706
654 772 201
655 341 1220
656 901 392
657 70 549
658 1409 273
659 291 61
660 1496 265
661 539 101
662 1543 1205
663 797 92
664 677 672
665 673 960
666 1365 1217
667 45 1020
668 374 1513
669 292 1316
670 778 339
671 1514 724
672 1050 1015
673 834 562
674 390 1524
675 915 137
676 714 190
677 1216 278
678 333 1467
679 891 90
680 1157 597
681 1499 1097
682 1253 341
683 165 1325
684 311 1287
685 974 814
686 477 378
687 1393 889
688 1128 1187
689 289 1428
690 1197 763
691 290 339
692 1308 484
693 609 1492
694 1105 406
695 810 1025
696 1287 1254
697 245 962
698 692 621
699 58 364
700 148 413
701 218 380
702 967 567
703 570 813
704 76 534
705 216 1319
706 672 368
707 1461 405
708 728 1032
709 407 683
710 211 332
711 509 1299
712 351 120
713 263 457
714 193 962
715 1003 50
716 791 394
717 1275 900
718 1382 846
719 1001 620
720 1300 589
721 670 539
722 114 1318
723 185 886
724 889 740
725 770 459
726 1117 149
727 840 316
728 549 1454
729 950 288
730 1406 1077
731 986 441
732 733 425
733 774 286
734 441 846
735 236 790
736 1361 1258
737 1501 1306
738 1521 507
739 217 1132
740 1515 1320
741 345 1128
742 896 1331
743 701 742
744 118 1463
745 1063 1304
746 1131 152
747 907 1296
748 489 521
749 253 1025
750 1319 1006
751 283 1497
752 393 360
753 593 656
754 1149 1401
755 33 631
756 592 411
757 896 44
758 1073 396
759 1001 264
760 650 1368
761 272 941
762 625 164
763 578 1176
764 825 157
765 830 422
766 359 1019
767 82 849
768 110 1181
769 954 858
770 386 954
771 345 1011
772 115 441
773 14 230
774 776 869
775 257 1377
776 207 1411
777 56 98
778 730 361
779 1387 1001
780 313 500
781 1436 581
782 122 489
783 802 621
784 35 268
785 1417 1224
786 641 28
787 1455 1374
788 998 1313
789 850 420
790 1137 879
791 1420 731
792 884 208
793 357 259
794 1438 339
795 104 715
796 223 1305
797 1477 407
798 1211 1160
799 1220 519
800 1492 292
801 614 973
802 1361 510
803 1027 516
804 1524 1086
805 833 370
806 455 1350
807 180 1307
808 1249 1166
809 48 605
810 1431 277
811 839 853
812 66 701
813 155 66
814 493 1364
815 793 1279
816 1189 962
817 1189 584
818 246 1095
819 1407 1367
820 1127 1275
821 287 1528
822 804 1343
823 660 1135
824 121 735
825 22 682
826 744 1166
827 414 1188
828 722 710
829 252 960
830 1057 677
831 339 1107
832 275 1015
833 1395 437
834 564 851
835 1212 788
836 1015 1091
837 16 164
838 1422 294
839 590 607
840 110 1268
841 1411 1054
842 1446 801
843 551 322
844 655 175
845 373 205
846 712 814
847 705 789
848 831 659
849 830 844
850 955 519
851 1511 425
852 447 779
853 183 658
854 237 865
855 833 1121
856 756 828
857 516 882
858 1195 671
859 1011 306
860 352 1399
861 908 149
862 388 81
863 1213 591
864 298 459
865 1341 468
866 976 1215
867 1195 1185
868 483 1162
869 533 226
870 962 542
871 724 1133
872 522 1153
873 1187 342
874 335 402
875 253 444
876 550 623
877 520 1277
878 165 907
879 1435 17
880 1476 1340
881 377 565
882 1322 1081
883 56 1230
884 206 538
885 849 199
886 698 61
887 1399 1220
888 326 365
889 1 1527
890 128 864
891 80 416
892 909 648
893 768 681
894 363 329
895 751 715
896 977 1047
897 494 1180
898 1159 1511
899 1475 1299
900 286 8
901 1149 941
902 563 727
903 701 540
904 901 921
905 1299 1347
906 307 417
907 338 690
908 223 1313
909 807 1342
910 451 1274
911 336 1368
912 99 1221
913 749 521
914 789 1361
915 430 717
916 91 814
917 1492 1193
918 583 1110
919 38 180
920 1007 1441
921 1496 1509
922 194 1540
923 1337 996
924 860 1049
925 919 405
926 1472 1495
927 1394 572
928 170 1437
929 217 911
930 1432 976
931 1013 272
932 116 780
933 183 1153
934 1048 807
935 193 683
936 548 228
937 120 85
938 243 427
939 98 1198
940 132 411
941 98 462
942 736 1317
943 289 1274
944 328 734
945 215 606
946 1011 1042
947 1142 17
948 453 1207
949 654 1380
950 937 655
951 1079 83
952 337 1051
953 279 1497
954 279 276
955 86 858
956 13 96
957 234 41
958 7 323
959 1382 355
960 177 735
961 1205 1326
962 138 1067
963 94 792
964 768 418
965 1267 1249
966 367 1184
967 870 1202
968 324 942
969 1341 767
970 147 441
971 1478 1005
972 745 722
973 591 16
974 853 668
975 1528 374
976 1125 1195
977 1243 1377
978 1211 471
979 711 931
980 542 431
981 861 1150
982 590 196
983 433 792
984 493 1507
985 484 381
986 1267 1517
987 44 1249
988 154 164
989 1131 1193
990 1327 1320
991 57 924
992 184 918
993 1066 544
994 695 1243
995 995 671
996 165 960
997 953 290
998 894 1381
999 201 1071
1000 1515 1388
1001 234 740
1002 669 256
1003 668 248
1004 754 193
1005 279 1397
1006 621 280
1007 300 1517
1008 1468 1487
1009 553 1395
1010 1493 1098
1011 527 1276
1012 493 746
1013 437 443
1014 589 809
1015 1096 1287
1016 998 919
1017 708 164
1018 494 1071
1019 946 762
1020 1093 732
1021 1152 1264
1022 391 1228
1023 309 924
1024 1379 1091
1025 497 447
1026 115 973
1027 682 1048
1028 869 1115
1029 1106 211
1030 1017 685
1031 291 826
1032 552 1229
1033 273 218
1034 482 994
1035 1164 1281
1036 628 78
1037 245 1116
1038 986 1334
1039 373 254
1040 103 43
1041 614 1434
1042 1517 1285
1043 1096 1301
1044 1323 868
1045 577 983
1046 877 459
1047 531 101
1048 492 268
1049 652 1502
1050 613 284
1051 308 643
1052 1294 857
1053 948 88
1054 571 123
1055 1481 1213
1056 1181 130
1057 640 705
1058 1381 1484
1059 102 1065
1060 804 934
1061 263 1409
1062 1120 1500
1063 376 1210
1064 1384 557
1065 1381 981
1066 1349 1122
1067 925 924
1068 389 312
1069 250 1000
1070 218 1464
1071 1095 1206
1072 1090 395
1073 131 1388
1074 1171 932
1075 491 155
1076 66 394
1077 1154 943
1078 1168 656
1079 1296 1081
1080 1381 980
1081 26 417
1082 291 1165
1083 1402 141
1084 1005 1349
1085 1159 1269
1086 145 731
1087 480 219
1088 776 23
1089 207 1433
1090 389 1130
1091 651 530
1092 547 675
1093 288 949
1094 1143 1347
1095 576 94
1096 659 1241
1097 1048 1040
1098 610 210
1099 1460 1313
1100 943 161
1101 940 446
1102 1031 739
1103 1367 1472
1104 973 542
1105 918 483
1106 1443 170
1107 766 1404
1108 840 1138
1109 263 713
1110 74 916
1111 1291 991
1112 1192 501
1113 300 231
1114 848 626
1115 195 1396
1116 1137 1484
1117 1324 429
1118 1154 242
1119 863 351
1120 684 1415
1121 342 749
1122 123 485
1123 395 1468
1124 7 608
1125 1051 1432
1126 357 1514
1127 346 666
1128 559 731
1129 749 1496
1130 29 1376
1131 1164 1255
1132 545 1111
1133 745 1497
1134 1478 1005
1135 754 1241
1136 1149 1132
1137 349 159
1138 891 448
1139 1327 1316
1140 679 931
1141 658 236
1142 1524 983
1143 1307 361
1144 562 259
1145 72 62
1146 953 678
1147 854 340
1148 1041 523
1149 1428 732
1150 1439 1166
1151 1304 472
1152 760 93
1153 189 538
1154 695 1222
1155 731 804
1156 1310 992
1157 1099 1254
1158 1364 855
1159 1354 1235
1160 1269 1
1161 1073 1473
1162 265 1091
1163 1545 1335
1164 318 661
1165 311 231
1166 1390 782
1167 1256 493
1168 1479 383
1169 675 1194
1170 504 346
1171 1348 140
1172 602 1367
1173 435 1450
1174 1465 587
1175 793 824
1176 335 1232
1177 1486 570
1178 157 1114
1179 1331 1536
1180 1409 1058
1181 1227 902
1182 1490 476
1183 929 1004
1184 1087 1133
1185 894 467
1186 871 814
1187 838 344
1188 1048 328
1189 737 1249
1190 336 659
1191 1507 337
1192 101 1370
1193 176 523
1194 1313 922
1195 781 1473
1196 1398 950
1197 1169 243
1198 1483 804
1199 671 968
1200 1155 277
1201 165 379
1202 388 879
1203 449 125
1204 960 714
1205 1235 545
1206 725 1024
1207 976 27
1208 932 200
1209 478 656
1210 228 844
1211 1144 261
1212 1157 148
1213 1143 108
1214 1135 1117
1215 1295 811
1216 187 541
1217 948 652
1218 765 933
1219 998 333
1220 16 642
1221 1393 1364
1222 94 1329
1223 922 496
1224 123 289
1225 198 1089
1226 513 221
1227 380 1142
1228 42 591
1229 864 709
1230 694 919
1231 1218 1097
1232 475 578
1233 1287 40
1234 1533 1279
1235 688 187
1236 785 350
1237 934 1228
1238 1016 257
1239 650 716
1240 95 806
1241 1179 760
1242 936 1430
1243 1128 1077
1244 82 820
1245 279 850
1246 647 61
1247 1526 753
1248 1463 294
1249 381 979
1250 258 1039
1251 392 807
1252 787 436
1253 273 882
1254 1459 835
1255 605 686
1256 635 1498
1257 845 736
1258 1179 774
1259 1403 43
1260 1138 172
1261 1144 357
1262 852 313
1263 694 1068
1264 1514 388
1265 761 287
1266 728 794
1267 136 1244
1268 430 1421
1269 957 342
1270 67 1348
1271 1479 539
1272 232 46
1273 419 3
1274 949 232
1275 1018 1248
1276 1312 350
1277 1042 967
1278 1185 1368
1279 1413 586
1280 1449 1264
1281 1003 15
1282 1230 601
1283 632 462
1284 1273 1301
1285 574 1299
1286 1051 17
1287 456 109
1288 1165 13
1289 44 792
1290 870 602
1291 1361 966
1292 508 75
1293 670 568
1294 893 1499
1295 1099 1082
1296 137 586
1297 1274 1461
1298 512 1322
1299 632 445
1300 912 1093
1301 728 1158
1302 242 276
1303 489 911
1304 1314 15
1305 780 373
1306 1370 1477
1307 316 251
1308 214 1548
1309 984 512
1310 357 897
1311 514 276
1312 667 126
1313 641 308
1314 682 628
1315 1118 1322
1316 730 842
1317 615 785
1318 1025 1496
1319 149 1059
1320 1015 575
1321 164 373
1322 1131 1272
1323 878 295
1324 1273 452
1325 1188 1183
1326 1315 1215
1327 449 890
1328 186 708
1329 1313 789
1330 1209 1211
1331 682 256
1332 815 513
1333 341 300
1334 386 755
1335 895 1247
1336 202 808
1337 1079 992
1338 1084 1192
1339 1422 217
1340 133 1473
1341 745 1101
1342 437 1156
1343 171 912
1344 521 1069
1345 1540 1081
1346 493 1024
1347 145 93
1348 171 431
1349 928 619
1350 1317 1025
1351 1354 1189
1352 150 185
1353 682 590
1354 852 586
1355 349 603
1356 1240 572
1357 246 482
1358 618 207
1359 745 910
1360 1523 84
1361 1360 379
1362 491 593
1363 358 710
1364 1157 1059
1365 772 1258
1366 1312 97
1367 1490 1193
1368 184 87
1369 579 532
1370 1193 940
1371 739 622
1372 431 52
1373 978 1456
1374 802 888
1375 1276 472
1376 1529 1202
1377 412 13
1378 545 1249
1379 212 351
1380 619 338
1381 1165 84
1382 765 1442
1383 205 805
1384 534 47
1385 1302 558
1386 247 331
1387 833 258
1388 211 586
1389 705 1407
1390 1287 1196
1391 1334 1112
1392 677 915
1393 1453 124
1394 15 699
1395 1049 1390
1396 522 998
1397 561 656
1398 313 32
1399 620 1497
1400 568 612
1401 1196 1429
1402 148 1179
1403 884 280
1404 240 543
1405 989 748
1406 843 1050
1407 299 482
1408 1343 1400
1409 182 539
1410 950 990
1411 49 353
1412 1536 1040
1413 309 676
1414 1074 1383
1415 142 880
1416 1020 263
1417 1066 55
1418 193 75
1419 956 284
1420 644 1312
1421 548 689
1422 489 495
1423 1116 147
1424 608 1198
1425 961 1016
1426 770 327
1427 1493 996
1428 1479 374
1429 468 653
1430 1088 1404
1431 180 692
1432 211 45
1433 862 1025
1434 1035 1487
1435 1359 436
1436 473 1324
1437 1432 1475
1438 1050 384
1439 1452 471
1440 1136 320
1441 879 778
1442 477 1038
1443 170 1009
1444 628 820
1445 1111 347
1446 1299 1023
1447 400 604
1448 253 488
1449 1229 861
1450 31 1170
1451 446 383
1452 793 916
1453 867 1269
1454 55 824
1455 1207 1083
1456 511 251
1457 1470 1181
1458 1312 492
1459 199 444
1460 1061 119
1461 802 536
1462 32 1295
1463 282 639
1464 188 33
1465 1058 1321
1466 756 991
1467 132 1453
1468 260 1003
1469 1179 145
1470 1033 1398
1471 1424 414
1472 108 169
1473 1431 1063
1474 786 1515
1475 857 141
1476 240 154
1477 1221 594
1478 941 765
1479 1318 515
1480 1299 1259
1481 1049 91
1482 1073 85
1483 811 25
1484 230 435
1485 1196 95
1486 469 48
1487 508 1240
1488 899 505
1489 583 1394
1490 1082 208
1491 336 1535
1492 68 497
1493 771 913
1494 408 550
1495 1272 1420
1496 687 1119
1497 1483 1425
1498 631 1035
1499 1356 1475
1500 297 841
1501 1316 808
1502 1284 1503
1503 1107 1389
1504 330 1153
1505 1214 845
1506 211 1445
1507 1288 210
1508 499 862
1509 73 917
1510 822 1461
1511 362 1355
1512 358 244
1513 233 1074
1514 1547 157
1515 230 682
1516 311 20
1517 861 1441
1518 899 885
1519 134 152
1520 748 1276
1521 1435 216
1522 1516 491
1523 194 534
1524 403 1104
1525 686 177
1526 1492 463
1527 1495 901
1528 1234 299
1529 517 240
1530 876 530
1531 1447 866
1532 1484 1213
1533 499 1300
1534 1191 106
1535 292 54
1536 104 1048
1537 706 674
1538 1068 951
1539 1529 805
1540 1327 1435
1541 1300 829
1542 1098 633
1543 1190 776
1544 279 863
1545 702 488
1546 344 954
1547 428 1389
1548 173 53
1549 1160 706
1550 1176 1201
