3090 3090
1 2726 2499
2 1906 2050
3 1556 1813
4 34 2252
5 1832 1295
6 612 268
7 2027 52
8 1615 550
9 2357 2546
10 1708 2080
11 1609 2608
12 2047 3043
13 1710 1761
14 208 1642
15 2201 3046
16 3074 1700
17 902 1099
18 70 1706
19 102 1964
20 1729 1473
21 527 2244
22 130 2997
23 1138 2922
24 2608 1364
25 2922 2881
26 1956 780
27 724 1914
28 1327 945
29 954 137
30 2106 2829
31 1002 2551
32 1824 2491
33 160 2718
34 57 1415
35 968 2015
36 2476 1102
37 1428 3021
38 2528 1347
39 2613 206
40 31 3012
41 1072 1058
42 2960 72
43 1192 1287
44 1670 407
45 1471 1573
46 927 1127
47 853 1994
48 842 1010
49 215 2178
50 2165 3012
51 2531 1372
52 1111 2401
53 248 2405
54 980 1645
55 1187 944
56 2049 2700
57 377 674
58 897 1078
59 2946 1652
60 2317 2769
61 669 975
62 2175 2444
63 845 2375
64 362 366
65 1732 716
66 2183 2529
67 1966 2477
68 2166 1190
69 2920 1348
70 1536 1978
71 309 540
72 1612 2037
73 1691 27
74 2955 345
75 401 1435
76 2599 2637
77 1224 2180
78 1957 1999
79 88 1550
80 203 1312
81 149 2314
82 1957 757
83 2643 317
84 1064 2644
85 234 2257
86 852 1452
87 354 2392
88 452 2145
89 2436 92
90 2544 2265
91 2795 1452
92 2082 312
93 2450 1857
94 1144 2790
95 2668 2855
96 1570 381
97 481 53
98 113 735
99 1774 960
100 865 2764
101 2473 2818
102 2862 199
103 1070 1796
104 2334 1145
105 414 283
106 1642 1119
107 1491 598
108 1712 1718
109 299 1218
110 2995 1436
111 2198 2816
112 1517 1596
113 69 254
114 1334 344
115 1545 1083
116 2273 1372
117 1107 1018
118 809 2466
119 1647 1396
120 692 2784
121 3000 245
122 2676 1480
123 1450 225
124 156 1154
125 2747 561
126 1945 2408
127 2799 350
128 2218 1671
129 1520 845
130 260 1581
131 2290 469
132 47 826
133 923 1259
134 1462 517
135 2 693
136 2128 2919
137 1205 505
138 547 2766
139 250 1565
140 554 1059
141 826 344
142 357 637
143 1785 2941
144 475 2363
145 2786 3082
146 674 1286
147 1275 642
148 175 1131
149 182 130
150 2772 1291
151 318 2221
152 1045 1811
153 1217 1821
154 1743 1109
155 2890 904
156 1320 224
157 100 111
158 2908 2642
159 2739 1350
160 653 566
161 2199 2918
162 1278 2280
163 740 632
164 1474 1159
165 1838 701
166 2563 969
167 1194 2283
168 1281 1032
169 2132 2744
170 2134 417
171 2025 1234
172 383 46
173 2777 2727
174 3011 1091
175 3010 2380
176 525 1956
177 262 276
178 644 1584
179 2941 1856
180 412 2961
181 1170 2543
182 977 1066
183 22 1440
184 1298 2889
185 906 2704
186 1130 736
187 245 1178
188 795 1364
189 230 2021
190 781 2681
191 2481 993
192 469 2382
193 2098 2718
194 2755 977
195 886 2587
196 441 632
197 1742 1794
198 1765 2325
199 1618 196
200 1591 2378
201 2202 1365
202 2973 2491
203 2603 2396
204 232 221
205 2104 1975
206 2962 906
207 2272 1371
208 449 2743
209 844 2011
210 975 2618
211 2402 1693
212 2734 1361
213 1961 1007
214 2305 2129
215 2190 2095
216 948 120
217 568 494
218 640 303
219 586 2757
220 1493 1373
221 454 1268
222 1944 778
223 1081 1458
224 2459 1583
225 436 1295
226 2124 1064
227 1178 1651
228 577 69
229 1760 2390
230 3005 2623
231 2274 2576
232 2700 3075
233 1350 2735
234 566 382
235 1150 1947
236 1358 395
237 1870 682
238 1128 1572
239 65 2238
240 606 1847
241 1450 854
242 1757 522
243 765 573
244 2292 1681
245 1379 341
246 990 794
247 560 760
248 427 2772
249 931 2346
250 2879 1263
251 1999 1463
252 1726 2870
253 2757 2455
254 56 2301
255 401 1548
256 946 2259
257 457 630
258 840 41
259 421 829
260 1488 1298
261 213 1272
262 1306 2058
263 2579 605
264 873 1394
265 1026 1217
266 755 1288
267 2724 1457
268 2217 241
269 2337 1081
270 8 2420
271 2060 1483
272 423 1634
273 3026 799
274 855 2210
275 2512 1645
276 57 935
277 1627 1341
278 824 490
279 1522 478
280 455 1213
281 1143 2768
282 249 1043
283 2286 229
284 1963 2007
285 2010 1780
286 2717 546
287 1942 997
288 458 744
289 2028 1195
290 647 1947
291 799 2193
292 625 832
293 93 1249
294 604 1110
295 1088 561
296 709 2722
297 1166 734
298 1689 2784
299 1534 914
300 2775 2881
301 2258 807
302 2387 627
303 56 2077
304 835 450
305 1846 2463
306 2024 1373
307 127 1591
308 449 738
309 2750 2001
310 1576 2488
311 1905 2780
312 1464 2839
313 1286 2737
314 315 2964
315 757 1056
316 1091 182
317 2646 2626
318 2366 2103
319 1385 1699
320 2721 483
321 2212 15
322 1133 1191
323 473 126
324 682 2941
325 369 1103
326 1457 1198
327 307 2251
328 2138 1017
329 2645 2404
330 1160 2797
331 1415 1238
332 2135 1809
333 26 2738
334 271 482
335 1015 1743
336 46 663
337 1942 568
338 1330 612
339 3051 1118
340 1996 2415
341 1992 28
342 281 2814
343 1917 2660
344 1085 1756
345 2377 1071
346 1658 2008
347 2612 1342
348 2668 2817
349 180 1190
350 1643 915
351 876 299
352 2348 2766
353 229 5
354 953 1165
355 1050 2878
356 2201 1049
357 2163 2998
358 1046 357
359 1236 1459
360 1136 2243
361 1662 1527
362 2852 769
363 1533 3065
364 261 2016
365 573 2642
366 758 1604
367 1049 362
368 2082 2483
369 2104 1266
370 661 2241
371 31 1219
372 1071 2046
373 45 2109
374 2887 227
375 2701 1004
376 971 1625
377 1407 2484
378 1926 851
379 1629 3089
380 1916 2041
381 266 2076
382 1036 2349
383 1631 1780
384 488 1770
385 3059 703
386 340 1237
387 44 1743
388 2920 1296
389 2577 183
390 503 1227
391 2717 1729
392 724 2227
393 2181 2312
394 2114 163
395 766 1136
396 2437 85
397 2939 2176
398 167 884
399 294 614
400 2057 232
401 761 1148
402 1617 1460
403 508 732
404 513 958
405 334 2214
406 826 668
407 798 279
408 2488 286
409 614 837
410 1569 2524
411 3009 1182
412 526 185
413 2733 906
414 1319 924
415 1485 2786
416 2245 1874
417 653 67
418 2260 488
419 1507 14
420 933 192
421 1513 2868
422 1968 1844
423 788 1290
424 2411 1398
425 402 2502
426 2629 2287
427 2593 1619
428 1227 360
429 2141 1419
430 61 2897
431 2911 2381
432 1554 301
433 2881 185
434 553 584
435 1275 1297
436 1006 764
437 2904 2074
438 693 1673
439 1016 724
440 2333 2624
441 81 843
442 1326 1653
443 1750 1358
444 2343 516
445 1519 992
446 2976 784
447 1653 253
448 1943 1566
449 2433 725
450 767 1374
451 2377 1344
452 160 789
453 2249 568
454 1041 536
455 2917 595
456 593 1116
457 290 771
458 2835 113
459 2801 2993
460 2487 72
461 307 805
462 1070 2019
463 1633 1518
464 2442 100
465 138 3015
466 290 992
467 639 1753
468 1724 1568
469 2555 615
470 99 490
471 2987 1069
472 3 297
473 823 2543
474 423 1271
475 1832 369
476 1655 1628
477 1988 2915
478 1249 185
479 3059 96
480 1021 914
481 2088 1858
482 1918 2331
483 527 1624
484 1140 2688
485 1599 402
486 434 875
487 2699 1608
488 1092 589
489 3002 1043
490 1459 2352
491 2424 2154
492 2519 1695
493 503 1636
494 2890 2251
495 1842 2863
496 1991 1709
497 1167 1562
498 272 40
499 349 2
500 1484 2540
501 2423 1437
502 2548 1481
503 1674 2846
504 2110 59
505 1700 2601
506 823 2828
507 2566 2085
508 1087 609
509 1815 140
510 2157 2626
511 1961 2986
512 1203 275
513 1637 1135
514 988 283
515 296 1415
516 2257 2114
517 2842 3022
518 707 1831
519 1420 2270
520 2041 2400
521 1364 125
522 1895 107
523 2784 1894
524 1000 17
525 1769 2479
526 618 1057
527 2453 2273
528 849 2539
529 731 465
530 878 977
531 579 2933
532 680 1270
533 2843 377
534 2563 1895
535 373 1050
536 1326 326
537 3082 2927
538 1751 664
539 1751 1391
540 1105 1658
541 183 3
542 940 1403
543 2374 609
544 2061 2160
545 1523 2119
546 1589 2932
547 2646 2792
548 316 1181
549 922 98
550 1483 798
551 78 2099
552 2435 1444
553 2715 718
554 2871 866
555 2472 2200
556 2278 3047
557 341 969
558 1351 3015
559 1445 272
560 1821 933
561 62 917
562 905 1157
563 566 1045
564 1220 1887
565 1416 1610
566 556 3003
567 2096 1523
568 3041 1092
569 739 185
570 2078 3057
571 565 934
572 2467 2437
573 300 2151
574 2396 663
575 1200 1039
576 1009 2613
577 1325 1832
578 1441 378
579 2648 1356
580 1747 427
581 987 907
582 2098 413
583 1828 2127
584 406 303
585 2969 850
586 2824 691
587 940 1551
588 2296 614
589 865 1206
590 1407 56
591 176 1988
592 20 1127
593 1973 154
594 1953 740
595 1128 579
596 2278 758
597 1566 397
598 1543 185
599 871 1129
600 1796 2643
601 1868 1244
602 1033 1253
603 2343 1778
604 2550 967
605 1350 2205
606 1766 1749
607 588 922
608 705 1056
609 2706 102
610 2935 2192
611 1263 1049
612 2134 1967
613 1072 853
614 2177 583
615 2709 6
616 1130 1275
617 196 2001
618 2349 891
619 2314 1156
620 1089 150
621 800 826
622 2350 1715
623 362 2989
624 1340 1465
625 2736 592
626 2244 172
627 1503 1954
628 1446 143
629 249 2133
630 1625 2762
631 2796 1400
632 1112 592
633 1592 899
634 2443 442
635 2728 391
636 889 512
637 1008 1033
638 1979 113
639 529 2148
640 2877 935
641 2155 778
642 700 2209
643 2831 564
644 2950 1380
645 144 1813
646 2277 854
647 2785 1722
648 1518 763
649 2671 332
650 2973 1193
651 1160 1361
652 779 1977
653 1054 2708
654 1721 1144
655 271 2219
656 250 1226
657 207 691
658 2733 831
659 642 271
660 1566 2591
661 1536 215
662 2727 3023
663 1901 418
664 2931 2049
665 927 1060
666 1801 2363
667 741 928
668 394 2761
669 1547 1659
670 2587 2057
671 2525 1365
672 2782 2319
673 1980 2464
674 216 1305
675 2134 1973
676 2868 780
677 2417 1634
678 2022 488
679 1832 1193
680 565 1710
681 2283 1633
682 332 461
683 2176 1508
684 2624 2390
685 1602 751
686 1083 1699
687 974 2650
688 1420 1843
689 1797 2287
690 2862 75
691 2740 2129
692 877 1090
693 513 2550
694 2171 2239
695 1195 2161
696 284 1407
697 1824 1482
698 489 2934
699 1875 2946
700 1247 1707
701 3085 1861
702 1633 1811
703 1034 1685
704 2146 1827
705 2337 2185
706 1071 1364
707 423 880
708 271 2573
709 1902 2191
710 102 2768
711 2359 740
712 2583 2962
713 2994 269
714 912 2159
715 1798 75
716 122 2932
717 2705 1569
718 1066 845
719 1384 783
720 1188 2594
721 2271 1328
722 3011 3019
723 567 1406
724 352 1280
725 1253 1888
726 661 751
727 886 2914
728 70 816
729 1562 983
730 1403 2674
731 837 2551
732 179 1551
733 2363 2220
734 2334 2588
735 1295 1625
736 540 1396
737 1 1634
738 1920 819
739 526 4
740 11 2048
741 1590 113
742 1746 1997
743 2273 1681
744 388 1283
745 2874 737
746 349 770
747 1635 2009
748 66 543
749 1247 284
750 144 715
751 703 1456
752 2358 1824
753 1638 1519
754 756 839
755 2631 966
756 97 1108
757 709 1180
758 1701 1050
759 895 2918
760 853 2718
761 2091 1187
762 968 1811
763 1897 1169
764 2905 3046
765 1941 1735
766 864 2929
767 2653 1206
768 1557 2602
769 2528 2793
770 2350 2128
771 1827 482
772 1694 387
773 449 1585
774 1906 1457
775 1638 734
776 161 2346
777 2150 2359
778 172 2271
779 2434 829
780 2133 1725
781 580 2289
782 2038 641
783 2158 1748
784 1264 2545
785 196 674
786 2007 2317
787 1703 2736
788 2954 33
789 2953 1222
790 1679 2254
791 1429 2769
792 2131 571
793 1337 268
794 1503 2733
795 986 2955
796 621 1121
797 429 986
798 2955 2957
799 2944 166
800 1677 557
801 515 1176
802 2883 1282
803 2198 1942
804 326 2151
805 825 2014
806 854 410
807 231 510
808 897 400
809 759 1009
810 974 1144
811 269 835
812 1402 2773
813 1325 2705
814 2131 244
815 1284 316
816 2580 2457
817 2913 631
818 30 2366
819 756 2176
820 336 1536
821 1203 1876
822 365 2544
823 540 265
824 2468 2417
825 605 2936
826 1876 2580
827 2372 2508
828 2133 264
829 2256 196
830 1045 3080
831 2160 396
832 1404 3018
833 2163 1855
834 1886 1960
835 1665 3078
836 1048 473
837 1686 1404
838 370 1493
839 558 816
840 1950 1763
841 2017 1544
842 2415 853
843 1422 2374
844 639 918
845 1874 1320
846 1053 1368
847 661 1064
848 1995 2705
849 817 1073
850 2604 2365
851 1184 2437
852 42 763
853 1399 2717
854 328 390
855 2172 1537
856 141 1716
857 909 611
858 671 646
859 765 1538
860 2951 2808
861 2295 1812
862 2735 1554
863 582 410
864 309 2651
865 512 1567
866 1101 1374
867 2414 2873
868 1309 559
869 2935 2565
870 722 2745
871 529 1748
872 2962 2553
873 1550 2927
874 778 1485
875 746 1697
876 458 1725
877 2203 728
878 368 545
879 2005 2650
880 1737 1634
881 1967 101
882 2993 2760
883 1649 200
884 310 3064
885 497 1738
886 114 155
887 1288 69
888 2337 2775
889 1111 1670
890 1139 2697
891 434 179
892 2607 880
893 662 2966
894 1684 1878
895 69 1454
896 117 2257
897 674 1071
898 118 2628
899 1382 20
900 1361 1077
901 2893 1190
902 1824 2490
903 2075 1893
904 198 395
905 807 744
906 1901 1545
907 1432 2240
908 536 2423
909 130 72
910 707 196
911 1716 930
912 586 389
913 480 2355
914 930 1842
915 456 2351
916 892 1717
917 1919 2825
918 2293 307
919 1185 772
920 1152 2788
921 1581 621
922 1216 2494
923 400 142
924 1571 2992
925 279 1148
926 2402 1084
927 2769 2043
928 398 1903
929 1870 193
930 1326 2289
931 2621 327
932 1099 1054
933 240 1309
934 855 3080
935 1237 1991
936 2569 1322
937 1593 785
938 200 1119
939 1422 901
940 1485 3047
941 1161 1945
942 543 2456
943 1511 743
944 125 1626
945 1324 1625
946 2037 1923
947 1800 2482
948 2471 205
949 179 2751
950 2322 2766
951 1783 1441
952 109 2328
953 1177 309
954 1065 2711
955 1841 2206
956 1820 1272
957 2485 316
958 2286 2673
959 626 978
960 434 77
961 1809 916
962 578 1592
963 2424 1843
964 1995 1025
965 2569 485
966 2685 2840
967 2390 1206
968 2603 2958
969 2266 2303
970 2160 581
971 818 1692
972 2408 178
973 1248 1177
974 506 1697
975 1525 2902
976 1001 311
977 1707 1906
978 1736 73
979 1541 654
980 2353 499
981 3012 1088
982 902 1044
983 200 806
984 1149 2323
985 917 1420
986 489 1423
987 690 33
988 1378 1143
989 931 2273
990 2109 1808
991 101 2307
992 1018 3027
993 2801 621
994 262 2707
995 530 1104
996 1501 16
997 510 2747
998 759 2899
999 2219 926
1000 588 199
1001 1542 595
1002 1550 2462
1003 653 2158
1004 1401 30
1005 2232 1584
1006 2160 55
1007 2182 1107
1008 1706 968
1009 1640 723
1010 693 1050
1011 785 1595
1012 1223 2345
1013 1841 790
1014 1537 2591
1015 668 975
1016 392 1479
1017 2104 1196
1018 226 81
1019 1214 1805
1020 2223 2133
1021 46 2928
1022 2357 1989
1023 1831 520
1024 784 3062
1025 1910 644
1026 1836 44
1027 1279 1118
1028 445 431
1029 2303 699
1030 1814 935
1031 2013 311
1032 1413 586
1033 1516 1739
1034 1765 2823
1035 1027 1352
1036 659 2922
1037 1285 1087
1038 3046 1174
1039 3043 485
1040 444 2876
1041 198 2070
1042 506 1920
1043 351 1055
1044 2566 1536
1045 1310 784
1046 617 345
1047 952 1325
1048 2870 1948
1049 1442 970
1050 2594 1071
1051 1213 1831
1052 512 1042
1053 881 2861
1054 2582 1470
1055 3006 2756
1056 3040 249
1057 2093 2679
1058 2085 86
1059 2543 1512
1060 11 651
1061 2892 1461
1062 3030 3036
1063 899 1973
1064 407 1458
1065 2701 387
1066 1531 1104
1067 1107 2998
1068 791 192
1069 1472 2279
1070 1637 360
1071 1441 1561
1072 2464 1288
1073 2349 1605
1074 2489 1909
1075 1920 1896
1076 2108 906
1077 891 933
1078 1001 2979
1079 2193 2095
1080 2835 1856
1081 236 1719
1082 2152 1533
1083 643 244
1084 1312 1712
1085 2335 1073
1086 1402 2529
1087 528 1636
1088 2686 2346
1089 412 85
1090 2466 977
1091 2482 2203
1092 1029 1211
1093 2465 2596
1094 1229 1347
1095 2679 2629
1096 1236 2307
1097 435 2618
1098 2376 2637
1099 2860 1839
1100 2698 2076
1101 1832 1212
1102 431 2551
1103 2470 191
1104 1657 440
1105 2212 233
1106 1415 2396
1107 1998 2954
1108 245 2429
1109 2139 810
1110 946 1561
1111 2732 2015
1112 1654 843
1113 2590 394
1114 2439 763
1115 970 3066
1116 779 2161
1117 499 2455
1118 238 331
1119 858 3076
1120 1804 1373
1121 1047 1310
1122 409 3021
1123 191 2172
1124 948 3005
1125 926 1953
1126 994 662
1127 1524 2375
1128 1674 2987
1129 1412 1861
1130 582 2551
1131 1140 1598
1132 1459 1135
1133 471 480
1134 346 2408
1135 1020 1213
1136 2049 1766
1137 2885 1013
1138 1040 737
1139 1691 913
1140 2620 1539
1141 789 277
1142 1442 1675
1143 43 2617
1144 334 1994
1145 2408 1707
1146 1103 214
1147 2151 585
1148 1537 699
1149 451 473
1150 2019 1465
1151 2765 2788
1152 254 776
1153 2930 1582
1154 1684 2496
1155 655 759
1156 2464 389
1157 1554 1406
1158 1013 1822
1159 588 2887
1160 1722 1123
1161 1547 2326
1162 1990 1219
1163 359 2551
1164 2931 1424
1165 2609 1094
1166 2659 1131
1167 317 484
1168 3067 2677
1169 2224 2405
1170 521 180
1171 2394 790
1172 2802 2650
1173 2131 1352
1174 2616 2438
1175 1738 1986
1176 241 635
1177 1928 1388
1178 1684 1049
1179 1985 1914
1180 319 2747
1181 152 2463
1182 763 1096
1183 349 509
1184 695 624
1185 2189 1303
1186 1854 2792
1187 2968 1258
1188 3027 1014
1189 2383 673
1190 336 350
1191 2091 3040
1192 1597 2102
1193 2645 533
1194 2235 1171
1195 1552 2888
1196 1546 2329
1197 819 1911
1198 885 854
1199 210 2840
1200 1979 294
1201 2683 1290
1202 523 1172
1203 2768 2357
1204 253 1844
1205 33 2675
1206 2366 163
1207 2778 1653
1208 3030 2297
1209 8 2281
1210 1831 2852
1211 2872 2873
1212 1616 433
1213 942 669
1214 2491 1500
1215 2872 2442
1216 1763 626
1217 848 655
1218 2376 189
1219 2201 2363
1220 2244 2970
1221 2381 1628
1222 97 2620
1223 564 1419
1224 1299 2972
1225 3064 1339
1226 1623 1559
1227 506 2885
1228 73 1080
1229 2763 1497
1230 1834 264
1231 2056 1049
1232 1879 75
1233 892 1660
1234 778 780
1235 2339 1363
1236 2771 446
1237 2876 1953
1238 820 146
1239 927 2792
1240 150 1082
1241 1978 1339
1242 1992 608
1243 2613 217
1244 938 402
1245 2651 1206
1246 573 933
1247 1991 921
1248 585 2719
1249 1216 42
1250 680 3036
1251 2405 613
1252 2522 1550
1253 1451 2122
1254 564 2934
1255 2538 1210
1256 2914 1073
1257 2742 1838
1258 1971 602
1259 2567 87
1260 2859 154
1261 2237 1800
1262 890 1494
1263 745 1817
1264 1905 2233
1265 1175 1043
1266 730 672
1267 1638 2537
1268 1771 70
1269 215 269
1270 2057 1792
1271 1640 1977
1272 81 1300
1273 517 183
1274 1685 726
1275 1162 903
1276 909 2829
1277 440 1851
1278 455 1026
1279 141 928
1280 1976 431
1281 2872 869
1282 668 2654
1283 518 235
1284 1599 2245
1285 1004 2806
1286 2297 265
1287 1897 2868
1288 1485 2078
1289 2552 1355
1290 493 1763
1291 433 373
1292 1534 1738
1293 2017 2609
1294 1774 2654
1295 1372 2220
1296 835 1086
1297 739 1564
1298 1979 2875
1299 189 2849
1300 2606 820
1301 1652 2155
1302 1246 2348
1303 812 1029
1304 453 1367
1305 953 1945
1306 714 1856
1307 3077 463
1308 1998 776
1309 318 2538
1310 1043 1901
1311 116 332
1312 548 12
1313 1298 1094
1314 1639 1211
1315 1814 2725
1316 16 992
1317 942 2753
1318 3051 1274
1319 2730 307
1320 965 882
1321 3007 73
1322 229 1392
1323 673 641
1324 2890 260
1325 2651 1559
1326 1736 274
1327 1915 2786
1328 2121 1160
1329 240 750
1330 2102 2875
1331 2836 2071
1332 2224 1867
1333 2923 647
1334 1243 1218
1335 231 2054
1336 1052 2499
1337 1501 846
1338 2329 1784
1339 911 897
1340 1870 1821
1341 2403 2914
1342 377 2747
1343 1262 1024
1344 1763 1817
1345 386 2700
1346 1314 2389
1347 142 3041
1348 2336 1418
1349 234 2613
1350 940 1197
1351 141 2607
1352 708 1935
1353 667 2850
1354 262 509
1355 941 592
1356 2940 2866
1357 1959 882
1358 2631 1735
1359 2512 2460
1360 1452 2378
1361 3066 725
1362 2698 2700
1363 480 910
1364 2889 800
1365 49 1500
1366 308 608
1367 2549 1340
1368 155 24
1369 731 2460
1370 1378 1028
1371 1089 828
1372 993 2116
1373 2789 1690
1374 1677 3039
1375 2638 2740
1376 234 2178
1377 1 1200
1378 2081 955
1379 774 812
1380 1050 1902
1381 3 2106
1382 1123 516
1383 88 18
1384 2224 2577
1385 1004 1246
1386 541 2867
1387 406 212
1388 1648 2117
1389 3004 82
1390 2930 1122
1391 2365 2990
1392 2278 1217
1393 1180 2107
1394 121 927
1395 1630 2226
1396 328 1747
1397 2346 1485
1398 1299 3012
1399 285 2217
1400 2505 2561
1401 1171 2877
1402 1112 1041
1403 476 387
1404 1991 1192
1405 2241 956
1406 2984 1965
1407 1791 1192
1408 2644 230
1409 2741 444
1410 1662 589
1411 1872 2133
1412 1947 537
1413 439 1237
1414 2935 72
1415 2634 970
1416 2354 1079
1417 1801 119
1418 1371 1437
1419 2255 2293
1420 562 2068
1421 2958 2038
1422 175 857
1423 2254 233
1424 2157 44
1425 483 2709
1426 2152 805
1427 922 2991
1428 1116 1077
1429 1525 2620
1430 604 1367
1431 1693 2191
1432 1420 1770
1433 747 1493
1434 2558 1118
1435 2406 1286
1436 375 158
1437 1164 1292
1438 1982 869
1439 1445 2297
1440 1161 1574
1441 2293 1480
1442 2446 1594
1443 86 1674
1444 1252 659
1445 1444 2814
1446 1688 2790
1447 84 1895
1448 1385 2828
1449 2349 301
1450 1477 617
1451 2565 1289
1452 294 2105
1453 574 649
1454 886 2428
1455 1383 2115
1456 804 292
1457 339 1280
1458 186 2779
1459 686 1755
1460 1625 1048
1461 75 2324
1462 2951 1256
1463 2959 928
1464 2867 2536
1465 1407 574
1466 2786 267
1467 2523 1213
1468 1858 412
1469 1544 1698
1470 380 162
1471 2238 1766
1472 1823 2254
1473 678 1979
1474 2154 247
1475 2844 1220
1476 1663 1584
1477 118 2532
1478 2252 1462
1479 1194 732
1480 1115 1136
1481 430 2910
1482 2390 781
1483 2083 2432
1484 1166 680
1485 425 2529
1486 738 856
1487 2977 183
1488 2602 20
1489 1693 590
1490 2003 827
1491 1739 444
1492 1605 1120
1493 2712 2613
1494 1639 1149
1495 3069 2691
1496 2031 2051
1497 433 1386
1498 1602 229
1499 1071 1881
1500 1950 1197
1501 2565 887
1502 2686 3054
1503 1361 557
1504 2979 1692
1505 2074 543
1506 1306 1808
1507 1840 1619
1508 1851 2913
1509 676 108
1510 3030 1528
1511 138 1313
1512 3054 169
1513 294 156
1514 389 148
1515 1196 1400
1516 1924 916
1517 41 1578
1518 1292 2586
1519 704 494
1520 1085 659
1521 1463 1833
1522 2089 1575
1523 1452 54
1524 1741 463
1525 788 261
1526 172 1097
1527 1941 965
1528 566 313
1529 1642 592
1530 389 1879
1531 1097 331
1532 2054 2042
1533 1902 1594
1534 1340 1909
1535 1895 2431
1536 173 2113
1537 455 378
1538 2582 2555
1539 2635 2789
1540 200 1517
1541 863 506
1542 1489 2537
1543 70 356
1544 1599 2510
1545 2168 2428
1546 2538 2181
1547 1873 982
1548 1023 1264
1549 906 675
1550 89 1992
1551 881 773
1552 3081 2711
1553 1817 379
1554 823 223
1555 641 68
1556 1205 1623
1557 2110 2244
1558 1696 1436
1559 2875 1880
1560 2282 50
1561 1092 1970
1562 2041 1999
1563 2844 2587
1564 768 967
1565 1828 1886
1566 2074 1161
1567 2898 942
1568 2893 1069
1569 3090 88
1570 324 923
1571 1879 1267
1572 1563 1954
1573 3025 2798
1574 1565 658
1575 1986 2916
1576 1349 1186
1577 2899 67
1578 2028 2008
1579 2056 1812
1580 2165 2978
1581 2995 1767
1582 562 1209
1583 2708 901
1584 903 2075
1585 896 2376
1586 1959 2176
1587 414 2702
1588 684 2550
1589 1765 2242
1590 1092 350
1591 2700 790
1592 1431 1256
1593 88 316
1594 2985 1465
1595 88 803
1596 1940 2460
1597 593 185
1598 2282 1864
1599 2494 428
1600 2949 2655
1601 862 431
1602 298 15
1603 823 1282
1604 1232 450
1605 1173 235
1606 1372 1043
1607 2862 1398
1608 2880 647
1609 1491 371
1610 1609 4
1611 1847 1077
1612 717 199
1613 1034 330
1614 1472 2657
1615 2011 469
1616 156 2341
1617 1513 2550
1618 919 1411
1619 942 1261
1620 1147 833
1621 1955 1053
1622 283 621
1623 1624 736
1624 602 481
1625 2734 631
1626 580 796
1627 1122 358
1628 1725 806
1629 2986 739
1630 2740 406
1631 388 1270
1632 555 110
1633 2907 2457
1634 1806 1355
1635 428 1238
1636 2839 342
1637 165 1158
1638 2978 2306
1639 1827 856
1640 876 1323
1641 972 1730
1642 653 565
1643 1633 1277
1644 380 1581
1645 533 1402
1646 1294 2868
1647 2950 579
1648 2422 1853
1649 1163 294
1650 1459 2686
1651 242 1050
1652 1481 600
1653 2726 1628
1654 905 1075
1655 790 736
1656 1448 2032
1657 1712 1446
1658 522 1442
1659 942 807
1660 880 2359
1661 2297 103
1662 2711 286
1663 237 1625
1664 1751 3061
1665 109 2613
1666 698 1221
1667 722 1053
1668 2899 2166
1669 1415 1907
1670 1408 330
1671 2035 1099
1672 872 2131
1673 2791 2173
1674 43 2845
1675 939 1468
1676 832 1266
1677 2400 1682
1678 2524 597
1679 2569 2046
1680 302 1758
1681 1436 178
1682 2087 3069
1683 353 1553
1684 791 1309
1685 101 451
1686 2438 184
1687 1051 1389
1688 1599 13
1689 2350 2803
1690 1393 1479
1691 440 126
1692 1093 183
1693 226 79
1694 2969 1626
1695 1745 1873
1696 572 1661
1697 2827 1947
1698 1235 3006
1699 2021 1577
1700 1953 1859
1701 1735 2776
1702 597 2998
1703 1394 2867
1704 1287 2854
1705 2573 2533
1706 1018 1325
1707 151 2284
1708 1463 507
1709 427 27
1710 1770 1645
1711 1940 2305
1712 334 399
1713 1696 374
1714 2249 1785
1715 1158 674
1716 406 2131
1717 951 1696
1718 2207 441
1719 459 2358
1720 2710 1823
1721 416 145
1722 842 1137
1723 2015 961
1724 678 3078
1725 1202 1536
1726 2132 1747
1727 3036 172
1728 3056 1
1729 1943 2442
1730 2356 1764
1731 1263 856
1732 828 3046
1733 91 106
1734 2972 12
1735 3059 2234
1736 829 540
1737 544 1484
1738 148 1338
1739 2461 1555
1740 729 847
1741 1058 2405
1742 1529 2252
1743 3066 1524
1744 1300 144
1745 2887 3009
1746 454 1435
1747 2186 2210
1748 77 2523
1749 652 3070
1750 913 962
1751 444 1727
1752 1834 918
1753 2462 915
1754 2408 2154
1755 378 67
1756 1324 2882
1757 1320 1316
1758 1621 1992
1759 1947 1215
1760 1372 1816
1761 415 1479
1762 273 889
1763 1279 2256
1764 710 1663
1765 1921 1015
1766 107 2346
1767 3069 588
1768 1008 577
1769 2822 2950
1770 2340 1100
1771 2722 1139
1772 465 2316
1773 1176 272
1774 1498 2686
1775 2059 229
1776 2338 2428
1777 62 1872
1778 458 21
1779 2096 2196
1780 1132 1655
1781 2340 122
1782 192 1152
1783 1573 2250
1784 1201 386
1785 2389 2423
1786 1295 450
1787 2886 2533
1788 698 995
1789 1342 2157
1790 1921 2771
1791 913 715
1792 2203 1926
1793 2709 2262
1794 753 2839
1795 1450 1956
1796 2427 2558
1797 1880 1199
1798 2478 2793
1799 1488 2047
1800 533 1236
1801 364 648
1802 1718 2855
1803 2902 1957
1804 994 278
1805 2911 819
1806 2305 1057
1807 924 456
1808 2226 347
1809 1566 1603
1810 772 146
1811 2930 1984
1812 2101 2076
1813 2684 2272
1814 747 125
1815 317 2658
1816 2823 1733
1817 1859 399
1818 1619 1500
1819 2381 2023
1820 1135 970
1821 454 903
1822 716 2338
1823 860 2718
1824 161 2199
1825 1287 305
1826 1228 1734
1827 2738 2674
1828 1561 446
1829 2314 1598
1830 2882 1834
1831 2404 1175
1832 2781 1724
1833 2377 368
1834 100 2952
1835 2168 1553
1836 1061 298
1837 1280 1681
1838 1204 1941
1839 729 2086
1840 2548 295
1841 7 2172
1842 838 2900
1843 2057 700
1844 1799 1733
1845 1729 2627
1846 1768 1599
1847 1554 2614
1848 1528 1217
1849 1531 131
1850 1675 576
1851 41 2405
1852 300 2983
1853 1864 1510
1854 2805 2972
1855 1780 2938
1856 1930 2414
1857 1839 2549
1858 2508 34
1859 2082 14
1860 1455 2042
1861 2192 2862
1862 655 2753
1863 924 223
1864 2148 1533
1865 1685 141
1866 2104 1766
1867 619 2072
1868 988 253
1869 280 2646
1870 46 1582
1871 2834 2842
1872 861 1549
1873 641 1394
1874 390 1617
1875 295 272
1876 623 1306
1877 1031 1335
1878 2091 378
1879 1180 202
1880 2995 2214
1881 3066 1086
1882 1911 1933
1883 2936 2302
1884 2976 97
1885 2310 2692
1886 337 2925
1887 864 2978
1888 901 1347
1889 3008 770
1890 804 1130
1891 1665 1007
1892 780 2636
1893 1414 2843
1894 380 2942
1895 3003 579
1896 2588 1093
1897 670 2666
1898 2142 603
1899 511 2924
1900 743 1971
1901 1107 1350
1902 2264 245
1903 907 1383
1904 615 2454
1905 1611 1106
1906 94 1701
1907 1840 2341
1908 1123 3055
1909 1282 1350
1910 261 176
1911 1559 1266
1912 1475 2851
1913 1588 1149
1914 3068 2063
1915 1107 623
1916 1292 1111
1917 1266 1004
1918 3068 2609
1919 3061 995
1920 667 1
1921 3081 42
1922 1883 1301
1923 1515 2478
1924 2232 320
1925 1394 324
1926 746 2596
1927 657 183
1928 366 2411
1929 2073 1661
1930 1744 1707
1931 2590 1297
1932 2517 240
1933 2801 26
1934 438 2220
1935 40 1611
1936 2458 419
1937 1992 2858
1938 2194 1440
1939 2553 2654
1940 3051 904
1941 1595 2245
1942 717 111
1943 1678 1447
1944 778 322
1945 1203 362
1946 635 2132
1947 401 302
1948 30 955
1949 429 2560
1950 634 2146
1951 1249 459
1952 2020 2755
1953 1922 837
1954 1309 1493
1955 726 2187
1956 172 2745
1957 811 2426
1958 155 973
1959 1065 2868
1960 81 957
1961 227 2916
1962 2725 2649
1963 2933 2783
1964 1964 1848
1965 378 1267
1966 1092 947
1967 659 1540
1968 1147 613
1969 572 2884
1970 1178 1282
1971 1671 984
1972 2778 2648
1973 147 2015
1974 135 1454
1975 1456 1630
1976 1337 1380
1977 125 2216
1978 2177 502
1979 1350 2117
1980 3035 2249
1981 1139 181
1982 347 1298
1983 954 2618
1984 3020 1917
1985 2777 2045
1986 538 430
1987 2417 696
1988 2252 1822
1989 1078 529
1990 387 714
1991 2421 393
1992 1663 3052
1993 962 1372
1994 2301 1360
1995 1639 254
1996 1853 2801
1997 927 2993
1998 2987 2585
1999 455 2629
2000 2933 449
2001 740 1513
2002 1089 162
2003 1234 479
2004 1922 342
2005 2876 232
2006 1087 807
2007 1102 1767
2008 781 127
2009 1239 2439
2010 1319 1425
2011 533 2823
2012 283 3013
2013 136 2493
2014 1114 835
2015 13 2895
2016 2592 1867
2017 553 1626
2018 1315 281
2019 2590 1300
2020 966 243
2021 2096 533
2022 2934 2944
2023 1413 2770
2024 1088 2943
2025 1702 950
2026 2288 368
2027 964 526
2028 351 2487
2029 1331 2840
2030 286 573
2031 498 1022
2032 1350 136
2033 2504 3026
2034 149 2838
2035 480 1559
2036 3036 2426
2037 1780 2940
2038 896 88
2039 534 300
2040 2632 2741
2041 1536 141
2042 2534 1397
2043 348 107
2044 1800 1556
2045 1851 450
2046 2198 520
2047 285 93
2048 1238 2962
2049 362 2207
2050 137 414
2051 1275 2692
2052 2100 1058
2053 965 575
2054 2175 1679
2055 2416 538
2056 1377 1992
2057 2098 2194
2058 1125 1917
2059 2876 1430
2060 1448 2
2061 3075 597
2062 1019 1069
2063 2147 1270
2064 1358 2044
2065 630 925
2066 3049 198
2067 2096 2415
2068 1557 2179
2069 2152 2887
2070 1487 858
2071 3052 272
2072 1430 812
2073 164 2190
2074 1315 359
2075 2909 1215
2076 1875 1431
2077 1155 812
2078 1283 2343
2079 182 1348
2080 1620 310
2081 203 1746
2082 2484 1132
2083 2524 188
2084 1880 2648
2085 2545 1019
2086 823 1711
2087 249 1839
2088 949 2495
2089 219 978
2090 2495 2356
2091 2230 2954
2092 222 269
2093 1819 1301
2094 2440 603
2095 290 1383
2096 2096 2648
2097 662 139
2098 1184 1959
2099 361 375
2100 1259 637
2101 946 1801
2102 183 2520
2103 527 2567
2104 697 2382
2105 296 2158
2106 1488 985
2107 770 1391
2108 1263 947
2109 34 2577
2110 1946 1757
2111 1564 1152
2112 3020 449
2113 1451 2872
2114 2986 580
2115 183 2329
2116 1136 2457
2117 200 4
2118 2527 147
2119 2377 949
2120 380 2725
2121 603 291
2122 1746 2060
2123 347 486
2124 1885 3029
2125 2785 428
2126 220 376
2127 1891 955
2128 2343 1872
2129 2320 1570
2130 2334 230
2131 405 2902
2132 670 1572
2133 2235 480
2134 2643 1100
2135 3083 2827
2136 1154 911
2137 1079 1957
2138 415 2572
2139 1575 1702
2140 432 3080
2141 762 147
2142 647 105
2143 400 1685
2144 1270 1579
2145 882 1674
2146 944 282
2147 1972 1339
2148 2275 2604
2149 659 337
2150 2597 2424
2151 2395 2276
2152 3048 19
2153 744 2832
2154 695 1113
2155 129 2063
2156 294 844
2157 2856 2370
2158 882 653
2159 1194 1088
2160 591 2372
2161 658 878
2162 2853 2283
2163 2112 1143
2164 2343 1063
2165 2972 1875
2166 1236 2183
2167 725 1938
2168 1364 2574
2169 151 1340
2170 701 2259
2171 970 1057
2172 138 536
2173 368 569
2174 2186 2755
2175 993 2393
2176 1834 964
2177 518 2648
2178 257 2696
2179 1162 226
2180 3035 2400
2181 375 2670
2182 2815 2557
2183 1592 1314
2184 836 697
2185 2091 2319
2186 2736 1113
2187 2898 558
2188 660 859
2189 426 160
2190 96 766
2191 2069 1372
2192 579 337
2193 931 834
2194 2473 1451
2195 2565 1338
2196 1715 437
2197 2271 1824
2198 2841 1794
2199 486 1718
2200 825 829
2201 972 2217
2202 929 1210
2203 2288 1168
2204 2718 2472
2205 549 1909
2206 3025 1781
2207 2401 1146
2208 1191 2986
2209 2670 1884
2210 2669 2591
2211 513 1061
2212 2734 226
2213 2340 1763
2214 1582 1029
2215 2185 1897
2216 2079 229
2217 1491 2674
2218 1639 2145
2219 2287 2785
2220 3019 592
2221 428 1279
2222 1296 982
2223 630 1689
2224 2665 936
2225 59 2631
2226 639 46
2227 1001 2037
2228 2560 1953
2229 176 835
2230 2916 2427
2231 1640 3055
2232 3060 3074
2233 2402 1252
2234 613 231
2235 527 945
2236 1525 1016
2237 1999 2592
2238 2426 2552
2239 304 2924
2240 1067 3042
2241 88 2010
2242 2234 1778
2243 2568 1317
2244 2201 1577
2245 1211 2581
2246 2546 1123
2247 1796 1964
2248 2395 624
2249 2260 706
2250 2668 2716
2251 2706 397
2252 224 2231
2253 679 1203
2254 2021 1853
2255 102 2852
2256 2541 2801
2257 208 415
2258 2040 2540
2259 1328 211
2260 2184 1979
2261 1981 2149
2262 2808 1330
2263 83 2810
2264 2608 324
2265 500 356
2266 1427 1132
2267 2757 2101
2268 693 2813
2269 236 2550
2270 2387 2674
2271 1163 2508
2272 2901 1201
2273 43 985
2274 697 1205
2275 2683 3064
2276 753 2388
2277 2423 2972
2278 374 232
2279 1998 1035
2280 204 441
2281 24 2204
2282 1457 1042
2283 2102 1429
2284 2802 2073
2285 1729 12
2286 1968 2425
2287 1555 1651
2288 2435 3055
2289 1389 1560
2290 3030 1977
2291 2784 1810
2292 1272 907
2293 1552 1315
2294 2285 997
2295 1916 2516
2296 2991 1198
2297 305 504
2298 2886 1630
2299 887 455
2300 2270 1857
2301 1559 2653
2302 2171 115
2303 11 565
2304 2238 2129
2305 2686 1436
2306 735 1462
2307 2757 686
2308 1086 1328
2309 3075 1723
2310 2449 1638
2311 411 140
2312 395 2910
2313 2412 886
2314 758 2457
2315 572 623
2316 1161 437
2317 174 9
2318 543 161
2319 814 1991
2320 2347 974
2321 2677 2657
2322 252 2825
2323 8 140
2324 1441 1931
2325 2957 2219
2326 827 545
2327 1165 2123
2328 1839 2890
2329 2187 1162
2330 2350 1666
2331 1986 809
2332 1121 1704
2333 839 1613
2334 2552 2399
2335 864 3013
2336 1738 2806
2337 2926 1322
2338 2870 2852
2339 1881 567
2340 651 511
2341 1850 417
2342 1569 2735
2343 477 1244
2344 165 2279
2345 1959 1896
2346 3032 2088
2347 1019 1703
2348 2093 2889
2349 300 627
2350 2402 286
2351 2037 661
2352 2639 2952
2353 992 587
2354 551 2442
2355 1507 1729
2356 285 2354
2357 64 1634
2358 71 1245
2359 843 2519
2360 806 439
2361 1917 1439
2362 558 824
2363 406 851
2364 1737 2530
2365 2506 296
2366 927 664
2367 624 605
2368 37 497
2369 1564 1401
2370 510 1651
2371 1306 2045
2372 275 2343
2373 1379 2151
2374 2028 626
2375 1039 2932
2376 2534 3001
2377 1981 2689
2378 1759 1532
2379 2898 2501
2380 965 2347
2381 1148 2300
2382 126 2130
2383 404 2211
2384 868 218
2385 1591 3078
2386 1215 2207
2387 1273 1747
2388 1290 411
2389 1254 354
2390 718 2789
2391 2377 2433
2392 2481 2752
2393 510 2022
2394 2271 1491
2395 1996 2870
2396 2718 1707
2397 1433 506
2398 1804 1214
2399 1440 2347
2400 442 2026
2401 263 2723
2402 358 1899
2403 773 2236
2404 2366 891
2405 2212 464
2406 361 752
2407 1226 988
2408 1610 1191
2409 549 1006
2410 2491 2095
2411 1708 1784
2412 1477 1288
2413 2691 796
2414 237 1003
2415 720 917
2416 1706 2255
2417 1392 2054
2418 1688 122
2419 2280 2412
2420 829 806
2421 1616 111
2422 1960 916
2423 154 1529
2424 2337 555
2425 2360 2665
2426 2693 2674
2427 1752 2109
2428 2377 635
2429 1472 20
2430 67 722
2431 1435 861
2432 2810 2216
2433 1692 513
2434 2001 2318
2435 2753 1701
2436 350 2872
2437 2670 1541
2438 1436 1437
2439 2970 1401
2440 1060 1301
2441 2845 1057
2442 3021 1709
2443 3084 473
2444 2087 31
2445 2102 216
2446 1498 1194
2447 1254 107
2448 2711 291
2449 2563 287
2450 2924 657
2451 389 1339
2452 2963 2422
2453 906 1054
2454 2631 274
2455 1785 982
2456 1740 1534
2457 1081 320
2458 1628 1801
2459 3010 2724
2460 534 423
2461 3031 1862
2462 872 1178
2463 1535 842
2464 2399 488
2465 1979 131
2466 1003 1986
2467 806 2512
2468 2815 2352
2469 2655 2011
2470 567 1943
2471 444 1821
2472 1747 669
2473 1407 584
2474 2720 2257
2475 2524 2292
2476 1539 1052
2477 2443 63
2478 1160 1102
2479 1207 884
2480 1154 2588
2481 155 1481
2482 56 1169
2483 2239 1390
2484 1620 691
2485 394 602
2486 1278 269
2487 2231 455
2488 477 727
2489 1067 1567
2490 461 324
2491 2636 1181
2492 1683 2469
2493 1915 721
2494 2189 1771
2495 1086 445
2496 935 2156
2497 58 2338
2498 1910 273
2499 495 273
2500 2542 1737
2501 2358 2524
2502 1402 595
2503 1758 190
2504 3025 2526
2505 1994 132
2506 26 448
2507 2574 116
2508 155 359
2509 2756 1348
2510 1721 1926
2511 1361 2193
2512 1994 376
2513 1293 1584
2514 2085 1169
2515 1246 2626
2516 862 1253
2517 2281 1994
2518 2338 1885
2519 479 1768
2520 2357 863
2521 245 1491
2522 863 1275
2523 1518 2859
2524 2555 1058
2525 2267 265
2526 2350 108
2527 2883 52
2528 1079 1684
2529 1328 2647
2530 2155 570
2531 1559 2015
2532 1938 1274
2533 2901 2154
2534 1695 1612
2535 2954 340
2536 224 1119
2537 233 531
2538 2936 32
2539 3045 758
2540 1639 429
2541 3014 2926
2542 2231 195
2543 2786 1470
2544 2501 45
2545 2896 2433
2546 1054 527
2547 2829 2374
2548 2020 834
2549 2302 2648
2550 2489 788
2551 2627 1495
2552 2278 715
2553 1786 2935
2554 2350 2371
2555 2058 1133
2556 241 677
2557 1113 1364
2558 1840 1557
2559 91 909
2560 243 1297
2561 409 3040
2562 2547 1024
2563 2158 1473
2564 609 2145
2565 164 1552
2566 2652 1450
2567 1005 855
2568 101 900
2569 1306 1036
2570 2484 163
2571 2170 182
2572 2578 1581
2573 389 1500
2574 2745 2070
2575 660 752
2576 1456 2097
2577 950 620
2578 1005 1846
2579 2846 694
2580 1752 112
2581 2657 270
2582 3080 1054
2583 2705 811
2584 314 3011
2585 1748 407
2586 1636 463
2587 2055 805
2588 741 568
2589 729 862
2590 1433 60
2591 1684 2753
2592 1089 2283
2593 834 253
2594 2386 1935
2595 1386 143
2596 964 863
2597 1451 436
2598 806 593
2599 3090 1833
2600 429 2297
2601 195 1900
2602 1710 281
2603 2849 890
2604 2362 111
2605 2904 2749
2606 1090 1634
2607 2234 1786
2608 2307 563
2609 2867 2295
2610 162 2480
2611 537 448
2612 2613 2571
2613 304 256
2614 2009 2086
2615 632 1247
2616 3078 922
2617 860 2932
2618 1974 93
2619 819 2007
2620 501 2775
2621 11 847
2622 394 340
2623 828 73
2624 1031 1910
2625 312 2448
2626 1260 805
2627 1140 385
2628 1961 2921
2629 1416 1903
2630 2249 2970
2631 1 1859
2632 562 2361
2633 2083 1154
2634 2788 2626
2635 2094 1936
2636 670 1297
2637 1550 2729
2638 2854 665
2639 2109 428
2640 1392 901
2641 321 2829
2642 1346 1367
2643 1031 2343
2644 38 912
2645 534 959
2646 2494 1132
2647 2796 887
2648 796 2779
2649 713 1280
2650 1298 1780
2651 2330 272
2652 1210 937
2653 9 679
2654 717 1295
2655 2762 7
2656 2727 1468
2657 1153 828
2658 914 2893
2659 1734 606
2660 1698 1165
2661 539 2580
2662 2940 1016
2663 140 2897
2664 2010 297
2665 1951 2721
2666 2574 2328
2667 2160 865
2668 3071 1436
2669 613 2162
2670 331 74
2671 709 1516
2672 2736 1455
2673 725 1545
2674 911 1396
2675 2345 1191
2676 892 1061
2677 304 2240
2678 2434 687
2679 1070 1263
2680 82 1752
2681 2035 165
2682 2862 1441
2683 365 2556
2684 1181 186
2685 2711 2447
2686 1668 2691
2687 75 135
2688 1725 2533
2689 2289 1686
2690 935 1387
2691 1976 721
2692 1002 1089
2693 877 1251
2694 922 1103
2695 481 1665
2696 392 3001
2697 1891 318
2698 1376 2849
2699 1925 1688
2700 1195 847
2701 2869 841
2702 1554 415
2703 1907 907
2704 2676 282
2705 710 1861
2706 1680 282
2707 2205 2013
2708 2482 32
2709 1814 1159
2710 88 1733
2711 2487 2328
2712 1656 1215
2713 884 2719
2714 290 2684
2715 2569 2526
2716 880 988
2717 2342 1773
2718 2798 338
2719 2317 2638
2720 684 2085
2721 1719 1759
2722 623 902
2723 2182 1580
2724 414 1074
2725 1110 1946
2726 1423 625
2727 152 1996
2728 1529 1055
2729 3065 2826
2730 1009 542
2731 556 1303
2732 2480 2006
2733 1466 709
2734 684 1954
2735 3036 2215
2736 2792 37
2737 862 657
2738 1873 914
2739 1073 1488
2740 1179 1308
2741 800 92
2742 1403 3030
2743 141 1877
2744 2212 1740
2745 433 1292
2746 2366 781
2747 274 2179
2748 2287 1651
2749 888 2616
2750 2726 2046
2751 2078 783
2752 1977 479
2753 2686 1805
2754 788 229
2755 1156 10
2756 1407 1655
2757 2650 2228
2758 43 2865
2759 2955 607
2760 463 1356
2761 164 871
2762 1779 736
2763 1242 2501
2764 424 2144
2765 1625 336
2766 219 934
2767 1788 2520
2768 2512 3088
2769 903 1928
2770 1224 1006
2771 2856 323
2772 1046 34
2773 2553 412
2774 1546 2472
2775 1066 1730
2776 1896 2390
2777 1696 2108
2778 1494 1854
2779 1127 2007
2780 2779 193
2781 2491 1818
2782 1003 1759
2783 861 2930
2784 214 227
2785 98 430
2786 1953 246
2787 2306 595
2788 2653 636
2789 442 3036
2790 2587 903
2791 1193 2552
2792 1148 1887
2793 1751 1467
2794 2412 1651
2795 1927 2824
2796 1820 2513
2797 1451 1666
2798 1077 710
2799 455 2348
2800 1550 2245
2801 844 1331
2802 399 358
2803 613 1381
2804 321 1560
2805 2161 1404
2806 2156 2551
2807 2669 2773
2808 1715 2514
2809 2889 608
2810 2147 2398
2811 124 272
2812 669 2326
2813 2958 895
2814 1205 2976
2815 524 479
2816 213 1686
2817 935 837
2818 2483 2835
2819 1347 2607
2820 2536 1643
2821 1501 64
2822 341 2336
2823 1756 1460
2824 1071 2142
2825 648 199
2826 2569 569
2827 1489 1328
2828 165 2213
2829 631 2624
2830 2667 614
2831 1041 2511
2832 2420 2321
2833 982 2860
2834 2864 2218
2835 2562 1631
2836 624 2255
2837 2473 1350
2838 842 517
2839 268 647
2840 1813 2396
2841 716 3014
2842 2908 486
2843 25 557
2844 1958 2979
2845 2694 2225
2846 1016 861
2847 1996 2437
2848 2189 1833
2849 2550 1630
2850 1032 1473
2851 463 2583
2852 2818 3057
2853 1993 2300
2854 979 243
2855 1906 2383
2856 1741 1327
2857 2975 2212
2858 1621 1891
2859 317 1737
2860 1030 3073
2861 1581 2709
2862 1594 2134
2863 1527 1023
2864 1748 2305
2865 1327 951
2866 17 2721
2867 541 2714
2868 1416 1287
2869 1666 2627
2870 464 731
2871 1763 1194
2872 109 1387
2873 2659 1678
2874 1423 1883
2875 140 547
2876 1867 1682
2877 595 1140
2878 2790 783
2879 2752 2647
2880 2910 2246
2881 783 480
2882 279 485
2883 2773 1086
2884 16 2969
2885 2755 481
2886 101 2220
2887 486 819
2888 644 805
2889 2777 3090
2890 1096 2898
2891 2246 1881
2892 1647 2970
2893 2121 1067
2894 2224 2159
2895 180 1787
2896 827 2697
2897 2824 821
2898 2727 156
2899 2769 376
2900 580 1206
2901 1942 2293
2902 1147 441
2903 606 2500
2904 2925 2860
2905 2334 2823
2906 2456 1571
2907 1357 1310
2908 221 768
2909 2671 2534
2910 1122 349
2911 1276 2713
2912 1947 1125
2913 1682 301
2914 744 173
2915 2411 1408
2916 1495 2849
2917 1174 2371
2918 2287 125
2919 2805 600
2920 512 2871
2921 1861 577
2922 2811 3032
2923 262 528
2924 116 1288
2925 1578 288
2926 1163 2176
2927 3028 371
2928 1815 620
2929 523 1217
2930 2390 3017
2931 1083 571
2932 1312 1182
2933 257 2080
2934 2659 273
2935 2249 3007
2936 2001 3075
2937 2266 22
2938 1210 2872
2939 2988 2400
2940 287 1634
2941 993 2316
2942 809 2483
2943 1224 2659
2944 1671 1917
2945 443 1210
2946 2017 2995
2947 54 2245
2948 1257 2011
2949 1176 1798
2950 1917 909
2951 1525 2754
2952 700 2707
2953 1673 750
2954 890 222
2955 1867 1689
2956 496 1439
2957 2728 1387
2958 264 2739
2959 938 680
2960 1694 2752
2961 1550 599
2962 2475 324
2963 1833 268
2964 1496 2539
2965 682 916
2966 1390 1212
2967 1368 2665
2968 571 2316
2969 2249 1365
2970 1225 1991
2971 2832 1796
2972 1889 2300
2973 2792 2288
2974 181 481
2975 1081 354
2976 2874 2821
2977 1242 586
2978 1529 3074
2979 327 135
2980 2357 2572
2981 2663 2792
2982 2926 1387
2983 88 3067
2984 2071 741
2985 2153 130
2986 1463 1310
2987 2562 2908
2988 885 2808
2989 1810 1995
2990 2958 2893
2991 3027 2592
2992 179 1905
2993 2179 160
2994 1779 1794
2995 1815 2975
2996 2461 2581
2997 172 529
2998 199 1439
2999 326 2362
3000 2731 1801
3001 2366 2295
3002 2594 1602
3003 2067 1495
3004 1470 2296
3005 2006 229
3006 2815 934
3007 1412 203
3008 1748 1103
3009 1791 412
3010 1959 1644
3011 815 3040
3012 663 109
3013 867 1691
3014 338 2975
3015 427 124
3016 889 1426
3017 1082 2925
3018 1745 2358
3019 1800 150
3020 386 2626
3021 2821 1904
3022 2473 1968
3023 2605 743
3024 2875 2891
3025 2130 2670
3026 680 2626
3027 2423 2573
3028 2736 1411
3029 929 1717
3030 433 646
3031 1199 827
3032 579 3037
3033 1763 2853
3034 232 1648
3035 2805 766
3036 2588 864
3037 1555 1029
3038 1436 2094
3039 55 650
3040 308 1143
3041 1309 1737
3042 737 231
3043 1835 1896
3044 1675 1696
3045 3 659
3046 1180 3065
3047 2893 847
3048 1108 877
3049 2065 2567
3050 2331 363
3051 2483 227
3052 2700 923
3053 777 1190
3054 2817 232
3055 1388 3061
3056 1448 1608
3057 1415 699
3058 2934 822
3059 449 55
3060 3003 1865
3061 2999 1251
3062 638 1974
3063 818 815
3064 1948 2283
3065 2392 1571
3066 1057 1711
3067 1913 964
3068 1687 2493
3069 912 1246
3070 266 61
3071 90 3011
3072 2146 208
3073 3041 2876
3074 543 71
3075 324 354
3076 1909 2911
3077 2774 1569
3078 1697 1852
3079 2016 1308
3080 2729 456
3081 1660 821
3082 1658 1232
3083 2843 2841
3084 1325 465
3085 898 292
3086 309 1328
3087 2602 2310
3088 283 1648
3089 1553 1330
3090 2739 853
