2720 2720
1 2196 477
2 1378 998
3 1459 1460
4 2439 1398
5 1858 361
6 703 1351
7 865 1487
8 1953 1667
9 1862 2039
10 1422 1434
11 1743 2640
12 576 7
13 1595 2386
14 709 1621
15 58 2589
16 174 769
17 1155 2333
18 1859 1505
19 1509 1745
20 2426 2213
21 1311 460
22 2280 29
23 947 1531
24 1590 1756
25 600 2409
26 2551 412
27 1392 1760
28 410 65
29 634 784
30 1851 2146
31 1897 2549
32 319 773
33 1396 788
34 1216 10
35 14 1093
36 549 492
37 2329 536
38 277 1475
39 1335 2033
40 2605 2413
41 1666 22
42 2257 366
43 605 523
44 1376 1301
45 2346 379
46 2315 258
47 1661 666
48 2086 2053
49 496 2505
50 1760 1512
51 1561 1722
52 1456 1616
53 2393 276
54 976 2688
55 2518 2329
56 1839 190
57 1963 1222
58 194 1722
59 606 602
60 186 2220
61 371 731
62 988 2429
63 1727 1494
64 12 2121
65 2720 37
66 875 2116
67 1291 2422
68 2468 2395
69 2565 1833
70 929 700
71 86 1306
72 2275 2104
73 2107 1216
74 146 2087
75 955 1013
76 466 781
77 477 1144
78 118 1436
79 2168 975
80 473 1306
81 2698 2000
82 2667 677
83 333 2178
84 2120 2196
85 2311 1407
86 304 95
87 1825 381
88 2546 1154
89 1370 526
90 1098 1053
91 2012 324
92 845 224
93 1264 409
94 770 326
95 2030 558
96 2516 1727
97 1112 434
98 1509 755
99 999 1862
100 2629 99
101 1957 510
102 420 2642
103 253 522
104 2372 932
105 2224 1494
106 594 965
107 2602 1967
108 1430 781
109 2324 2247
110 1800 2051
111 651 859
112 1094 288
113 16 467
114 708 246
115 1345 2409
116 1475 2545
117 361 14
118 1029 1212
119 2164 2505
120 2560 2022
121 357 1153
122 2513 966
123 2475 1406
124 435 2141
125 1393 2347
126 495 668
127 1909 2430
128 2614 1382
129 2076 1658
130 1870 2519
131 356 1333
132 457 4
133 2681 790
134 2396 2437
135 2316 962
136 2030 2129
137 609 1463
138 1008 2697
139 2568 1304
140 2604 1111
141 303 1194
142 992 1144
143 1814 62
144 1485 952
145 579 209
146 2315 1917
147 662 1520
148 1824 935
149 1599 480
150 881 1462
151 1327 1724
152 919 876
153 525 1408
154 1750 1748
155 1898 1798
156 42 2244
157 1622 1743
158 2371 2655
159 533 1573
160 594 94
161 300 478
162 516 848
163 513 2691
164 1135 415
165 1538 1778
166 1899 1109
167 1380 1377
168 195 575
169 1615 2180
170 1068 1777
171 791 2192
172 2261 1514
173 879 993
174 2399 1178
175 1753 1241
176 1838 2337
177 1825 746
178 1025 1369
179 1931 1654
180 95 1142
181 2602 1557
182 755 1389
183 2482 2007
184 1913 531
185 688 2122
186 1497 648
187 121 1982
188 564 51
189 32 1255
190 2716 368
191 2444 675
192 2249 2504
193 1289 1757
194 1513 2591
195 2686 2673
196 1496 2675
197 575 2128
198 2320 1827
199 515 2663
200 1186 2223
201 1241 1787
202 1030 1055
203 2327 2551
204 1328 1671
205 2163 1738
206 163 1321
207 2709 1547
208 74 571
209 1388 1534
210 549 298
211 1088 1787
212 1185 1567
213 265 2189
214 1227 1729
215 574 1944
216 1990 1403
217 2192 1599
218 1658 288
219 2360 2629
220 624 972
221 206 1138
222 892 1421
223 1244 2232
224 2426 1922
225 2706 2647
226 700 1059
227 2459 158
228 1282 2241
229 2160 690
230 1675 46
231 523 852
232 1356 1952
233 991 1214
234 831 594
235 1798 238
236 925 1196
237 2203 999
238 1454 933
239 777 916
240 1696 262
241 1891 2222
242 2455 2672
243 1782 1344
244 2276 545
245 2172 1256
246 345 691
247 1746 65
248 2716 1381
249 1260 544
250 2330 1022
251 296 1499
252 862 1935
253 352 1840
254 1762 2232
255 1732 773
256 1477 270
257 1767 2444
258 2269 252
259 1049 170
260 175 199
261 181 1943
262 509 2039
263 1627 2664
264 2303 146
265 2433 1452
266 341 523
267 1542 1332
268 2108 27
269 1703 1719
270 287 2159
271 661 1940
272 1648 515
273 839 2265
274 2679 1772
275 2668 2147
276 106 1788
277 2371 423
278 1278 1730
279 943 401
280 285 752
281 2085 107
282 696 33
283 1864 2113
284 2367 2650
285 951 770
286 1838 2512
287 228 1513
288 2410 1995
289 1321 636
290 2061 1642
291 2455 1589
292 382 295
293 2319 2016
294 2277 156
295 1652 1156
296 381 2694
297 1504 581
298 2219 648
299 1494 713
300 302 371
301 1816 1466
302 1367 1765
303 1434 1836
304 251 240
305 1110 1439
306 2406 1821
307 2210 646
308 2610 1168
309 287 1033
310 2073 2670
311 1203 1353
312 1832 2588
313 634 994
314 2164 137
315 1464 1973
316 721 47
317 466 711
318 289 1270
319 1149 1828
320 138 858
321 1687 2472
322 1291 1326
323 2325 1151
324 1583 1152
325 2716 2411
326 2211 671
327 1077 199
328 2501 1947
329 2618 2186
330 1150 1355
331 1270 1997
332 1874 2293
333 269 464
334 1172 1770
335 2358 346
336 479 1135
337 82 1792
338 163 1539
339 1400 1640
340 1085 2270
341 847 2287
342 586 1655
343 576 1511
344 957 1993
345 1226 1636
346 1199 1367
347 1592 2009
348 2454 2125
349 2353 2175
350 2042 937
351 1070 1494
352 387 1049
353 145 1999
354 1495 647
355 1811 585
356 675 818
357 638 2106
358 1047 1759
359 445 1009
360 2423 816
361 1714 1882
362 2511 2580
363 934 65
364 2632 2432
365 934 1594
366 1944 1531
367 2379 384
368 62 2496
369 762 253
370 366 2175
371 1422 1450
372 874 837
373 755 87
374 306 2206
375 2101 2125
376 2076 1912
377 2552 18
378 744 1226
379 1961 2445
380 302 372
381 1972 2506
382 825 649
383 1687 352
384 791 1898
385 2327 1361
386 1169 1013
387 2002 1938
388 185 510
389 1109 2476
390 1922 1276
391 239 2403
392 1620 2664
393 357 533
394 735 1601
395 103 1124
396 528 723
397 1667 2487
398 34 473
399 761 1438
400 2103 577
401 527 1717
402 1288 2576
403 933 2155
404 1304 709
405 2219 1539
406 1935 2338
407 978 1786
408 1254 168
409 897 2474
410 447 2210
411 2601 1487
412 791 2661
413 59 1961
414 1438 2710
415 2296 1025
416 1638 2284
417 329 175
418 1722 1176
419 1585 1755
420 2321 1507
421 799 2626
422 259 2711
423 872 27
424 1883 2240
425 52 1787
426 1453 1204
427 1432 182
428 2379 2225
429 773 583
430 275 805
431 2014 1106
432 1227 2452
433 2255 520
434 1775 1398
435 860 203
436 2282 95
437 2072 82
438 547 2595
439 120 1614
440 314 2553
441 263 1934
442 660 1823
443 507 2209
444 2099 607
445 263 731
446 585 1072
447 1874 761
448 558 1280
449 2376 712
450 1648 2417
451 1648 1954
452 1323 1793
453 2014 1467
454 2042 1454
455 106 475
456 2220 58
457 2240 1069
458 1690 1644
459 1945 599
460 695 1303
461 1674 1547
462 1993 1694
463 2556 1726
464 536 1784
465 476 1430
466 229 81
467 2452 266
468 541 241
469 2521 100
470 2286 1249
471 294 330
472 888 1323
473 2249 2014
474 1031 226
475 764 2434
476 2465 2082
477 727 1920
478 2683 376
479 2436 2185
480 433 741
481 307 2588
482 2485 895
483 495 1673
484 2248 56
485 1425 310
486 2567 867
487 1332 2371
488 1447 1877
489 392 2025
490 1636 9
491 1451 232
492 2039 423
493 2549 225
494 1734 2629
495 1458 513
496 480 333
497 1045 1376
498 937 129
499 1579 1512
500 1299 2205
501 142 474
502 2350 1565
503 1948 1773
504 1953 2271
505 231 696
506 1785 2697
507 749 50
508 321 1422
509 2251 152
510 1843 13
511 366 2415
512 1870 2330
513 10 2635
514 9 738
515 2063 111
516 2054 2569
517 1208 1046
518 2507 1782
519 2182 1553
520 1293 49
521 1389 209
522 1037 1867
523 2412 2312
524 2024 1855
525 1507 2283
526 1545 184
527 704 59
528 1314 2644
529 1211 2661
530 2300 135
531 1955 326
532 1419 1667
533 2712 2610
534 1573 1814
535 26 1815
536 2420 500
537 1249 1854
538 2697 1366
539 111 1298
540 2068 931
541 260 1252
542 145 2287
543 16 1357
544 2309 2338
545 1358 341
546 938 570
547 2191 1972
548 231 2451
549 884 2392
550 2340 2117
551 352 1959
552 701 335
553 1165 1861
554 84 1971
555 2046 1975
556 1644 162
557 2037 2441
558 691 2137
559 2087 301
560 639 2188
561 1132 2085
562 444 1474
563 2043 1699
564 421 2273
565 1365 78
566 338 2540
567 545 1576
568 1264 1674
569 1144 879
570 1143 1641
571 1281 960
572 440 514
573 864 2690
574 2070 1023
575 747 1698
576 1975 2554
577 1950 699
578 1306 1928
579 1967 1017
580 2155 662
581 2628 542
582 276 2706
583 1891 2276
584 1527 525
585 1546 2403
586 1370 320
587 97 2581
588 1825 205
589 2380 1049
590 1218 2215
591 1893 1238
592 1557 917
593 1034 1952
594 2059 274
595 371 1759
596 865 2553
597 1287 2702
598 2325 1759
599 1295 2497
600 120 897
601 1515 1387
602 2596 832
603 1572 2558
604 1967 2474
605 2337 1876
606 1665 987
607 1598 367
608 1283 2116
609 1914 476
610 2392 586
611 2543 1949
612 1744 1202
613 520 2502
614 2235 1468
615 1902 744
616 2459 941
617 1059 301
618 2237 2418
619 1811 1987
620 842 1858
621 455 861
622 2392 2627
623 2172 2678
624 1542 335
625 1076 1655
626 168 632
627 844 2650
628 2400 714
629 1773 944
630 2478 272
631 2598 257
632 937 1242
633 1178 1490
634 1454 1629
635 566 1260
636 2233 1147
637 39 1850
638 818 1573
639 1673 306
640 585 95
641 1314 2200
642 2692 803
643 2416 1248
644 1528 2184
645 2048 1619
646 727 1955
647 609 1491
648 2634 1967
649 1272 1602
650 2431 105
651 1494 576
652 2468 2207
653 2663 2356
654 821 2667
655 1932 1773
656 977 2523
657 1355 1033
658 1844 1267
659 1732 757
660 1633 596
661 2184 2166
662 1630 1662
663 2374 1736
664 2245 276
665 1606 2341
666 471 1599
667 1017 72
668 2068 1686
669 144 18
670 1737 2364
671 140 1165
672 169 811
673 406 2384
674 1023 1456
675 17 770
676 994 2038
677 1293 2434
678 2058 2216
679 1532 422
680 995 1329
681 970 2050
682 2271 1734
683 1801 1900
684 2257 871
685 1610 126
686 1207 1825
687 243 1051
688 55 823
689 2029 2070
690 2702 707
691 1757 815
692 1316 791
693 2198 2271
694 292 1033
695 1069 2486
696 683 1327
697 1741 1795
698 2335 710
699 2508 2580
700 2626 1018
701 862 2270
702 742 2497
703 1672 319
704 387 616
705 1975 834
706 1448 979
707 1874 2564
708 2671 1855
709 557 1013
710 1075 234
711 2304 1408
712 1862 2133
713 1720 2382
714 1502 1736
715 2476 1031
716 1135 247
717 850 91
718 160 2244
719 1939 513
720 2135 2629
721 476 1758
722 1525 648
723 1911 2056
724 778 2036
725 1177 203
726 2016 1841
727 1917 1228
728 347 1963
729 81 1132
730 1636 1843
731 2352 1167
732 2274 1703
733 208 445
734 170 1427
735 2460 265
736 1528 1367
737 836 2352
738 2399 842
739 1235 325
740 605 64
741 1954 1515
742 1491 2217
743 620 225
744 1459 1978
745 2306 805
746 186 303
747 607 1138
748 225 209
749 1278 2156
750 2510 308
751 395 94
752 1712 1413
753 2295 2338
754 2220 2338
755 656 929
756 2513 202
757 1392 411
758 1875 2295
759 2645 1801
760 342 2665
761 1137 928
762 1064 2117
763 131 1625
764 1780 797
765 1830 432
766 1780 1394
767 1736 841
768 1223 2007
769 2493 1178
770 2628 2712
771 1781 1413
772 2638 474
773 2220 260
774 1000 581
775 2528 874
776 1515 1504
777 1448 903
778 1045 284
779 1507 268
780 452 307
781 879 1360
782 1892 1138
783 315 2386
784 2149 1717
785 2399 673
786 976 1778
787 1834 1976
788 795 1721
789 2204 1581
790 571 410
791 1045 205
792 2426 1000
793 814 2336
794 522 1692
795 1319 2163
796 2232 604
797 1152 2357
798 2212 1598
799 1388 1953
800 2353 1672
801 1507 2366
802 824 2234
803 1943 2372
804 353 1390
805 745 1536
806 468 1790
807 285 1977
808 1100 903
809 651 1140
810 1166 1613
811 2263 1461
812 90 416
813 675 583
814 543 1245
815 772 1758
816 787 2583
817 562 1851
818 1571 471
819 1316 1903
820 583 2338
821 444 4
822 1594 2170
823 414 280
824 2601 168
825 647 747
826 106 664
827 59 283
828 1935 901
829 1567 974
830 891 1431
831 521 849
832 2676 2154
833 1045 2622
834 793 1074
835 217 2402
836 1462 1307
837 2555 1536
838 438 981
839 2657 1968
840 1817 560
841 1482 2125
842 806 1700
843 2491 46
844 193 85
845 1244 50
846 257 181
847 1028 929
848 860 266
849 2706 2480
850 2660 2577
851 94 2533
852 1462 323
853 1039 2525
854 2671 280
855 1007 491
856 34 585
857 2236 2497
858 2441 1786
859 1823 2099
860 1848 1399
861 1218 1978
862 2360 478
863 1022 151
864 2482 2334
865 1107 1433
866 1353 574
867 604 640
868 142 994
869 1729 1699
870 1518 1641
871 1774 2191
872 2479 1050
873 5 2192
874 2491 608
875 2256 2037
876 1628 2036
877 889 47
878 552 2490
879 157 2427
880 2559 2094
881 702 2209
882 243 1185
883 2201 315
884 614 2174
885 568 121
886 1979 978
887 808 2340
888 1734 2604
889 1549 387
890 2053 2561
891 884 187
892 403 1746
893 1033 249
894 603 594
895 1867 2549
896 2122 1411
897 1885 1199
898 1128 2017
899 1342 1853
900 1512 1921
901 187 1065
902 1789 1754
903 963 1076
904 2223 2629
905 508 2207
906 655 1058
907 1172 2380
908 136 252
909 443 672
910 631 2413
911 2607 684
912 828 1604
913 87 620
914 1136 582
915 724 2640
916 89 850
917 1364 2233
918 2685 2154
919 329 1318
920 1300 1199
921 58 751
922 1696 45
923 2329 401
924 1153 1911
925 1749 1356
926 292 1363
927 2352 2249
928 1884 985
929 659 1537
930 1396 1688
931 1121 2458
932 2468 2138
933 426 1074
934 1858 2217
935 769 2689
936 2714 434
937 1648 378
938 929 393
939 1897 1906
940 2023 45
941 672 2341
942 2603 1773
943 2264 1205
944 1427 427
945 1147 2676
946 1084 2144
947 2031 772
948 2383 256
949 261 2556
950 117 1887
951 2611 1646
952 300 2293
953 2148 1831
954 1210 30
955 814 631
956 2401 1285
957 1573 178
958 852 2050
959 1582 2070
960 1993 257
961 470 1869
962 783 741
963 900 1781
964 2690 140
965 1773 767
966 2269 885
967 1543 21
968 2703 160
969 2271 287
970 594 1589
971 1455 1000
972 183 1095
973 2282 2428
974 102 122
975 730 884
976 1893 515
977 1132 2518
978 1590 1871
979 1930 1719
980 1766 1255
981 1930 2626
982 291 1042
983 4 1790
984 494 731
985 1002 1674
986 753 2292
987 1427 1548
988 2387 2684
989 1241 2283
990 1385 2109
991 1316 1785
992 143 953
993 1445 1813
994 568 774
995 1960 1680
996 1795 2519
997 1028 1583
998 1038 1246
999 1108 2576
1000 1519 2127
1001 1163 272
1002 2048 1734
1003 2372 364
1004 923 555
1005 856 1223
1006 807 2388
1007 52 2635
1008 2545 908
1009 329 2388
1010 1118 1139
1011 1733 2313
1012 480 2439
1013 611 1324
1014 1383 161
1015 1247 276
1016 858 2434
1017 1004 1241
1018 295 1744
1019 1289 784
1020 2263 60
1021 1681 2551
1022 1317 806
1023 658 1364
1024 2128 2147
1025 928 921
1026 2223 478
1027 75 1354
1028 2181 2076
1029 367 2434
1030 1686 1412
1031 75 755
1032 504 1535
1033 2612 1068
1034 237 1084
1035 1674 512
1036 112 696
1037 2538 1669
1038 1198 2300
1039 2086 762
1040 1175 583
1041 1555 1868
1042 1044 1517
1043 2433 1531
1044 956 2080
1045 1104 57
1046 994 110
1047 1281 1138
1048 305 2251
1049 906 1554
1050 2331 881
1051 175 1860
1052 141 1413
1053 909 1239
1054 8 316
1055 1624 710
1056 76 126
1057 1768 1399
1058 1589 1194
1059 1711 2659
1060 618 2682
1061 1902 2296
1062 1972 2024
1063 1449 1084
1064 1452 1424
1065 2552 1139
1066 152 2296
1067 2144 1891
1068 1080 1262
1069 193 1334
1070 667 1937
1071 464 511
1072 567 1298
1073 2248 481
1074 89 1532
1075 2621 1388
1076 122 1234
1077 114 681
1078 19 1688
1079 811 56
1080 530 789
1081 2117 727
1082 1645 56
1083 645 2534
1084 2614 1080
1085 2446 1258
1086 2064 160
1087 599 2383
1088 2369 1995
1089 1564 81
1090 2601 1612
1091 2643 2204
1092 2354 2705
1093 2370 2674
1094 2568 1192
1095 400 2253
1096 650 2051
1097 2681 1094
1098 2177 57
1099 550 2550
1100 2417 1933
1101 2556 314
1102 1135 979
1103 2355 2012
1104 1106 2159
1105 2506 528
1106 2220 32
1107 569 1116
1108 282 1022
1109 2696 2012
1110 1754 2656
1111 94 1060
1112 445 1057
1113 668 2375
1114 861 1891
1115 2475 632
1116 2353 1492
1117 1715 16
1118 1407 2129
1119 1934 847
1120 1265 1448
1121 316 2150
1122 1355 482
1123 1432 1972
1124 1435 449
1125 1418 2543
1126 1490 2406
1127 191 37
1128 2483 1271
1129 1654 1988
1130 553 2463
1131 2396 343
1132 2270 2582
1133 2363 1746
1134 1865 1250
1135 1646 2224
1136 519 2078
1137 2488 1658
1138 589 986
1139 310 11
1140 957 2499
1141 114 82
1142 1400 1348
1143 2425 2680
1144 1875 685
1145 943 2019
1146 2540 1044
1147 66 2202
1148 510 2426
1149 2364 681
1150 52 559
1151 2269 1383
1152 2555 407
1153 1064 1462
1154 1787 1934
1155 1756 1035
1156 391 2571
1157 1095 559
1158 2131 802
1159 1174 1157
1160 389 2188
1161 911 1965
1162 847 1610
1163 1859 1096
1164 1692 168
1165 574 157
1166 2313 2175
1167 65 1147
1168 1654 285
1169 2547 480
1170 2141 521
1171 243 2490
1172 2114 1345
1173 2608 1868
1174 2507 1094
1175 29 787
1176 882 91
1177 1695 682
1178 1401 138
1179 1480 2346
1180 638 616
1181 2410 534
1182 2671 2682
1183 644 1302
1184 1087 343
1185 961 353
1186 2586 2000
1187 2305 1377
1188 1429 1806
1189 919 1266
1190 2377 2714
1191 1173 1388
1192 1602 2403
1193 2085 2081
1194 275 283
1195 1594 72
1196 1549 2595
1197 550 1531
1198 1615 520
1199 2253 1310
1200 2367 1134
1201 2457 2209
1202 2490 13
1203 1552 2536
1204 297 1336
1205 1571 1065
1206 21 2693
1207 1768 2070
1208 2012 2602
1209 1738 1787
1210 4 2245
1211 864 1674
1212 1168 1536
1213 2651 21
1214 529 2450
1215 1604 444
1216 2526 457
1217 325 1352
1218 2374 1958
1219 1318 2327
1220 1637 2090
1221 220 729
1222 54 688
1223 669 1882
1224 2281 2298
1225 1303 353
1226 1557 1073
1227 1345 632
1228 175 1255
1229 658 525
1230 1820 1024
1231 1905 120
1232 2659 1008
1233 2700 862
1234 550 1030
1235 45 2101
1236 914 873
1237 1930 1801
1238 213 1314
1239 2588 2271
1240 1329 91
1241 2418 793
1242 1102 1830
1243 839 857
1244 340 2049
1245 1233 1993
1246 1016 2168
1247 1596 1433
1248 1847 2475
1249 2134 970
1250 2305 690
1251 76 172
1252 504 1727
1253 1493 515
1254 1466 803
1255 205 1391
1256 1498 2451
1257 2661 427
1258 1910 1452
1259 921 502
1260 1413 1461
1261 1410 145
1262 2319 452
1263 685 2569
1264 385 1539
1265 459 1397
1266 224 1972
1267 2091 226
1268 638 883
1269 389 365
1270 876 475
1271 216 2640
1272 655 1452
1273 87 1505
1274 2070 1708
1275 1374 247
1276 1898 1931
1277 1804 1199
1278 582 1099
1279 2572 1262
1280 2122 31
1281 884 1607
1282 1259 2323
1283 2513 2528
1284 301 1934
1285 1090 2128
1286 1715 1299
1287 133 1067
1288 726 398
1289 2159 706
1290 1333 1421
1291 192 324
1292 748 172
1293 1174 489
1294 2440 821
1295 705 625
1296 1113 1960
1297 1527 680
1298 169 1816
1299 1032 1709
1300 2028 22
1301 1876 884
1302 121 1042
1303 732 1896
1304 1624 1535
1305 1399 2101
1306 2684 1911
1307 2118 517
1308 1234 895
1309 2250 744
1310 1563 1291
1311 724 90
1312 791 293
1313 2141 32
1314 514 42
1315 1495 243
1316 1028 885
1317 1636 1952
1318 1539 97
1319 1126 1999
1320 1756 2025
1321 1558 1859
1322 2482 1170
1323 1688 673
1324 1894 2700
1325 591 1844
1326 1319 1492
1327 909 2257
1328 2571 1182
1329 494 950
1330 1695 1809
1331 390 152
1332 1884 1811
1333 376 2366
1334 1307 967
1335 1609 1032
1336 491 819
1337 2580 692
1338 320 2535
1339 190 2401
1340 2349 1307
1341 909 693
1342 277 2265
1343 725 477
1344 1055 2331
1345 915 1364
1346 1288 693
1347 957 677
1348 1981 2390
1349 2202 1492
1350 1481 492
1351 814 282
1352 876 2278
1353 2169 2159
1354 45 701
1355 2433 2062
1356 337 309
1357 620 1843
1358 1005 1888
1359 562 1895
1360 2424 1029
1361 306 1920
1362 612 799
1363 1669 482
1364 2511 2056
1365 944 907
1366 2293 856
1367 894 1358
1368 1608 2185
1369 2253 894
1370 450 893
1371 807 749
1372 506 289
1373 1108 1301
1374 1526 627
1375 1742 2199
1376 480 2435
1377 2517 2371
1378 2268 310
1379 2180 503
1380 185 2289
1381 2436 2187
1382 2278 788
1383 2463 2444
1384 2470 1604
1385 184 2535
1386 1991 2669
1387 2233 2345
1388 2640 1160
1389 2029 517
1390 889 1370
1391 1327 2197
1392 735 541
1393 994 132
1394 1208 163
1395 355 1612
1396 835 1815
1397 156 828
1398 996 1639
1399 1755 1532
1400 1359 799
1401 2210 1075
1402 195 2519
1403 1087 1737
1404 2425 209
1405 1183 169
1406 1885 1211
1407 159 2505
1408 2012 2524
1409 1699 13
1410 2078 428
1411 810 1512
1412 759 1412
1413 1922 357
1414 1880 1561
1415 1112 1734
1416 2699 259
1417 2483 1130
1418 159 1891
1419 834 2164
1420 1568 2084
1421 210 938
1422 171 2208
1423 2468 315
1424 864 1542
1425 191 868
1426 1881 1211
1427 546 309
1428 2138 2080
1429 221 1071
1430 970 1330
1431 1728 17
1432 1121 2519
1433 1075 1876
1434 2306 2007
1435 808 595
1436 651 777
1437 1870 271
1438 714 625
1439 456 1170
1440 627 1350
1441 1438 1682
1442 1999 2264
1443 721 249
1444 599 1169
1445 2644 290
1446 897 987
1447 26 1830
1448 506 1667
1449 2283 1721
1450 53 1021
1451 1019 2094
1452 835 233
1453 1500 674
1454 963 788
1455 466 1751
1456 156 225
1457 519 799
1458 1481 9
1459 449 1053
1460 500 1313
1461 817 390
1462 2598 476
1463 1646 909
1464 253 2256
1465 385 1664
1466 1439 2173
1467 2657 397
1468 1903 1771
1469 1250 1801
1470 2622 979
1471 1866 1010
1472 1987 961
1473 1796 1747
1474 782 1784
1475 281 1480
1476 1977 2263
1477 1339 899
1478 2720 2235
1479 2275 1550
1480 467 517
1481 1406 2450
1482 1673 189
1483 2404 2648
1484 1495 599
1485 1290 2669
1486 2594 2101
1487 2488 683
1488 1713 1133
1489 2204 2358
1490 1127 845
1491 1440 356
1492 815 636
1493 1050 577
1494 1400 66
1495 1763 2545
1496 3 427
1497 1611 1463
1498 91 327
1499 715 1814
1500 1445 54
1501 186 2166
1502 1655 1731
1503 836 1802
1504 1070 238
1505 183 2543
1506 2299 718
1507 896 1495
1508 1918 663
1509 374 903
1510 2645 888
1511 373 1982
1512 1398 2696
1513 1102 1399
1514 2236 2179
1515 1949 1680
1516 1823 335
1517 220 1644
1518 1479 68
1519 2166 2614
1520 417 587
1521 93 2087
1522 2259 2117
1523 1984 106
1524 269 976
1525 727 254
1526 480 774
1527 2529 732
1528 2452 102
1529 849 1849
1530 1076 2007
1531 516 14
1532 557 1098
1533 2070 1815
1534 2424 2272
1535 1782 792
1536 947 972
1537 2231 646
1538 2582 89
1539 808 2341
1540 100 2639
1541 1926 2062
1542 1217 370
1543 111 1812
1544 2308 556
1545 219 2279
1546 1613 1549
1547 2503 2552
1548 24 1712
1549 1970 542
1550 2514 2271
1551 1484 1848
1552 2091 281
1553 2315 2548
1554 685 83
1555 223 2512
1556 1165 861
1557 1929 1215
1558 671 487
1559 1992 2350
1560 814 1699
1561 2292 1383
1562 1580 1804
1563 1710 982
1564 199 1640
1565 2583 746
1566 1438 1802
1567 1280 478
1568 1906 2299
1569 2626 1241
1570 320 1626
1571 1295 434
1572 1453 1313
1573 2537 376
1574 1763 1322
1575 2034 2130
1576 2012 2706
1577 259 578
1578 2588 1085
1579 897 271
1580 2532 2010
1581 1997 2243
1582 2243 2504
1583 2234 1298
1584 1616 2105
1585 996 412
1586 694 1430
1587 448 917
1588 303 1219
1589 1230 2211
1590 2612 5
1591 342 359
1592 2483 129
1593 2034 768
1594 1699 2534
1595 1416 2476
1596 1140 1454
1597 2396 2001
1598 842 2689
1599 1027 827
1600 1324 315
1601 1562 1031
1602 2167 1295
1603 728 543
1604 345 364
1605 1921 326
1606 2491 1727
1607 1053 1495
1608 2494 1113
1609 72 2601
1610 2441 914
1611 2571 1046
1612 2241 653
1613 1003 1788
1614 2587 318
1615 833 451
1616 1966 2442
1617 1674 832
1618 685 2286
1619 800 377
1620 115 579
1621 1096 2058
1622 1567 192
1623 941 1512
1624 675 1504
1625 1677 900
1626 1335 1638
1627 2130 2578
1628 1875 254
1629 2244 395
1630 2717 1414
1631 318 1616
1632 2592 2573
1633 2014 2480
1634 1246 314
1635 256 1675
1636 1702 816
1637 2061 759
1638 1033 2481
1639 560 1251
1640 2442 1921
1641 1161 1115
1642 1237 1228
1643 1766 2603
1644 146 234
1645 15 1927
1646 217 385
1647 1920 2347
1648 743 76
1649 1660 350
1650 1970 1308
1651 2592 2652
1652 250 2588
1653 822 2613
1654 641 1721
1655 1516 1616
1656 60 481
1657 2628 20
1658 458 1675
1659 973 1640
1660 708 536
1661 338 1688
1662 790 88
1663 849 219
1664 366 2320
1665 1070 2292
1666 1746 218
1667 1225 694
1668 2614 1294
1669 2541 331
1670 1038 1568
1671 1035 2678
1672 865 2666
1673 2375 2424
1674 1439 1771
1675 944 16
1676 20 560
1677 2326 294
1678 2621 2258
1679 1783 1034
1680 922 2400
1681 1307 1656
1682 613 2526
1683 1505 1407
1684 291 334
1685 2617 2562
1686 792 2607
1687 2579 1855
1688 2144 323
1689 920 1870
1690 1819 85
1691 568 332
1692 1192 2010
1693 259 569
1694 2453 887
1695 1788 1854
1696 502 1540
1697 1963 2675
1698 2228 2480
1699 1810 1920
1700 2440 2693
1701 162 867
1702 137 2477
1703 174 1425
1704 2145 948
1705 2240 2144
1706 519 144
1707 43 2148
1708 9 1119
1709 674 2488
1710 903 2576
1711 2215 2144
1712 360 293
1713 645 1165
1714 647 2134
1715 1442 1377
1716 14 186
1717 592 659
1718 2662 930
1719 1987 757
1720 462 1382
1721 808 1716
1722 2666 2404
1723 627 1984
1724 1630 1734
1725 89 2669
1726 1819 356
1727 2368 1048
1728 504 1897
1729 1907 590
1730 1445 346
1731 763 1834
1732 1116 661
1733 2410 1277
1734 1978 342
1735 1178 1619
1736 2701 128
1737 2582 1139
1738 1069 1658
1739 1655 1480
1740 1167 1847
1741 1457 574
1742 2424 635
1743 2607 110
1744 1775 891
1745 2620 1438
1746 599 1316
1747 931 1922
1748 1595 542
1749 2266 1544
1750 1259 18
1751 2715 2483
1752 2214 1354
1753 1171 709
1754 184 505
1755 926 1699
1756 390 2139
1757 691 212
1758 711 797
1759 1627 298
1760 661 2528
1761 1032 964
1762 420 602
1763 1700 2675
1764 851 1662
1765 648 155
1766 1729 1501
1767 1742 1756
1768 1346 397
1769 1928 338
1770 306 1193
1771 18 1050
1772 1896 2489
1773 5 279
1774 1135 1235
1775 1774 51
1776 177 642
1777 1823 1865
1778 1781 1574
1779 1029 2083
1780 2091 2588
1781 1754 1119
1782 197 672
1783 27 2712
1784 808 720
1785 700 2274
1786 2627 2643
1787 1306 2677
1788 1216 25
1789 17 1422
1790 1145 1476
1791 1264 2290
1792 1580 2376
1793 2378 757
1794 753 2063
1795 526 667
1796 1324 1601
1797 2617 2108
1798 2655 1218
1799 2602 269
1800 2402 2267
1801 1974 476
1802 1077 1213
1803 318 1628
1804 276 2596
1805 2462 1699
1806 1804 1081
1807 1831 1968
1808 1390 1114
1809 1199 2160
1810 257 1758
1811 263 1218
1812 1085 1875
1813 1133 1050
1814 2646 1035
1815 2339 2628
1816 725 2487
1817 992 1994
1818 1741 690
1819 1670 279
1820 2220 801
1821 1780 1244
1822 2481 1849
1823 700 1490
1824 445 577
1825 503 2050
1826 1133 506
1827 1112 514
1828 2151 1245
1829 2142 417
1830 50 259
1831 1326 1220
1832 2347 747
1833 1505 18
1834 598 2039
1835 2618 941
1836 145 1912
1837 1690 2658
1838 847 2380
1839 1719 355
1840 292 1476
1841 906 1714
1842 2652 395
1843 2409 1089
1844 945 2308
1845 85 88
1846 1341 1779
1847 2324 887
1848 940 1695
1849 737 700
1850 214 310
1851 1602 167
1852 1835 1393
1853 1338 2589
1854 1295 1050
1855 1633 458
1856 585 1516
1857 1041 1801
1858 2647 441
1859 1826 1545
1860 292 1810
1861 1528 2152
1862 28 2178
1863 1115 451
1864 2655 1531
1865 1960 2290
1866 1461 950
1867 966 2350
1868 2561 245
1869 1115 276
1870 569 1580
1871 704 654
1872 2453 831
1873 1042 112
1874 2181 1773
1875 555 928
1876 1256 2030
1877 561 153
1878 2170 792
1879 108 1394
1880 365 1480
1881 1406 2267
1882 796 1280
1883 1134 551
1884 1020 1515
1885 2149 145
1886 2260 1513
1887 509 1944
1888 2287 1607
1889 1527 2220
1890 1263 238
1891 1100 174
1892 676 1728
1893 294 723
1894 605 2046
1895 2640 1898
1896 2270 2349
1897 1995 318
1898 1011 730
1899 866 1117
1900 227 60
1901 1504 538
1902 105 1017
1903 577 2544
1904 287 684
1905 1766 2440
1906 284 1829
1907 1325 29
1908 1792 2353
1909 2113 2462
1910 333 1723
1911 1965 2676
1912 825 2195
1913 1943 1828
1914 609 1102
1915 2699 1783
1916 799 943
1917 2548 2392
1918 2079 2501
1919 1747 222
1920 335 2644
1921 2025 139
1922 1045 1432
1923 279 1043
1924 518 2087
1925 488 609
1926 2195 695
1927 685 1399
1928 326 993
1929 586 405
1930 1966 1252
1931 2063 348
1932 2232 908
1933 1226 819
1934 1375 2580
1935 474 585
1936 2085 393
1937 583 2716
1938 930 1873
1939 528 346
1940 2011 1549
1941 1637 774
1942 2231 2459
1943 2583 605
1944 975 1535
1945 1100 409
1946 2660 2530
1947 759 1813
1948 2133 1979
1949 296 1427
1950 2704 494
1951 2048 635
1952 585 786
1953 2536 612
1954 810 56
1955 258 696
1956 1898 1064
1957 1759 403
1958 224 1742
1959 1491 172
1960 1081 501
1961 1958 631
1962 1545 242
1963 1516 618
1964 1662 69
1965 791 1279
1966 1051 444
1967 2188 26
1968 132 1592
1969 243 587
1970 2709 691
1971 1811 1174
1972 1688 674
1973 1022 1873
1974 2679 1080
1975 72 1869
1976 46 2572
1977 286 1817
1978 1093 220
1979 341 1251
1980 605 1681
1981 2016 160
1982 712 580
1983 262 559
1984 542 546
1985 658 473
1986 1645 108
1987 2509 923
1988 1776 2594
1989 714 1863
1990 675 322
1991 2560 2088
1992 822 1259
1993 2237 1989
1994 2337 166
1995 1945 2568
1996 2167 2407
1997 1289 2398
1998 1182 1937
1999 2133 865
2000 126 536
2001 972 949
2002 1559 2443
2003 1111 1489
2004 536 849
2005 11 1983
2006 2637 1170
2007 130 2213
2008 2265 410
2009 1100 1380
2010 1636 2362
2011 1474 512
2012 2487 2608
2013 28 1569
2014 774 2088
2015 1123 2362
2016 620 1186
2017 2089 1929
2018 2238 470
2019 2616 1118
2020 2616 2390
2021 2185 1119
2022 1565 2643
2023 1718 459
2024 1214 866
2025 2674 2686
2026 1816 1087
2027 311 1332
2028 1762 2483
2029 639 1489
2030 1159 1107
2031 2359 321
2032 2386 1833
2033 209 603
2034 1511 343
2035 2202 587
2036 666 409
2037 620 112
2038 2618 554
2039 612 291
2040 1165 714
2041 2358 2650
2042 1410 894
2043 1151 332
2044 899 1688
2045 956 406
2046 2314 1561
2047 1017 701
2048 1045 1524
2049 1197 1940
2050 1213 2549
2051 1668 352
2052 1379 1410
2053 444 2394
2054 844 1377
2055 2164 1878
2056 1263 2682
2057 2242 738
2058 2572 670
2059 1924 272
2060 1888 2568
2061 2522 1495
2062 54 99
2063 1618 855
2064 1728 1740
2065 771 1980
2066 1350 1401
2067 894 549
2068 1918 474
2069 2465 389
2070 604 95
2071 2030 9
2072 1356 1307
2073 93 1340
2074 446 1415
2075 1869 1128
2076 2113 1354
2077 2688 2365
2078 1844 1175
2079 1704 663
2080 2105 696
2081 1212 2587
2082 2698 2122
2083 944 737
2084 272 808
2085 324 2073
2086 1842 2604
2087 1851 2247
2088 2507 1588
2089 2446 49
2090 1823 1314
2091 1154 2555
2092 431 2406
2093 2264 112
2094 2699 991
2095 2084 2404
2096 1320 1888
2097 224 1880
2098 2131 1424
2099 1090 414
2100 1092 2228
2101 2123 1693
2102 85 465
2103 1985 2487
2104 1557 2669
2105 1151 873
2106 1304 1045
2107 875 914
2108 1714 1381
2109 585 2328
2110 1380 451
2111 2414 2472
2112 1558 364
2113 2072 828
2114 2598 851
2115 1532 1218
2116 1696 1671
2117 1151 1530
2118 2510 1589
2119 1129 2592
2120 1361 558
2121 2135 1484
2122 2417 555
2123 465 662
2124 1297 1677
2125 699 29
2126 263 361
2127 47 2249
2128 1291 1637
2129 1130 2479
2130 2637 1980
2131 1062 2134
2132 620 1096
2133 1929 376
2134 1508 2529
2135 1244 1003
2136 808 2240
2137 1694 2273
2138 1425 2665
2139 538 236
2140 661 1353
2141 1078 294
2142 155 1179
2143 2189 336
2144 2414 2514
2145 1184 1593
2146 2064 82
2147 1992 1314
2148 2545 2303
2149 2447 2463
2150 864 2075
2151 416 1664
2152 2210 170
2153 2556 273
2154 1440 1177
2155 2511 607
2156 37 254
2157 1314 1661
2158 169 289
2159 146 197
2160 2216 2491
2161 1313 706
2162 1591 1598
2163 2251 2285
2164 23 981
2165 1307 631
2166 202 1389
2167 127 2247
2168 806 501
2169 409 932
2170 776 930
2171 696 2294
2172 106 1174
2173 2119 2280
2174 440 289
2175 260 2256
2176 2048 521
2177 1588 1842
2178 2697 1222
2179 693 97
2180 2629 1073
2181 1076 935
2182 41 1790
2183 320 488
2184 1084 807
2185 94 386
2186 1614 460
2187 1470 184
2188 300 536
2189 2349 2511
2190 1873 325
2191 1389 1560
2192 1503 834
2193 611 1456
2194 110 1844
2195 79 100
2196 1860 283
2197 2465 1273
2198 2182 759
2199 1866 1962
2200 461 715
2201 1745 467
2202 1853 1312
2203 1127 2318
2204 882 428
2205 1981 2716
2206 1212 2421
2207 1108 231
2208 1132 1681
2209 565 1061
2210 207 304
2211 1506 2143
2212 1435 1724
2213 1868 1363
2214 1032 1503
2215 1255 663
2216 2625 2662
2217 1563 2495
2218 282 1317
2219 2717 2688
2220 484 2139
2221 1853 22
2222 1664 2551
2223 257 707
2224 2320 1275
2225 2034 1657
2226 2356 1376
2227 1428 58
2228 211 59
2229 2108 1182
2230 56 1182
2231 1470 1397
2232 1599 514
2233 1669 1965
2234 2160 1187
2235 1798 790
2236 1292 1612
2237 1334 2180
2238 2021 1781
2239 1115 2133
2240 2355 2346
2241 1025 1396
2242 1380 1326
2243 207 1213
2244 1235 160
2245 1561 2657
2246 1533 2045
2247 983 365
2248 272 1062
2249 245 2150
2250 165 899
2251 556 600
2252 1391 2151
2253 657 2703
2254 1844 822
2255 1324 485
2256 2076 2661
2257 236 765
2258 1416 1634
2259 1978 1647
2260 228 1427
2261 2443 2022
2262 2688 803
2263 2170 1862
2264 155 186
2265 1653 754
2266 1601 588
2267 2358 973
2268 2424 1717
2269 1172 671
2270 1973 163
2271 2299 2426
2272 820 1525
2273 378 2590
2274 2183 450
2275 668 2138
2276 1902 2717
2277 2394 819
2278 2280 1592
2279 47 1066
2280 1129 1511
2281 363 281
2282 1069 2118
2283 363 2654
2284 1548 317
2285 2249 2556
2286 1423 2659
2287 944 702
2288 1346 1441
2289 820 1149
2290 1578 1272
2291 2655 1060
2292 1432 2597
2293 174 2674
2294 2430 292
2295 1822 1759
2296 930 212
2297 385 387
2298 17 2329
2299 2645 883
2300 2454 519
2301 2167 1229
2302 491 2526
2303 787 1079
2304 2191 1009
2305 1536 1347
2306 1240 1675
2307 1386 1398
2308 139 2196
2309 975 200
2310 1226 592
2311 1647 1326
2312 1357 1801
2313 893 471
2314 532 2382
2315 1883 1332
2316 1756 1756
2317 2149 2524
2318 2704 2044
2319 973 1230
2320 258 2029
2321 1287 2392
2322 1242 1732
2323 2245 503
2324 686 2097
2325 230 1952
2326 2707 387
2327 810 2527
2328 2579 1006
2329 2313 2014
2330 287 877
2331 2565 1065
2332 2470 451
2333 2461 1263
2334 2247 166
2335 1444 715
2336 1444 2526
2337 2033 3
2338 2552 1034
2339 792 721
2340 1258 2596
2341 2393 2497
2342 1698 2662
2343 887 2234
2344 27 2508
2345 492 928
2346 953 1628
2347 2203 2393
2348 413 772
2349 1126 47
2350 2104 1059
2351 609 1878
2352 1852 747
2353 1671 1166
2354 1849 1797
2355 1675 1738
2356 614 981
2357 2161 1458
2358 1566 1887
2359 2302 2567
2360 1358 203
2361 558 1029
2362 2379 2021
2363 1829 1997
2364 649 1160
2365 136 1220
2366 1098 507
2367 524 1046
2368 1523 2428
2369 1679 959
2370 2150 61
2371 2694 2284
2372 1835 2285
2373 663 1053
2374 1648 344
2375 840 2477
2376 1459 1041
2377 599 2645
2378 2461 2575
2379 1067 1294
2380 1169 2485
2381 2603 1045
2382 1797 1975
2383 1710 2644
2384 1201 2138
2385 2194 2495
2386 2054 59
2387 2321 1277
2388 673 371
2389 2609 136
2390 2175 2681
2391 1499 469
2392 1875 936
2393 2287 919
2394 630 226
2395 213 1505
2396 798 2486
2397 1623 1100
2398 1970 286
2399 2637 2104
2400 2717 2444
2401 985 726
2402 1186 2694
2403 85 2373
2404 1871 2287
2405 489 155
2406 1812 2568
2407 2049 423
2408 2005 823
2409 254 981
2410 2398 2695
2411 1004 1073
2412 2295 1200
2413 2164 2703
2414 793 1176
2415 627 618
2416 1088 2650
2417 171 716
2418 321 743
2419 2392 1006
2420 509 1194
2421 1125 2304
2422 2711 975
2423 1568 203
2424 130 1095
2425 748 53
2426 702 1029
2427 406 325
2428 1221 1229
2429 2154 1223
2430 1185 1614
2431 1574 1138
2432 65 1645
2433 2607 1832
2434 1132 2436
2435 2467 318
2436 789 971
2437 1583 1566
2438 15 1878
2439 2402 201
2440 546 1982
2441 641 2496
2442 510 2117
2443 1884 2372
2444 2256 2036
2445 513 60
2446 1395 1063
2447 1808 1240
2448 1897 1004
2449 1391 596
2450 746 2439
2451 415 287
2452 2556 1978
2453 2638 1212
2454 900 227
2455 174 360
2456 604 710
2457 133 1917
2458 2373 1741
2459 2055 1591
2460 159 77
2461 2594 1974
2462 823 1099
2463 1560 643
2464 1887 1759
2465 1362 1046
2466 420 504
2467 2706 823
2468 1053 2079
2469 618 1283
2470 2559 1760
2471 2187 177
2472 1465 2375
2473 801 2294
2474 2428 775
2475 797 326
2476 1658 2145
2477 1139 1436
2478 20 739
2479 1862 1596
2480 1356 1935
2481 448 1783
2482 2178 1341
2483 422 1007
2484 893 1059
2485 1002 1307
2486 232 1108
2487 611 2060
2488 2400 519
2489 2107 2033
2490 427 2331
2491 2280 473
2492 1227 1399
2493 1021 696
2494 306 982
2495 2081 459
2496 376 1858
2497 32 639
2498 651 1152
2499 2017 238
2500 2215 1262
2501 2360 940
2502 1702 328
2503 2013 1889
2504 1050 2256
2505 2045 1624
2506 2585 1391
2507 335 1016
2508 1943 1207
2509 2409 1616
2510 1434 2476
2511 2643 1688
2512 2442 1699
2513 156 1013
2514 168 1352
2515 685 2398
2516 673 2150
2517 1275 1533
2518 1410 1507
2519 673 1176
2520 1582 682
2521 2445 1425
2522 78 365
2523 857 362
2524 73 2058
2525 1149 365
2526 1460 333
2527 2179 619
2528 1387 1079
2529 1595 227
2530 384 286
2531 1553 549
2532 1299 2517
2533 1019 2103
2534 900 941
2535 2423 857
2536 965 2203
2537 565 1284
2538 1043 1436
2539 176 2296
2540 1126 1559
2541 2243 758
2542 2311 194
2543 377 1195
2544 34 2056
2545 806 655
2546 1852 1385
2547 2516 780
2548 1543 994
2549 289 643
2550 2355 2478
2551 679 1675
2552 2567 1805
2553 219 923
2554 1296 1253
2555 475 1866
2556 441 1958
2557 801 1173
2558 1116 1650
2559 829 1089
2560 2296 957
2561 675 1954
2562 836 2161
2563 2528 955
2564 450 1237
2565 1491 967
2566 823 1583
2567 1049 1207
2568 91 2472
2569 649 2268
2570 396 1039
2571 66 1960
2572 136 160
2573 1345 2064
2574 1722 1350
2575 2615 245
2576 2548 1982
2577 2363 292
2578 63 31
2579 1596 1082
2580 494 1303
2581 2714 299
2582 794 1783
2583 1397 2149
2584 1673 1330
2585 2214 1425
2586 1392 2178
2587 909 2554
2588 571 812
2589 1098 785
2590 1098 1285
2591 48 1519
2592 1055 756
2593 118 2716
2594 693 2682
2595 656 720
2596 2259 1295
2597 446 1817
2598 2209 431
2599 1156 1437
2600 219 789
2601 954 2528
2602 579 134
2603 68 583
2604 219 2450
2605 868 2718
2606 2036 119
2607 14 1367
2608 2145 646
2609 2525 2164
2610 1807 1386
2611 1700 2215
2612 2361 1414
2613 72 2103
2614 342 222
2615 428 998
2616 470 2584
2617 1932 1170
2618 462 772
2619 1743 568
2620 1488 859
2621 2711 1983
2622 703 1476
2623 1658 1876
2624 353 2141
2625 118 2066
2626 1173 535
2627 2464 1893
2628 839 1186
2629 62 847
2630 161 780
2631 502 106
2632 229 388
2633 326 462
2634 1849 1571
2635 2518 1398
2636 2305 2414
2637 1387 478
2638 2195 981
2639 125 1712
2640 1927 2463
2641 1130 287
2642 174 1578
2643 1484 947
2644 1669 2573
2645 2601 2151
2646 1706 1377
2647 875 2383
2648 846 544
2649 719 926
2650 1131 2252
2651 289 1766
2652 1431 2067
2653 1064 2434
2654 2009 1681
2655 1981 2065
2656 732 1398
2657 930 2339
2658 1091 2634
2659 1073 633
2660 1372 1935
2661 2578 2216
2662 856 806
2663 2353 1022
2664 1913 1460
2665 271 2440
2666 1164 2566
2667 1912 2387
2668 1817 2642
2669 1078 946
2670 1721 832
2671 1892 1216
2672 2216 1034
2673 1189 2470
2674 2043 1855
2675 1877 1758
2676 404 398
2677 1568 2041
2678 2547 482
2679 722 2111
2680 1519 1000
2681 111 1909
2682 517 1529
2683 1700 1316
2684 1424 1364
2685 2397 2199
2686 1594 1163
2687 248 2180
2688 2418 449
2689 2490 239
2690 1791 2226
2691 289 1964
2692 564 1780
2693 2010 2372
2694 2116 1213
2695 1620 281
2696 1304 1925
2697 2357 1165
2698 1374 653
2699 715 1472
2700 2532 96
2701 901 1497
2702 2661 1817
2703 1859 2471
2704 547 901
2705 203 136
2706 375 1066
2707 1534 1289
2708 1253 1192
2709 2026 719
2710 1107 863
2711 353 1238
2712 1531 1522
2713 1706 2040
2714 1502 1099
2715 438 2608
2716 2556 1054
2717 2006 1663
2718 1538 1970
2719 1068 1871
2720 259 893
