4580 4580
1 3106 2013
2 3384 234
3 4312 2414
4 1662 4336
5 970 4221
6 1145 1046
7 4108 2602
8 127 1349
9 761 238
10 999 349
11 1042 2930
12 1160 758
13 2760 2035
14 441 1219
15 3426 555
16 241 1404
17 682 2033
18 4248 965
19 4130 3243
20 145 4073
21 438 2096
22 2629 2773
23 2428 108
24 2943 1642
25 1759 4192
26 1394 220
27 2836 4237
28 1897 991
29 2581 1073
30 4089 273
31 3215 2015
32 3836 1610
33 1903 3314
34 4179 517
35 3220 2530
36 2809 2092
37 403 842
38 4275 2345
39 2347 3205
40 455 338
41 3708 2031
42 3473 4506
43 369 186
44 166 3997
45 4097 2718
46 4331 878
47 2874 548
48 2178 806
49 4283 2849
50 2783 3688
51 4160 2487
52 3466 1207
53 4482 4132
54 2927 4392
55 4501 567
56 3486 2760
57 1284 1015
58 2808 1540
59 4404 1581
60 3809 2899
61 3689 2402
62 2619 3704
63 2584 2057
64 571 101
65 4238 3718
66 2883 331
67 159 318
68 376 2131
69 1119 1281
70 3229 1756
71 2617 3338
72 535 3678
73 3221 45
74 1730 2054
75 4343 479
76 4336 1419
77 3348 3769
78 3625 96
79 196 3898
80 3479 3079
81 4497 639
82 4195 906
83 2548 544
84 495 2764
85 1973 2141
86 1429 854
87 3959 2496
88 1124 1750
89 1660 236
90 505 1455
91 3126 831
92 4413 3627
93 796 1396
94 3625 3090
95 1811 544
96 1871 1352
97 3524 1126
98 4367 3380
99 588 2676
100 2903 1025
101 701 1168
102 2991 189
103 4305 3751
104 3024 1985
105 2096 4213
106 4032 4145
107 1366 3705
108 3407 3040
109 69 526
110 2116 4401
111 4165 4358
112 1737 4163
113 2222 2206
114 2519 3099
115 2370 2635
116 3385 1184
117 2558 2071
118 2860 1263
119 4512 1806
120 2127 2707
121 4007 1659
122 1071 3446
123 179 1622
124 4094 938
125 2356 4040
126 64 3699
127 957 1544
128 1902 333
129 1103 4540
130 1699 2273
131 4492 2947
132 1131 823
133 3249 905
134 1322 2950
135 3115 98
136 189 843
137 1193 3502
138 4379 4131
139 1516 3244
140 2082 1076
141 3165 2584
142 1658 4354
143 131 2903
144 3183 2642
145 3121 1134
146 4303 1199
147 3350 1134
148 1907 711
149 4081 522
150 3302 796
151 188 1634
152 1666 379
153 3635 1734
154 2118 4476
155 90 946
156 3423 1236
157 443 2056
158 2691 411
159 1308 4358
160 3806 2406
161 965 4118
162 4331 3877
163 2173 3448
164 4307 3384
165 3515 703
166 3205 1791
167 3015 3706
168 3846 3193
169 3309 1848
170 2577 2589
171 3772 409
172 3837 964
173 2323 4572
174 2173 194
175 740 4569
176 121 3617
177 4218 356
178 4292 1814
179 3277 1971
180 4341 1529
181 1035 3443
182 778 2559
183 4561 3178
184 2137 1318
185 3082 4139
186 1776 281
187 4035 3019
188 328 2993
189 4220 722
190 4462 243
191 1510 2477
192 4207 2542
193 4454 411
194 2168 800
195 3485 685
196 716 180
197 1728 962
198 1112 2722
199 2874 359
200 3099 1586
201 143 1959
202 4244 2030
203 3055 2319
204 344 4079
205 1159 1636
206 229 1510
207 1211 465
208 3363 1091
209 2017 3323
210 4453 1165
211 1874 685
212 1875 139
213 1130 3561
214 2653 3147
215 4249 4288
216 128 1689
217 823 37
218 823 1566
219 2803 4125
220 2418 2746
221 471 921
222 1685 3362
223 4267 4361
224 3787 3646
225 1108 480
226 3953 1326
227 2603 3680
228 1352 2939
229 2507 3311
230 736 661
231 4202 677
232 3769 379
233 4359 3900
234 735 3030
235 2923 418
236 4240 701
237 4517 2854
238 324 3960
239 449 3370
240 1342 164
241 3411 3099
242 2694 1279
243 2217 3205
244 666 1304
245 3440 2244
246 2368 1793
247 503 1583
248 492 4171
249 102 2264
250 3386 1942
251 2149 3901
252 3039 3545
253 3649 4058
254 2473 4460
255 2225 339
256 3044 689
257 1433 295
258 3462 1227
259 1635 2944
260 497 2426
261 84 1445
262 3707 3035
263 582 313
264 4118 4446
265 3077 510
266 3662 4229
267 3586 1826
268 1908 3491
269 1566 3373
270 4316 2686
271 2124 520
272 4161 4000
273 4195 3136
274 1691 2248
275 4030 1905
276 1061 816
277 1229 1380
278 2004 2834
279 4255 2780
280 4396 3512
281 3976 4109
282 374 497
283 2021 3918
284 2057 1220
285 537 1148
286 2425 1582
287 3378 3449
288 1953 3611
289 256 3754
290 280 4208
291 3210 2209
292 694 2624
293 495 1572
294 563 4052
295 1975 726
296 2224 3697
297 2258 1721
298 2257 916
299 3315 1860
300 2112 1311
301 1729 2401
302 2256 3923
303 562 1531
304 252 3960
305 1393 1078
306 768 1520
307 4394 2715
308 2180 4148
309 4143 1630
310 3452 927
311 1601 3081
312 4368 3101
313 531 3251
314 4365 3875
315 4303 4520
316 1272 239
317 4171 2755
318 493 4574
319 1081 2605
320 1718 2804
321 2793 832
322 3337 2876
323 4147 2564
324 3259 3457
325 2553 3384
326 4219 1272
327 3378 1440
328 3387 4423
329 304 374
330 389 1598
331 3027 4475
332 4268 2951
333 2626 1791
334 580 2103
335 142 2800
336 427 2499
337 4541 1086
338 478 3768
339 4448 1175
340 2955 1095
341 160 1009
342 341 1115
343 2766 2460
344 869 2264
345 4109 722
346 3105 1296
347 3655 1284
348 546 1716
349 2751 603
350 729 1614
351 1910 2394
352 1608 1880
353 3873 714
354 3059 4100
355 3202 3868
356 2993 2205
357 2424 3221
358 4504 4060
359 4180 44
360 2517 404
361 3178 403
362 1737 1563
363 992 407
364 2693 1854
365 1357 3206
366 3789 2755
367 4349 1949
368 1571 1553
369 2920 95
370 852 1151
371 564 3211
372 1799 3125
373 2091 4049
374 557 1927
375 4421 1408
376 873 4391
377 2089 906
378 3885 821
379 1962 3713
380 1681 2709
381 861 676
382 2794 2549
383 4510 889
384 4241 2848
385 967 2534
386 965 1194
387 1775 1213
388 1211 209
389 3502 1484
390 4464 107
391 3956 1349
392 336 3221
393 3285 646
394 3465 3323
395 2708 1356
396 3506 813
397 123 3210
398 4577 1018
399 2406 2080
400 755 3578
401 1485 2265
402 3858 465
403 3751 1201
404 3639 34
405 36 315
406 186 4533
407 2342 1645
408 3426 3521
409 3524 256
410 2901 121
411 2335 3511
412 3832 1169
413 3606 2443
414 2287 844
415 1716 3384
416 4307 159
417 1227 1030
418 4052 1028
419 3203 2911
420 1165 36
421 1955 2256
422 3797 3357
423 2803 2235
424 915 1365
425 3423 1166
426 802 3583
427 1158 4055
428 315 683
429 3767 1719
430 2158 3128
431 4500 1525
432 151 4515
433 1840 661
434 2825 1615
435 511 364
436 1599 2583
437 1519 2789
438 3243 2883
439 2362 1208
440 2471 3043
441 1081 2446
442 4282 1968
443 3494 1022
444 347 4021
445 1829 3435
446 2032 1057
447 2040 1957
448 2302 1109
449 1417 1333
450 98 789
451 4304 891
452 1007 1610
453 1173 2065
454 263 1503
455 295 1518
456 4267 1128
457 3742 3964
458 1486 982
459 1839 1175
460 2404 2132
461 749 3042
462 2968 2101
463 3022 1258
464 4575 2947
465 4362 3314
466 4300 1527
467 1854 1528
468 1316 566
469 513 1745
470 1940 2020
471 963 1816
472 2341 3699
473 3812 3223
474 3515 871
475 3972 1690
476 250 3927
477 634 4536
478 2917 1234
479 1482 2612
480 3488 3315
481 946 636
482 3137 3473
483 3129 3463
484 3281 3627
485 2614 1832
486 4132 3908
487 1818 2782
488 722 2286
489 3877 3815
490 3911 3840
491 3021 2480
492 218 728
493 1909 1098
494 2345 1009
495 3577 1029
496 4 3974
497 2201 3288
498 3735 1523
499 4151 2169
500 4364 873
501 669 1714
502 3458 1181
503 3271 89
504 142 1467
505 3677 1680
506 148 3473
507 364 572
508 762 3233
509 734 1863
510 2479 2062
511 103 2711
512 3783 2456
513 1156 1613
514 2364 1689
515 2491 1850
516 144 1432
517 509 4412
518 1882 2844
519 243 4136
520 162 556
521 3977 4134
522 2077 2345
523 1042 2767
524 3040 3843
525 288 2319
526 731 2737
527 3843 1813
528 3577 1600
529 1023 4035
530 1682 3110
531 3963 1700
532 1933 2460
533 539 5
534 716 828
535 1190 3743
536 1624 3087
537 1276 266
538 3409 3574
539 2486 3111
540 1038 3762
541 3360 878
542 3021 878
543 3061 2972
544 3162 20
545 749 750
546 2652 2304
547 4311 4361
548 135 2880
549 187 2981
550 620 3803
551 2371 3167
552 2078 4164
553 2259 4280
554 4242 946
555 3333 514
556 606 1050
557 729 625
558 4041 488
559 4139 2650
560 562 926
561 2431 3199
562 2753 2321
563 2241 2884
564 1594 1637
565 3776 2564
566 1602 4071
567 4422 239
568 3187 661
569 2310 534
570 2979 74
571 2354 1199
572 3586 3986
573 2520 2987
574 1371 2948
575 1258 758
576 4245 139
577 1777 13
578 2355 3214
579 830 3633
580 699 3315
581 4330 1811
582 1270 2929
583 1072 107
584 1902 1084
585 292 2378
586 3700 3570
587 235 387
588 2200 428
589 1560 1033
590 4263 1018
591 2849 645
592 1063 1243
593 2222 361
594 3629 3827
595 832 1261
596 2988 2650
597 3642 2121
598 2908 2213
599 293 1164
600 1 4095
601 1382 1059
602 4213 3677
603 4496 4153
604 3691 442
605 154 3077
606 3705 1738
607 562 657
608 305 429
609 2230 1178
610 1059 2835
611 671 1275
612 4378 1433
613 1364 1115
614 4236 4299
615 3148 1705
616 4415 4124
617 163 3074
618 258 217
619 1302 2281
620 2847 1417
621 3045 2042
622 610 2112
623 4165 3289
624 2673 1655
625 2706 908
626 2925 1912
627 691 3468
628 653 3226
629 627 3915
630 3362 3651
631 3794 2430
632 460 1620
633 1736 4102
634 2079 252
635 221 3156
636 2444 53
637 846 3969
638 3688 1807
639 4195 1449
640 2412 3607
641 4162 919
642 3115 1520
643 655 498
644 4038 1739
645 2424 1291
646 2699 2308
647 1470 2195
648 468 546
649 2733 4495
650 948 3975
651 748 4157
652 2669 814
653 3513 216
654 4096 3489
655 2600 3814
656 1047 2162
657 4261 1256
658 3318 540
659 1539 4335
660 1975 1613
661 318 1383
662 465 4267
663 1541 3301
664 3607 2432
665 1849 2241
666 1933 502
667 3924 2944
668 416 771
669 541 550
670 1499 1200
671 415 2435
672 1384 4124
673 1692 2430
674 2820 3680
675 3408 2911
676 2930 2220
677 1222 3261
678 934 4196
679 1422 3747
680 2585 3160
681 2344 1417
682 290 1681
683 2132 2037
684 4437 4053
685 3935 3215
686 195 101
687 1637 552
688 4353 2577
689 747 2922
690 3422 1739
691 2582 1340
692 2202 120
693 3912 3635
694 688 2591
695 3946 4270
696 2678 51
697 4256 3026
698 1200 163
699 3749 4569
700 3282 4232
701 3822 4092
702 670 604
703 1605 1686
704 3713 824
705 744 970
706 3108 1215
707 1172 1148
708 3078 4216
709 4315 1429
710 2697 4360
711 2581 1305
712 3742 4517
713 3730 1128
714 737 4298
715 1791 3043
716 528 3352
717 1223 3732
718 1339 2244
719 368 4348
720 3667 775
721 282 196
722 4499 1730
723 2835 4470
724 972 2281
725 3256 237
726 1532 4374
727 2914 3892
728 1297 3674
729 4269 3616
730 2779 72
731 2101 4315
732 2451 3809
733 2761 323
734 1381 1934
735 601 4498
736 3377 4356
737 727 440
738 4273 993
739 1862 2815
740 3155 428
741 3290 2001
742 2396 878
743 462 2323
744 2016 2269
745 1234 3693
746 2096 78
747 1867 3198
748 3580 3438
749 1637 3429
750 742 1707
751 3693 4372
752 1870 3980
753 1308 3756
754 1292 1832
755 86 2042
756 571 538
757 3418 1008
758 2431 3564
759 2860 3367
760 3277 2240
761 2300 3107
762 3386 4416
763 2987 1819
764 4305 1845
765 1943 1223
766 2585 2009
767 628 4363
768 2290 530
769 2276 678
770 798 910
771 3006 4419
772 604 646
773 2247 91
774 2372 1180
775 3093 331
776 2705 3417
777 297 1951
778 1531 4565
779 3278 1171
780 3847 1816
781 3506 288
782 970 1372
783 129 3018
784 3777 4072
785 328 150
786 349 2137
787 3927 2627
788 2053 3715
789 1534 2549
790 179 626
791 1684 4415
792 3081 365
793 3529 1824
794 633 999
795 4231 2524
796 3419 4036
797 1891 973
798 4461 2034
799 2973 582
800 4299 1412
801 219 298
802 720 3963
803 1945 1240
804 2549 2860
805 2642 1906
806 3028 890
807 2826 2784
808 724 2448
809 3713 546
810 4139 16
811 4295 1436
812 935 3213
813 1097 553
814 1942 2897
815 3735 3198
816 3816 2988
817 2818 3924
818 287 801
819 2987 4409
820 1709 2834
821 2672 1646
822 1247 3955
823 3803 4365
824 3105 21
825 1333 3442
826 2521 3169
827 3137 1487
828 1593 402
829 3317 2392
830 673 2699
831 3824 386
832 2864 1266
833 1188 4427
834 3810 2051
835 1494 2111
836 1854 3121
837 1872 434
838 2832 730
839 1694 46
840 1370 4238
841 3184 2895
842 2502 3390
843 1255 2663
844 4128 4424
845 3314 1494
846 226 1422
847 3027 2722
848 1515 2475
849 702 2336
850 3072 2497
851 861 1512
852 1300 3557
853 97 1605
854 4551 275
855 1120 1772
856 3102 1953
857 3347 1249
858 4536 3310
859 4233 986
860 3980 4384
861 1457 368
862 1977 2755
863 2345 619
864 418 1578
865 2468 2518
866 4363 3459
867 3573 1603
868 2479 3998
869 2100 4008
870 65 1614
871 1208 3446
872 3428 111
873 1505 3064
874 1010 1523
875 1588 167
876 3160 1728
877 553 1613
878 322 2473
879 3613 3796
880 4335 4469
881 165 65
882 4158 92
883 1333 2696
884 3112 1487
885 2040 962
886 2824 1146
887 3339 1708
888 886 3552
889 2239 2085
890 940 1031
891 244 659
892 2510 2836
893 1604 1594
894 1330 1474
895 3884 1809
896 287 2610
897 2237 3569
898 1446 3957
899 1130 804
900 453 1541
901 1430 1035
902 3769 393
903 4108 2638
904 3747 3396
905 4117 4471
906 2115 2215
907 924 1777
908 4153 1078
909 303 2053
910 3379 484
911 3170 3523
912 187 2974
913 2998 2687
914 3389 2838
915 2712 1378
916 2204 1576
917 1057 3727
918 2017 3869
919 3072 2021
920 1499 982
921 3190 2403
922 2377 3163
923 4149 661
924 2337 41
925 408 1664
926 4199 2188
927 570 1509
928 325 1269
929 3778 3030
930 4508 3379
931 2790 3446
932 443 2900
933 1318 3011
934 3774 1143
935 2746 4372
936 1110 127
937 74 1891
938 335 47
939 2822 3515
940 3878 2624
941 3535 607
942 864 2398
943 2017 1651
944 4275 1675
945 937 1851
946 795 3604
947 328 1029
948 1568 137
949 3632 694
950 1566 2391
951 155 40
952 1340 88
953 2738 2005
954 2397 3318
955 3384 628
956 4553 4336
957 1747 1984
958 376 4170
959 206 954
960 3152 1687
961 3144 32
962 2039 2076
963 3247 750
964 3057 3418
965 577 3632
966 2419 1424
967 4443 4299
968 1526 1178
969 3978 2613
970 1996 4234
971 2203 3343
972 4 3869
973 3289 3705
974 3085 1939
975 3118 3737
976 4511 570
977 4226 1715
978 2926 1772
979 943 1061
980 1552 705
981 198 4325
982 2843 1756
983 941 2064
984 1578 2320
985 777 1925
986 2486 4457
987 3186 3549
988 4440 2390
989 2273 2730
990 3073 2299
991 208 860
992 3454 773
993 452 2348
994 3489 3752
995 3384 1735
996 3096 2500
997 3825 654
998 109 1441
999 842 3880
1000 2361 1037
1001 1012 2119
1002 3741 196
1003 3333 1864
1004 585 4253
1005 4410 4561
1006 803 56
1007 1505 368
1008 3068 4054
1009 1438 4505
1010 3817 1496
1011 4468 3530
1012 4441 1008
1013 1818 3999
1014 4577 492
1015 685 1549
1016 28 492
1017 3715 551
1018 775 191
1019 4022 3062
1020 4508 2544
1021 1988 724
1022 2083 427
1023 3801 3880
1024 3145 4073
1025 919 1364
1026 3345 308
1027 3182 2201
1028 1167 3940
1029 1424 2930
1030 3762 2625
1031 679 3346
1032 1881 4578
1033 489 3119
1034 2734 1021
1035 1134 1619
1036 4331 1988
1037 1352 446
1038 4325 1756
1039 143 264
1040 181 1548
1041 1400 641
1042 856 743
1043 52 105
1044 714 2
1045 1048 4433
1046 3558 3644
1047 1867 215
1048 314 3799
1049 2282 4201
1050 2621 1932
1051 1260 1449
1052 3912 1333
1053 2126 1432
1054 2873 1178
1055 3112 152
1056 76 2501
1057 3244 982
1058 480 27
1059 1398 592
1060 2646 1856
1061 3990 1511
1062 44 4472
1063 3342 3449
1064 2033 1711
1065 1331 389
1066 2655 1998
1067 3037 3918
1068 3101 1803
1069 3541 2893
1070 4411 2699
1071 3931 9
1072 146 3442
1073 2552 89
1074 1820 3666
1075 637 585
1076 3231 3867
1077 1541 293
1078 3096 1287
1079 4324 3135
1080 252 474
1081 2180 2105
1082 2990 128
1083 2072 1510
1084 4452 1810
1085 1274 1677
1086 3687 4533
1087 2781 2906
1088 2863 897
1089 319 1041
1090 3828 3969
1091 141 2577
1092 2853 1459
1093 465 669
1094 4327 671
1095 3828 549
1096 373 4015
1097 4400 507
1098 1377 1766
1099 1507 727
1100 184 493
1101 3308 12
1102 2917 3313
1103 2093 3744
1104 1075 3030
1105 4562 3139
1106 224 3652
1107 661 1926
1108 2472 2400
1109 1847 3334
1110 4563 3753
1111 4538 411
1112 302 419
1113 4008 582
1114 2660 1611
1115 4282 1651
1116 1412 509
1117 2788 1635
1118 833 83
1119 3388 1573
1120 4071 2163
1121 5 4026
1122 3104 1390
1123 2038 3434
1124 1877 30
1125 759 2033
1126 3273 4456
1127 2939 4558
1128 266 690
1129 2623 375
1130 3287 193
1131 3266 3225
1132 4342 2078
1133 3042 2629
1134 3635 3839
1135 3402 2763
1136 3393 1543
1137 1291 2146
1138 3136 273
1139 2492 897
1140 1430 2488
1141 1748 476
1142 2105 4282
1143 3055 2406
1144 2153 1736
1145 4306 3308
1146 4342 4574
1147 2031 94
1148 1881 1192
1149 4549 2710
1150 1716 1548
1151 414 4094
1152 2446 3729
1153 4353 2739
1154 1952 3219
1155 3910 2837
1156 324 3487
1157 4391 6
1158 4512 2813
1159 3418 1969
1160 2431 1193
1161 2148 1284
1162 1677 1207
1163 3944 213
1164 2669 899
1165 3525 4143
1166 3842 3287
1167 952 1916
1168 2047 726
1169 1566 1270
1170 3364 1365
1171 1980 2196
1172 4324 3087
1173 2252 3475
1174 1676 4047
1175 938 2385
1176 976 3752
1177 2259 1448
1178 4232 2108
1179 3010 4406
1180 434 3558
1181 3207 499
1182 1935 2392
1183 3597 1315
1184 1130 46
1185 1487 2830
1186 664 3291
1187 639 646
1188 2156 4532
1189 2950 1504
1190 2451 1942
1191 1486 4109
1192 364 1427
1193 1192 3298
1194 228 97
1195 3228 745
1196 3220 266
1197 2567 2346
1198 4165 4023
1199 1061 951
1200 625 3224
1201 3827 2736
1202 940 504
1203 1495 3301
1204 4278 510
1205 681 3832
1206 2003 1574
1207 4020 842
1208 583 4568
1209 1109 3965
1210 1879 2981
1211 4523 2939
1212 3451 2916
1213 4056 1693
1214 442 3304
1215 3131 4342
1216 2035 4406
1217 3327 2390
1218 1469 3374
1219 2079 1111
1220 4109 4504
1221 4406 4095
1222 138 2565
1223 1300 1342
1224 1489 2396
1225 614 673
1226 1390 3954
1227 4491 2783
1228 831 2973
1229 951 2963
1230 464 479
1231 1404 842
1232 2527 918
1233 3163 834
1234 997 3071
1235 760 4332
1236 2348 4288
1237 1917 3434
1238 586 1910
1239 4204 911
1240 3182 347
1241 42 2023
1242 2638 3450
1243 1231 3970
1244 1637 4252
1245 3748 1180
1246 2705 911
1247 1012 859
1248 4427 3141
1249 3994 3196
1250 786 1176
1251 2405 222
1252 981 684
1253 4221 1664
1254 2557 308
1255 2957 4289
1256 3175 2460
1257 3210 1218
1258 393 1030
1259 2839 3766
1260 4267 3880
1261 1066 4493
1262 1820 2053
1263 886 1339
1264 3598 323
1265 1884 1662
1266 2858 517
1267 2143 2055
1268 819 1573
1269 1867 2941
1270 26 4288
1271 1326 3794
1272 4134 1512
1273 177 6
1274 61 4538
1275 305 429
1276 1370 1460
1277 869 1781
1278 1681 1189
1279 462 1968
1280 1060 2508
1281 250 1214
1282 135 3045
1283 2309 2938
1284 3250 3570
1285 2622 2353
1286 2181 1890
1287 744 3312
1288 2269 3332
1289 680 3060
1290 4269 1581
1291 3062 239
1292 619 489
1293 4402 3500
1294 928 723
1295 3885 2709
1296 2657 24
1297 368 928
1298 3911 3510
1299 1496 2588
1300 3910 1189
1301 2955 1077
1302 2402 14
1303 1738 3467
1304 1774 358
1305 1407 2819
1306 4084 1793
1307 277 4466
1308 3224 943
1309 2649 2254
1310 2837 2183
1311 2771 3099
1312 361 3286
1313 4538 4218
1314 1224 3526
1315 1964 2416
1316 427 1284
1317 4229 1796
1318 3993 1519
1319 46 1289
1320 2843 3370
1321 1109 2391
1322 3664 3020
1323 3431 2672
1324 1815 2110
1325 2065 3064
1326 2288 600
1327 147 120
1328 3292 3703
1329 1634 146
1330 3481 4210
1331 480 2698
1332 1581 4028
1333 381 1667
1334 1154 1354
1335 1404 420
1336 3786 2726
1337 979 1105
1338 516 819
1339 3031 561
1340 3003 1173
1341 2387 841
1342 545 3871
1343 3418 1615
1344 3534 447
1345 587 3595
1346 1702 3678
1347 1353 1158
1348 3696 3617
1349 3983 1101
1350 1881 2043
1351 3601 1616
1352 329 417
1353 3940 1211
1354 4196 2570
1355 283 575
1356 4107 1666
1357 2250 4330
1358 2468 1404
1359 2503 4417
1360 1159 2910
1361 771 2770
1362 2827 2710
1363 4106 1797
1364 1925 595
1365 1150 3434
1366 2942 4194
1367 1389 2371
1368 55 910
1369 4073 476
1370 3872 1744
1371 3935 152
1372 1277 2559
1373 2731 1590
1374 273 3591
1375 2983 3520
1376 1396 768
1377 130 2538
1378 1860 1918
1379 648 2190
1380 2570 3978
1381 1923 478
1382 3993 2959
1383 3763 1879
1384 3379 1990
1385 353 3457
1386 2508 807
1387 340 2295
1388 1812 3885
1389 642 509
1390 1388 920
1391 2114 191
1392 3719 620
1393 89 2571
1394 565 1745
1395 1002 3357
1396 4060 1649
1397 4333 1750
1398 1915 3898
1399 2236 651
1400 3551 45
1401 1941 3900
1402 3124 305
1403 294 2877
1404 556 4280
1405 2978 2031
1406 3430 2738
1407 819 1598
1408 437 3092
1409 640 885
1410 54 12
1411 4413 1311
1412 2944 3705
1413 2149 3493
1414 4218 1826
1415 3271 1604
1416 4262 4514
1417 2824 3384
1418 4216 1659
1419 4520 2629
1420 4213 983
1421 147 2613
1422 905 1323
1423 526 2866
1424 2755 1414
1425 4546 2293
1426 3951 1407
1427 53 1503
1428 3048 2275
1429 3902 4499
1430 3316 4092
1431 1137 3685
1432 3452 2291
1433 4343 3957
1434 4336 1917
1435 4379 439
1436 3867 2164
1437 486 1634
1438 3159 3229
1439 3501 438
1440 3799 1163
1441 816 3246
1442 448 250
1443 2245 2253
1444 4198 3952
1445 829 3321
1446 2251 2720
1447 3638 2958
1448 1053 2478
1449 1826 1056
1450 676 415
1451 2642 1471
1452 1046 2269
1453 323 4562
1454 230 1105
1455 3349 2322
1456 439 1230
1457 3422 289
1458 2442 3725
1459 3625 3578
1460 1172 3363
1461 4218 2474
1462 2001 142
1463 2509 2095
1464 2862 3624
1465 3948 3616
1466 1061 2316
1467 462 2342
1468 686 679
1469 2298 3218
1470 1576 1170
1471 513 3399
1472 4234 3693
1473 2003 4172
1474 2107 527
1475 830 2233
1476 3068 2187
1477 1356 3526
1478 432 3202
1479 3022 885
1480 4341 2173
1481 2798 2346
1482 2793 294
1483 3367 1363
1484 3011 666
1485 205 2213
1486 1219 2442
1487 3678 4116
1488 3003 2526
1489 255 9
1490 2584 3501
1491 2284 4414
1492 3361 4579
1493 1707 2850
1494 3922 1671
1495 3542 4307
1496 1531 917
1497 4519 36
1498 3942 3755
1499 1524 291
1500 3202 4106
1501 1899 1671
1502 277 3059
1503 2303 4493
1504 1716 2302
1505 2899 2276
1506 34 3131
1507 3506 2858
1508 2807 268
1509 605 449
1510 4454 2767
1511 2229 1426
1512 3748 2667
1513 3248 3444
1514 1214 1164
1515 1093 3616
1516 2301 1610
1517 58 3224
1518 3793 3118
1519 2542 3414
1520 2752 1949
1521 2647 3679
1522 2995 4181
1523 3685 2904
1524 3445 2942
1525 2147 1707
1526 3227 1920
1527 4074 1652
1528 1857 1429
1529 3304 766
1530 1951 3717
1531 4159 2372
1532 181 3172
1533 3874 2977
1534 671 1131
1535 4351 3208
1536 1323 1123
1537 1686 2684
1538 1745 1379
1539 1805 2760
1540 857 2701
1541 552 3649
1542 2207 3555
1543 3998 231
1544 4576 4257
1545 872 2480
1546 2971 1665
1547 610 903
1548 1163 1190
1549 2080 290
1550 647 1438
1551 2196 1194
1552 629 1956
1553 1813 1011
1554 1063 4440
1555 2973 1622
1556 1774 1988
1557 2674 933
1558 1289 2767
1559 1297 1847
1560 3591 3780
1561 904 2964
1562 1152 1290
1563 3737 2415
1564 649 2865
1565 3460 3441
1566 4352 1175
1567 2658 3425
1568 3738 3767
1569 227 4010
1570 3660 2138
1571 3641 3547
1572 1180 4308
1573 3361 4178
1574 2549 482
1575 1389 4050
1576 1736 2846
1577 1631 2681
1578 2585 2374
1579 897 4402
1580 3073 4132
1581 2665 1068
1582 153 473
1583 2251 1076
1584 4094 3773
1585 773 4095
1586 4562 3143
1587 2514 170
1588 632 3318
1589 3066 1897
1590 1415 2742
1591 4205 802
1592 4549 2198
1593 2310 440
1594 4258 3826
1595 2142 3220
1596 1825 949
1597 1368 3758
1598 1115 5
1599 1155 3215
1600 1005 3082
1601 574 2929
1602 2720 1888
1603 1964 2436
1604 3676 436
1605 3265 1728
1606 3947 268
1607 1015 3247
1608 528 2602
1609 2512 3592
1610 2506 1222
1611 2163 791
1612 2867 198
1613 140 707
1614 3459 1692
1615 1802 162
1616 351 698
1617 3067 1229
1618 2430 4253
1619 2034 1831
1620 4237 2014
1621 1169 1906
1622 398 1600
1623 1540 2363
1624 4483 1300
1625 3542 4093
1626 3591 4417
1627 3192 2485
1628 3574 665
1629 2702 232
1630 4169 4119
1631 1131 3294
1632 1553 2681
1633 1428 1218
1634 632 461
1635 3981 3158
1636 4559 2102
1637 1010 3215
1638 1518 3118
1639 3679 3152
1640 4317 4009
1641 1731 4568
1642 3252 4073
1643 2678 1957
1644 4022 1152
1645 3930 3704
1646 2741 3585
1647 458 1366
1648 733 3118
1649 1848 632
1650 1734 1346
1651 29 210
1652 1843 4258
1653 1342 912
1654 2252 3866
1655 2297 1733
1656 1210 3765
1657 1140 3859
1658 1865 1964
1659 4193 3720
1660 2407 2939
1661 3595 4136
1662 3308 4337
1663 2644 318
1664 2004 699
1665 260 131
1666 3496 2790
1667 1225 1513
1668 3731 1488
1669 3862 1628
1670 2889 1303
1671 4377 127
1672 790 2784
1673 856 3028
1674 1279 4279
1675 2652 573
1676 3497 624
1677 3201 1334
1678 2312 586
1679 1185 1791
1680 1603 458
1681 3487 1176
1682 570 2966
1683 93 3878
1684 2957 3718
1685 721 2927
1686 3063 134
1687 2960 2049
1688 3641 469
1689 284 63
1690 1272 3298
1691 512 3916
1692 3476 1145
1693 4570 1196
1694 3998 3989
1695 1696 1000
1696 3045 40
1697 350 2862
1698 3860 2710
1699 3026 525
1700 1987 1161
1701 245 10
1702 2467 3479
1703 3205 211
1704 2471 3282
1705 1268 3619
1706 1681 2417
1707 1064 1821
1708 3352 3344
1709 2091 1258
1710 3507 2094
1711 3594 1185
1712 1261 1688
1713 4300 4378
1714 2135 2689
1715 16 1859
1716 703 3408
1717 502 2616
1718 1558 2674
1719 201 637
1720 432 2545
1721 2095 960
1722 3106 3447
1723 1777 2709
1724 129 2207
1725 343 1978
1726 4486 3057
1727 2218 1287
1728 589 4128
1729 3042 90
1730 2537 2697
1731 918 2699
1732 3807 1045
1733 2001 509
1734 4011 3335
1735 4320 2928
1736 212 1219
1737 662 4466
1738 1624 998
1739 3411 3663
1740 1255 2235
1741 343 38
1742 2186 3957
1743 2197 4397
1744 4523 814
1745 791 1364
1746 3107 608
1747 937 2725
1748 717 1578
1749 986 3282
1750 3689 4205
1751 3537 3799
1752 1203 867
1753 1884 3710
1754 1109 3248
1755 3357 1672
1756 3846 3367
1757 2722 2786
1758 369 291
1759 918 2603
1760 3065 1419
1761 1748 4168
1762 1234 1167
1763 2816 1189
1764 3992 4416
1765 720 1590
1766 1218 4237
1767 2529 1286
1768 3374 951
1769 1834 1055
1770 915 598
1771 1967 2122
1772 3139 2025
1773 1386 756
1774 2850 2544
1775 1186 2014
1776 530 4351
1777 4433 2104
1778 3521 2622
1779 3808 80
1780 4576 4407
1781 3368 297
1782 441 3255
1783 4351 4282
1784 2355 3405
1785 1479 2829
1786 1156 3016
1787 2554 440
1788 232 3099
1789 427 442
1790 4341 3418
1791 1729 3021
1792 3934 626
1793 3809 2610
1794 2887 3052
1795 252 1665
1796 4565 2747
1797 501 2236
1798 3134 3747
1799 1988 3970
1800 3516 3482
1801 4228 4545
1802 2006 565
1803 2938 4319
1804 2091 4090
1805 4254 4555
1806 3481 737
1807 3526 300
1808 3965 4180
1809 1153 1598
1810 54 371
1811 609 2497
1812 3467 3107
1813 204 838
1814 221 4161
1815 4415 3806
1816 475 326
1817 773 3222
1818 1568 3587
1819 3898 585
1820 1474 1810
1821 687 4284
1822 2840 2735
1823 2065 1839
1824 2463 3944
1825 3344 1774
1826 1793 3605
1827 2559 2571
1828 3490 2477
1829 1385 3367
1830 4166 2069
1831 2793 3987
1832 4002 3301
1833 3605 1968
1834 3997 60
1835 15 2404
1836 879 3999
1837 53 776
1838 2585 1610
1839 376 1459
1840 3260 2943
1841 3131 2068
1842 1191 1171
1843 2161 2871
1844 382 2443
1845 1143 275
1846 3173 870
1847 4274 408
1848 2539 3471
1849 884 111
1850 4347 697
1851 3985 327
1852 920 3261
1853 2089 1975
1854 109 2096
1855 572 1711
1856 4436 349
1857 990 3623
1858 2302 3177
1859 560 1829
1860 3499 366
1861 2890 3967
1862 2074 633
1863 4521 861
1864 972 1411
1865 3988 3776
1866 889 3010
1867 3275 2791
1868 4207 3835
1869 1559 4301
1870 2726 3467
1871 3152 4012
1872 3940 2390
1873 1584 3096
1874 2905 4407
1875 4315 2030
1876 4121 2078
1877 3319 2622
1878 1509 550
1879 410 4259
1880 2304 3715
1881 1706 2982
1882 1819 4342
1883 2761 2654
1884 2307 3986
1885 2701 3559
1886 4069 252
1887 3118 3352
1888 4542 2614
1889 733 774
1890 4000 893
1891 2171 1049
1892 3265 2854
1893 1894 1085
1894 1134 4225
1895 3395 633
1896 3079 2169
1897 4301 2290
1898 941 123
1899 1120 2212
1900 2520 3746
1901 3038 3764
1902 2406 2674
1903 3014 1001
1904 4303 3748
1905 2694 1617
1906 1355 2946
1907 4151 1322
1908 3937 4320
1909 1226 2542
1910 3118 4185
1911 1821 4235
1912 3580 3029
1913 1195 2479
1914 1275 1099
1915 696 1915
1916 3561 2459
1917 404 572
1918 641 1763
1919 4473 255
1920 112 421
1921 47 3641
1922 662 2391
1923 340 2734
1924 3394 2122
1925 372 4279
1926 523 1244
1927 2155 2826
1928 1173 1289
1929 116 2673
1930 1317 3071
1931 3628 3205
1932 4392 529
1933 3528 1016
1934 319 3533
1935 2927 3980
1936 3879 1022
1937 2259 1791
1938 1673 1460
1939 2809 868
1940 177 2837
1941 3283 2632
1942 210 624
1943 2535 2056
1944 1541 2868
1945 3113 3504
1946 4199 1671
1947 3733 389
1948 4548 3667
1949 2425 3059
1950 3746 93
1951 1347 878
1952 4154 548
1953 795 1678
1954 1033 2217
1955 2984 41
1956 3976 29
1957 488 23
1958 3808 4218
1959 1605 1156
1960 36 3129
1961 226 1825
1962 3242 107
1963 4490 1088
1964 270 326
1965 3291 3009
1966 4128 3119
1967 3210 2121
1968 2383 3182
1969 3298 1262
1970 3184 2686
1971 1242 2723
1972 4285 4517
1973 3275 3550
1974 4547 718
1975 970 4211
1976 2455 4493
1977 130 1283
1978 272 4250
1979 3180 168
1980 1780 2918
1981 3480 3263
1982 3175 511
1983 2959 4003
1984 260 1839
1985 1865 3884
1986 4175 1430
1987 1633 3216
1988 1039 1787
1989 347 1041
1990 297 2255
1991 614 4307
1992 4260 3404
1993 4074 1747
1994 2462 2194
1995 3915 4395
1996 143 3099
1997 658 2436
1998 1949 4316
1999 831 1686
2000 3924 362
2001 900 2775
2002 3275 1426
2003 589 3135
2004 2869 3737
2005 4333 4022
2006 597 1767
2007 4188 3259
2008 1492 4070
2009 589 1427
2010 3301 3345
2011 2858 369
2012 407 621
2013 221 1360
2014 2981 352
2015 21 4349
2016 1438 1908
2017 542 420
2018 514 3026
2019 4205 2961
2020 3829 804
2021 696 1215
2022 2718 4012
2023 4565 3871
2024 3467 2598
2025 2132 2501
2026 203 748
2027 1589 3157
2028 2200 544
2029 1178 2376
2030 2863 329
2031 2106 1717
2032 2928 2241
2033 1955 101
2034 562 1126
2035 2510 3453
2036 2794 2096
2037 949 2583
2038 3990 2299
2039 2156 1108
2040 1758 3570
2041 2446 1617
2042 3674 1019
2043 777 3083
2044 1523 535
2045 1104 4043
2046 2822 4176
2047 2462 697
2048 4313 309
2049 3457 4156
2050 2853 4194
2051 3648 3527
2052 3796 3001
2053 1763 2695
2054 1088 1760
2055 2458 789
2056 4375 300
2057 3712 1509
2058 2081 3569
2059 886 619
2060 2694 31
2061 1765 2557
2062 4144 3201
2063 132 3897
2064 3505 2115
2065 2969 1980
2066 2301 461
2067 2858 3795
2068 4407 3838
2069 835 3954
2070 3776 2779
2071 2642 894
2072 3004 3029
2073 1013 427
2074 2167 232
2075 759 2846
2076 411 3068
2077 2782 910
2078 2880 1575
2079 1701 2214
2080 408 3109
2081 150 1382
2082 1617 3349
2083 1880 194
2084 4191 369
2085 2880 3236
2086 3554 991
2087 385 392
2088 479 1573
2089 2451 3414
2090 4030 1366
2091 1493 1967
2092 520 294
2093 4097 2895
2094 426 848
2095 3680 1978
2096 82 1213
2097 965 61
2098 1820 2168
2099 3999 1639
2100 832 696
2101 3063 2797
2102 2554 1734
2103 194 2402
2104 2338 1255
2105 1283 119
2106 1493 592
2107 3980 1750
2108 287 2112
2109 1386 71
2110 2106 1690
2111 1670 2391
2112 3959 2116
2113 1833 1097
2114 448 2259
2115 1719 3211
2116 3166 4116
2117 3568 1822
2118 132 2430
2119 1795 3620
2120 1660 2133
2121 3787 2473
2122 3924 2646
2123 2911 1287
2124 383 4124
2125 1217 4535
2126 2725 1442
2127 2682 2225
2128 2764 2698
2129 900 3791
2130 1088 1758
2131 1079 1685
2132 2286 1493
2133 1606 1710
2134 1696 336
2135 1873 315
2136 4092 1449
2137 4563 1724
2138 3135 2935
2139 1226 2075
2140 3472 3364
2141 1313 994
2142 4553 2564
2143 3657 531
2144 495 1983
2145 1918 1206
2146 2804 3212
2147 1212 1153
2148 3266 2362
2149 702 82
2150 2843 1699
2151 2202 2066
2152 2828 1048
2153 2067 1912
2154 154 2697
2155 246 3058
2156 1177 2509
2157 2546 4560
2158 1799 2768
2159 622 4385
2160 3853 2510
2161 1213 946
2162 4008 1259
2163 1046 1407
2164 1183 2541
2165 115 1352
2166 4511 985
2167 2226 4285
2168 2919 3126
2169 2813 466
2170 645 2290
2171 3543 3458
2172 4020 1423
2173 3273 501
2174 11 305
2175 2434 699
2176 1795 2968
2177 3166 2963
2178 3168 4105
2179 1759 396
2180 1226 320
2181 838 1579
2182 1701 940
2183 476 540
2184 833 31
2185 2020 4441
2186 460 4031
2187 1452 1365
2188 3736 697
2189 1834 950
2190 3378 3128
2191 1881 4146
2192 423 3813
2193 863 266
2194 3389 763
2195 3622 927
2196 3161 4212
2197 306 3612
2198 3918 982
2199 3025 3708
2200 1734 326
2201 4378 1958
2202 87 908
2203 1010 2890
2204 1089 1985
2205 3920 2642
2206 3110 1409
2207 3870 1489
2208 1839 2689
2209 2860 402
2210 1833 2645
2211 1409 3964
2212 1714 557
2213 1560 3361
2214 984 357
2215 2001 1212
2216 2910 2728
2217 2572 1672
2218 70 3353
2219 2344 686
2220 1667 253
2221 3924 657
2222 2801 3472
2223 74 548
2224 3805 1840
2225 3581 3975
2226 1717 3006
2227 2725 2300
2228 1343 2818
2229 3375 1405
2230 2517 2726
2231 235 3657
2232 3641 1017
2233 2633 7
2234 302 1561
2235 91 3879
2236 1766 3522
2237 1841 1784
2238 2933 1277
2239 2736 1680
2240 3247 698
2241 3053 2522
2242 1733 4472
2243 2977 4494
2244 758 2997
2245 1681 4412
2246 3031 672
2247 1063 2898
2248 619 277
2249 3873 4055
2250 1437 3882
2251 1715 3559
2252 1091 2552
2253 2564 4118
2254 1924 4228
2255 289 564
2256 496 462
2257 3744 1078
2258 2378 3501
2259 1950 1066
2260 658 2604
2261 1879 4362
2262 2388 2809
2263 207 3395
2264 3105 656
2265 1342 225
2266 2065 3338
2267 27 3418
2268 628 1863
2269 4264 1267
2270 4241 3240
2271 1029 572
2272 3871 3061
2273 3151 4064
2274 2454 258
2275 3803 4300
2276 2318 2464
2277 1239 2488
2278 3667 2091
2279 3048 3892
2280 3321 2322
2281 269 3204
2282 2952 198
2283 3123 2139
2284 4066 2454
2285 3306 2088
2286 4540 1054
2287 723 2524
2288 3950 907
2289 502 3666
2290 3279 3567
2291 501 3861
2292 2680 589
2293 4049 822
2294 1552 467
2295 2777 3414
2296 3936 1922
2297 3041 2416
2298 3508 3722
2299 1992 1850
2300 4054 766
2301 618 3203
2302 1404 3406
2303 1263 2233
2304 2460 172
2305 4500 4158
2306 2351 224
2307 1415 601
2308 3131 2755
2309 4336 446
2310 651 2881
2311 1535 3012
2312 1867 4577
2313 1780 1826
2314 3195 809
2315 2906 3543
2316 3682 3460
2317 3771 3455
2318 4051 2832
2319 4338 3534
2320 3829 343
2321 1974 2159
2322 1808 3296
2323 1266 938
2324 15 4181
2325 3857 1830
2326 2087 3909
2327 557 1562
2328 4472 3435
2329 1626 3033
2330 1535 1093
2331 2064 39
2332 3456 1350
2333 1293 3189
2334 4472 2984
2335 856 1384
2336 2153 2678
2337 511 2834
2338 2425 2784
2339 3022 998
2340 2576 2565
2341 3268 4493
2342 2130 1830
2343 3325 3133
2344 4201 824
2345 2040 3857
2346 1975 1004
2347 3915 3797
2348 1998 3592
2349 350 2847
2350 3543 2057
2351 3712 2634
2352 4428 3871
2353 2728 1946
2354 1870 1552
2355 3450 348
2356 2690 2657
2357 376 3468
2358 2724 3917
2359 2543 3620
2360 3236 132
2361 342 462
2362 4147 3511
2363 1419 1493
2364 4506 2084
2365 2423 2628
2366 2528 3368
2367 4447 676
2368 4154 2387
2369 3104 4511
2370 322 4420
2371 1571 2000
2372 1970 2526
2373 9 581
2374 2703 1079
2375 580 2363
2376 2591 3350
2377 1911 2845
2378 1742 130
2379 1779 860
2380 4427 1772
2381 3695 1409
2382 291 1613
2383 4264 798
2384 696 2330
2385 1724 3314
2386 143 1592
2387 1488 795
2388 3310 3424
2389 1316 3043
2390 252 957
2391 1348 3563
2392 689 1207
2393 2244 317
2394 2250 3360
2395 3 40
2396 1780 4085
2397 4532 1696
2398 333 1896
2399 2748 3989
2400 4568 3951
2401 1112 2513
2402 1624 3548
2403 398 2760
2404 3855 626
2405 1305 3371
2406 2063 122
2407 102 4286
2408 1110 647
2409 4188 2727
2410 890 2635
2411 3928 4496
2412 703 1311
2413 1746 2219
2414 4084 3865
2415 3151 1648
2416 91 112
2417 2691 3199
2418 533 1571
2419 3036 464
2420 3449 4210
2421 1171 1923
2422 1852 3425
2423 2095 1883
2424 2390 3346
2425 4580 2402
2426 682 249
2427 2866 2353
2428 3783 1954
2429 3042 3214
2430 1417 3835
2431 1108 1651
2432 3890 3759
2433 458 2677
2434 3271 2642
2435 195 4365
2436 2513 662
2437 679 2686
2438 2552 1809
2439 3922 2431
2440 4348 3588
2441 572 2338
2442 3287 1871
2443 2120 3505
2444 112 1130
2445 1992 1135
2446 2329 2536
2447 1919 2287
2448 3559 4253
2449 8 1181
2450 428 2289
2451 2530 4053
2452 3457 3263
2453 3073 1996
2454 1153 1915
2455 1268 2424
2456 4218 2712
2457 3371 3167
2458 2675 1009
2459 1503 2967
2460 3674 4550
2461 3059 653
2462 1382 1942
2463 3977 2123
2464 1388 2590
2465 550 3614
2466 1681 3992
2467 4298 4552
2468 4359 2745
2469 4168 1570
2470 3865 347
2471 521 381
2472 1932 1372
2473 3725 1034
2474 2743 3703
2475 3786 3780
2476 2257 668
2477 3280 1945
2478 4106 3862
2479 890 1755
2480 239 2950
2481 567 3356
2482 3022 487
2483 3755 4460
2484 1746 2892
2485 804 3923
2486 46 245
2487 3992 391
2488 3992 1986
2489 444 1002
2490 31 4540
2491 1670 3974
2492 89 2602
2493 6 2120
2494 3051 2191
2495 2258 3476
2496 390 704
2497 2732 584
2498 4372 4077
2499 368 535
2500 2257 1511
2501 714 2171
2502 4470 3165
2503 1797 824
2504 575 999
2505 3933 1523
2506 1712 774
2507 683 1864
2508 2682 593
2509 774 503
2510 695 2983
2511 3735 1737
2512 4108 2530
2513 1580 145
2514 417 835
2515 438 1096
2516 3242 2759
2517 2786 1139
2518 612 3458
2519 2169 4206
2520 1461 1202
2521 3434 1518
2522 1272 3227
2523 3316 3783
2524 637 1096
2525 403 2506
2526 3441 1212
2527 2524 1138
2528 2620 298
2529 1124 1359
2530 1766 2729
2531 900 628
2532 168 236
2533 1643 1538
2534 4063 4470
2535 3268 2057
2536 2934 121
2537 1535 3870
2538 709 4236
2539 4113 4357
2540 284 3177
2541 3898 599
2542 2592 847
2543 199 564
2544 3596 4221
2545 3944 2931
2546 2512 783
2547 943 1306
2548 363 3758
2549 3510 3464
2550 2285 923
2551 925 4496
2552 4311 2334
2553 1140 4519
2554 1365 1257
2555 3035 613
2556 3952 3794
2557 3547 3212
2558 86 400
2559 2712 2342
2560 2247 215
2561 2359 2616
2562 2090 301
2563 3423 1338
2564 3987 3425
2565 478 69
2566 1113 1822
2567 4509 2895
2568 570 1159
2569 4428 914
2570 1478 2153
2571 546 59
2572 4346 3800
2573 1113 2668
2574 1786 1047
2575 3820 3792
2576 357 2027
2577 4162 2134
2578 4571 1131
2579 415 4501
2580 3324 265
2581 112 3626
2582 1151 2970
2583 2739 1230
2584 1717 1546
2585 2611 1878
2586 1087 174
2587 777 1324
2588 32 1943
2589 800 544
2590 3036 2380
2591 239 2514
2592 3118 1943
2593 4428 1550
2594 345 496
2595 1403 401
2596 3226 4485
2597 1839 2558
2598 3767 5
2599 1036 1634
2600 2134 3179
2601 3790 2587
2602 3119 4262
2603 4117 2607
2604 24 4027
2605 2550 631
2606 1360 658
2607 3636 2717
2608 1850 1757
2609 3838 3143
2610 2047 3905
2611 512 4285
2612 669 4454
2613 2240 2994
2614 517 3549
2615 1452 3354
2616 2071 1516
2617 517 434
2618 3856 294
2619 2298 972
2620 3709 3884
2621 1328 4357
2622 2082 1842
2623 4324 436
2624 1149 1162
2625 224 125
2626 4049 4374
2627 114 4194
2628 4489 176
2629 1375 4117
2630 1333 1159
2631 1586 2378
2632 4475 1191
2633 2939 1022
2634 4213 750
2635 3751 1508
2636 2598 4525
2637 541 918
2638 6 3273
2639 4026 2896
2640 3024 578
2641 4057 957
2642 779 3911
2643 1668 70
2644 1906 127
2645 2451 2747
2646 1755 3831
2647 4123 262
2648 4417 866
2649 3201 3343
2650 582 1745
2651 2964 422
2652 2521 1571
2653 2491 1795
2654 1277 2120
2655 1099 4567
2656 1605 68
2657 1477 117
2658 461 1899
2659 4307 2000
2660 1868 1519
2661 4413 1792
2662 3375 201
2663 1674 1299
2664 1087 967
2665 2214 1569
2666 3859 4517
2667 4422 1946
2668 389 1570
2669 2054 615
2670 1517 678
2671 23 2659
2672 2885 4298
2673 1841 3088
2674 799 12
2675 1670 3780
2676 868 3331
2677 1940 381
2678 4302 1637
2679 2136 1608
2680 1992 3691
2681 3331 3705
2682 4552 972
2683 3953 16
2684 2142 1930
2685 3583 4130
2686 279 3194
2687 4365 3820
2688 401 2086
2689 1789 2783
2690 261 2584
2691 226 195
2692 1260 4564
2693 4477 3729
2694 2366 3142
2695 168 3918
2696 1852 2093
2697 1768 1650
2698 4509 1171
2699 344 1881
2700 3388 1827
2701 4002 2281
2702 2460 2463
2703 3042 3692
2704 963 2341
2705 2856 3828
2706 2659 44
2707 243 1796
2708 1066 4570
2709 1007 1656
2710 369 2717
2711 1135 2076
2712 4415 159
2713 800 2553
2714 2802 2682
2715 632 620
2716 2435 2204
2717 1258 963
2718 3142 3106
2719 1669 2781
2720 2801 251
2721 4439 1446
2722 577 1680
2723 1076 1095
2724 2044 2721
2725 3023 3103
2726 3289 1026
2727 1744 2534
2728 2389 475
2729 3687 2036
2730 684 4321
2731 364 1210
2732 2039 4026
2733 2776 3709
2734 2755 4287
2735 370 455
2736 1553 516
2737 253 113
2738 1103 2871
2739 4334 45
2740 1620 157
2741 849 3361
2742 1716 1021
2743 1664 2156
2744 4214 2110
2745 2722 4270
2746 3333 3319
2747 4045 1162
2748 620 865
2749 3263 401
2750 365 1838
2751 1523 232
2752 141 2567
2753 195 1942
2754 2930 4119
2755 2968 1917
2756 956 1201
2757 3444 2062
2758 3904 4446
2759 2107 1251
2760 2710 280
2761 381 4020
2762 122 3446
2763 111 3888
2764 1046 2509
2765 576 753
2766 4258 1290
2767 2718 3790
2768 4184 570
2769 2153 684
2770 2680 2590
2771 635 3227
2772 2170 3494
2773 3180 2803
2774 555 2300
2775 208 406
2776 1142 421
2777 2995 20
2778 1632 3720
2779 4273 48
2780 434 3610
2781 3794 496
2782 581 2721
2783 635 52
2784 2265 2779
2785 3622 2175
2786 3031 4445
2787 786 1812
2788 1957 3281
2789 1907 3651
2790 36 572
2791 644 2238
2792 1600 1284
2793 4513 3793
2794 2633 2994
2795 2435 651
2796 3178 1295
2797 2246 2491
2798 2309 3581
2799 2659 3579
2800 3282 4439
2801 3122 3184
2802 2133 2644
2803 674 366
2804 421 2443
2805 3202 1350
2806 903 502
2807 1890 1189
2808 2881 1643
2809 3447 3347
2810 1827 2784
2811 3198 80
2812 511 458
2813 732 197
2814 2740 447
2815 2230 314
2816 510 438
2817 1615 2694
2818 652 4427
2819 510 452
2820 1074 3595
2821 1804 857
2822 3183 3870
2823 803 437
2824 1194 620
2825 2496 4062
2826 93 2313
2827 2966 3199
2828 106 2469
2829 2951 198
2830 1929 1718
2831 1743 89
2832 2957 131
2833 3538 1905
2834 14 2417
2835 4175 3907
2836 2008 1248
2837 3339 182
2838 4130 4544
2839 3902 4478
2840 3897 1940
2841 96 1543
2842 114 3471
2843 3934 2829
2844 3881 269
2845 596 2843
2846 3152 3636
2847 4430 1733
2848 3303 904
2849 2034 2110
2850 3121 1771
2851 189 2277
2852 2267 1549
2853 11 2012
2854 3883 804
2855 224 1890
2856 3440 1935
2857 1704 3478
2858 2176 1980
2859 683 3685
2860 594 890
2861 1538 826
2862 4453 1232
2863 289 2936
2864 1508 3323
2865 4297 3652
2866 1644 65
2867 4347 4289
2868 55 91
2869 3369 668
2870 4386 629
2871 1501 1603
2872 2713 3992
2873 3224 1449
2874 4494 3973
2875 621 4059
2876 3891 2931
2877 3390 1386
2878 60 1693
2879 593 1672
2880 4104 4437
2881 1643 971
2882 1051 2827
2883 1222 3796
2884 2272 938
2885 3793 3976
2886 4475 3380
2887 232 2249
2888 1314 945
2889 2999 1582
2890 1468 3798
2891 375 3940
2892 4058 3930
2893 915 1648
2894 1161 1132
2895 1969 3937
2896 588 2022
2897 2609 2716
2898 2994 261
2899 913 4088
2900 4070 54
2901 1138 823
2902 3043 2961
2903 1037 3446
2904 2954 2548
2905 3562 1640
2906 2002 2670
2907 241 55
2908 406 3565
2909 478 1290
2910 2805 3237
2911 2583 850
2912 1474 4073
2913 4430 2469
2914 3893 2139
2915 3073 3451
2916 1178 459
2917 864 633
2918 1492 520
2919 2338 3680
2920 2761 2006
2921 724 1604
2922 3064 4471
2923 312 4568
2924 943 1869
2925 2762 455
2926 1842 3783
2927 1107 2131
2928 1659 2744
2929 80 1321
2930 3388 4324
2931 821 2197
2932 1890 1320
2933 297 599
2934 2699 908
2935 2348 3462
2936 3143 287
2937 2938 3669
2938 4510 2335
2939 1516 4191
2940 4385 2766
2941 1024 3959
2942 1177 2960
2943 3754 1916
2944 2612 3237
2945 2580 2573
2946 4007 57
2947 1854 1624
2948 3463 742
2949 3070 128
2950 437 4231
2951 830 421
2952 3920 1543
2953 4191 2379
2954 4128 1931
2955 1412 4237
2956 532 2079
2957 3992 3679
2958 3063 2202
2959 1376 3074
2960 1795 3365
2961 1665 4335
2962 214 3894
2963 4503 2606
2964 4438 3553
2965 3978 3300
2966 1564 4095
2967 2626 3372
2968 2324 2533
2969 1244 822
2970 4342 1347
2971 2977 4301
2972 1952 4106
2973 1681 4282
2974 4518 3486
2975 1524 4172
2976 1498 4124
2977 3952 3766
2978 2393 287
2979 901 3463
2980 57 4357
2981 3415 3380
2982 3130 977
2983 1092 3799
2984 3575 3202
2985 3165 2555
2986 3760 1335
2987 1238 3552
2988 1013 3293
2989 288 660
2990 4036 4040
2991 2387 1226
2992 3167 4406
2993 1224 2698
2994 1249 1000
2995 588 2793
2996 4130 3774
2997 2093 3591
2998 2237 1889
2999 2413 502
3000 3601 1391
3001 309 1357
3002 339 2478
3003 1928 21
3004 3359 3601
3005 2452 4370
3006 2619 924
3007 4404 1109
3008 44 1706
3009 731 2016
3010 1988 16
3011 1615 3350
3012 1436 2775
3013 3873 921
3014 1335 642
3015 1993 306
3016 3154 3409
3017 2377 1676
3018 541 1322
3019 1415 472
3020 54 3722
3021 554 995
3022 2745 3021
3023 2524 2852
3024 2140 4450
3025 2297 1987
3026 3879 312
3027 2539 2878
3028 607 938
3029 2355 903
3030 1510 750
3031 3483 1154
3032 2146 2891
3033 3188 1017
3034 2436 3401
3035 2898 1373
3036 18 244
3037 3861 4399
3038 240 2477
3039 4522 2603
3040 2098 2052
3041 1483 1223
3042 2375 2240
3043 3459 1855
3044 1690 2437
3045 2030 2832
3046 36 4139
3047 3627 562
3048 733 1232
3049 1459 2971
3050 3438 2468
3051 4085 4053
3052 4296 2806
3053 3638 3183
3054 2274 94
3055 2107 3118
3056 884 145
3057 3325 3009
3058 2850 4568
3059 3564 335
3060 2855 2641
3061 3835 3640
3062 2692 2370
3063 383 2655
3064 4228 3719
3065 93 4186
3066 313 3723
3067 1773 3415
3068 2890 3789
3069 1333 1902
3070 914 4253
3071 523 2146
3072 413 840
3073 2266 1228
3074 3326 2732
3075 1838 3229
3076 2845 101
3077 569 4224
3078 1574 3739
3079 993 3384
3080 3029 2961
3081 4435 695
3082 4327 2705
3083 1006 4511
3084 829 3338
3085 3997 4496
3086 1316 266
3087 3393 1586
3088 1053 2399
3089 103 1472
3090 3294 3284
3091 3388 574
3092 4520 1843
3093 4377 659
3094 2574 4050
3095 173 2854
3096 1854 38
3097 2533 2029
3098 3198 408
3099 3791 3846
3100 1970 198
3101 1387 217
3102 240 2880
3103 3562 3619
3104 2708 4140
3105 2487 4514
3106 3009 2031
3107 794 2753
3108 3572 2209
3109 947 2145
3110 2480 4226
3111 3344 3195
3112 3537 2378
3113 1070 3364
3114 3725 2610
3115 4189 1035
3116 2292 176
3117 1894 2726
3118 2954 3777
3119 2829 3292
3120 4110 3989
3121 231 2765
3122 1369 4482
3123 505 4234
3124 141 144
3125 4470 2486
3126 592 4317
3127 2689 2949
3128 584 3689
3129 3883 2801
3130 2188 2224
3131 1676 1594
3132 4346 3099
3133 2611 2874
3134 1042 3627
3135 3831 1221
3136 3151 2344
3137 3490 3885
3138 1197 4361
3139 1021 805
3140 4479 940
3141 1974 159
3142 3678 1745
3143 389 3391
3144 3686 1902
3145 1383 4527
3146 4082 114
3147 103 2160
3148 4226 694
3149 237 3598
3150 4464 479
3151 1963 50
3152 1840 2789
3153 2669 2594
3154 2209 2968
3155 3801 2983
3156 3807 3205
3157 540 1851
3158 2698 3635
3159 544 790
3160 170 258
3161 3327 3662
3162 1221 1555
3163 3118 2812
3164 723 3030
3165 2365 180
3166 336 665
3167 2618 4120
3168 4175 1518
3169 104 1117
3170 2053 4266
3171 2690 1119
3172 1783 3443
3173 3692 4475
3174 1700 2495
3175 2093 853
3176 2258 3765
3177 3590 3538
3178 4500 1081
3179 1466 3202
3180 1657 3623
3181 3162 1738
3182 1187 2605
3183 1823 62
3184 2409 3902
3185 1278 2477
3186 557 1477
3187 1195 4165
3188 3352 1341
3189 2237 3285
3190 1625 532
3191 2025 2864
3192 4425 1587
3193 4109 3000
3194 4427 1882
3195 843 1846
3196 1351 3753
3197 4525 1992
3198 4111 3134
3199 3855 520
3200 3819 1924
3201 2124 2755
3202 61 3515
3203 1205 202
3204 4543 480
3205 1040 335
3206 3467 1911
3207 2743 392
3208 4555 520
3209 3971 3815
3210 2851 4151
3211 3908 2121
3212 3867 2596
3213 1254 1457
3214 4137 3169
3215 794 431
3216 767 1329
3217 1013 1994
3218 2961 101
3219 2988 1905
3220 542 4084
3221 2824 1641
3222 867 761
3223 1868 1731
3224 3232 3840
3225 125 2556
3226 3422 876
3227 3958 978
3228 2224 1803
3229 1164 741
3230 930 4498
3231 3543 298
3232 1351 469
3233 4378 706
3234 3257 523
3235 611 1078
3236 2979 3781
3237 54 2401
3238 3386 908
3239 3144 4176
3240 908 394
3241 1451 133
3242 2813 3905
3243 1120 230
3244 4466 1632
3245 2520 1960
3246 3368 3829
3247 3067 197
3248 501 880
3249 3478 2659
3250 3458 160
3251 971 3546
3252 824 3875
3253 1374 741
3254 2318 2849
3255 2366 3880
3256 2859 4407
3257 2364 716
3258 1624 2725
3259 607 4424
3260 4434 233
3261 737 1703
3262 1361 158
3263 1741 1525
3264 2555 1285
3265 3630 1514
3266 1546 930
3267 1599 256
3268 4403 237
3269 2711 1913
3270 633 915
3271 2162 1861
3272 1197 519
3273 761 4361
3274 3676 4270
3275 3179 68
3276 414 3522
3277 1416 520
3278 28 3597
3279 2446 4209
3280 1848 429
3281 597 182
3282 4014 3163
3283 863 48
3284 675 4249
3285 1018 3183
3286 3478 2680
3287 2125 2578
3288 4475 3326
3289 1557 3802
3290 4391 4394
3291 3063 3886
3292 3971 157
3293 1312 474
3294 3128 1897
3295 4317 4209
3296 2119 1989
3297 3161 3083
3298 4379 3860
3299 3633 1467
3300 1492 2285
3301 2014 497
3302 4065 2846
3303 4475 903
3304 4207 3835
3305 117 2113
3306 3123 1242
3307 3775 823
3308 3637 3129
3309 3494 3382
3310 31 255
3311 3123 3762
3312 3106 499
3313 4551 3822
3314 3956 561
3315 455 2628
3316 2377 2226
3317 828 466
3318 2365 3362
3319 983 3605
3320 4478 3276
3321 4112 1042
3322 694 202
3323 176 3582
3324 1929 757
3325 1478 4454
3326 3060 535
3327 1464 1842
3328 1956 1423
3329 4313 1382
3330 244 1214
3331 2117 1219
3332 848 687
3333 1355 303
3334 2280 2136
3335 4370 119
3336 1497 2895
3337 1087 1387
3338 442 1205
3339 3118 2579
3340 1229 2534
3341 1087 3237
3342 3111 1269
3343 4191 3704
3344 4513 379
3345 4431 835
3346 4541 3022
3347 4048 2244
3348 1700 2050
3349 3936 475
3350 1061 1488
3351 4 229
3352 4038 4293
3353 54 3334
3354 1886 1561
3355 348 503
3356 3459 2440
3357 2466 3244
3358 3460 3985
3359 2921 3593
3360 2041 2493
3361 1916 310
3362 3882 566
3363 2512 1828
3364 1853 3301
3365 774 4374
3366 4136 405
3367 2652 968
3368 1719 638
3369 1888 1539
3370 3893 1572
3371 4059 653
3372 1245 1179
3373 4326 2458
3374 1443 3714
3375 681 3783
3376 4368 4462
3377 3965 1898
3378 514 2706
3379 4144 246
3380 1636 34
3381 254 2452
3382 3581 872
3383 438 2811
3384 4135 4477
3385 1785 4488
3386 809 3499
3387 175 2737
3388 493 4386
3389 4280 4243
3390 1156 3065
3391 4168 2245
3392 3579 3335
3393 1894 3579
3394 4487 3686
3395 4092 1219
3396 1951 183
3397 500 1826
3398 2812 2250
3399 3475 518
3400 1721 4064
3401 2671 695
3402 1481 4146
3403 3643 1456
3404 3810 2563
3405 2379 3603
3406 47 2022
3407 137 396
3408 3616 2173
3409 3530 2009
3410 2296 4286
3411 1174 2041
3412 1823 420
3413 1367 543
3414 721 565
3415 2643 746
3416 1355 3157
3417 2495 955
3418 3529 2272
3419 311 4113
3420 2055 2424
3421 3572 1631
3422 2324 401
3423 1913 3802
3424 548 2979
3425 2237 1349
3426 937 4410
3427 2452 1707
3428 2976 4475
3429 4444 3448
3430 4001 129
3431 1649 3394
3432 3452 1665
3433 2360 2793
3434 2173 343
3435 3304 2428
3436 3238 838
3437 91 3758
3438 4132 2430
3439 2880 2449
3440 4427 3191
3441 148 1978
3442 758 629
3443 2794 526
3444 675 230
3445 2474 3859
3446 1078 1216
3447 2582 4394
3448 1968 3720
3449 848 1699
3450 433 2777
3451 1226 2141
3452 1494 313
3453 4219 3517
3454 4501 4424
3455 3961 341
3456 858 3435
3457 1127 2621
3458 2163 4504
3459 2153 508
3460 3790 1655
3461 2966 4351
3462 173 56
3463 1329 666
3464 595 4313
3465 1107 2088
3466 4549 3251
3467 88 113
3468 363 2668
3469 368 4066
3470 1104 3949
3471 1296 1052
3472 3167 2229
3473 4065 2093
3474 1032 2403
3475 3440 400
3476 2411 3000
3477 1419 1257
3478 2151 1874
3479 2027 1735
3480 1145 914
3481 606 3173
3482 41 1977
3483 3575 519
3484 3253 3041
3485 2871 4079
3486 122 855
3487 3146 1736
3488 3068 3734
3489 1135 2134
3490 3170 1678
3491 3368 4518
3492 1648 285
3493 2102 875
3494 186 818
3495 3319 3664
3496 4258 2625
3497 3125 2516
3498 2422 2871
3499 718 1112
3500 2532 4330
3501 4184 3736
3502 45 2947
3503 2411 533
3504 2715 3677
3505 3852 4576
3506 3151 353
3507 1609 3011
3508 155 1168
3509 2562 2556
3510 1960 2484
3511 1522 3838
3512 1282 2707
3513 4307 3056
3514 1902 3352
3515 3246 1339
3516 3136 628
3517 242 851
3518 1171 2704
3519 3402 2189
3520 3802 3428
3521 4313 4308
3522 1604 2279
3523 1502 2502
3524 3862 4164
3525 4537 1872
3526 3216 684
3527 1200 2044
3528 2129 1476
3529 3985 1497
3530 3530 3130
3531 2239 2676
3532 2126 1911
3533 3870 3202
3534 2103 3724
3535 1776 2574
3536 3308 2249
3537 3050 3721
3538 3794 1273
3539 1604 27
3540 251 4268
3541 3040 1191
3542 1169 3509
3543 2132 98
3544 2839 3140
3545 558 4504
3546 2211 4575
3547 896 2299
3548 2424 3351
3549 728 3168
3550 3956 4145
3551 729 291
3552 3037 2589
3553 202 3883
3554 3755 851
3555 1306 646
3556 4525 3533
3557 2565 4390
3558 2961 3729
3559 1063 3260
3560 2861 643
3561 1903 512
3562 3103 24
3563 1505 829
3564 1911 847
3565 399 1674
3566 2616 3356
3567 1836 221
3568 3952 2336
3569 805 1043
3570 1577 1905
3571 505 1956
3572 4276 3323
3573 3340 2405
3574 631 2770
3575 4400 4039
3576 2925 1728
3577 2471 4489
3578 3680 4545
3579 1571 3037
3580 2916 521
3581 459 3275
3582 726 577
3583 473 111
3584 1975 2894
3585 3177 700
3586 1982 3035
3587 2765 2164
3588 4244 2190
3589 3452 2834
3590 3887 2933
3591 1068 2258
3592 1884 420
3593 2319 852
3594 2177 4517
3595 850 3399
3596 2013 3223
3597 1965 4167
3598 4150 148
3599 4137 1153
3600 4177 2523
3601 1367 702
3602 3756 1633
3603 4033 467
3604 2709 2577
3605 1306 3503
3606 4173 1437
3607 230 1185
3608 1291 2379
3609 3235 880
3610 3921 934
3611 1349 544
3612 3060 2414
3613 4541 2055
3614 2944 3077
3615 1800 947
3616 594 542
3617 4194 1822
3618 1866 2666
3619 761 4084
3620 3815 3410
3621 202 2703
3622 4273 3080
3623 2727 497
3624 3980 585
3625 3450 2581
3626 1974 4154
3627 1709 1831
3628 2035 3897
3629 3546 21
3630 4500 1043
3631 4421 3702
3632 2282 4036
3633 3176 343
3634 4367 3899
3635 106 1487
3636 3830 3631
3637 591 1275
3638 3487 3328
3639 3907 1897
3640 1041 2486
3641 1512 1932
3642 1067 2510
3643 2114 3616
3644 1492 2922
3645 3817 204
3646 4274 3880
3647 1605 873
3648 98 4245
3649 17 53
3650 1053 1512
3651 568 3620
3652 3138 3245
3653 3949 3689
3654 2587 314
3655 3493 2789
3656 1 2141
3657 2283 3119
3658 3532 1446
3659 1127 2536
3660 2101 1083
3661 3469 249
3662 2358 4346
3663 363 4265
3664 4500 173
3665 1318 4124
3666 91 2801
3667 2898 1264
3668 2699 859
3669 3617 1480
3670 2401 4326
3671 3462 3314
3672 1220 2791
3673 1068 3389
3674 473 949
3675 1688 3958
3676 1948 3162
3677 4099 3186
3678 316 321
3679 4340 4477
3680 461 2460
3681 2379 1749
3682 4417 2569
3683 1649 3798
3684 1594 3555
3685 3119 2841
3686 3813 4000
3687 297 727
3688 2469 284
3689 906 3947
3690 2078 2257
3691 1246 2246
3692 400 3381
3693 1999 1934
3694 1517 3259
3695 2860 2589
3696 3133 613
3697 2687 4403
3698 3991 2490
3699 328 1146
3700 1601 1151
3701 1006 1614
3702 1059 2252
3703 2603 2764
3704 4222 1396
3705 3731 4347
3706 271 1148
3707 3373 497
3708 1649 1604
3709 812 3245
3710 3055 1543
3711 198 669
3712 2181 3190
3713 4170 2879
3714 1861 1610
3715 824 1125
3716 1205 1101
3717 4267 3722
3718 424 2537
3719 459 4409
3720 4362 3763
3721 887 1068
3722 64 3811
3723 2984 2793
3724 3759 3005
3725 2042 2348
3726 3831 4540
3727 3590 4230
3728 3707 69
3729 3078 52
3730 4296 934
3731 2697 1962
3732 883 4171
3733 470 2857
3734 834 3564
3735 4518 3383
3736 1349 2208
3737 231 1966
3738 2653 3942
3739 1120 1509
3740 458 75
3741 3638 558
3742 4218 1715
3743 334 3907
3744 1361 179
3745 4092 3470
3746 1422 3754
3747 722 3914
3748 4517 3030
3749 1106 3380
3750 2691 709
3751 1619 1557
3752 3047 3901
3753 4315 542
3754 2586 3521
3755 32 1618
3756 498 1521
3757 4572 699
3758 3934 2100
3759 4291 3648
3760 649 3639
3761 223 3161
3762 328 1577
3763 1796 479
3764 3537 233
3765 371 1290
3766 453 2212
3767 3755 376
3768 4156 4036
3769 850 3795
3770 464 487
3771 2101 4506
3772 175 916
3773 3423 1816
3774 2049 819
3775 4100 2394
3776 3785 1431
3777 3489 1946
3778 2870 193
3779 2742 4091
3780 522 106
3781 190 799
3782 3086 4529
3783 1230 854
3784 661 1702
3785 3596 4370
3786 1521 2482
3787 1758 4424
3788 609 4176
3789 1920 1296
3790 3682 3403
3791 1931 1819
3792 2648 41
3793 4366 3444
3794 2509 4512
3795 3344 1397
3796 751 287
3797 4551 216
3798 581 3239
3799 2795 2166
3800 2528 1626
3801 1607 1705
3802 475 780
3803 269 1900
3804 1373 664
3805 2107 1907
3806 2016 770
3807 3624 718
3808 4142 4562
3809 1059 2915
3810 503 3083
3811 1768 102
3812 1630 185
3813 2269 2188
3814 2013 4331
3815 95 3761
3816 566 106
3817 1529 2746
3818 1964 2686
3819 2563 4071
3820 2281 1958
3821 1055 3346
3822 2285 238
3823 2116 3072
3824 3422 4242
3825 2664 2416
3826 294 1898
3827 4424 2901
3828 3262 3808
3829 2213 4167
3830 1360 593
3831 765 85
3832 4147 2240
3833 3622 81
3834 110 4428
3835 2794 3904
3836 4434 3080
3837 2856 2944
3838 3072 2964
3839 2130 1531
3840 3634 4545
3841 4144 1638
3842 3252 4325
3843 2364 2194
3844 3871 3192
3845 2990 1949
3846 1813 2257
3847 1662 2057
3848 3484 825
3849 2843 3668
3850 371 2065
3851 3362 2391
3852 2473 2239
3853 2759 3413
3854 2309 2192
3855 3232 4510
3856 45 379
3857 1488 365
3858 939 4403
3859 177 3693
3860 2965 2716
3861 1069 1999
3862 2748 3899
3863 4017 1849
3864 3479 2041
3865 2207 4533
3866 1561 4523
3867 4338 805
3868 1480 119
3869 2324 521
3870 108 157
3871 907 970
3872 2947 2867
3873 867 598
3874 126 3749
3875 123 4231
3876 2752 3242
3877 2393 2420
3878 2889 3091
3879 2155 1074
3880 4326 2220
3881 2592 1203
3882 2547 488
3883 1011 4569
3884 3953 4460
3885 4134 4577
3886 3673 345
3887 4181 3758
3888 3140 2710
3889 1734 2680
3890 3061 3479
3891 3549 3375
3892 2144 1776
3893 191 2825
3894 308 3232
3895 3936 4079
3896 3628 2294
3897 3771 4291
3898 2253 4545
3899 1497 2815
3900 2763 3286
3901 1222 624
3902 1236 2198
3903 14 978
3904 2577 3660
3905 3148 1759
3906 55 1709
3907 315 3430
3908 3461 259
3909 3871 1877
3910 2293 3683
3911 1151 1044
3912 3104 2130
3913 218 4056
3914 366 1174
3915 1714 112
3916 3681 836
3917 2799 2695
3918 2237 4285
3919 4058 3206
3920 4492 1369
3921 4486 487
3922 3338 4507
3923 3687 4523
3924 1148 651
3925 2712 1496
3926 3156 4344
3927 2292 41
3928 4344 3742
3929 3625 386
3930 4376 2166
3931 3377 1639
3932 2857 663
3933 74 3429
3934 2764 1842
3935 740 2271
3936 1790 4541
3937 3692 2317
3938 3333 2617
3939 1698 2814
3940 799 1391
3941 3591 1946
3942 430 4239
3943 2616 3427
3944 3891 4204
3945 4516 1714
3946 3506 827
3947 3744 1948
3948 3718 1383
3949 3599 1554
3950 2501 4384
3951 2472 1896
3952 3107 1455
3953 2897 4464
3954 1804 1062
3955 4375 739
3956 2259 941
3957 3123 1128
3958 1569 4347
3959 3503 3970
3960 2737 4484
3961 3597 1074
3962 776 867
3963 1996 1492
3964 400 3756
3965 2757 1886
3966 2937 4357
3967 1727 2213
3968 3916 480
3969 1386 3529
3970 3028 1535
3971 1092 3471
3972 1369 3399
3973 365 2321
3974 346 1610
3975 841 3168
3976 2826 3448
3977 1895 2172
3978 4551 1959
3979 3436 1001
3980 315 3606
3981 988 1590
3982 2450 1779
3983 3097 803
3984 3095 845
3985 1922 451
3986 3591 980
3987 49 2013
3988 1247 2310
3989 4556 1153
3990 2206 1250
3991 180 1387
3992 4554 3851
3993 2164 3516
3994 2805 2899
3995 2589 3946
3996 2999 1356
3997 2758 45
3998 2642 2499
3999 393 813
4000 1518 2835
4001 2674 4006
4002 4010 2877
4003 1831 4553
4004 3135 3562
4005 937 3921
4006 1031 580
4007 2623 3142
4008 3273 348
4009 4312 4081
4010 3307 4439
4011 2934 1040
4012 1528 3071
4013 4392 2011
4014 587 581
4015 256 4255
4016 2755 765
4017 3873 3702
4018 4149 3834
4019 2238 532
4020 1103 1070
4021 796 816
4022 3087 1324
4023 612 2654
4024 1615 648
4025 2569 2227
4026 3305 1874
4027 1044 4057
4028 130 4260
4029 2537 725
4030 3995 2245
4031 4541 1430
4032 2504 1290
4033 448 2880
4034 57 2414
4035 29 1153
4036 4249 2512
4037 2704 1858
4038 952 2581
4039 127 2165
4040 2788 487
4041 3468 2402
4042 1520 2326
4043 3154 732
4044 4317 448
4045 1562 3254
4046 4056 1926
4047 2909 3361
4048 3032 3673
4049 4547 59
4050 160 3010
4051 2213 288
4052 1468 2174
4053 261 4128
4054 1712 1869
4055 4114 329
4056 3540 3365
4057 124 2111
4058 4470 1461
4059 2597 2689
4060 3981 1258
4061 162 2686
4062 4012 1638
4063 2427 4072
4064 855 2619
4065 2569 179
4066 619 4558
4067 4309 2997
4068 1967 2817
4069 2541 1633
4070 514 3238
4071 154 2406
4072 3320 2225
4073 2866 365
4074 4285 776
4075 1661 681
4076 875 1173
4077 3339 4525
4078 3618 767
4079 92 2448
4080 2224 1636
4081 966 197
4082 107 1954
4083 1634 173
4084 44 1225
4085 2025 1173
4086 682 705
4087 3818 194
4088 3566 1649
4089 4401 2264
4090 3723 3723
4091 3137 4059
4092 3321 3856
4093 4089 3460
4094 230 3822
4095 1856 1523
4096 3061 1088
4097 1219 324
4098 3347 502
4099 2332 1308
4100 4310 530
4101 3840 3644
4102 1347 3982
4103 863 3388
4104 2423 3403
4105 3367 677
4106 4186 3009
4107 786 3427
4108 3317 3456
4109 3469 975
4110 4292 2111
4111 766 3200
4112 1277 2399
4113 3376 4404
4114 670 758
4115 1642 4180
4116 2469 2467
4117 3224 3707
4118 1367 4293
4119 2912 1513
4120 1444 3280
4121 1552 3719
4122 3257 2460
4123 2611 1286
4124 2593 4009
4125 1103 3932
4126 3404 4385
4127 242 3660
4128 4520 308
4129 388 1926
4130 78 3817
4131 1304 2979
4132 3953 2798
4133 3477 3526
4134 4565 1145
4135 3059 2698
4136 2756 1672
4137 2477 3402
4138 1031 442
4139 1965 4287
4140 3835 1451
4141 1510 1677
4142 2126 2326
4143 4542 3949
4144 1654 1192
4145 4220 4329
4146 1174 1448
4147 3895 624
4148 1866 3629
4149 4344 3939
4150 3205 584
4151 524 196
4152 4150 3194
4153 3982 1698
4154 494 1152
4155 3611 1750
4156 3597 189
4157 1075 925
4158 1910 1892
4159 811 3266
4160 1148 2287
4161 1420 953
4162 2910 1115
4163 3335 1355
4164 3629 1093
4165 3429 260
4166 1932 32
4167 320 4443
4168 1872 4032
4169 1766 2796
4170 1853 4038
4171 1534 2636
4172 3969 1821
4173 1077 2488
4174 2848 424
4175 644 1799
4176 428 1889
4177 3 258
4178 3586 4118
4179 4247 2657
4180 2456 3666
4181 3231 3756
4182 2280 618
4183 4423 3253
4184 1569 720
4185 1006 1816
4186 2208 1343
4187 3962 3152
4188 1618 2673
4189 4529 3067
4190 1924 4254
4191 271 1057
4192 2079 1478
4193 3013 4469
4194 2266 4552
4195 1892 4041
4196 2008 2563
4197 1986 1471
4198 4426 846
4199 4028 920
4200 1720 3555
4201 3321 1380
4202 1879 2049
4203 3054 2950
4204 1908 842
4205 1727 2617
4206 2506 2642
4207 1716 371
4208 4349 429
4209 2195 2869
4210 1942 1635
4211 4357 12
4212 3357 3470
4213 3536 3110
4214 2606 2923
4215 3868 2723
4216 2091 2409
4217 3612 1750
4218 1242 2642
4219 2383 547
4220 3035 1480
4221 2310 3311
4222 983 2291
4223 3968 4266
4224 67 595
4225 1933 4571
4226 1082 2157
4227 2955 2964
4228 408 3261
4229 1126 148
4230 3813 439
4231 2474 1523
4232 565 3370
4233 259 3985
4234 2145 859
4235 1444 3898
4236 3771 4470
4237 2494 1791
4238 1541 3410
4239 2979 640
4240 623 3848
4241 1306 2581
4242 2790 2543
4243 3950 551
4244 3503 2705
4245 3811 725
4246 977 3384
4247 1339 1743
4248 182 553
4249 2533 77
4250 4368 2720
4251 1986 87
4252 2424 2306
4253 229 1831
4254 4554 3916
4255 1908 3031
4256 3539 3252
4257 2167 3742
4258 358 2213
4259 1409 441
4260 2080 1174
4261 1597 3914
4262 496 4303
4263 1043 3839
4264 354 1127
4265 3118 3971
4266 3876 1753
4267 264 86
4268 2458 3694
4269 2936 3799
4270 4452 3678
4271 4044 2355
4272 581 4215
4273 4227 911
4274 874 1834
4275 2228 3168
4276 1306 3679
4277 3128 1842
4278 700 528
4279 1253 803
4280 2817 996
4281 4175 2930
4282 559 477
4283 783 700
4284 2293 2915
4285 2162 741
4286 1721 3819
4287 4018 714
4288 4539 2297
4289 4351 3238
4290 1615 1200
4291 2525 3554
4292 4468 806
4293 3625 1885
4294 2103 130
4295 3889 2104
4296 2516 3120
4297 436 175
4298 3526 1954
4299 430 760
4300 217 597
4301 2088 623
4302 63 3874
4303 3295 1910
4304 1296 113
4305 2883 2018
4306 1327 2057
4307 2081 1986
4308 2400 61
4309 40 3768
4310 3147 107
4311 800 3041
4312 1297 3775
4313 3852 3596
4314 4330 2038
4315 1178 3958
4316 1798 552
4317 181 4089
4318 3240 754
4319 2426 1902
4320 3044 1340
4321 3314 963
4322 1980 1406
4323 479 881
4324 2373 1561
4325 2672 4142
4326 3750 449
4327 1950 3067
4328 1253 3129
4329 2752 1111
4330 1613 3454
4331 4087 4399
4332 2981 3779
4333 215 3797
4334 619 4236
4335 344 2927
4336 359 514
4337 4165 2838
4338 308 2075
4339 2713 4350
4340 3783 3318
4341 2070 2583
4342 2467 4521
4343 526 496
4344 1181 3117
4345 3392 464
4346 781 2430
4347 2600 338
4348 4156 2140
4349 4158 245
4350 2068 3152
4351 4229 88
4352 256 3099
4353 399 2046
4354 2973 728
4355 1251 3377
4356 274 1948
4357 2129 1924
4358 2490 4235
4359 3253 2378
4360 2575 3572
4361 3183 1037
4362 4461 3477
4363 2990 1928
4364 3836 2293
4365 4095 2140
4366 231 4486
4367 2736 2509
4368 3293 130
4369 2452 3659
4370 2949 1272
4371 3846 511
4372 1222 2539
4373 3190 176
4374 3903 1911
4375 1495 177
4376 3637 2930
4377 1977 4432
4378 4428 3197
4379 2164 571
4380 3234 343
4381 878 3127
4382 2964 1314
4383 3678 4438
4384 733 2025
4385 3466 518
4386 1014 2160
4387 3598 326
4388 3547 2078
4389 3453 731
4390 142 1116
4391 3314 791
4392 685 2811
4393 3815 3888
4394 2716 3308
4395 4571 1693
4396 265 157
4397 962 1897
4398 1275 991
4399 1630 3568
4400 2405 4062
4401 1475 709
4402 3995 3093
4403 2562 3101
4404 2289 738
4405 3889 3201
4406 3019 4543
4407 3541 3990
4408 1193 1315
4409 1437 150
4410 372 75
4411 3170 4293
4412 832 2793
4413 3376 398
4414 1008 3670
4415 2581 3158
4416 1099 126
4417 827 799
4418 3620 2184
4419 4338 1977
4420 3640 1167
4421 166 255
4422 2210 2393
4423 2418 3826
4424 883 1849
4425 930 3213
4426 3412 170
4427 586 2364
4428 2965 4037
4429 2176 4210
4430 1735 2631
4431 3862 3917
4432 52 1025
4433 899 3437
4434 833 1632
4435 3164 1664
4436 2044 745
4437 593 3680
4438 479 3016
4439 4566 4497
4440 2761 3594
4441 1663 3097
4442 3128 2353
4443 279 3209
4444 2103 1447
4445 3724 1394
4446 960 3686
4447 3642 1544
4448 620 1015
4449 4215 2917
4450 1214 4504
4451 2229 2901
4452 4513 2491
4453 2178 709
4454 646 2980
4455 4532 3781
4456 2662 4334
4457 2611 3654
4458 1776 635
4459 2340 4544
4460 965 341
4461 255 4417
4462 823 1195
4463 1300 1887
4464 2280 2115
4465 3746 4198
4466 1239 4207
4467 276 2836
4468 3480 4159
4469 2952 2272
4470 4172 1851
4471 4405 2897
4472 2286 1873
4473 611 1793
4474 2376 1893
4475 4534 2242
4476 4265 63
4477 2635 3647
4478 357 1341
4479 1634 2246
4480 1210 3534
4481 2648 717
4482 1312 310
4483 2543 3478
4484 2195 1395
4485 556 3199
4486 955 439
4487 72 4054
4488 1453 2819
4489 559 1925
4490 3424 1927
4491 2296 1614
4492 386 311
4493 1273 1537
4494 1104 274
4495 73 3034
4496 871 4500
4497 523 1864
4498 2601 1041
4499 2074 2866
4500 2364 1484
4501 3521 2282
4502 2436 805
4503 250 3035
4504 3391 1475
4505 1338 3975
4506 3472 4113
4507 727 2256
4508 1896 2923
4509 632 2046
4510 793 4548
4511 1715 1402
4512 2136 721
4513 2572 4094
4514 334 3176
4515 162 2152
4516 1353 446
4517 3792 2651
4518 376 4133
4519 2874 2940
4520 2036 951
4521 1440 4086
4522 420 43
4523 2598 3336
4524 3287 4097
4525 912 66
4526 1789 2232
4527 1916 2526
4528 3996 249
4529 1994 3948
4530 4244 159
4531 1767 3809
4532 980 2773
4533 2789 2952
4534 2454 2987
4535 389 113
4536 3892 501
4537 1090 2034
4538 1385 4041
4539 4482 2887
4540 2084 47
4541 1591 3282
4542 1223 253
4543 3239 247
4544 730 579
4545 2167 2312
4546 4381 421
4547 1068 1428
4548 2596 984
4549 2955 4045
4550 541 1047
4551 2647 4543
4552 4423 4314
4553 2244 2267
4554 3669 2782
4555 3454 3800
4556 1341 3914
4557 3499 1149
4558 154 793
4559 3797 2047
4560 1312 977
4561 791 161
4562 2138 943
4563 4366 497
4564 4256 3816
4565 3179 3716
4566 1015 1116
4567 3431 1849
4568 4249 2858
4569 469 2998
4570 54 2511
4571 2715 1836
4572 3983 2417
4573 2872 2951
4574 408 3406
4575 2914 4077
4576 841 725
4577 4003 4559
4578 1420 3494
4579 3308 3621
4580 722 289
