4300 4300
1 4187 924
2 1470 3486
3 3009 1802
4 2780 3515
5 2107 3862
6 3200 1357
7 1425 1494
8 1105 1728
9 2325 4211
10 4039 905
11 548 1147
12 670 439
13 1084 402
14 2862 1798
15 1683 3630
16 1577 2427
17 3330 144
18 3943 498
19 3909 3748
20 1144 3493
21 2070 652
22 3619 610
23 1652 3701
24 1677 3098
25 3190 915
26 2851 119
27 1912 2595
28 2312 2599
29 1297 3613
30 1486 4001
31 1558 1258
32 296 2733
33 3094 734
34 2401 4087
35 446 110
36 2443 2325
37 3251 730
38 2689 4162
39 1878 2813
40 201 2489
41 1003 981
42 1104 453
43 3809 2617
44 3245 2256
45 817 452
46 1737 4259
47 2761 3844
48 1231 146
49 2339 4074
50 2371 3193
51 3893 1296
52 247 3914
53 3323 2228
54 1903 3268
55 936 1487
56 1357 579
57 3549 3626
58 1779 4268
59 824 451
60 3279 3427
61 1123 8
62 3971 2728
63 3223 863
64 1587 2207
65 132 249
66 3251 1292
67 3414 705
68 13 1121
69 2238 427
70 1515 1649
71 1349 1378
72 1245 1537
73 1180 4177
74 2914 588
75 2500 861
76 2247 717
77 1236 4215
78 4044 164
79 1461 816
80 2886 1112
81 2718 1694
82 2164 3495
83 2096 4233
84 846 3790
85 2383 2882
86 3215 4065
87 734 34
88 441 119
89 2691 1638
90 1755 381
91 134 2273
92 2826 376
93 3648 3120
94 3544 4294
95 719 529
96 3565 1741
97 1576 354
98 4038 2020
99 1384 1804
100 2464 3753
101 2055 361
102 4189 4012
103 2626 3199
104 3842 1096
105 4187 2394
106 1276 2911
107 2054 1677
108 1778 2949
109 2458 1112
110 3859 2983
111 964 1764
112 8 1193
113 3963 448
114 262 3617
115 2113 1771
116 905 2262
117 2425 1245
118 3059 2553
119 4022 2278
120 1390 2498
121 943 1972
122 3219 917
123 1603 3221
124 1381 163
125 3242 1961
126 2473 2931
127 2153 2173
128 1520 58
129 2811 80
130 2926 2142
131 1844 812
132 3052 3021
133 1170 389
134 4176 1793
135 1309 1170
136 846 503
137 1343 2244
138 2155 1237
139 1154 415
140 1858 732
141 3781 1246
142 375 2242
143 2001 2266
144 1415 1374
145 3123 1626
146 3019 3321
147 792 1138
148 1872 1953
149 4177 2697
150 3091 1769
151 1097 2335
152 951 3380
153 1081 2231
154 2688 917
155 2470 4165
156 3453 3358
157 3099 891
158 2211 3919
159 2513 521
160 595 402
161 1511 311
162 4229 4281
163 198 250
164 2815 103
165 939 3850
166 54 3555
167 1819 266
168 3728 1981
169 3619 1960
170 1657 4134
171 336 206
172 653 1194
173 1023 1601
174 2198 144
175 3452 2574
176 2206 3454
177 2360 370
178 1445 2153
179 694 146
180 1712 2003
181 4288 4238
182 448 2895
183 3533 1510
184 3216 3546
185 4029 1871
186 2232 1571
187 1827 267
188 868 2148
189 258 3455
190 1321 1491
191 1307 3423
192 1414 1497
193 2698 3783
194 2849 1638
195 3935 3453
196 943 1737
197 1463 368
198 2489 4139
199 2423 347
200 2673 566
201 2928 1184
202 1448 82
203 3180 103
204 4117 1012
205 1048 3681
206 958 3413
207 2786 2562
208 2598 2485
209 356 3307
210 1895 1508
211 2966 92
212 3504 3405
213 2449 1017
214 2121 3037
215 3260 886
216 3302 290
217 700 2796
218 3705 589
219 618 2034
220 804 1401
221 3844 2148
222 2291 926
223 2124 711
224 3785 656
225 343 1745
226 2065 3803
227 4158 2710
228 2775 2134
229 4097 1883
230 424 1874
231 3241 3126
232 4254 2782
233 8 4082
234 304 318
235 1622 3236
236 3449 4048
237 2338 171
238 963 4021
239 513 2484
240 1989 2935
241 907 1277
242 1309 1966
243 2604 419
244 1948 997
245 1240 265
246 2579 711
247 3254 731
248 999 1362
249 1652 1795
250 1175 1831
251 1200 2554
252 3688 1906
253 663 2146
254 3685 3424
255 171 3495
256 2401 902
257 503 2864
258 2710 1311
259 4055 4023
260 1567 2694
261 1377 1284
262 2892 1837
263 910 3125
264 3556 402
265 2342 2733
266 3151 2956
267 279 655
268 1337 13
269 1527 3842
270 1403 2761
271 35 3847
272 2229 1488
273 1059 2541
274 2779 2256
275 4020 2423
276 1756 1705
277 3021 4098
278 3476 1619
279 2409 2129
280 1657 4058
281 28 3439
282 1828 1967
283 1848 472
284 3797 2597
285 2509 3510
286 1024 2997
287 1704 1609
288 333 1179
289 1448 3724
290 498 2118
291 3331 1314
292 4292 1334
293 3856 2945
294 4171 2355
295 3112 3690
296 1218 2177
297 2066 266
298 1203 998
299 2950 827
300 1882 4036
301 3030 3078
302 656 3468
303 1864 2007
304 3753 4245
305 1346 605
306 578 289
307 3843 2285
308 3561 368
309 1773 1513
310 318 1015
311 1035 3717
312 1803 3224
313 453 1848
314 2402 3227
315 1654 2811
316 3189 3228
317 3753 2218
318 2507 845
319 895 232
320 1909 211
321 636 1725
322 563 3728
323 872 2218
324 4204 2717
325 804 2424
326 991 4205
327 553 381
328 1960 915
329 3996 28
330 1019 3828
331 1351 3401
332 4067 4194
333 3479 1015
334 581 1002
335 3466 3369
336 1441 3589
337 3711 3731
338 2097 2797
339 1587 1895
340 1842 1243
341 2522 3224
342 1728 3566
343 695 646
344 1450 2090
345 4072 1594
346 448 2281
347 526 211
348 3110 3770
349 619 4264
350 4250 3881
351 737 2096
352 4270 3911
353 2270 2052
354 2920 1794
355 684 656
356 2345 1495
357 2775 3061
358 3199 3045
359 916 2472
360 2719 2105
361 1901 3515
362 779 3408
363 318 1276
364 2796 648
365 1358 4274
366 2818 3499
367 3723 3288
368 1662 724
369 86 1127
370 1608 2356
371 4114 103
372 4199 2872
373 882 3565
374 3210 2892
375 3329 748
376 4092 2471
377 3210 3766
378 1302 1360
379 225 3996
380 1320 1308
381 2452 2960
382 2589 3072
383 1333 1113
384 3738 2402
385 3807 472
386 1434 3455
387 1654 998
388 2203 3964
389 672 410
390 4260 689
391 838 1225
392 2282 1817
393 4300 139
394 75 3192
395 1800 1067
396 1353 745
397 3532 422
398 3295 3152
399 3366 604
400 2999 4199
401 420 2683
402 3836 3031
403 1304 1468
404 4076 2545
405 3513 1983
406 1085 993
407 1902 211
408 1143 3295
409 1678 34
410 885 1433
411 657 1542
412 693 1745
413 1771 1032
414 2241 2663
415 1375 16
416 2791 560
417 1885 3801
418 419 63
419 3487 1466
420 3184 2108
421 748 481
422 84 3028
423 437 4283
424 253 1241
425 3925 2664
426 352 479
427 3664 1609
428 575 1978
429 1516 379
430 389 532
431 1275 905
432 3816 1281
433 1539 1909
434 4088 2733
435 1051 2171
436 474 2069
437 93 1411
438 491 1722
439 1021 3604
440 398 3711
441 2033 1720
442 232 430
443 2548 2542
444 3291 3201
445 3620 3658
446 1172 2220
447 3635 2352
448 2053 2445
449 1526 839
450 709 391
451 3437 2727
452 178 592
453 873 461
454 2969 607
455 2283 238
456 1352 2381
457 697 503
458 3273 1985
459 1926 3583
460 3745 425
461 3210 313
462 855 1327
463 2483 364
464 2697 4222
465 3161 1132
466 1752 2858
467 205 839
468 3440 1401
469 4252 1295
470 2050 2182
471 3882 742
472 3502 1014
473 2153 2128
474 1195 3622
475 4174 899
476 1757 312
477 1555 3333
478 2468 57
479 1470 2849
480 1330 34
481 3669 3739
482 3951 2757
483 174 4037
484 156 4299
485 333 2058
486 1262 352
487 2196 2667
488 883 3159
489 2914 2119
490 3314 3379
491 3055 1523
492 431 2180
493 131 913
494 4105 1214
495 2604 1304
496 3343 290
497 482 4092
498 1772 1318
499 2957 3884
500 1302 716
501 333 2937
502 3934 3557
503 561 3161
504 1049 2952
505 2964 3380
506 1546 1969
507 325 3041
508 819 2466
509 3885 933
510 1429 3305
511 2987 3423
512 1248 1686
513 1471 1300
514 2377 3035
515 2221 133
516 674 694
517 3967 3497
518 292 3041
519 74 3864
520 3567 1281
521 3530 3892
522 1103 1739
523 3065 2044
524 3553 1690
525 3442 1014
526 732 3211
527 4004 4197
528 1669 701
529 780 3482
530 868 3810
531 223 1334
532 844 4269
533 332 449
534 3497 284
535 187 1713
536 21 4153
537 1309 2046
538 2102 3411
539 2179 1241
540 685 3264
541 2533 3487
542 3805 1080
543 3174 4139
544 4282 2641
545 766 338
546 304 3845
547 2315 2134
548 2773 3259
549 2460 1149
550 3973 2701
551 3007 3471
552 3075 2234
553 2244 1982
554 753 2371
555 4126 2346
556 2679 3416
557 1395 3532
558 974 328
559 3931 1731
560 1375 3992
561 289 2445
562 2949 2312
563 4200 2269
564 31 2603
565 1494 2097
566 545 514
567 1434 2599
568 1245 2134
569 3448 249
570 633 3209
571 3491 3558
572 1784 3493
573 3139 5
574 2230 1111
575 3171 1576
576 4088 3695
577 48 921
578 2863 21
579 3642 3144
580 4007 3760
581 2282 206
582 435 109
583 662 4016
584 1460 2090
585 609 774
586 223 2355
587 3886 2077
588 1094 2400
589 854 4039
590 3429 2552
591 447 2978
592 2677 4178
593 3620 1237
594 2506 1487
595 3730 1018
596 3574 1007
597 2914 363
598 2665 1947
599 3200 3638
600 434 2790
601 2522 4194
602 3293 3370
603 3574 2264
604 2691 457
605 2963 781
606 823 3781
607 3303 2766
608 1510 89
609 3520 3934
610 3102 2189
611 1608 1383
612 2750 1744
613 2719 2972
614 1157 2191
615 3391 1873
616 992 3073
617 992 2359
618 957 1657
619 211 1106
620 3933 4140
621 1935 2188
622 1136 2892
623 438 1663
624 676 4095
625 2705 1370
626 4043 280
627 779 1324
628 1873 2923
629 204 846
630 3729 3539
631 4161 2430
632 2714 2601
633 1526 3699
634 886 786
635 2114 1119
636 1166 2509
637 2310 3426
638 3485 654
639 408 1622
640 1473 2850
641 1670 844
642 1853 2516
643 2068 2856
644 3526 1279
645 1643 1739
646 1236 1125
647 3530 3872
648 2093 1852
649 644 4153
650 1951 2695
651 387 1748
652 4249 1011
653 1271 2746
654 1888 2734
655 931 4189
656 4187 2060
657 2157 3100
658 421 1720
659 4059 2851
660 2308 2374
661 24 326
662 1094 322
663 543 2727
664 535 3163
665 3236 1706
666 2826 729
667 2725 3664
668 1121 4283
669 2739 437
670 2030 1310
671 2377 874
672 2748 1286
673 4039 99
674 3433 1990
675 2059 3114
676 2037 1914
677 3672 4148
678 1918 1170
679 1200 3720
680 66 3318
681 900 685
682 1982 1136
683 3913 167
684 208 1177
685 3277 2101
686 2427 1020
687 210 1613
688 1342 2540
689 4138 972
690 3110 2088
691 2632 744
692 176 132
693 654 1735
694 2126 449
695 3924 498
696 3324 957
697 4276 2566
698 955 3796
699 3462 4021
700 3581 2269
701 1290 2921
702 3028 4281
703 2783 1404
704 1063 1089
705 1114 1767
706 1705 783
707 467 597
708 141 2380
709 1344 1454
710 2601 4139
711 600 1277
712 3931 2507
713 45 3901
714 2713 1028
715 873 4015
716 3696 3983
717 1321 721
718 1947 173
719 639 1373
720 1993 587
721 4066 2209
722 3936 2779
723 2544 2229
724 2260 4157
725 155 222
726 919 1023
727 1931 2162
728 4126 2913
729 4159 619
730 3056 2358
731 969 4100
732 3857 2967
733 2787 706
734 3630 316
735 2548 3275
736 2159 3872
737 2435 801
738 3653 1516
739 3966 1089
740 3177 2225
741 3577 1298
742 3496 1390
743 1850 4188
744 393 1643
745 3713 1363
746 252 2340
747 999 857
748 1016 988
749 416 2559
750 456 2398
751 3767 3127
752 2873 669
753 3069 1355
754 4139 3338
755 4126 820
756 1188 690
757 1106 1386
758 1577 1596
759 208 2651
760 2135 1213
761 2175 1254
762 4233 1907
763 1903 2325
764 1341 3899
765 2639 4
766 768 2478
767 1178 1436
768 726 1390
769 122 532
770 3141 1692
771 175 363
772 2769 2849
773 1278 1902
774 736 2301
775 1586 1043
776 1138 63
777 555 3387
778 2196 3187
779 1344 1608
780 4052 1172
781 896 2149
782 4112 1518
783 3357 378
784 4196 1102
785 4125 1335
786 4141 3527
787 522 481
788 3744 2586
789 1568 2007
790 418 4169
791 3584 4085
792 33 3385
793 1102 3706
794 3671 151
795 1275 3270
796 4246 299
797 1368 3543
798 195 1516
799 3300 250
800 2506 3855
801 1048 1844
802 1818 3931
803 1699 2570
804 553 2168
805 696 3940
806 463 899
807 1561 2156
808 3104 1622
809 1539 199
810 4055 3537
811 3039 1836
812 2373 2027
813 211 1814
814 2693 772
815 1993 1382
816 2696 2055
817 1836 4256
818 884 1260
819 3929 654
820 2557 3053
821 4119 717
822 4216 2360
823 2134 4065
824 2948 4275
825 232 1499
826 3441 951
827 3073 1061
828 3362 2590
829 2985 3600
830 4178 260
831 3083 596
832 2191 4059
833 3704 3173
834 515 4106
835 1492 3482
836 2090 547
837 1337 4003
838 1479 2261
839 2710 2051
840 2411 760
841 3917 1081
842 1123 3138
843 468 3857
844 1930 2302
845 924 387
846 3990 1551
847 1004 2312
848 3925 211
849 2445 3846
850 723 3864
851 4226 1601
852 1742 415
853 889 2301
854 1726 3507
855 686 410
856 2290 3849
857 3375 2469
858 1095 978
859 3941 869
860 4235 1704
861 1043 1270
862 233 3992
863 2484 2541
864 3887 4211
865 2658 1700
866 1916 535
867 892 1319
868 2047 2869
869 1888 2763
870 1327 413
871 4117 4070
872 3997 298
873 3090 1596
874 179 3590
875 100 3836
876 891 3788
877 4188 1822
878 3711 1160
879 2973 1191
880 313 2706
881 2184 3845
882 1634 1688
883 709 2169
884 895 2413
885 2021 1686
886 1352 194
887 584 1988
888 4225 2886
889 2857 3405
890 1969 2460
891 2972 522
892 1956 3765
893 3851 3361
894 3528 4275
895 2644 1030
896 2288 4070
897 702 2828
898 4185 1992
899 3086 1050
900 1684 3566
901 817 2745
902 3704 433
903 787 2143
904 2948 3274
905 609 1388
906 3484 1378
907 3881 2456
908 3576 2565
909 3966 653
910 2084 3657
911 1664 2791
912 678 3557
913 2401 1245
914 1373 2058
915 458 986
916 4132 3070
917 3943 3656
918 451 4055
919 3989 2915
920 3427 2982
921 4121 277
922 3615 3105
923 73 893
924 438 2374
925 1702 738
926 1580 1493
927 3886 429
928 3133 2580
929 2041 2105
930 371 4129
931 1847 1929
932 2638 3819
933 2744 320
934 1256 3316
935 1438 2877
936 1535 2278
937 474 321
938 2248 769
939 1081 2849
940 1186 1461
941 374 834
942 750 2645
943 2925 1432
944 119 1299
945 4225 3491
946 1181 220
947 101 1796
948 818 4194
949 636 2543
950 457 1744
951 3643 1828
952 1763 618
953 2160 1144
954 2770 3070
955 2936 3072
956 1739 4250
957 1867 208
958 1991 3375
959 383 1617
960 3782 97
961 1462 2267
962 2573 1184
963 361 1363
964 3500 3395
965 1242 680
966 349 203
967 3304 1832
968 2846 946
969 2606 1744
970 3033 3143
971 1652 1399
972 3971 1453
973 1312 1201
974 1568 3216
975 520 1291
976 485 2848
977 403 606
978 3113 2905
979 787 1596
980 2632 1441
981 1426 3728
982 1396 2228
983 76 846
984 874 2725
985 2416 2571
986 2321 2730
987 2869 2002
988 137 765
989 1607 1234
990 4144 1704
991 1057 358
992 3007 902
993 4205 3163
994 1171 1711
995 4266 833
996 4274 1842
997 2562 2865
998 1194 3356
999 572 2353
1000 1150 4168
1001 2403 1816
1002 1350 2537
1003 4056 3907
1004 2537 2104
1005 4228 4072
1006 2914 1642
1007 1334 2618
1008 2210 4072
1009 1699 1666
1010 2477 3725
1011 775 865
1012 1606 3588
1013 3559 4210
1014 404 3427
1015 3232 3501
1016 2626 447
1017 2551 2383
1018 637 3277
1019 1633 3072
1020 3624 1904
1021 2260 2027
1022 2740 4208
1023 82 200
1024 837 3718
1025 758 560
1026 3965 3213
1027 3849 3080
1028 884 2192
1029 3540 2431
1030 3188 2285
1031 2779 4298
1032 2202 1050
1033 3051 3885
1034 2128 1366
1035 2679 3052
1036 3432 90
1037 2491 3985
1038 3981 1980
1039 2394 2624
1040 2844 1655
1041 862 3664
1042 3998 3041
1043 1213 1495
1044 2452 3622
1045 3463 3437
1046 1803 3042
1047 4001 3313
1048 62 3384
1049 2672 4117
1050 2236 2419
1051 766 2259
1052 1578 670
1053 1684 3680
1054 2496 2671
1055 449 2840
1056 1975 2153
1057 2294 2310
1058 2372 746
1059 1483 989
1060 302 2362
1061 2864 51
1062 609 1249
1063 3075 1377
1064 1306 1379
1065 985 848
1066 2509 2862
1067 2356 3002
1068 4226 2539
1069 1112 2223
1070 3143 501
1071 1984 2594
1072 1786 66
1073 3319 2775
1074 315 4100
1075 1398 2335
1076 2539 3351
1077 3716 1674
1078 2731 1659
1079 465 551
1080 3646 2681
1081 439 2928
1082 2224 1349
1083 2030 1252
1084 3625 3783
1085 2254 1139
1086 3013 1558
1087 2263 1593
1088 2149 1303
1089 336 3146
1090 3155 2046
1091 354 1599
1092 1717 1082
1093 1671 916
1094 4123 2060
1095 4030 417
1096 514 1227
1097 1022 1983
1098 455 1877
1099 2367 1773
1100 1237 1232
1101 427 2959
1102 2262 2297
1103 2469 1369
1104 3552 2956
1105 186 1923
1106 2084 3998
1107 1441 2011
1108 3910 3768
1109 748 1035
1110 543 1280
1111 3383 2230
1112 2122 969
1113 1297 721
1114 1416 2074
1115 2665 326
1116 776 3211
1117 1827 3063
1118 4110 1847
1119 1546 2455
1120 2800 2341
1121 720 3950
1122 2030 3802
1123 1800 463
1124 236 570
1125 1912 1399
1126 3709 379
1127 3095 463
1128 2098 1782
1129 2264 188
1130 2746 3275
1131 3248 2498
1132 3900 628
1133 2185 3175
1134 2977 972
1135 1095 238
1136 3243 3525
1137 3859 1584
1138 2981 2279
1139 2270 2637
1140 1265 1343
1141 2034 154
1142 2011 4125
1143 163 3722
1144 3287 3328
1145 1869 2882
1146 252 1486
1147 2797 2205
1148 1023 2410
1149 109 96
1150 52 2072
1151 2108 2007
1152 2918 1762
1153 902 492
1154 1461 3517
1155 3076 915
1156 3647 1190
1157 4127 2390
1158 1432 3949
1159 3875 338
1160 2179 1785
1161 2561 442
1162 3040 1909
1163 1016 3192
1164 967 2739
1165 3016 1709
1166 1217 583
1167 2896 2340
1168 1074 2758
1169 2786 1418
1170 2394 3008
1171 3401 173
1172 1984 1370
1173 3406 110
1174 3456 3592
1175 970 775
1176 2852 86
1177 1667 1085
1178 3849 3225
1179 1300 198
1180 1310 1949
1181 294 1935
1182 3557 3213
1183 568 2979
1184 3945 1774
1185 1823 3887
1186 4133 3811
1187 1219 3845
1188 91 1892
1189 632 263
1190 3435 4130
1191 1153 1754
1192 360 4055
1193 1017 1574
1194 2783 3678
1195 3770 3723
1196 3507 1793
1197 3038 2512
1198 1289 2737
1199 820 1996
1200 3413 822
1201 764 3534
1202 1564 1428
1203 3094 2065
1204 4032 320
1205 1073 2204
1206 1416 271
1207 179 3294
1208 1645 28
1209 4283 717
1210 1378 2552
1211 2601 3996
1212 3698 1579
1213 3721 854
1214 2959 2168
1215 3403 321
1216 573 3769
1217 2570 1304
1218 3908 557
1219 2083 2356
1220 1655 374
1221 568 3473
1222 3181 1698
1223 164 271
1224 1361 364
1225 2446 999
1226 970 2399
1227 4262 1072
1228 271 1435
1229 1551 2789
1230 2385 222
1231 3161 3380
1232 840 1369
1233 772 2255
1234 1950 4271
1235 2498 4275
1236 256 1854
1237 1098 4250
1238 813 461
1239 4250 1094
1240 714 3712
1241 3894 1014
1242 3291 3106
1243 2309 1571
1244 830 1272
1245 3946 2251
1246 4009 4219
1247 1299 1660
1248 3876 2392
1249 1415 2225
1250 805 673
1251 1074 3269
1252 779 3151
1253 1586 828
1254 1921 3582
1255 1031 2497
1256 3155 3169
1257 3286 809
1258 677 1302
1259 957 3705
1260 695 2859
1261 301 2190
1262 2881 579
1263 3905 2446
1264 4024 3531
1265 3342 3393
1266 1088 4113
1267 2540 2982
1268 1520 2442
1269 3393 1178
1270 4119 2082
1271 4295 1411
1272 2520 1688
1273 4090 4101
1274 392 147
1275 2778 983
1276 3366 781
1277 1714 34
1278 375 929
1279 3998 2981
1280 3212 666
1281 1746 4052
1282 1585 33
1283 3012 1318
1284 1987 3023
1285 522 785
1286 3348 1957
1287 2019 3993
1288 3493 4240
1289 4052 1088
1290 900 3841
1291 3805 1040
1292 1095 2744
1293 2890 3853
1294 337 1930
1295 1115 701
1296 2948 729
1297 2855 2905
1298 3107 719
1299 3332 2746
1300 672 410
1301 1718 440
1302 1720 1203
1303 4107 3697
1304 2774 4152
1305 85 613
1306 2097 4283
1307 3322 1473
1308 1282 3340
1309 812 3897
1310 1074 2914
1311 555 3310
1312 1056 203
1313 204 700
1314 333 2889
1315 1667 1693
1316 983 3839
1317 364 2383
1318 1744 2119
1319 582 2170
1320 1979 467
1321 3848 2296
1322 416 347
1323 1040 508
1324 2308 651
1325 833 461
1326 694 2181
1327 3307 2101
1328 276 3361
1329 3106 1266
1330 3909 599
1331 2539 2415
1332 4277 1865
1333 286 2298
1334 3058 1674
1335 3396 1253
1336 672 18
1337 1403 238
1338 247 1139
1339 1996 4131
1340 939 1139
1341 948 186
1342 4073 3371
1343 1747 1897
1344 2332 4027
1345 2844 3506
1346 1146 811
1347 229 3429
1348 3924 30
1349 3881 2214
1350 2435 2176
1351 323 152
1352 1701 821
1353 3190 3482
1354 2520 204
1355 981 126
1356 52 1857
1357 994 487
1358 2547 3755
1359 3210 1783
1360 1560 1145
1361 1143 2436
1362 2288 851
1363 2940 3882
1364 2513 2464
1365 2491 1902
1366 1784 2233
1367 24 498
1368 3194 1116
1369 586 1616
1370 2625 3990
1371 4044 3899
1372 3580 677
1373 1014 228
1374 3856 15
1375 4192 3106
1376 2548 4115
1377 2602 3716
1378 2407 3389
1379 2700 3114
1380 3249 780
1381 3828 4214
1382 740 457
1383 1958 1284
1384 2264 2191
1385 147 3473
1386 56 713
1387 2093 1392
1388 1098 3259
1389 225 3581
1390 3236 1293
1391 1774 438
1392 3533 3885
1393 762 1555
1394 1116 2055
1395 1163 1694
1396 2983 4013
1397 1279 3815
1398 1406 4063
1399 2303 3332
1400 2569 3925
1401 3896 500
1402 36 2760
1403 3223 1869
1404 2665 1111
1405 2351 599
1406 23 1610
1407 432 1883
1408 697 226
1409 2270 4068
1410 649 1158
1411 1003 4085
1412 814 2153
1413 305 1711
1414 1984 405
1415 3159 1125
1416 4086 647
1417 2202 1317
1418 2252 4288
1419 3059 2324
1420 1759 1532
1421 2723 1613
1422 1953 3150
1423 2997 2838
1424 2110 1295
1425 1679 952
1426 815 2937
1427 4288 411
1428 1796 538
1429 1678 4221
1430 4177 1601
1431 1123 3275
1432 3108 4110
1433 2840 1461
1434 262 3757
1435 476 1579
1436 1071 1376
1437 1182 2395
1438 2627 536
1439 2058 2594
1440 2518 1536
1441 3385 1145
1442 1818 3706
1443 1807 261
1444 3592 2065
1445 1637 2942
1446 3117 3612
1447 3011 3019
1448 2473 47
1449 1491 142
1450 1953 3931
1451 3379 1753
1452 1240 541
1453 1039 1202
1454 4043 1297
1455 4127 1671
1456 2623 2145
1457 723 65
1458 995 1411
1459 343 514
1460 3886 2446
1461 1966 3384
1462 2335 1366
1463 2130 3860
1464 4007 817
1465 3678 3955
1466 1077 2242
1467 827 2491
1468 1892 2856
1469 1515 561
1470 2667 2294
1471 574 1818
1472 1071 837
1473 1770 4212
1474 2448 4237
1475 4002 314
1476 3205 881
1477 3622 198
1478 865 1658
1479 4081 4158
1480 513 2395
1481 1198 3297
1482 4086 426
1483 105 364
1484 1194 3928
1485 2037 2816
1486 1729 4093
1487 1594 1710
1488 392 3118
1489 3541 1224
1490 2079 3172
1491 3377 629
1492 3731 2726
1493 205 753
1494 802 1058
1495 4219 2905
1496 978 1576
1497 3255 1286
1498 32 1854
1499 2552 2808
1500 2670 1223
1501 3874 3756
1502 3227 3562
1503 605 3919
1504 2097 1374
1505 1629 2287
1506 4186 3740
1507 2990 1428
1508 3959 1852
1509 650 3788
1510 779 2068
1511 557 3586
1512 1072 2945
1513 2060 3677
1514 4163 1303
1515 301 1287
1516 4088 1623
1517 1534 2844
1518 355 243
1519 1248 977
1520 4014 82
1521 3697 1201
1522 2639 201
1523 4085 2870
1524 1966 1553
1525 606 891
1526 3086 2897
1527 1766 681
1528 3450 3902
1529 3530 475
1530 4095 3785
1531 2076 358
1532 2200 3197
1533 1000 2624
1534 2275 2874
1535 3290 3845
1536 1918 1870
1537 418 1372
1538 1933 4018
1539 1962 2044
1540 3410 2675
1541 824 3930
1542 2252 2353
1543 3607 2796
1544 3976 3703
1545 1924 926
1546 144 3048
1547 3688 2540
1548 307 1569
1549 1496 3385
1550 746 4037
1551 3820 1578
1552 3471 2622
1553 4172 2322
1554 3099 2492
1555 4212 4233
1556 1668 1550
1557 2265 4282
1558 169 2951
1559 1232 937
1560 2834 4055
1561 1943 1792
1562 3255 1444
1563 342 314
1564 691 747
1565 3052 4194
1566 228 1210
1567 353 3293
1568 3012 1269
1569 3378 3982
1570 1635 1759
1571 2251 2013
1572 964 2300
1573 3429 702
1574 3866 2473
1575 3716 3499
1576 824 4224
1577 4194 1877
1578 2074 2960
1579 2797 2954
1580 3585 2295
1581 2637 827
1582 3944 3146
1583 2258 3169
1584 833 2304
1585 2829 2397
1586 3068 991
1587 1420 1492
1588 3471 1860
1589 4059 2590
1590 4161 773
1591 3960 1275
1592 994 2220
1593 1490 395
1594 2846 321
1595 4006 3766
1596 2869 3260
1597 1734 1777
1598 2020 1400
1599 498 4178
1600 71 3631
1601 2628 4254
1602 1458 400
1603 3783 3039
1604 1743 57
1605 403 2559
1606 715 1572
1607 187 219
1608 40 2212
1609 787 2908
1610 348 3455
1611 2244 1582
1612 2676 1511
1613 993 2606
1614 543 2662
1615 3226 1920
1616 3880 1746
1617 1016 2717
1618 301 4061
1619 2791 1281
1620 1853 804
1621 1819 2232
1622 1149 3698
1623 246 3813
1624 2242 3256
1625 2280 4120
1626 423 2426
1627 1112 4025
1628 1380 2704
1629 2906 1365
1630 3769 126
1631 2418 1228
1632 465 2565
1633 3408 2034
1634 2453 927
1635 925 674
1636 854 1865
1637 2300 2609
1638 2650 3911
1639 1740 601
1640 193 4191
1641 1037 181
1642 710 202
1643 4197 518
1644 1679 2047
1645 4242 1407
1646 1819 3157
1647 3973 157
1648 146 2152
1649 4161 3758
1650 338 1014
1651 3320 375
1652 1749 1824
1653 353 803
1654 1169 10
1655 3298 1854
1656 439 379
1657 3604 3821
1658 1319 350
1659 2617 2180
1660 4216 4168
1661 3609 570
1662 3443 2887
1663 284 3327
1664 4224 3762
1665 506 1692
1666 1749 846
1667 2201 1959
1668 1785 1120
1669 1655 3973
1670 2096 33
1671 1308 204
1672 2737 3566
1673 3830 4012
1674 1121 1548
1675 3041 3116
1676 3282 1614
1677 3086 3033
1678 4294 1720
1679 3598 2651
1680 81 1836
1681 3380 2513
1682 1972 1847
1683 451 70
1684 3568 3243
1685 1425 3087
1686 4246 4014
1687 3413 779
1688 2564 3785
1689 674 1404
1690 1455 3070
1691 3531 3404
1692 2387 2286
1693 66 2120
1694 1456 2063
1695 3020 904
1696 1519 1866
1697 795 1443
1698 2028 1144
1699 1979 4077
1700 1277 39
1701 3089 2426
1702 303 2798
1703 45 4004
1704 310 1524
1705 2934 327
1706 4059 1529
1707 4207 3908
1708 2986 373
1709 308 2836
1710 414 4258
1711 2613 3722
1712 3084 2600
1713 4102 1088
1714 3774 1803
1715 449 2478
1716 2011 2569
1717 2279 748
1718 1582 3993
1719 3565 262
1720 1881 1355
1721 1382 2256
1722 1868 2140
1723 3544 190
1724 1219 1112
1725 2217 960
1726 2746 2119
1727 498 1806
1728 4242 2569
1729 1730 2392
1730 4124 958
1731 1816 2800
1732 1184 1653
1733 1804 492
1734 965 82
1735 2153 1629
1736 1932 2737
1737 1531 1076
1738 518 1525
1739 2079 908
1740 2442 334
1741 2772 3952
1742 2270 1927
1743 119 579
1744 772 3795
1745 110 777
1746 1868 3314
1747 1792 296
1748 159 2426
1749 3644 1835
1750 767 2983
1751 1616 1981
1752 1666 1651
1753 1537 2350
1754 109 2238
1755 1968 1413
1756 2991 618
1757 3022 1449
1758 1796 2402
1759 1643 1797
1760 1969 516
1761 1583 1717
1762 3752 3943
1763 4083 648
1764 4180 2246
1765 2422 475
1766 2665 1482
1767 3451 2355
1768 2905 2462
1769 359 2418
1770 3209 1504
1771 3126 4218
1772 4118 2695
1773 1994 1734
1774 1270 3899
1775 1963 1477
1776 3811 1289
1777 2764 424
1778 1794 1624
1779 3778 1567
1780 275 1955
1781 3799 3347
1782 1605 536
1783 1578 1311
1784 1116 2787
1785 1465 1736
1786 2550 1887
1787 1157 2829
1788 127 2186
1789 1154 1199
1790 4138 1444
1791 3294 126
1792 1257 3030
1793 3742 2156
1794 708 3303
1795 2332 958
1796 3521 2182
1797 1779 3267
1798 3164 805
1799 576 3375
1800 2019 2701
1801 2601 1769
1802 2529 619
1803 694 584
1804 1066 4131
1805 3207 3617
1806 1942 1331
1807 1909 4220
1808 2783 367
1809 3181 2951
1810 2344 2430
1811 2219 3287
1812 3808 1111
1813 804 2064
1814 1450 1320
1815 3977 965
1816 1278 3095
1817 3944 1724
1818 1408 4132
1819 2057 2047
1820 2471 3122
1821 4103 271
1822 2625 225
1823 439 1155
1824 281 2087
1825 548 1924
1826 345 3290
1827 1603 316
1828 245 3677
1829 193 3609
1830 8 3347
1831 1210 1064
1832 509 3012
1833 3657 2257
1834 1552 1065
1835 3921 109
1836 2723 1538
1837 594 3321
1838 4295 1762
1839 4173 4164
1840 2423 1195
1841 856 1868
1842 3723 3643
1843 2341 601
1844 120 70
1845 504 919
1846 2776 588
1847 523 3881
1848 1944 685
1849 2334 733
1850 3054 527
1851 1091 158
1852 1852 1545
1853 311 575
1854 3824 4246
1855 1186 1466
1856 3965 115
1857 3988 2722
1858 2458 2444
1859 4049 2060
1860 2142 1164
1861 1470 1356
1862 595 1284
1863 1991 618
1864 1463 1098
1865 779 263
1866 908 362
1867 223 3474
1868 3771 2861
1869 3687 3982
1870 552 648
1871 4151 1782
1872 279 459
1873 1437 3802
1874 3090 2359
1875 3662 1771
1876 3561 3088
1877 3030 2026
1878 270 1375
1879 3011 909
1880 4163 4123
1881 1041 667
1882 740 50
1883 2468 702
1884 1145 691
1885 3202 3805
1886 3851 3218
1887 1560 1122
1888 1886 3623
1889 2102 3800
1890 2763 718
1891 1809 110
1892 1651 1158
1893 1628 4149
1894 2472 509
1895 3039 46
1896 2854 3484
1897 3304 1582
1898 408 3375
1899 1998 2545
1900 748 2327
1901 4003 953
1902 3025 3898
1903 128 3697
1904 52 4259
1905 2788 3893
1906 3317 3458
1907 141 1943
1908 3494 3374
1909 290 1351
1910 2336 3233
1911 4185 4184
1912 161 3956
1913 2027 983
1914 4102 1224
1915 978 2103
1916 2410 2980
1917 3882 1641
1918 3342 4273
1919 1664 3672
1920 598 1102
1921 1542 2560
1922 2092 2583
1923 1335 3136
1924 628 2391
1925 174 1610
1926 3400 1201
1927 988 3507
1928 4065 904
1929 3147 2594
1930 2313 655
1931 964 2305
1932 1238 1948
1933 2473 3301
1934 3938 1630
1935 399 3413
1936 325 3345
1937 921 3434
1938 529 1369
1939 3158 2413
1940 1368 3551
1941 2648 1009
1942 2031 599
1943 1906 1291
1944 1220 3413
1945 2135 916
1946 461 126
1947 3499 338
1948 2591 3049
1949 2877 2741
1950 46 827
1951 190 2211
1952 2579 96
1953 4285 4185
1954 462 427
1955 3367 2392
1956 1746 112
1957 689 1381
1958 1961 652
1959 3524 3077
1960 3068 1516
1961 2676 2128
1962 2133 2402
1963 3588 4254
1964 1775 252
1965 844 3114
1966 3300 4054
1967 580 586
1968 3762 2187
1969 669 1267
1970 264 970
1971 1778 2623
1972 1077 91
1973 381 1265
1974 3458 587
1975 3449 64
1976 1199 1640
1977 657 4222
1978 1083 2246
1979 522 2429
1980 1081 3317
1981 4194 2051
1982 1566 608
1983 1542 286
1984 2521 365
1985 2450 3408
1986 3004 1987
1987 4126 2249
1988 2559 20
1989 1047 3317
1990 217 3938
1991 2982 2916
1992 2951 4060
1993 3443 1898
1994 498 4064
1995 4254 3740
1996 1345 3552
1997 1087 860
1998 1338 3957
1999 3036 2656
2000 3015 1768
2001 2343 1950
2002 2948 3660
2003 2043 2239
2004 2439 954
2005 2219 4233
2006 1305 2971
2007 3410 989
2008 2779 2903
2009 370 4205
2010 258 2626
2011 555 1686
2012 3423 2720
2013 1390 2298
2014 1350 2369
2015 113 632
2016 3494 1450
2017 2909 2147
2018 2766 1281
2019 1683 4192
2020 2477 31
2021 1567 2158
2022 15 3456
2023 1114 2068
2024 650 2754
2025 3517 734
2026 484 1309
2027 4094 2264
2028 3451 3407
2029 647 3160
2030 2360 2948
2031 3381 2312
2032 3417 3888
2033 543 2695
2034 1221 380
2035 1619 2336
2036 3417 4245
2037 72 1579
2038 2344 1967
2039 465 3301
2040 854 1013
2041 1601 322
2042 3322 2457
2043 2691 2465
2044 1445 2047
2045 1139 58
2046 1666 937
2047 1342 1458
2048 1228 3110
2049 3118 1068
2050 580 1151
2051 2490 3991
2052 2320 3177
2053 1753 429
2054 152 4281
2055 1524 394
2056 3554 2272
2057 1781 947
2058 3753 854
2059 1793 2141
2060 109 1829
2061 458 1881
2062 1259 781
2063 3981 25
2064 3551 3600
2065 1514 3756
2066 4105 3795
2067 618 4210
2068 2792 723
2069 1636 4018
2070 1263 3277
2071 3743 517
2072 1370 2902
2073 158 408
2074 857 2116
2075 2537 740
2076 2324 1865
2077 3967 727
2078 3967 2629
2079 1849 1198
2080 3094 4289
2081 1350 2090
2082 2395 4216
2083 2987 2536
2084 458 2039
2085 889 4137
2086 2474 2073
2087 3297 201
2088 2666 3801
2089 603 770
2090 2115 4298
2091 1150 571
2092 756 14
2093 3303 3643
2094 3377 3962
2095 2084 2420
2096 1781 2702
2097 1487 3979
2098 2610 3218
2099 1002 4041
2100 1194 2428
2101 2521 3215
2102 3203 3787
2103 1686 3138
2104 1890 2383
2105 3933 3919
2106 3537 125
2107 3485 3537
2108 3818 294
2109 2613 3550
2110 883 639
2111 2178 731
2112 3784 2079
2113 992 4246
2114 3110 1013
2115 1027 494
2116 2453 683
2117 1148 3502
2118 2076 276
2119 3068 4017
2120 39 1781
2121 1536 4146
2122 1533 1158
2123 3517 1502
2124 75 3239
2125 1514 2982
2126 940 383
2127 52 2999
2128 3659 3216
2129 3442 355
2130 2055 44
2131 217 2090
2132 1705 3385
2133 1825 3953
2134 1815 2232
2135 756 385
2136 4059 3719
2137 3839 1491
2138 1945 2794
2139 3811 1495
2140 205 570
2141 1902 4286
2142 2468 3953
2143 3250 121
2144 1474 1357
2145 2984 4118
2146 73 3797
2147 17 1421
2148 2972 1327
2149 2849 2900
2150 2874 1519
2151 957 2287
2152 611 1700
2153 4278 2339
2154 783 2668
2155 1427 503
2156 1570 1431
2157 1140 3851
2158 924 3514
2159 2103 4088
2160 1618 1606
2161 943 3592
2162 3084 786
2163 226 1504
2164 2288 64
2165 1091 1159
2166 2239 832
2167 2297 2757
2168 2771 722
2169 799 3848
2170 2453 2715
2171 2608 2674
2172 512 3481
2173 3172 2179
2174 2390 1466
2175 272 2916
2176 1089 1882
2177 2114 1776
2178 48 436
2179 3741 1686
2180 607 1667
2181 2828 555
2182 1596 3908
2183 1164 2434
2184 3768 3931
2185 1783 329
2186 3161 1610
2187 3794 1521
2188 4225 3570
2189 4147 784
2190 2519 213
2191 368 822
2192 173 2558
2193 1270 2083
2194 3453 2538
2195 3809 4175
2196 2760 427
2197 2679 2288
2198 3464 3220
2199 2535 1107
2200 708 2992
2201 257 4295
2202 1578 262
2203 1415 2015
2204 1684 996
2205 3685 2626
2206 1063 1126
2207 1132 581
2208 4068 1562
2209 955 4035
2210 4088 1554
2211 39 3808
2212 2330 653
2213 1405 3072
2214 3791 1474
2215 2178 3501
2216 1549 2693
2217 718 1244
2218 3144 2251
2219 4188 1756
2220 277 1216
2221 1017 404
2222 2471 3951
2223 2327 2493
2224 1392 906
2225 2288 603
2226 103 3214
2227 3295 1984
2228 2715 945
2229 3238 633
2230 993 1382
2231 148 1
2232 329 1674
2233 4173 1251
2234 4059 2561
2235 360 2240
2236 444 2502
2237 2112 2202
2238 757 1466
2239 3706 4227
2240 3471 157
2241 1262 2364
2242 720 1987
2243 2332 1927
2244 3030 2951
2245 2385 74
2246 1886 326
2247 3898 3719
2248 306 3694
2249 4268 4133
2250 1359 1075
2251 1293 3524
2252 3240 682
2253 3949 3176
2254 1603 2620
2255 113 974
2256 155 301
2257 2676 444
2258 3689 2577
2259 1463 525
2260 1971 4243
2261 827 2612
2262 782 4288
2263 2631 3193
2264 2683 3698
2265 2423 3589
2266 2112 3018
2267 2615 959
2268 703 2635
2269 1645 967
2270 255 3465
2271 315 2054
2272 739 4176
2273 1307 3577
2274 3896 2724
2275 91 1827
2276 2114 2176
2277 1787 238
2278 1429 2058
2279 512 3761
2280 2312 2787
2281 1900 1891
2282 1918 1315
2283 3207 1358
2284 3721 494
2285 160 2822
2286 959 56
2287 3872 3484
2288 1199 2543
2289 2966 3714
2290 3587 171
2291 1909 3544
2292 1755 3527
2293 3958 2556
2294 1003 2890
2295 60 2350
2296 1628 2878
2297 2900 3795
2298 2109 160
2299 4009 896
2300 224 2780
2301 1993 3501
2302 3458 1355
2303 1734 875
2304 3462 3146
2305 178 3444
2306 512 2900
2307 4068 913
2308 3070 2992
2309 2379 2382
2310 3448 1512
2311 520 821
2312 1017 1378
2313 3766 1130
2314 1149 3753
2315 1648 241
2316 701 4299
2317 1849 2476
2318 1363 4020
2319 3070 2931
2320 438 2685
2321 3471 1473
2322 3486 1693
2323 445 1069
2324 252 3055
2325 3127 4213
2326 3908 222
2327 3196 2857
2328 1478 3478
2329 2447 3775
2330 1603 1328
2331 1780 2325
2332 248 1275
2333 2643 1264
2334 1584 3084
2335 283 3420
2336 2850 1943
2337 448 2849
2338 1853 3503
2339 471 2740
2340 2639 1684
2341 1217 2284
2342 3260 2951
2343 2411 2542
2344 2995 2289
2345 3634 1714
2346 497 3023
2347 3083 1673
2348 949 2022
2349 2164 1792
2350 3860 3815
2351 291 603
2352 538 2525
2353 2054 130
2354 325 754
2355 3335 546
2356 1356 3002
2357 1510 3547
2358 106 1770
2359 482 3348
2360 2465 344
2361 357 316
2362 1628 748
2363 3622 1004
2364 169 3806
2365 39 2101
2366 1799 216
2367 2438 1971
2368 3827 3591
2369 3872 3490
2370 1781 406
2371 1685 1008
2372 8 3951
2373 1070 1431
2374 3524 3884
2375 1784 1816
2376 66 4259
2377 2020 24
2378 589 2577
2379 860 2634
2380 186 2645
2381 405 3906
2382 673 3497
2383 3829 3941
2384 2751 1417
2385 1695 3644
2386 4163 1418
2387 2092 2237
2388 2217 657
2389 2504 2675
2390 1484 1969
2391 1046 609
2392 895 1006
2393 3704 658
2394 4038 2058
2395 3511 3140
2396 1230 3377
2397 637 1771
2398 1254 700
2399 3188 891
2400 1899 2735
2401 122 1953
2402 315 2159
2403 2517 3573
2404 3185 4005
2405 625 1531
2406 3856 1604
2407 3059 356
2408 432 1509
2409 2329 3487
2410 2869 1345
2411 4115 2993
2412 879 2026
2413 2620 4168
2414 1446 2006
2415 2334 1331
2416 3807 1161
2417 2926 1223
2418 2307 1597
2419 311 3953
2420 2430 494
2421 1720 2896
2422 878 371
2423 300 1875
2424 1302 311
2425 4218 554
2426 3937 3189
2427 537 1225
2428 3859 4038
2429 4146 2186
2430 2217 399
2431 2039 3729
2432 3028 766
2433 3854 2604
2434 4216 3004
2435 2451 872
2436 90 4282
2437 1018 2441
2438 3652 3856
2439 205 1284
2440 215 1377
2441 2408 4183
2442 3665 1745
2443 265 765
2444 2013 3811
2445 2178 4084
2446 1072 3399
2447 837 1847
2448 2292 1107
2449 127 92
2450 2146 2688
2451 2404 22
2452 180 839
2453 2555 2622
2454 4245 12
2455 3669 1263
2456 1028 2524
2457 2006 2943
2458 3175 810
2459 3210 1468
2460 3964 1463
2461 2489 3407
2462 3473 1330
2463 2582 3579
2464 1685 928
2465 2073 994
2466 3270 2892
2467 2227 2392
2468 3031 3295
2469 937 1568
2470 3125 1999
2471 308 2014
2472 3318 753
2473 1361 1977
2474 122 2112
2475 1709 3382
2476 122 596
2477 2458 3305
2478 3857 2315
2479 886 3513
2480 869 3057
2481 3027 3394
2482 622 4234
2483 1736 3824
2484 993 2464
2485 3883 3153
2486 3824 2077
2487 631 75
2488 3572 1455
2489 3328 1945
2490 1158 3083
2491 2021 3924
2492 1974 1335
2493 1306 3044
2494 321 987
2495 1654 2359
2496 1162 1945
2497 834 4156
2498 4239 1996
2499 734 201
2500 2597 810
2501 483 400
2502 38 3778
2503 3270 2406
2504 4229 1641
2505 2372 3479
2506 4135 3826
2507 2831 2929
2508 2792 323
2509 2760 2300
2510 3063 1178
2511 3213 1463
2512 3459 2062
2513 1109 3821
2514 4090 1699
2515 2718 1088
2516 3055 2059
2517 3170 3938
2518 1867 3669
2519 1949 1029
2520 343 4038
2521 729 3764
2522 4037 747
2523 3847 1901
2524 764 958
2525 3789 1159
2526 2813 1388
2527 2249 1765
2528 3935 2762
2529 1077 1708
2530 173 2935
2531 3607 2155
2532 4127 3345
2533 3679 645
2534 1571 3219
2535 610 2098
2536 4185 3595
2537 842 4255
2538 1580 2556
2539 3132 2536
2540 626 1522
2541 3201 3387
2542 2997 3825
2543 767 691
2544 1456 4222
2545 4101 3481
2546 3558 1595
2547 346 2525
2548 3293 398
2549 3591 3608
2550 3514 3304
2551 1996 2760
2552 3439 4084
2553 3732 3557
2554 1580 1962
2555 810 3459
2556 762 2752
2557 2679 1296
2558 3581 2696
2559 169 2675
2560 2029 3138
2561 3522 2316
2562 1540 3212
2563 1134 323
2564 877 2664
2565 2025 527
2566 2820 1100
2567 1865 356
2568 1973 1057
2569 2622 2317
2570 54 716
2571 2926 221
2572 2840 1904
2573 411 1104
2574 3888 814
2575 211 1668
2576 414 290
2577 452 2034
2578 1083 1019
2579 1700 2463
2580 3156 1139
2581 2610 4279
2582 785 2387
2583 1301 2053
2584 4271 3189
2585 581 3227
2586 3644 136
2587 1420 870
2588 544 1354
2589 2799 1881
2590 4078 4259
2591 40 3523
2592 3851 2613
2593 510 4199
2594 350 3818
2595 2655 2559
2596 4120 2613
2597 1178 719
2598 734 48
2599 1817 1119
2600 1497 1146
2601 1480 3459
2602 2631 2577
2603 83 3415
2604 1671 4298
2605 1476 2070
2606 3075 283
2607 3093 1382
2608 1364 664
2609 2557 3221
2610 571 550
2611 3408 1383
2612 3274 757
2613 3404 3548
2614 3121 469
2615 3877 210
2616 3667 3170
2617 1836 2230
2618 1628 2394
2619 3136 3827
2620 3803 3483
2621 3857 2160
2622 2270 1942
2623 334 888
2624 1425 3615
2625 4028 1490
2626 2773 2254
2627 1723 934
2628 2811 2962
2629 3904 1076
2630 640 840
2631 1404 2615
2632 3177 1566
2633 3269 2431
2634 4009 1952
2635 1886 4203
2636 1438 3746
2637 360 2454
2638 785 1391
2639 4214 306
2640 222 2030
2641 1532 769
2642 2448 548
2643 3951 3844
2644 797 241
2645 767 1897
2646 909 2218
2647 615 1581
2648 1639 1322
2649 1674 4102
2650 2720 511
2651 1566 1337
2652 4218 3775
2653 445 3228
2654 208 3692
2655 4041 3434
2656 3160 2421
2657 2116 4271
2658 3488 3810
2659 2341 3301
2660 3922 3258
2661 1925 1675
2662 1118 3434
2663 746 2853
2664 2317 2909
2665 3387 2360
2666 1331 2074
2667 2500 4083
2668 3573 3078
2669 4145 1906
2670 2961 3675
2671 4085 2395
2672 3357 2924
2673 2805 2718
2674 985 1593
2675 992 3358
2676 3920 365
2677 1581 1224
2678 2553 2886
2679 4127 3169
2680 52 57
2681 3686 1332
2682 988 1611
2683 103 2057
2684 2813 351
2685 4136 3293
2686 1193 3741
2687 1035 3441
2688 2114 422
2689 4094 744
2690 1696 3321
2691 1765 1729
2692 1745 2233
2693 1712 4002
2694 2600 2676
2695 777 2727
2696 3638 212
2697 720 3926
2698 3826 2096
2699 1644 37
2700 2164 2673
2701 865 1932
2702 2860 3625
2703 1806 3821
2704 4016 1660
2705 3424 129
2706 907 3450
2707 575 3889
2708 3860 488
2709 1238 2012
2710 2742 1209
2711 1006 3391
2712 549 2007
2713 416 1158
2714 953 1770
2715 2954 329
2716 833 745
2717 920 784
2718 1342 3069
2719 1871 2010
2720 1361 862
2721 671 2028
2722 675 1775
2723 3999 1407
2724 2216 2104
2725 918 1167
2726 2631 1193
2727 583 247
2728 2443 3262
2729 2971 25
2730 36 2581
2731 450 3200
2732 1311 24
2733 867 2183
2734 3160 1815
2735 3225 2608
2736 1599 2708
2737 1254 3709
2738 1821 4029
2739 3033 581
2740 211 3014
2741 2316 226
2742 2315 1040
2743 2231 3549
2744 2326 985
2745 2424 3635
2746 3649 3813
2747 611 511
2748 3004 1447
2749 740 279
2750 2924 209
2751 3390 3284
2752 2561 4097
2753 1166 1220
2754 2295 3644
2755 964 1370
2756 1260 3234
2757 677 1625
2758 1642 4062
2759 1099 2241
2760 1820 2199
2761 3689 4238
2762 1859 1049
2763 1902 1953
2764 2667 4109
2765 3451 1496
2766 3052 3933
2767 474 861
2768 3290 1119
2769 3574 218
2770 1483 3692
2771 3141 663
2772 3023 335
2773 3913 3912
2774 1892 78
2775 2994 2061
2776 3763 1253
2777 1218 3100
2778 698 1147
2779 4250 210
2780 3604 3025
2781 2485 3472
2782 2054 3107
2783 3246 1395
2784 2852 1508
2785 2219 3506
2786 1235 281
2787 3631 2507
2788 1548 1907
2789 1311 116
2790 1477 1009
2791 2445 2415
2792 3006 880
2793 3609 3528
2794 1102 2365
2795 3868 462
2796 2767 558
2797 133 2189
2798 912 1353
2799 2666 903
2800 1522 325
2801 3948 364
2802 3801 4055
2803 1231 1946
2804 27 2860
2805 604 1472
2806 1277 3211
2807 339 230
2808 353 1961
2809 1427 2274
2810 1736 3564
2811 1696 518
2812 392 3597
2813 3196 1006
2814 1001 661
2815 949 4191
2816 1228 2050
2817 2918 1985
2818 996 457
2819 2288 2220
2820 3304 1155
2821 691 797
2822 2568 1412
2823 2889 631
2824 488 271
2825 4282 1839
2826 3730 3012
2827 1329 1045
2828 596 1614
2829 3114 2064
2830 232 1397
2831 2968 2170
2832 3478 715
2833 1057 1139
2834 2231 2808
2835 3347 4094
2836 2903 1944
2837 85 4217
2838 494 2208
2839 3395 2405
2840 111 2037
2841 3158 1430
2842 2681 2840
2843 4124 2308
2844 545 2101
2845 1766 2578
2846 1215 1855
2847 86 3137
2848 1796 3035
2849 1536 209
2850 556 860
2851 940 363
2852 2233 526
2853 770 1074
2854 3496 930
2855 4184 2900
2856 2470 3634
2857 1111 1704
2858 4218 290
2859 1788 4165
2860 1288 1505
2861 1241 1808
2862 2057 1372
2863 260 1054
2864 3222 3051
2865 1364 352
2866 682 1569
2867 2854 3884
2868 1016 1027
2869 2269 3216
2870 980 2552
2871 604 3956
2872 1197 627
2873 4072 1655
2874 1903 1800
2875 2026 738
2876 190 3624
2877 1166 463
2878 3930 4183
2879 166 3412
2880 880 3187
2881 1460 1510
2882 1785 627
2883 105 2939
2884 2858 1421
2885 2682 806
2886 3656 1376
2887 2965 3746
2888 772 3336
2889 2613 2765
2890 1561 915
2891 2893 275
2892 3829 3876
2893 4046 257
2894 242 2666
2895 1207 2327
2896 374 755
2897 1917 1962
2898 2841 697
2899 2530 2610
2900 113 3769
2901 3583 2216
2902 2758 1347
2903 2729 633
2904 1991 1997
2905 1011 3222
2906 3921 4083
2907 3910 3650
2908 2202 134
2909 289 1689
2910 1997 1063
2911 3143 780
2912 956 1451
2913 1998 2473
2914 994 3412
2915 2157 2237
2916 1918 3387
2917 2449 3330
2918 3260 2708
2919 3652 2214
2920 1967 3234
2921 3154 3256
2922 1506 555
2923 2512 2737
2924 454 1322
2925 3046 1364
2926 2799 2587
2927 4091 310
2928 3531 1559
2929 2212 2145
2930 752 3441
2931 3305 2386
2932 2458 2343
2933 3939 1480
2934 2964 4077
2935 879 2339
2936 3322 4258
2937 1869 1881
2938 1171 3317
2939 269 3536
2940 44 1020
2941 3141 1200
2942 3616 222
2943 3191 422
2944 2649 850
2945 3870 3165
2946 2719 1385
2947 1683 1591
2948 236 857
2949 2243 2571
2950 2740 1404
2951 1845 2462
2952 1137 2066
2953 1021 2820
2954 2010 3259
2955 962 2005
2956 1415 155
2957 207 1296
2958 1953 2524
2959 1642 810
2960 1044 3181
2961 929 3826
2962 4036 1559
2963 3659 207
2964 899 1004
2965 1397 459
2966 3255 2510
2967 3147 1559
2968 3569 1443
2969 2453 3242
2970 842 3142
2971 3909 3934
2972 3557 2548
2973 1648 92
2974 1640 412
2975 633 768
2976 1466 2996
2977 1049 170
2978 3273 870
2979 2688 3523
2980 1517 3013
2981 1346 1870
2982 2309 1723
2983 333 868
2984 3224 2654
2985 214 3990
2986 2887 3062
2987 410 175
2988 2213 535
2989 3211 741
2990 378 1416
2991 744 816
2992 913 1491
2993 233 1548
2994 2067 4233
2995 2886 4118
2996 2001 2596
2997 1205 450
2998 3434 1535
2999 646 2859
3000 892 262
3001 1459 3056
3002 2933 451
3003 3692 1638
3004 1903 1208
3005 1449 874
3006 1600 762
3007 910 2700
3008 2331 2313
3009 2258 3788
3010 3487 2633
3011 4058 1136
3012 651 3253
3013 1932 1082
3014 1362 1178
3015 1683 1592
3016 1680 3738
3017 2285 2109
3018 464 1344
3019 1172 597
3020 2867 175
3021 90 1799
3022 4236 3319
3023 3759 798
3024 686 736
3025 1471 4167
3026 2835 4258
3027 1100 2514
3028 2911 1739
3029 3056 2535
3030 2489 3151
3031 1467 3025
3032 639 2313
3033 3296 1595
3034 1732 3183
3035 1158 187
3036 625 1867
3037 3069 1973
3038 648 1655
3039 44 1981
3040 3421 2046
3041 433 2004
3042 1745 1732
3043 2831 1250
3044 2977 528
3045 1652 1915
3046 1147 1359
3047 3347 2044
3048 3075 2204
3049 2635 1341
3050 485 742
3051 2749 2105
3052 4213 1902
3053 594 3527
3054 2266 2873
3055 2005 3082
3056 4064 3752
3057 2507 1927
3058 16 3846
3059 1896 1807
3060 1593 2910
3061 929 1045
3062 1260 2610
3063 3691 692
3064 971 811
3065 2955 4248
3066 2575 666
3067 2365 673
3068 3415 1014
3069 282 3669
3070 1052 2219
3071 2441 2160
3072 2690 918
3073 4298 2449
3074 3179 1602
3075 562 3938
3076 1751 1134
3077 10 1558
3078 2692 4080
3079 3594 2682
3080 863 58
3081 2815 2366
3082 1946 1003
3083 3823 2713
3084 2567 760
3085 2989 1056
3086 1665 4135
3087 1109 1171
3088 2661 1292
3089 986 420
3090 2632 2762
3091 2122 3293
3092 1127 132
3093 2521 764
3094 3035 2949
3095 2508 3913
3096 2935 1652
3097 1580 2686
3098 346 2472
3099 2923 705
3100 2917 1884
3101 3846 3355
3102 3229 170
3103 4124 632
3104 984 541
3105 858 2743
3106 2470 3231
3107 3924 2083
3108 2314 4024
3109 4294 1718
3110 1314 2332
3111 910 917
3112 4283 3823
3113 2525 2380
3114 956 2095
3115 1228 3924
3116 3066 2245
3117 3090 2042
3118 1404 1744
3119 2023 3321
3120 2847 3754
3121 2775 123
3122 2289 549
3123 2707 3748
3124 514 3813
3125 2406 920
3126 651 3718
3127 1932 54
3128 2023 2949
3129 1131 2297
3130 4086 3862
3131 1923 3006
3132 1192 4229
3133 2200 2941
3134 3514 2641
3135 1934 3612
3136 559 3939
3137 3136 1918
3138 449 4123
3139 2167 57
3140 1184 2592
3141 1705 2251
3142 3972 2228
3143 2165 909
3144 2487 4235
3145 1686 3696
3146 3478 2134
3147 3284 1083
3148 1428 1402
3149 197 4285
3150 79 1388
3151 144 1405
3152 538 3524
3153 1218 3959
3154 2078 2903
3155 3761 2837
3156 1797 2642
3157 1314 366
3158 63 987
3159 4122 433
3160 1951 3033
3161 85 2317
3162 1710 2543
3163 1942 2516
3164 2151 1053
3165 1204 2489
3166 3955 378
3167 493 1531
3168 3889 3089
3169 2436 859
3170 4100 967
3171 1965 380
3172 2071 1724
3173 2198 565
3174 1682 3726
3175 2142 3335
3176 1012 850
3177 4296 1877
3178 2356 2721
3179 4153 4292
3180 3387 1058
3181 1990 4174
3182 962 2008
3183 1318 2046
3184 1064 2402
3185 1147 3805
3186 1607 1804
3187 282 2671
3188 2344 1093
3189 192 2629
3190 2111 1276
3191 3454 2053
3192 880 16
3193 2032 571
3194 1223 1339
3195 1034 327
3196 4150 3376
3197 3831 1243
3198 888 3779
3199 943 602
3200 332 2050
3201 514 1265
3202 2987 4166
3203 2205 457
3204 2531 152
3205 2609 817
3206 4072 3304
3207 146 3753
3208 1312 1009
3209 3309 1903
3210 4150 338
3211 889 1334
3212 3031 557
3213 206 3808
3214 2649 94
3215 347 3048
3216 343 2406
3217 2874 951
3218 265 281
3219 2018 1878
3220 2567 3424
3221 3032 2261
3222 448 2283
3223 3125 1699
3224 3121 830
3225 3819 594
3226 2843 626
3227 145 1015
3228 3537 1535
3229 372 1929
3230 3330 3592
3231 4203 891
3232 3631 1398
3233 1575 2388
3234 1427 1808
3235 960 139
3236 934 1722
3237 590 3677
3238 3791 921
3239 2227 1209
3240 2993 3231
3241 2724 2602
3242 73 2519
3243 1591 1273
3244 158 3763
3245 2524 3875
3246 4113 3784
3247 2042 4067
3248 442 1038
3249 1000 175
3250 326 3213
3251 1295 2571
3252 431 2842
3253 3815 1158
3254 213 1930
3255 1810 1269
3256 3570 920
3257 435 3474
3258 3308 1597
3259 2666 1969
3260 2969 2249
3261 767 2161
3262 3315 1015
3263 2217 609
3264 3142 893
3265 1442 1628
3266 1883 3262
3267 380 3798
3268 3438 868
3269 2614 1440
3270 1866 1057
3271 2355 3127
3272 3807 3588
3273 4094 3023
3274 984 3080
3275 3907 3161
3276 3390 385
3277 1276 3211
3278 3949 2601
3279 1204 1276
3280 3210 3581
3281 1768 1136
3282 3848 728
3283 2527 3376
3284 51 1972
3285 3268 1437
3286 394 3252
3287 37 1253
3288 607 2916
3289 3257 883
3290 169 3591
3291 4205 1832
3292 425 1786
3293 1240 3630
3294 1261 1330
3295 206 856
3296 1341 76
3297 19 1502
3298 2739 1950
3299 2839 1054
3300 4114 2473
3301 2032 1743
3302 3845 2637
3303 3317 2617
3304 1724 1637
3305 1186 361
3306 2395 355
3307 2441 3163
3308 3926 2886
3309 1915 3101
3310 3797 2454
3311 3680 1297
3312 2113 1603
3313 1410 606
3314 3470 374
3315 3377 2107
3316 1023 4252
3317 1303 1729
3318 3463 1501
3319 3450 882
3320 993 1669
3321 4014 878
3322 3062 3500
3323 1187 661
3324 3897 3603
3325 1500 2316
3326 1068 2032
3327 3609 4144
3328 485 4042
3329 1730 3709
3330 3791 1310
3331 2924 1176
3332 3186 969
3333 1016 143
3334 3192 504
3335 714 3841
3336 3098 2048
3337 1483 1228
3338 634 26
3339 774 3594
3340 1786 2010
3341 2704 748
3342 1217 2061
3343 3234 1937
3344 3301 389
3345 2907 914
3346 1249 2512
3347 3957 59
3348 495 3708
3349 2948 3114
3350 1440 2978
3351 1309 2277
3352 3107 2036
3353 145 25
3354 1976 1700
3355 3155 1994
3356 3362 3966
3357 438 4212
3358 4186 1873
3359 2518 306
3360 1417 3731
3361 3812 1569
3362 3424 2330
3363 3008 1787
3364 3327 1837
3365 482 4281
3366 1752 1586
3367 597 506
3368 4268 1711
3369 1424 1189
3370 4114 428
3371 1073 22
3372 1071 585
3373 1090 104
3374 518 1400
3375 4082 2849
3376 241 105
3377 4122 2534
3378 3760 3420
3379 1932 3645
3380 3400 3779
3381 1147 2593
3382 3766 1301
3383 3559 3036
3384 1845 4202
3385 3247 450
3386 3878 1016
3387 3865 3661
3388 3546 997
3389 1026 2628
3390 4285 1614
3391 1337 3121
3392 2093 1571
3393 2088 46
3394 4101 4144
3395 941 3555
3396 3723 544
3397 3639 1112
3398 4256 727
3399 2269 3740
3400 318 2629
3401 1522 2554
3402 3826 3977
3403 2022 2327
3404 1800 2256
3405 1712 1637
3406 3559 3491
3407 4288 2874
3408 3381 1737
3409 3735 1424
3410 1791 197
3411 677 2892
3412 4217 1158
3413 3597 2280
3414 2460 3808
3415 3759 981
3416 3152 128
3417 526 4057
3418 2020 1823
3419 4261 3865
3420 1395 2232
3421 2156 294
3422 1780 1638
3423 3059 4053
3424 690 1403
3425 762 1061
3426 4206 1810
3427 1765 400
3428 3784 938
3429 2802 944
3430 2316 2188
3431 3185 1319
3432 489 59
3433 2515 889
3434 2250 1006
3435 1490 1778
3436 2141 1249
3437 979 104
3438 116 2972
3439 1101 633
3440 3522 1153
3441 3910 728
3442 1918 3652
3443 3192 4212
3444 910 3583
3445 1609 1405
3446 4295 3083
3447 1622 3943
3448 290 229
3449 2544 664
3450 2774 2645
3451 3436 2066
3452 2232 1489
3453 3537 2386
3454 3239 2109
3455 1855 2351
3456 2130 4022
3457 4258 3645
3458 3535 3063
3459 1699 2627
3460 30 1751
3461 2811 2002
3462 2296 2444
3463 1610 1704
3464 2532 2972
3465 618 2806
3466 1647 897
3467 3055 690
3468 3746 2246
3469 861 3536
3470 2282 2269
3471 1184 1933
3472 1915 3635
3473 1695 104
3474 3529 2282
3475 2621 301
3476 3527 780
3477 1843 3119
3478 2325 2160
3479 3606 3811
3480 3505 1802
3481 3476 1813
3482 1024 1191
3483 2929 173
3484 4038 374
3485 3024 3030
3486 479 2375
3487 1313 4009
3488 1923 368
3489 3881 1714
3490 473 291
3491 448 4154
3492 3135 2532
3493 2950 2289
3494 2777 4123
3495 3598 1270
3496 119 2323
3497 3535 1199
3498 1827 952
3499 1323 563
3500 2116 1107
3501 3105 2389
3502 4131 321
3503 153 3763
3504 2856 2385
3505 2519 3294
3506 1933 968
3507 2560 3503
3508 1433 2121
3509 2580 3387
3510 2288 593
3511 2457 2483
3512 1760 1325
3513 982 3255
3514 2107 2951
3515 200 2540
3516 1904 270
3517 325 4140
3518 1103 2601
3519 3609 3977
3520 693 1469
3521 1386 2304
3522 1783 3898
3523 1198 755
3524 1021 3047
3525 2724 1065
3526 3154 3701
3527 4152 4177
3528 3902 119
3529 3182 3718
3530 752 1955
3531 2542 1045
3532 4238 1474
3533 2711 395
3534 557 2816
3535 3041 661
3536 3297 3722
3537 1797 2989
3538 1853 69
3539 1490 2215
3540 375 2664
3541 247 3287
3542 4207 1417
3543 3002 1045
3544 2632 3064
3545 2139 1999
3546 310 1335
3547 3757 2477
3548 3006 1149
3549 2932 1475
3550 191 2133
3551 2100 2318
3552 914 2566
3553 3645 2000
3554 3181 1973
3555 3655 2514
3556 3327 178
3557 820 634
3558 2007 2175
3559 2356 870
3560 3253 1845
3561 1928 590
3562 2533 168
3563 278 969
3564 2944 245
3565 4096 911
3566 168 1726
3567 127 4149
3568 2639 2478
3569 3325 2333
3570 229 1202
3571 3006 2848
3572 985 1551
3573 3356 2489
3574 918 1516
3575 3917 2432
3576 2051 3498
3577 1938 2395
3578 2601 1834
3579 4093 3744
3580 3472 1131
3581 918 1247
3582 1047 1138
3583 1189 2581
3584 3212 1786
3585 1146 4133
3586 2831 2251
3587 774 3569
3588 3309 3925
3589 6 3521
3590 1400 1952
3591 3446 1440
3592 2893 1943
3593 1324 1095
3594 831 1713
3595 3449 3686
3596 922 1063
3597 3890 103
3598 3190 2144
3599 743 2834
3600 2729 2306
3601 4152 4251
3602 3418 2057
3603 2920 4030
3604 1007 369
3605 1367 2072
3606 1046 3926
3607 3063 3429
3608 3295 1555
3609 1523 417
3610 601 525
3611 1114 243
3612 1878 785
3613 141 848
3614 4088 1629
3615 2236 2160
3616 1462 4005
3617 762 987
3618 1786 4088
3619 2492 1106
3620 3640 3602
3621 3271 164
3622 1546 1360
3623 3243 631
3624 2425 3232
3625 3738 797
3626 4056 1221
3627 2954 1060
3628 2272 2457
3629 2211 1926
3630 2665 341
3631 505 2304
3632 2967 3372
3633 3772 617
3634 794 1584
3635 529 3574
3636 2110 1962
3637 1161 2301
3638 1725 2268
3639 2819 2670
3640 2295 1720
3641 186 1452
3642 1277 1862
3643 882 2704
3644 285 2530
3645 3576 2191
3646 313 1103
3647 2677 305
3648 3852 2015
3649 2616 1230
3650 1472 2321
3651 3395 2164
3652 1874 3875
3653 1517 57
3654 1840 1175
3655 14 2603
3656 2269 152
3657 3755 3641
3658 2606 1108
3659 1777 2375
3660 47 2137
3661 4290 913
3662 3120 373
3663 741 1400
3664 1937 2362
3665 867 1325
3666 1979 1178
3667 2912 106
3668 405 1986
3669 796 3658
3670 313 2841
3671 2677 3909
3672 3960 252
3673 3372 3104
3674 1585 1923
3675 637 1766
3676 4236 3670
3677 1512 3703
3678 4074 1577
3679 3873 4048
3680 994 3361
3681 3944 1447
3682 276 2236
3683 1557 3928
3684 1721 2659
3685 2630 1204
3686 1898 2394
3687 4111 1064
3688 2030 859
3689 1073 3558
3690 1188 2975
3691 2086 2164
3692 1014 2933
3693 1644 3686
3694 263 2812
3695 2404 3041
3696 3340 3744
3697 269 2551
3698 3317 383
3699 765 1076
3700 824 1214
3701 1222 3741
3702 914 897
3703 3981 2077
3704 2588 3267
3705 1771 530
3706 1525 1899
3707 2137 1785
3708 2891 3958
3709 2258 328
3710 2071 3214
3711 1627 2999
3712 1077 4098
3713 3238 3337
3714 3327 4007
3715 3429 3800
3716 4000 1354
3717 2849 195
3718 80 3124
3719 3570 1211
3720 2127 2022
3721 2582 2860
3722 1467 3305
3723 1530 2742
3724 894 2556
3725 2172 479
3726 1886 1483
3727 889 135
3728 423 1532
3729 656 2917
3730 4194 3264
3731 1168 4075
3732 515 3305
3733 2131 3034
3734 882 2141
3735 291 3595
3736 3089 1093
3737 829 2601
3738 1318 3799
3739 992 1406
3740 1794 697
3741 3671 3395
3742 57 2695
3743 563 1524
3744 2276 4206
3745 2035 816
3746 3674 618
3747 1152 1038
3748 1152 3809
3749 1459 2004
3750 303 1693
3751 144 1051
3752 532 2600
3753 2645 1412
3754 3850 1030
3755 2276 1309
3756 3785 1167
3757 3322 1179
3758 2066 3925
3759 412 2570
3760 3854 2864
3761 1526 2901
3762 4220 3432
3763 749 984
3764 3375 431
3765 3433 1799
3766 23 3456
3767 2588 2797
3768 1394 4147
3769 1470 2401
3770 366 213
3771 593 2316
3772 338 2238
3773 1158 879
3774 3562 1218
3775 1821 1538
3776 1951 4041
3777 2090 920
3778 2150 1875
3779 2213 609
3780 3632 155
3781 2262 554
3782 926 3177
3783 1736 444
3784 1965 3561
3785 1183 3156
3786 1400 1234
3787 3008 181
3788 2741 2408
3789 94 2987
3790 4294 2926
3791 670 2219
3792 2581 123
3793 4226 2162
3794 3818 2283
3795 2289 1698
3796 619 2184
3797 4226 3786
3798 4292 910
3799 3395 2401
3800 1816 2755
3801 1572 3906
3802 2155 3383
3803 2481 3159
3804 4066 4256
3805 3844 2476
3806 1140 4065
3807 3058 2069
3808 507 916
3809 1675 3498
3810 3070 764
3811 3647 733
3812 3880 3876
3813 1280 1853
3814 4233 4273
3815 462 67
3816 1731 162
3817 562 3658
3818 4164 3885
3819 3227 2491
3820 1265 1545
3821 2836 3924
3822 1014 1726
3823 4245 3036
3824 2973 2077
3825 3952 2808
3826 1560 2029
3827 2415 1361
3828 443 3405
3829 121 1694
3830 593 1023
3831 2425 1042
3832 2513 2000
3833 3693 201
3834 157 4268
3835 2482 1323
3836 2138 1164
3837 2835 462
3838 991 1167
3839 1113 733
3840 2270 2154
3841 2546 2685
3842 2967 124
3843 45 1483
3844 3752 4068
3845 684 422
3846 4284 1456
3847 2595 2447
3848 1880 4041
3849 2336 1965
3850 1499 132
3851 3247 322
3852 1605 3853
3853 2249 1791
3854 3283 82
3855 2235 3863
3856 2576 2743
3857 421 1832
3858 539 4067
3859 643 2901
3860 2663 4049
3861 446 2535
3862 815 2531
3863 204 4104
3864 1867 211
3865 376 1193
3866 2154 577
3867 506 4052
3868 99 4204
3869 1325 1865
3870 265 2104
3871 610 1895
3872 82 4031
3873 2976 997
3874 3487 2575
3875 2376 2710
3876 3252 3983
3877 1391 3304
3878 3960 618
3879 249 3960
3880 3054 820
3881 3537 2838
3882 1819 174
3883 2570 1106
3884 1334 1928
3885 1116 1575
3886 1911 1233
3887 3156 1688
3888 3460 655
3889 3359 4008
3890 3625 2008
3891 1166 866
3892 2576 4292
3893 2446 1677
3894 3128 3951
3895 2378 3256
3896 3373 4101
3897 2182 2634
3898 3252 3732
3899 1576 2803
3900 7 227
3901 3917 1630
3902 196 1109
3903 1653 3766
3904 1535 2007
3905 420 2802
3906 1164 1321
3907 2562 186
3908 2605 1318
3909 3939 719
3910 3692 3571
3911 1330 1798
3912 337 2138
3913 4083 1024
3914 1451 495
3915 2547 2860
3916 1067 3715
3917 3633 2113
3918 392 635
3919 3438 1281
3920 1541 1099
3921 1216 3662
3922 1012 1548
3923 3499 1449
3924 1629 4090
3925 2548 201
3926 2222 2386
3927 4138 617
3928 76 735
3929 3285 496
3930 3670 1211
3931 3968 2151
3932 3108 2701
3933 1940 852
3934 603 3461
3935 2935 3146
3936 3767 3627
3937 3382 2017
3938 1945 1651
3939 2973 2363
3940 182 956
3941 1682 2975
3942 3692 1676
3943 3289 1973
3944 2967 584
3945 3676 2319
3946 3471 2696
3947 11 2782
3948 8 1809
3949 2353 387
3950 3033 1529
3951 1963 2300
3952 2149 1575
3953 456 1270
3954 4171 599
3955 4270 829
3956 454 2584
3957 3332 3706
3958 569 1688
3959 896 2387
3960 2439 3792
3961 1347 2835
3962 1776 137
3963 4107 2153
3964 1825 3815
3965 4296 407
3966 2719 1760
3967 1295 2547
3968 1472 3314
3969 718 341
3970 731 2700
3971 4132 2346
3972 507 1630
3973 2723 2365
3974 3356 2676
3975 2763 3310
3976 2766 2461
3977 3867 3103
3978 2575 592
3979 2245 522
3980 3073 1486
3981 4138 571
3982 427 3669
3983 3762 3584
3984 1202 1433
3985 4057 790
3986 3295 3226
3987 3591 302
3988 3763 765
3989 1226 2004
3990 1455 2226
3991 1781 3718
3992 1873 337
3993 775 288
3994 2091 887
3995 2936 415
3996 2739 871
3997 2315 356
3998 1026 2918
3999 1953 402
4000 1425 1644
4001 3601 1326
4002 3468 1156
4003 4108 2654
4004 1953 2886
4005 415 2823
4006 1265 2231
4007 3134 552
4008 969 3024
4009 56 572
4010 2876 83
4011 149 247
4012 2499 1274
4013 506 1280
4014 2217 1697
4015 1783 2121
4016 767 843
4017 1285 32
4018 1255 3040
4019 3427 1981
4020 1957 2073
4021 2074 1731
4022 386 1919
4023 1168 579
4024 3509 4048
4025 265 910
4026 1350 1983
4027 1179 2331
4028 940 3855
4029 600 2609
4030 462 3835
4031 1153 3522
4032 1582 2677
4033 886 2372
4034 2390 1492
4035 3423 691
4036 3707 1826
4037 1229 3611
4038 2150 3785
4039 2076 527
4040 664 1016
4041 763 4007
4042 3965 321
4043 1007 1606
4044 4236 4222
4045 3657 2387
4046 626 2932
4047 2691 16
4048 1061 2420
4049 2087 2955
4050 2775 401
4051 2256 1824
4052 2415 532
4053 673 2932
4054 1685 2767
4055 1217 1021
4056 3056 3623
4057 1558 674
4058 4073 1135
4059 3044 2840
4060 3606 1470
4061 2343 1296
4062 3074 1192
4063 4116 107
4064 1751 2690
4065 3745 64
4066 3444 3658
4067 148 1645
4068 2509 665
4069 148 1101
4070 887 2999
4071 304 1244
4072 3088 886
4073 4057 3635
4074 4022 3503
4075 19 3429
4076 2154 853
4077 2437 2506
4078 1001 1419
4079 468 628
4080 1482 400
4081 3291 2031
4082 3163 1225
4083 2640 313
4084 433 3883
4085 1234 974
4086 4120 2690
4087 8 2644
4088 4012 4141
4089 2313 3930
4090 2696 2203
4091 3324 3034
4092 2565 437
4093 2953 4261
4094 898 2120
4095 1748 1270
4096 3593 1442
4097 4298 401
4098 1531 1896
4099 3403 1885
4100 215 4067
4101 2015 2115
4102 576 3316
4103 3055 930
4104 1096 4044
4105 3485 1172
4106 1007 2847
4107 170 470
4108 573 147
4109 448 4179
4110 4163 1809
4111 3412 725
4112 3880 1700
4113 314 2257
4114 175 1572
4115 1427 376
4116 2795 1849
4117 1817 3905
4118 3416 2056
4119 2965 3268
4120 2088 3934
4121 3674 2352
4122 3372 1857
4123 294 2154
4124 3359 2359
4125 2953 2962
4126 1319 3300
4127 308 1141
4128 2615 1141
4129 1854 1599
4130 2597 457
4131 2660 2298
4132 2165 1349
4133 3443 1395
4134 1430 396
4135 216 1893
4136 1856 409
4137 2451 1378
4138 3333 1587
4139 2591 160
4140 923 3300
4141 473 1721
4142 2558 4077
4143 170 2631
4144 3354 554
4145 2882 3072
4146 2020 2023
4147 3843 4123
4148 498 2170
4149 2335 721
4150 2043 418
4151 3869 494
4152 780 1115
4153 633 2363
4154 1203 2327
4155 1646 3958
4156 1082 2688
4157 2051 945
4158 3936 3262
4159 2565 602
4160 2705 1547
4161 4100 2094
4162 508 1146
4163 2740 288
4164 3248 4141
4165 674 3096
4166 2844 3615
4167 1918 2361
4168 2524 3253
4169 2507 634
4170 359 2139
4171 1666 2148
4172 1594 2689
4173 2408 937
4174 3977 2646
4175 2743 887
4176 1156 3880
4177 481 1468
4178 2153 1305
4179 2438 4252
4180 921 4207
4181 1883 3175
4182 623 3479
4183 2211 2373
4184 100 1579
4185 2935 531
4186 2343 1319
4187 320 720
4188 2909 360
4189 2403 3605
4190 1601 1356
4191 2913 4016
4192 3076 569
4193 708 103
4194 2247 3318
4195 82 7
4196 203 130
4197 4259 326
4198 1766 1070
4199 720 3010
4200 36 1900
4201 2318 3103
4202 497 169
4203 2232 3632
4204 753 1141
4205 437 3109
4206 4128 1789
4207 3042 1080
4208 1583 1614
4209 171 589
4210 1814 2667
4211 2439 206
4212 396 1762
4213 2005 262
4214 3260 1155
4215 2004 3241
4216 877 2842
4217 1270 613
4218 3528 3292
4219 745 2132
4220 3336 2095
4221 3718 3218
4222 4146 2045
4223 4122 3664
4224 3314 634
4225 2034 1625
4226 1678 1809
4227 1138 1528
4228 3486 4209
4229 2434 3174
4230 3524 2136
4231 2451 1033
4232 1781 1619
4233 2839 865
4234 1707 4027
4235 3567 2630
4236 1684 3336
4237 2461 3811
4238 571 228
4239 167 3682
4240 4254 670
4241 1666 3359
4242 4096 2167
4243 2326 249
4244 371 129
4245 1797 2698
4246 1376 783
4247 1106 1514
4248 1490 3832
4249 2716 212
4250 676 19
4251 159 1500
4252 2571 2530
4253 587 880
4254 124 377
4255 3851 2277
4256 4265 3950
4257 1015 1612
4258 3118 3539
4259 1312 3069
4260 2870 2431
4261 2487 447
4262 767 2473
4263 3969 2441
4264 394 3001
4265 2734 4017
4266 2170 3448
4267 3541 641
4268 2556 2466
4269 3259 26
4270 283 3870
4271 4266 2417
4272 3233 3886
4273 2832 3287
4274 601 3055
4275 3028 1157
4276 3111 2747
4277 1172 2148
4278 3377 281
4279 863 2797
4280 2767 3698
4281 633 3084
4282 3425 1294
4283 1956 1550
4284 1043 2452
4285 282 3400
4286 2033 3485
4287 3237 2367
4288 2253 1677
4289 442 3396
4290 3098 2748
4291 2161 2037
4292 210 1093
4293 1255 3269
4294 1490 2857
4295 2505 126
4296 3263 1082
4297 1924 1969
4298 1477 4112
4299 3505 4282
4300 3388 1580
