3080 3080
1 1150 789
2 750 1943
3 160 661
4 1250 2385
5 1379 1315
6 3057 1768
7 362 727
8 2922 807
9 1513 2885
10 2092 401
11 1491 355
12 2041 3033
13 2204 2234
14 864 1800
15 1 1425
16 829 2515
17 1038 2982
18 588 675
19 288 1238
20 1502 914
21 2397 2808
22 1507 2338
23 2345 885
24 249 1968
25 2843 338
26 283 929
27 14 1921
28 1213 1963
29 1900 1981
30 2951 447
31 112 2997
32 2065 1630
33 2651 2866
34 1071 1170
35 2778 276
36 2484 102
37 1277 2130
38 2107 40
39 811 1497
40 1003 630
41 892 1288
42 91 79
43 983 361
44 1591 2980
45 2862 841
46 162 1943
47 2135 3060
48 205 1082
49 508 2059
50 494 2442
51 2004 1879
52 2388 2958
53 1035 1163
54 2362 1571
55 632 2045
56 1762 714
57 1934 669
58 1372 572
59 2462 433
60 2135 2252
61 2362 304
62 1783 1158
63 1324 1622
64 1704 303
65 56 1135
66 1130 1677
67 576 2223
68 685 3000
69 1327 1857
70 671 2042
71 1736 1951
72 124 1355
73 752 1618
74 2909 1927
75 393 682
76 604 1004
77 472 560
78 630 974
79 2025 1714
80 2578 2069
81 1929 2711
82 2210 987
83 2317 1620
84 2920 1030
85 2897 1790
86 1891 893
87 819 1696
88 1985 2553
89 2458 71
90 2414 721
91 1177 964
92 1086 466
93 1688 1018
94 1880 214
95 557 154
96 2949 1637
97 1430 2203
98 1039 2618
99 546 1181
100 260 2904
101 2273 1944
102 2277 524
103 1954 1704
104 2802 2092
105 2900 1276
106 721 1792
107 710 823
108 1423 2136
109 2098 902
110 1509 919
111 359 2084
112 22 1543
113 1111 1259
114 1977 2540
115 2121 1107
116 1410 197
117 408 1152
118 350 392
119 1787 375
120 1279 245
121 2093 200
122 2636 623
123 1152 1115
124 2444 1958
125 1958 2588
126 580 816
127 2753 2241
128 2128 2361
129 2388 486
130 1295 3016
131 2537 2654
132 2666 2973
133 3020 1141
134 1941 1800
135 1263 244
136 2191 2939
137 32 1981
138 2911 955
139 576 415
140 103 1443
141 389 2364
142 2166 849
143 1034 609
144 137 1597
145 749 2533
146 1209 1999
147 218 862
148 1347 1712
149 662 2857
150 2315 1140
151 2287 712
152 986 2079
153 1730 2585
154 275 254
155 1092 2548
156 1472 2711
157 1789 525
158 1250 1843
159 666 1307
160 2457 698
161 1754 2848
162 41 2880
163 108 2179
164 1957 1191
165 1231 898
166 2080 845
167 1561 267
168 2522 784
169 116 1133
170 1623 311
171 1838 2042
172 1215 1986
173 184 520
174 2953 2789
175 1913 17
176 1153 264
177 843 1999
178 1196 547
179 583 1532
180 1897 1401
181 1389 289
182 771 146
183 87 1277
184 356 1070
185 1270 753
186 1828 2798
187 940 2609
188 1435 1661
189 3004 565
190 115 1447
191 95 1857
192 1377 1760
193 449 1482
194 2821 1232
195 1235 1322
196 1559 1830
197 2826 822
198 1045 635
199 679 150
200 2251 1881
201 2008 452
202 1450 1140
203 1424 33
204 3036 799
205 291 2028
206 1015 761
207 732 1796
208 320 2721
209 2122 41
210 1130 96
211 1760 1670
212 390 1375
213 1300 1249
214 293 2673
215 99 509
216 1845 202
217 1347 1280
218 2456 2071
219 1368 993
220 1787 952
221 1395 2157
222 541 2700
223 3032 650
224 2103 1548
225 1231 1283
226 2731 306
227 2814 669
228 831 1763
229 2645 1505
230 140 1451
231 258 620
232 1674 1152
233 1357 2387
234 439 1258
235 2038 2275
236 640 89
237 502 1351
238 2862 983
239 2372 1403
240 917 839
241 1249 505
242 2553 2943
243 709 1666
244 1298 794
245 348 232
246 1137 425
247 91 57
248 507 1731
249 2976 774
250 2494 2370
251 2321 349
252 2714 632
253 2979 2908
254 1834 2642
255 2102 1079
256 2075 2092
257 830 2571
258 12 1093
259 2470 2900
260 2086 2181
261 2416 332
262 2765 108
263 2320 2277
264 2072 2884
265 2066 529
266 102 833
267 1465 16
268 2658 2792
269 737 98
270 592 1414
271 2599 581
272 448 1763
273 320 2921
274 1579 902
275 1279 2298
276 1691 659
277 323 1702
278 1464 2859
279 1896 2552
280 2992 514
281 1741 764
282 1295 2558
283 2502 2083
284 2559 2846
285 210 298
286 1201 1266
287 2120 758
288 1429 2474
289 1150 1002
290 335 1634
291 1034 1325
292 490 3036
293 2028 118
294 985 822
295 2603 1401
296 1772 2853
297 895 1518
298 712 1018
299 1552 1144
300 2194 2988
301 2757 2827
302 717 2110
303 135 690
304 3049 2667
305 1903 528
306 607 207
307 173 21
308 995 984
309 2035 2379
310 1785 1677
311 201 402
312 1275 2742
313 626 1793
314 1161 1884
315 743 1829
316 2618 1481
317 218 919
318 171 1771
319 2982 1369
320 1542 2757
321 29 2201
322 1716 951
323 1434 1706
324 581 2440
325 128 215
326 1279 2633
327 2874 817
328 2054 2267
329 1749 1771
330 443 1724
331 1195 1955
332 608 2758
333 1177 1052
334 1491 2144
335 1955 1507
336 65 345
337 3047 1238
338 1909 1914
339 2351 403
340 1585 3027
341 2227 1680
342 2228 2145
343 1030 1287
344 2860 2415
345 1376 1453
346 1446 2290
347 1908 138
348 1236 1762
349 762 2507
350 1854 2181
351 2488 2239
352 2804 2022
353 229 1567
354 2555 166
355 1422 1546
356 2574 1458
357 796 2327
358 1015 518
359 838 996
360 1246 1095
361 1387 2022
362 1793 2135
363 18 2210
364 1357 2085
365 1094 444
366 188 1571
367 2844 454
368 2903 100
369 1271 516
370 870 3013
371 1438 2125
372 661 2611
373 2819 2228
374 225 1270
375 1040 695
376 3060 1533
377 814 288
378 1373 802
379 1750 1627
380 2788 1767
381 2555 1303
382 2732 393
383 279 1112
384 434 331
385 1557 788
386 1125 1382
387 847 2413
388 2622 2136
389 713 2983
390 1370 2755
391 1597 570
392 1741 544
393 2601 657
394 969 2163
395 1110 1284
396 496 1081
397 202 388
398 1223 2543
399 2505 133
400 683 2060
401 2607 2936
402 1728 2594
403 2393 1514
404 1712 1849
405 1412 1471
406 2065 125
407 94 147
408 2106 257
409 684 938
410 294 2699
411 1195 1798
412 1426 1418
413 1388 90
414 868 2814
415 2537 1509
416 1837 702
417 2837 1424
418 873 2640
419 540 1811
420 2307 493
421 621 1661
422 2790 2098
423 1745 11
424 754 582
425 183 2347
426 1324 993
427 1014 2874
428 1481 842
429 263 650
430 756 924
431 769 2159
432 878 2034
433 1751 884
434 1837 2696
435 1920 330
436 2793 1868
437 1037 1177
438 2098 1876
439 2120 434
440 358 1698
441 2002 868
442 1626 813
443 1901 2189
444 2638 1874
445 196 412
446 870 67
447 2745 917
448 2230 2343
449 1909 972
450 927 1851
451 1205 2421
452 1719 2766
453 2506 3019
454 2517 2891
455 2193 3000
456 2645 2418
457 5 2653
458 2145 2728
459 2818 2418
460 625 1481
461 1196 1728
462 1235 3059
463 1535 2973
464 1847 149
465 1656 1160
466 1501 1295
467 3011 1061
468 376 2812
469 1518 1875
470 454 1437
471 1678 1964
472 1128 1824
473 353 2717
474 528 2393
475 2828 1383
476 577 1087
477 678 862
478 803 1643
479 1780 32
480 894 2108
481 1534 2103
482 2767 1246
483 1706 634
484 217 780
485 952 2601
486 742 964
487 646 1880
488 2663 2939
489 1908 2054
490 623 2360
491 3066 1646
492 270 2981
493 825 53
494 789 1731
495 2664 2221
496 710 597
497 952 2306
498 2006 688
499 146 1276
500 1757 505
501 2551 1996
502 725 863
503 728 2194
504 1697 667
505 688 870
506 2384 270
507 582 917
508 2698 218
509 719 1870
510 2194 1243
511 1507 278
512 316 1175
513 1519 2313
514 474 1820
515 3004 2210
516 2338 776
517 1877 869
518 10 1519
519 3062 331
520 118 1129
521 1667 1158
522 1353 2882
523 2623 3013
524 666 2374
525 783 1425
526 1009 2172
527 782 1393
528 875 2394
529 626 2740
530 1690 2786
531 510 2606
532 2296 1251
533 881 100
534 1069 2339
535 1103 2899
536 1439 356
537 2783 2157
538 386 1692
539 1141 2454
540 1185 1409
541 1161 62
542 2251 2197
543 2807 384
544 633 591
545 688 82
546 1686 2722
547 2593 1574
548 1024 737
549 123 2609
550 2479 643
551 2099 1049
552 356 292
553 3059 2669
554 412 396
555 1368 2087
556 2189 756
557 5 1165
558 1991 1358
559 1880 137
560 2798 493
561 2387 1005
562 1840 645
563 2774 395
564 1162 1987
565 1507 3004
566 2856 2872
567 570 423
568 2684 2034
569 2350 2932
570 2143 1715
571 1368 2481
572 1526 1630
573 747 62
574 2246 432
575 1383 1772
576 1251 420
577 3042 2147
578 2454 1866
579 2548 292
580 1925 744
581 1609 2124
582 2567 1312
583 636 443
584 1832 1380
585 1858 1891
586 170 120
587 165 2437
588 37 208
589 379 24
590 24 1442
591 614 1051
592 1504 2036
593 1060 821
594 792 369
595 2658 467
596 730 1744
597 1173 882
598 2277 453
599 2073 478
600 616 557
601 1390 786
602 589 316
603 1935 1553
604 1810 1913
605 2285 2428
606 500 2100
607 2052 2060
608 2564 2822
609 2099 1939
610 1175 370
611 2586 62
612 1064 1859
613 919 1118
614 2433 2695
615 570 96
616 651 426
617 2954 2641
618 42 2950
619 1719 1597
620 1604 1825
621 585 1450
622 1619 1367
623 2976 1561
624 528 1121
625 1438 733
626 2915 2030
627 3027 1247
628 2392 2762
629 2655 1664
630 700 221
631 1157 1632
632 641 2117
633 1518 2423
634 1366 2646
635 1675 2315
636 2475 2304
637 583 2546
638 1364 1162
639 2740 704
640 643 590
641 749 2002
642 1171 341
643 2556 1340
644 1010 1084
645 2006 1168
646 1542 2719
647 587 608
648 2283 2573
649 154 222
650 1284 924
651 2956 2281
652 1233 2639
653 544 2003
654 1951 1317
655 543 330
656 1054 1812
657 1424 2235
658 383 1637
659 711 2397
660 397 1850
661 730 1685
662 478 1277
663 1877 358
664 1025 1827
665 2766 1244
666 1602 1665
667 1515 2241
668 1867 2981
669 1530 119
670 1190 688
671 2105 366
672 2041 75
673 896 3040
674 2808 928
675 211 1628
676 1977 594
677 564 2865
678 84 2520
679 617 483
680 2834 773
681 2282 418
682 1088 244
683 1534 2881
684 156 2634
685 902 2308
686 263 236
687 418 2910
688 1571 1027
689 2731 1905
690 646 2341
691 544 2343
692 72 1246
693 2365 490
694 2978 2599
695 2857 271
696 159 573
697 1702 872
698 1631 2525
699 1143 897
700 170 2879
701 1901 2851
702 1250 800
703 2010 2728
704 860 2197
705 2346 1438
706 1281 2013
707 446 1640
708 119 470
709 547 1625
710 1461 26
711 2427 322
712 759 171
713 67 2725
714 2935 1933
715 1396 3027
716 2813 1923
717 2693 892
718 2080 277
719 1193 1805
720 181 8
721 181 1239
722 928 2118
723 1326 2717
724 713 3064
725 112 829
726 1312 210
727 25 2035
728 1355 2710
729 327 1979
730 2775 155
731 375 806
732 1886 1062
733 2536 950
734 1833 2602
735 255 101
736 574 988
737 845 2947
738 891 2746
739 1014 2815
740 2068 2630
741 731 1120
742 3040 566
743 1754 2820
744 1403 1846
745 1475 608
746 2048 983
747 1311 2225
748 2309 1601
749 2629 347
750 484 1495
751 733 600
752 1278 722
753 1648 2971
754 547 1041
755 871 1085
756 632 47
757 83 1136
758 1040 358
759 1245 1995
760 782 2963
761 2480 917
762 321 817
763 1124 677
764 2153 1771
765 2179 2377
766 2242 2020
767 1785 2293
768 1446 2673
769 1248 1983
770 2136 2154
771 1761 2785
772 894 140
773 874 2926
774 950 2066
775 1476 193
776 2109 846
777 1172 2802
778 1651 1498
779 1029 2074
780 1115 1780
781 372 1169
782 1002 2962
783 1820 3006
784 1254 217
785 1955 471
786 921 165
787 3029 3017
788 2205 2692
789 2959 3050
790 322 3003
791 2190 813
792 895 2606
793 1777 327
794 1750 2522
795 124 3032
796 1282 2957
797 559 2387
798 797 160
799 207 2729
800 789 2139
801 2379 106
802 1190 242
803 2409 1022
804 2975 223
805 866 1476
806 2654 2584
807 2379 2409
808 948 2187
809 2078 2771
810 2273 439
811 432 1222
812 1575 2444
813 2988 47
814 2874 1654
815 352 287
816 307 2686
817 847 410
818 2225 2642
819 2535 1032
820 2633 1774
821 2531 3036
822 2495 106
823 1739 139
824 942 557
825 90 2976
826 124 1179
827 145 1278
828 2794 1588
829 1723 1668
830 2962 221
831 1577 864
832 1945 2530
833 966 973
834 1376 228
835 837 2175
836 525 1847
837 466 2537
838 343 48
839 2294 1685
840 2539 917
841 1935 12
842 2088 1053
843 383 2126
844 858 2594
845 44 1412
846 165 1692
847 1080 2315
848 1847 2096
849 2130 348
850 827 1400
851 157 699
852 2323 1373
853 591 2732
854 2894 866
855 2836 1493
856 2267 59
857 1388 40
858 957 957
859 147 159
860 2807 1776
861 351 2749
862 1754 1083
863 1471 474
864 1116 2927
865 882 2207
866 1947 150
867 958 2891
868 2147 2141
869 1530 1397
870 1484 2864
871 38 1828
872 2983 85
873 2553 1163
874 2482 300
875 1619 2320
876 1306 2469
877 1684 840
878 1609 1163
879 2981 355
880 2137 415
881 2726 1910
882 3063 2671
883 1839 2664
884 443 649
885 2995 572
886 1776 2291
887 2994 2329
888 2151 29
889 270 2415
890 392 1961
891 2896 1211
892 2619 2713
893 236 156
894 1779 898
895 2866 1015
896 789 2280
897 1934 2160
898 321 1003
899 394 2514
900 2878 928
901 739 2969
902 234 1690
903 457 2326
904 1594 898
905 2787 2898
906 1630 317
907 3035 1439
908 345 1925
909 1413 1051
910 1272 1107
911 1566 2310
912 393 851
913 2250 1542
914 2222 1352
915 1334 2401
916 482 1714
917 2552 1276
918 2603 405
919 1220 233
920 1936 629
921 704 1533
922 1973 2198
923 82 1907
924 573 2352
925 248 611
926 1104 2739
927 2449 2072
928 1101 2751
929 978 1537
930 800 824
931 2203 2741
932 2080 2608
933 1059 2540
934 2091 1853
935 1257 1683
936 2859 244
937 1365 1504
938 2029 30
939 2286 2064
940 2286 91
941 2102 2414
942 1473 1580
943 2827 1412
944 2120 1437
945 702 2838
946 1559 594
947 1505 2525
948 751 393
949 69 1306
950 1441 345
951 330 1900
952 872 1889
953 1483 2987
954 733 661
955 632 1814
956 2157 2708
957 2213 2578
958 1254 565
959 2084 2243
960 1458 2435
961 2871 2880
962 2771 1719
963 928 2058
964 2063 3069
965 2252 1686
966 1214 2393
967 1381 500
968 1898 2412
969 2192 1782
970 1853 2689
971 239 748
972 1218 157
973 1703 2599
974 1581 1655
975 2532 1374
976 1484 1188
977 779 278
978 522 1453
979 40 1588
980 1402 1021
981 2386 336
982 2865 1214
983 2156 1834
984 1415 2860
985 2381 176
986 2183 2628
987 1282 2596
988 412 1989
989 810 1567
990 1406 1640
991 1539 1970
992 1142 1269
993 1131 2703
994 1295 2839
995 482 2163
996 222 2264
997 1126 2111
998 875 255
999 1614 359
1000 119 1209
1001 59 2243
1002 2488 2173
1003 1819 932
1004 1708 141
1005 864 9
1006 835 1386
1007 513 1842
1008 2879 1216
1009 1368 532
1010 2368 922
1011 2884 1095
1012 2971 2502
1013 215 1844
1014 971 1988
1015 2498 2540
1016 2811 491
1017 2192 917
1018 499 933
1019 1977 2709
1020 1937 1100
1021 2056 236
1022 1977 781
1023 1823 2933
1024 1528 428
1025 1984 1581
1026 1918 984
1027 711 432
1028 834 2496
1029 2487 2312
1030 538 638
1031 642 751
1032 1883 2891
1033 2806 2383
1034 142 619
1035 1732 1391
1036 924 1010
1037 1474 441
1038 1683 1816
1039 667 1226
1040 473 2505
1041 2341 2274
1042 1240 1168
1043 1820 2677
1044 2531 1901
1045 1509 2425
1046 1192 660
1047 965 1600
1048 2214 1104
1049 1803 576
1050 81 2823
1051 308 738
1052 2852 2184
1053 2598 3080
1054 2142 1315
1055 478 1634
1056 1897 960
1057 918 2187
1058 814 1466
1059 481 1639
1060 181 637
1061 65 2879
1062 396 486
1063 363 2401
1064 2437 1266
1065 2145 1826
1066 1245 34
1067 1825 517
1068 2322 1893
1069 1355 329
1070 285 1030
1071 601 1141
1072 2848 2231
1073 2330 1823
1074 1762 1151
1075 2536 822
1076 1472 344
1077 2027 508
1078 1814 396
1079 628 2632
1080 1095 537
1081 863 1923
1082 2378 1130
1083 2379 2410
1084 1373 1353
1085 2291 2659
1086 2318 26
1087 482 1723
1088 2511 2929
1089 1931 903
1090 2418 1342
1091 495 2306
1092 1686 1815
1093 891 2310
1094 1880 1919
1095 1688 1719
1096 3061 1734
1097 1980 2036
1098 1151 1698
1099 2962 2991
1100 3070 1788
1101 2398 1279
1102 1057 69
1103 1387 2220
1104 3062 1379
1105 1208 2899
1106 2014 1071
1107 1008 2210
1108 204 1913
1109 481 815
1110 143 302
1111 239 2108
1112 798 921
1113 1370 2293
1114 1436 1135
1115 734 1005
1116 37 495
1117 866 2614
1118 1679 2210
1119 1603 1671
1120 684 1223
1121 2737 403
1122 2903 2587
1123 1585 792
1124 2485 1191
1125 2629 85
1126 134 1026
1127 2322 287
1128 2083 72
1129 2152 670
1130 987 347
1131 831 188
1132 465 2905
1133 200 2805
1134 1272 102
1135 633 1885
1136 1570 1060
1137 2910 967
1138 1316 1856
1139 956 218
1140 975 463
1141 1871 921
1142 2595 2433
1143 2615 1674
1144 572 317
1145 2118 1374
1146 673 2941
1147 2333 2251
1148 2107 2995
1149 400 295
1150 1755 715
1151 655 2046
1152 2839 1211
1153 1175 1262
1154 1655 1145
1155 1632 2857
1156 954 1668
1157 3071 2
1158 2750 781
1159 2063 676
1160 1896 567
1161 2372 303
1162 2265 2309
1163 1345 2948
1164 914 51
1165 1698 1467
1166 2265 1056
1167 2236 1882
1168 2636 2259
1169 36 1713
1170 2197 627
1171 2293 669
1172 3079 331
1173 2942 1354
1174 2280 1702
1175 1459 2852
1176 648 855
1177 1770 695
1178 1409 2332
1179 1945 2765
1180 2847 1499
1181 1479 1568
1182 1721 838
1183 488 2433
1184 2096 1716
1185 1117 3073
1186 1008 2328
1187 355 957
1188 1502 374
1189 2106 1543
1190 681 354
1191 1697 531
1192 1683 107
1193 2480 2527
1194 1065 1465
1195 191 1535
1196 1713 483
1197 781 2935
1198 1308 1020
1199 979 1602
1200 2524 2150
1201 2682 603
1202 640 1391
1203 610 875
1204 2862 420
1205 309 546
1206 568 1275
1207 2667 2241
1208 530 1453
1209 231 1911
1210 2010 524
1211 369 2970
1212 473 1361
1213 1990 1816
1214 882 474
1215 1853 319
1216 944 1946
1217 1259 2218
1218 2317 2081
1219 682 1709
1220 1392 2437
1221 1461 1235
1222 1518 753
1223 167 1309
1224 1868 1869
1225 221 1790
1226 1980 1062
1227 2425 1741
1228 1143 2343
1229 2160 2659
1230 1706 2144
1231 2726 1678
1232 2675 607
1233 369 245
1234 2253 2381
1235 11 1612
1236 1587 874
1237 1068 1250
1238 922 2226
1239 1055 1361
1240 2418 305
1241 355 390
1242 2686 574
1243 2470 1450
1244 1458 1645
1245 1661 1600
1246 636 727
1247 582 1448
1248 630 1837
1249 1538 1371
1250 1755 411
1251 2333 648
1252 840 2762
1253 2992 526
1254 405 32
1255 2194 659
1256 780 1884
1257 2706 2765
1258 1089 1996
1259 2623 1959
1260 1546 2537
1261 1692 150
1262 1841 294
1263 1150 645
1264 208 965
1265 111 1149
1266 2165 1443
1267 1137 193
1268 2614 1709
1269 2947 3009
1270 518 2674
1271 1408 748
1272 1625 2491
1273 936 868
1274 1804 617
1275 2030 853
1276 80 173
1277 348 1607
1278 2257 1718
1279 508 228
1280 2530 2566
1281 649 2219
1282 1788 2502
1283 2077 454
1284 190 571
1285 2524 137
1286 742 2281
1287 560 36
1288 553 1104
1289 2375 1867
1290 760 1355
1291 2762 2932
1292 1204 64
1293 2119 97
1294 1939 1813
1295 145 2214
1296 1611 16
1297 671 1989
1298 1791 2715
1299 818 472
1300 192 3069
1301 1579 2159
1302 1709 1468
1303 1620 3035
1304 1461 897
1305 2861 1794
1306 684 1741
1307 835 1732
1308 1701 1315
1309 4 173
1310 984 1469
1311 2510 1292
1312 2844 2100
1313 496 2131
1314 558 234
1315 1857 2568
1316 1883 2835
1317 1912 659
1318 1866 507
1319 2211 2137
1320 1741 2833
1321 180 1800
1322 409 292
1323 2465 1084
1324 2460 2181
1325 1267 42
1326 384 2566
1327 657 2700
1328 1181 1097
1329 1790 2164
1330 2419 2332
1331 808 2844
1332 759 779
1333 3075 468
1334 814 2886
1335 317 1741
1336 1176 2829
1337 2699 2855
1338 2743 1826
1339 2764 574
1340 1457 926
1341 228 1066
1342 2281 958
1343 1180 158
1344 2949 503
1345 888 1681
1346 532 2984
1347 409 1540
1348 102 647
1349 2884 2556
1350 1016 1878
1351 786 1400
1352 2543 1863
1353 26 2061
1354 1293 1798
1355 1740 3064
1356 1627 2838
1357 2135 1595
1358 478 1623
1359 2390 1876
1360 101 999
1361 1373 346
1362 1273 238
1363 2131 810
1364 533 1142
1365 1955 1545
1366 2153 2954
1367 1555 1466
1368 1258 62
1369 2448 2499
1370 2028 1961
1371 2585 1011
1372 770 1150
1373 1004 2878
1374 277 2401
1375 1590 1461
1376 2124 3016
1377 2615 1575
1378 963 407
1379 533 3004
1380 1223 2088
1381 2248 1372
1382 2576 1371
1383 1262 2491
1384 2144 387
1385 639 1160
1386 603 1977
1387 211 247
1388 3016 53
1389 2291 1187
1390 2575 2122
1391 2094 1104
1392 1907 1946
1393 1133 2096
1394 753 2666
1395 2345 67
1396 2874 2206
1397 1251 741
1398 934 2616
1399 1988 2747
1400 2921 2981
1401 2870 1270
1402 3067 1392
1403 3067 2611
1404 938 2036
1405 3045 2962
1406 2403 1724
1407 301 718
1408 633 461
1409 439 1276
1410 125 2991
1411 2078 399
1412 542 2191
1413 876 652
1414 706 3073
1415 357 1817
1416 2078 1580
1417 877 819
1418 2931 1854
1419 2935 1505
1420 1826 2066
1421 544 427
1422 1850 54
1423 1699 159
1424 2735 986
1425 941 1892
1426 2276 1430
1427 1364 1136
1428 916 1892
1429 2756 808
1430 2590 974
1431 370 87
1432 1351 280
1433 2884 2920
1434 1020 953
1435 2057 2847
1436 304 1535
1437 173 2989
1438 1931 33
1439 2384 1450
1440 3060 48
1441 200 377
1442 352 392
1443 827 2438
1444 1356 2019
1445 2593 2098
1446 903 1960
1447 1937 107
1448 419 2330
1449 2548 1517
1450 1278 1467
1451 2519 2150
1452 1516 731
1453 1989 1905
1454 1735 524
1455 1892 1513
1456 817 88
1457 1654 2472
1458 2937 796
1459 83 472
1460 245 1326
1461 1117 1290
1462 359 2310
1463 1740 182
1464 1099 377
1465 1027 722
1466 2384 2972
1467 355 1286
1468 165 1919
1469 1230 2535
1470 1245 2495
1471 463 2258
1472 1286 728
1473 2816 2532
1474 1031 1987
1475 1676 592
1476 2040 541
1477 2110 2240
1478 406 1264
1479 2721 1895
1480 1783 2734
1481 314 783
1482 2202 986
1483 1795 2927
1484 363 2322
1485 130 2183
1486 486 634
1487 1521 2718
1488 674 490
1489 2030 1140
1490 1072 1820
1491 1238 820
1492 2124 2622
1493 2318 1604
1494 1643 2391
1495 658 2584
1496 1285 1207
1497 409 1507
1498 350 151
1499 857 1560
1500 1943 28
1501 2007 2161
1502 2602 974
1503 2434 2725
1504 1006 726
1505 2921 63
1506 1415 1623
1507 2377 2461
1508 2810 1043
1509 2395 2526
1510 1631 2977
1511 2638 639
1512 2272 1902
1513 1289 2176
1514 1785 1307
1515 644 1114
1516 713 661
1517 919 772
1518 424 2410
1519 1530 2311
1520 2505 1082
1521 2927 1742
1522 194 1492
1523 2645 602
1524 2641 748
1525 1007 437
1526 2762 1305
1527 2165 1669
1528 302 1691
1529 1792 772
1530 2270 980
1531 2395 1269
1532 2744 1214
1533 2361 329
1534 2225 638
1535 66 340
1536 1372 960
1537 1434 1673
1538 1746 2516
1539 1667 629
1540 2042 2495
1541 2097 2562
1542 2675 3060
1543 2342 18
1544 1200 788
1545 992 2368
1546 1539 628
1547 3008 1649
1548 2813 2023
1549 1197 2360
1550 916 1843
1551 512 2891
1552 2702 1992
1553 24 1584
1554 1462 870
1555 25 2564
1556 1349 894
1557 1201 1397
1558 1874 2348
1559 1931 1182
1560 2573 1131
1561 1872 899
1562 2448 130
1563 594 2934
1564 911 2318
1565 2018 2905
1566 1514 624
1567 1253 1701
1568 1664 512
1569 1115 3019
1570 422 2706
1571 1489 1584
1572 3033 2880
1573 1103 2942
1574 904 680
1575 1763 505
1576 1942 1584
1577 2343 727
1578 1734 2071
1579 2353 1812
1580 1991 229
1581 754 300
1582 1202 2070
1583 2490 2994
1584 1466 1250
1585 2306 1433
1586 2228 25
1587 433 2049
1588 2462 3078
1589 2595 949
1590 349 1417
1591 806 546
1592 1186 2385
1593 2519 722
1594 109 3010
1595 2413 3042
1596 820 307
1597 2804 3049
1598 885 3019
1599 1701 1474
1600 179 558
1601 916 483
1602 1878 106
1603 2547 991
1604 3046 2279
1605 285 193
1606 832 1894
1607 1812 730
1608 1842 2416
1609 2231 941
1610 548 499
1611 1766 1233
1612 1575 697
1613 2336 2359
1614 2619 2161
1615 152 172
1616 2203 954
1617 1515 2785
1618 2796 13
1619 445 690
1620 231 1283
1621 1933 1587
1622 1650 1551
1623 2590 1537
1624 565 564
1625 431 2624
1626 763 354
1627 2621 177
1628 1928 1517
1629 1622 1575
1630 1483 543
1631 2290 2066
1632 388 1032
1633 2486 1787
1634 1175 1995
1635 1737 289
1636 1441 2866
1637 2355 3035
1638 1538 2788
1639 1050 2279
1640 84 2142
1641 1350 667
1642 476 2112
1643 1984 530
1644 830 1186
1645 1799 3001
1646 469 2174
1647 347 1090
1648 67 247
1649 2445 1105
1650 1374 2019
1651 958 3069
1652 1093 573
1653 2247 33
1654 2953 870
1655 1113 500
1656 1071 1861
1657 1670 133
1658 556 396
1659 2016 2035
1660 226 2917
1661 2265 1997
1662 643 1701
1663 1802 109
1664 1443 32
1665 1696 1346
1666 2747 1237
1667 2844 2158
1668 530 2499
1669 1169 725
1670 2487 1292
1671 1499 2671
1672 2141 857
1673 527 256
1674 2774 918
1675 789 1302
1676 1115 2920
1677 2997 754
1678 1138 68
1679 1921 2187
1680 2658 2081
1681 1887 2079
1682 2459 2905
1683 771 724
1684 1265 2204
1685 26 1862
1686 1563 446
1687 2145 66
1688 2934 2242
1689 2935 2050
1690 808 2255
1691 416 1041
1692 1330 2458
1693 1380 1794
1694 2845 2292
1695 7 2204
1696 1768 1685
1697 2418 1833
1698 1912 2032
1699 1650 2135
1700 1642 1385
1701 552 1126
1702 1901 1621
1703 865 411
1704 2148 753
1705 2679 444
1706 2666 38
1707 31 3053
1708 2806 2803
1709 676 1291
1710 786 91
1711 516 31
1712 2046 2521
1713 697 1173
1714 2290 1889
1715 779 1318
1716 2140 2001
1717 1381 2427
1718 815 2336
1719 2597 1883
1720 1469 629
1721 1903 1646
1722 2965 2955
1723 1700 1810
1724 376 188
1725 1047 1654
1726 121 468
1727 1848 790
1728 1628 2975
1729 269 742
1730 881 1437
1731 1942 674
1732 72 2684
1733 263 1622
1734 2070 2815
1735 2027 1145
1736 529 815
1737 503 2695
1738 2521 2463
1739 2541 1224
1740 3072 2060
1741 659 1171
1742 2971 204
1743 2251 303
1744 1641 582
1745 2684 995
1746 59 883
1747 1753 2291
1748 3013 107
1749 3056 2510
1750 1093 2563
1751 109 455
1752 3065 1373
1753 2544 2673
1754 2189 1361
1755 2604 2926
1756 2725 2443
1757 1850 2137
1758 32 1269
1759 2046 1611
1760 2270 2982
1761 231 2715
1762 1131 1427
1763 613 1441
1764 2196 189
1765 190 837
1766 361 1819
1767 722 299
1768 660 153
1769 856 1586
1770 642 2329
1771 2040 2589
1772 2287 674
1773 770 762
1774 2743 462
1775 1655 1537
1776 2754 456
1777 1687 1199
1778 2359 1069
1779 394 2324
1780 1084 2698
1781 2779 2513
1782 1541 103
1783 1690 254
1784 3035 315
1785 569 2595
1786 1895 2880
1787 1961 878
1788 688 2000
1789 2789 596
1790 768 1735
1791 1351 1043
1792 22 1771
1793 146 199
1794 936 2138
1795 2561 955
1796 2198 1251
1797 94 2315
1798 2143 1864
1799 2908 696
1800 2710 2801
1801 2593 2772
1802 2477 2629
1803 2471 2590
1804 1813 725
1805 2898 1928
1806 1437 3017
1807 655 175
1808 2633 1159
1809 402 203
1810 253 1537
1811 1664 2792
1812 1810 2647
1813 2343 2107
1814 1687 220
1815 1042 3057
1816 500 2661
1817 1914 2085
1818 2291 216
1819 1553 1264
1820 1593 1001
1821 2481 926
1822 1764 2971
1823 1757 2862
1824 324 389
1825 806 2883
1826 1518 1610
1827 1344 2881
1828 1407 2742
1829 2942 2713
1830 1702 1862
1831 131 1697
1832 1070 2823
1833 2474 573
1834 2138 1433
1835 1489 731
1836 914 229
1837 674 1958
1838 1629 653
1839 1050 912
1840 2591 1836
1841 797 2710
1842 77 2358
1843 2266 407
1844 422 2192
1845 586 2805
1846 676 3003
1847 983 159
1848 11 2285
1849 2291 574
1850 1746 2713
1851 1327 1686
1852 1688 608
1853 1893 2447
1854 97 2016
1855 935 365
1856 1473 1980
1857 905 1245
1858 295 836
1859 2972 658
1860 1278 2774
1861 1221 1382
1862 216 1965
1863 1430 820
1864 2068 1169
1865 1324 902
1866 1994 2847
1867 1073 2802
1868 2916 2379
1869 2146 1603
1870 1319 2795
1871 1691 189
1872 2098 2358
1873 1633 2088
1874 1279 396
1875 2112 737
1876 2376 1223
1877 415 1197
1878 859 2251
1879 1377 2320
1880 1800 2426
1881 2589 702
1882 2691 252
1883 1952 2695
1884 2398 741
1885 753 1784
1886 249 1942
1887 1733 2375
1888 1636 1432
1889 381 1895
1890 459 2047
1891 149 1886
1892 2027 2412
1893 982 27
1894 101 2197
1895 574 1875
1896 2920 33
1897 950 45
1898 1460 1862
1899 1956 1037
1900 69 2110
1901 2914 1231
1902 4 258
1903 2407 2701
1904 244 1869
1905 685 1074
1906 99 1884
1907 2955 239
1908 680 868
1909 2635 765
1910 1636 2244
1911 1958 3061
1912 68 37
1913 487 3013
1914 158 1064
1915 2261 2748
1916 1937 590
1917 885 2447
1918 2634 1758
1919 968 221
1920 2189 1034
1921 2977 2328
1922 2504 75
1923 2817 1117
1924 918 623
1925 14 222
1926 2787 2711
1927 2409 157
1928 2083 2590
1929 2176 1692
1930 680 615
1931 1924 2339
1932 1860 1502
1933 2899 1594
1934 987 242
1935 2904 2919
1936 437 2465
1937 1761 1162
1938 778 860
1939 513 1656
1940 3014 2381
1941 912 2293
1942 1168 2943
1943 624 820
1944 350 324
1945 1921 52
1946 771 77
1947 2071 1539
1948 619 77
1949 1162 1062
1950 270 598
1951 375 1613
1952 444 2689
1953 501 2137
1954 1496 232
1955 602 903
1956 2360 695
1957 2143 2561
1958 340 2418
1959 1561 331
1960 708 2648
1961 1762 1275
1962 2151 2225
1963 2824 52
1964 1393 1651
1965 1891 2205
1966 1540 2803
1967 1045 1350
1968 1163 2179
1969 669 898
1970 1779 2446
1971 732 332
1972 2387 476
1973 2212 19
1974 1934 2466
1975 2158 327
1976 782 241
1977 1747 2457
1978 2643 2443
1979 213 2574
1980 852 361
1981 327 2253
1982 2813 552
1983 962 105
1984 1714 2525
1985 2857 3008
1986 2978 431
1987 1479 1957
1988 536 484
1989 2080 491
1990 2318 359
1991 53 1027
1992 1187 304
1993 1644 512
1994 2079 1556
1995 472 825
1996 28 2670
1997 668 1591
1998 3000 854
1999 2694 2815
2000 2496 25
2001 2330 2890
2002 2294 1538
2003 443 979
2004 2286 1456
2005 202 1745
2006 2094 775
2007 264 22
2008 740 803
2009 598 2774
2010 77 1122
2011 1551 2468
2012 2946 506
2013 1188 1530
2014 197 1612
2015 1385 1184
2016 2453 479
2017 2710 2311
2018 47 1791
2019 1233 2638
2020 2934 199
2021 1681 1620
2022 788 1860
2023 638 751
2024 2961 828
2025 2519 997
2026 2706 2840
2027 652 2193
2028 1222 1462
2029 134 2344
2030 2638 610
2031 1523 2516
2032 1811 197
2033 1438 632
2034 1644 2398
2035 1399 54
2036 2991 1401
2037 2959 1966
2038 1048 1037
2039 1951 2663
2040 2553 1187
2041 345 2403
2042 1537 1267
2043 1838 1646
2044 2039 561
2045 2746 2407
2046 2080 816
2047 429 2594
2048 704 805
2049 979 621
2050 213 256
2051 1678 2546
2052 1770 775
2053 707 509
2054 259 1771
2055 34 2070
2056 36 2094
2057 1274 1113
2058 495 2053
2059 2261 2676
2060 174 1219
2061 1063 2992
2062 677 1143
2063 2541 228
2064 1404 2823
2065 1804 1782
2066 132 1892
2067 431 2267
2068 719 199
2069 1925 1210
2070 1149 2357
2071 921 532
2072 1404 439
2073 2988 46
2074 215 885
2075 889 2882
2076 2634 2669
2077 2503 395
2078 2589 2350
2079 2052 584
2080 3016 2585
2081 424 611
2082 2734 26
2083 2536 297
2084 2309 2420
2085 156 828
2086 2037 115
2087 1251 1520
2088 1094 1246
2089 574 484
2090 2735 2316
2091 2954 922
2092 1196 3037
2093 169 1080
2094 1664 1397
2095 1387 2615
2096 619 629
2097 345 2915
2098 158 1203
2099 2371 996
2100 1909 2059
2101 130 133
2102 1539 629
2103 1960 1436
2104 733 2529
2105 47 2409
2106 1495 2049
2107 1472 1554
2108 2948 2686
2109 1429 1230
2110 1029 2141
2111 1961 1025
2112 1527 578
2113 1966 887
2114 833 1238
2115 1686 2508
2116 2926 1022
2117 1758 3044
2118 281 124
2119 2976 1670
2120 142 2314
2121 1497 2798
2122 585 2684
2123 1627 2467
2124 601 869
2125 2419 182
2126 2740 445
2127 3069 1925
2128 2865 2985
2129 2838 2447
2130 2026 275
2131 971 953
2132 809 964
2133 480 120
2134 1748 7
2135 2964 735
2136 1884 600
2137 1651 667
2138 1650 797
2139 2547 1293
2140 211 788
2141 363 2393
2142 766 1293
2143 3001 1277
2144 1675 1137
2145 235 1899
2146 3007 1675
2147 1929 1634
2148 2981 726
2149 1209 1586
2150 2455 711
2151 2914 2135
2152 1669 2444
2153 549 2376
2154 477 117
2155 128 1768
2156 731 2826
2157 2557 2036
2158 2291 2534
2159 148 1999
2160 213 1762
2161 900 2003
2162 1976 1405
2163 1063 1672
2164 2747 10
2165 1559 970
2166 920 1691
2167 587 1190
2168 2137 1701
2169 1287 1780
2170 2983 315
2171 723 1668
2172 1025 103
2173 18 378
2174 2218 3007
2175 877 1052
2176 1758 1245
2177 2313 2254
2178 254 617
2179 31 2323
2180 594 1610
2181 1347 2223
2182 751 59
2183 7 2403
2184 1906 1475
2185 777 2049
2186 2811 2911
2187 1290 1536
2188 2948 2004
2189 248 2946
2190 540 2544
2191 2678 2356
2192 263 168
2193 1674 2221
2194 313 1456
2195 1448 1707
2196 3 1310
2197 2333 2099
2198 2517 1447
2199 855 1239
2200 613 2910
2201 2067 1117
2202 2879 2546
2203 1974 149
2204 397 1664
2205 376 795
2206 1480 1
2207 2630 791
2208 3024 1950
2209 1720 433
2210 216 40
2211 2986 968
2212 2398 2772
2213 94 2468
2214 2634 160
2215 89 2090
2216 1148 743
2217 909 1185
2218 2811 1867
2219 1912 1275
2220 355 356
2221 587 1566
2222 919 531
2223 1253 2388
2224 2104 172
2225 713 535
2226 1404 1612
2227 3021 2561
2228 986 1798
2229 532 1083
2230 637 1589
2231 423 1420
2232 2975 1181
2233 559 1189
2234 1416 578
2235 2054 498
2236 735 2438
2237 2151 2363
2238 937 781
2239 883 1060
2240 1799 1348
2241 1342 90
2242 52 81
2243 289 1360
2244 352 1212
2245 2257 816
2246 1151 54
2247 2960 685
2248 1790 89
2249 1770 392
2250 622 2200
2251 634 2586
2252 473 1072
2253 1270 1474
2254 1685 616
2255 2848 1871
2256 159 1901
2257 967 665
2258 505 1817
2259 1502 819
2260 1911 2732
2261 1027 1531
2262 1823 108
2263 267 2397
2264 216 1721
2265 2700 700
2266 172 2516
2267 779 2154
2268 1496 2601
2269 1135 339
2270 19 34
2271 453 2557
2272 445 2455
2273 1117 2787
2274 131 747
2275 44 1002
2276 1088 3040
2277 1564 2907
2278 942 1989
2279 2386 883
2280 1045 2815
2281 118 1263
2282 2931 1982
2283 1528 3004
2284 597 2170
2285 977 213
2286 108 886
2287 2248 198
2288 2756 307
2289 214 41
2290 17 2143
2291 1724 1063
2292 2203 1904
2293 2659 1874
2294 171 1028
2295 980 1624
2296 1934 1483
2297 265 2162
2298 1450 2303
2299 915 2718
2300 2863 1090
2301 1118 1570
2302 1968 2073
2303 2346 2770
2304 1193 2256
2305 2820 2083
2306 691 1062
2307 988 2321
2308 2727 2178
2309 856 222
2310 103 2782
2311 137 2172
2312 2419 1747
2313 2939 2437
2314 642 1126
2315 1267 3017
2316 975 2649
2317 741 2472
2318 2574 413
2319 1124 3048
2320 2095 1678
2321 2261 1273
2322 243 2791
2323 517 2959
2324 2012 568
2325 1058 2896
2326 2226 373
2327 1568 2847
2328 2203 2593
2329 46 88
2330 2378 2139
2331 1424 1628
2332 2068 48
2333 974 2424
2334 2023 1841
2335 2140 2137
2336 500 942
2337 2195 395
2338 2102 178
2339 872 3074
2340 1547 1913
2341 1987 1480
2342 1051 488
2343 75 3056
2344 903 1045
2345 2801 1314
2346 2411 782
2347 586 1273
2348 871 1638
2349 1209 1601
2350 1306 109
2351 1532 1941
2352 2568 1823
2353 2917 936
2354 2471 1608
2355 747 1850
2356 2732 1822
2357 2338 1917
2358 115 2424
2359 657 2409
2360 1382 37
2361 1947 69
2362 2437 2984
2363 1993 1534
2364 1519 2603
2365 2526 509
2366 2568 314
2367 1698 372
2368 2564 1657
2369 1018 521
2370 2635 2168
2371 2624 2607
2372 974 102
2373 2751 985
2374 1025 308
2375 1147 2168
2376 1113 803
2377 1638 1583
2378 255 1120
2379 1461 229
2380 2757 1215
2381 1189 322
2382 721 1271
2383 2064 334
2384 2536 868
2385 940 1638
2386 845 1874
2387 102 2448
2388 1690 1617
2389 1018 1690
2390 1238 2948
2391 2303 2942
2392 1927 2102
2393 697 2777
2394 1834 1991
2395 2438 2131
2396 1529 2771
2397 454 1433
2398 1924 820
2399 3012 994
2400 1619 145
2401 1194 2911
2402 1547 879
2403 2884 2615
2404 2335 1999
2405 812 1553
2406 1329 1408
2407 3022 1091
2408 265 991
2409 1260 642
2410 2829 1068
2411 693 2723
2412 2818 1366
2413 2697 114
2414 58 2841
2415 1696 2065
2416 2198 1040
2417 268 812
2418 1957 2550
2419 1444 2322
2420 1134 3049
2421 987 646
2422 1915 1177
2423 2048 1046
2424 1975 1549
2425 135 1484
2426 905 119
2427 480 764
2428 1425 1457
2429 774 2805
2430 1362 143
2431 2643 2603
2432 152 2887
2433 562 1124
2434 1300 639
2435 2613 2698
2436 1783 414
2437 1232 1681
2438 315 606
2439 2422 1281
2440 1608 2816
2441 2490 1325
2442 1037 2760
2443 1968 1973
2444 2413 234
2445 1205 618
2446 1765 814
2447 133 2464
2448 1882 2208
2449 1628 2176
2450 3032 1611
2451 2719 879
2452 2585 102
2453 1211 425
2454 306 2119
2455 870 1322
2456 901 2728
2457 1149 1055
2458 970 1536
2459 126 1064
2460 1519 3027
2461 135 2104
2462 2282 1612
2463 2582 592
2464 2492 578
2465 1882 657
2466 1152 1456
2467 418 2328
2468 2868 1714
2469 1677 2815
2470 400 2117
2471 2353 1498
2472 1501 1198
2473 120 3000
2474 1568 1190
2475 120 2787
2476 806 884
2477 2922 1344
2478 890 291
2479 2254 66
2480 2045 1549
2481 828 1196
2482 1165 241
2483 1486 2959
2484 1017 2033
2485 1388 571
2486 1972 1927
2487 1584 1225
2488 1033 369
2489 1420 920
2490 398 1298
2491 2176 630
2492 27 2227
2493 1472 2842
2494 2876 2010
2495 501 2800
2496 2741 2522
2497 2995 1228
2498 2454 2355
2499 1451 3074
2500 632 675
2501 1050 629
2502 2759 1901
2503 1506 2087
2504 1224 1282
2505 1991 113
2506 1484 461
2507 2172 2571
2508 1326 2314
2509 1351 822
2510 993 1458
2511 747 1664
2512 789 2016
2513 1677 2448
2514 3076 2576
2515 737 2922
2516 1032 1713
2517 1341 2725
2518 24 2528
2519 974 1419
2520 1747 791
2521 1834 641
2522 2476 1350
2523 286 17
2524 1454 345
2525 2545 1644
2526 1465 1585
2527 360 2651
2528 2405 1640
2529 499 207
2530 271 263
2531 1240 1583
2532 594 586
2533 2063 1619
2534 1680 1095
2535 1774 695
2536 2185 1066
2537 2894 1530
2538 2171 613
2539 2701 1943
2540 2379 574
2541 2445 1643
2542 203 1289
2543 1604 1600
2544 540 784
2545 3062 1394
2546 1670 2528
2547 257 305
2548 1798 270
2549 1879 270
2550 1990 2042
2551 1857 2441
2552 1179 2059
2553 73 1874
2554 2492 2906
2555 305 1870
2556 934 1363
2557 2098 1164
2558 432 1314
2559 2912 1569
2560 635 3042
2561 2588 393
2562 1257 1476
2563 2714 279
2564 1987 414
2565 2509 343
2566 2531 706
2567 2959 2970
2568 2585 648
2569 573 1698
2570 948 702
2571 2569 534
2572 1135 823
2573 1930 367
2574 2079 2794
2575 2562 508
2576 2738 806
2577 663 1756
2578 1442 1154
2579 1924 1787
2580 641 1785
2581 2824 1862
2582 2951 2653
2583 2983 762
2584 2898 2107
2585 1216 3065
2586 654 897
2587 1191 583
2588 1861 2379
2589 2084 2820
2590 65 331
2591 908 1363
2592 904 762
2593 814 1123
2594 1590 2922
2595 544 859
2596 2201 1223
2597 306 475
2598 2681 2982
2599 2763 1256
2600 751 2219
2601 2996 1097
2602 1168 1881
2603 546 1784
2604 3017 1078
2605 712 2667
2606 1669 2093
2607 372 1972
2608 1421 2336
2609 1496 2077
2610 2824 1605
2611 1332 1856
2612 923 368
2613 1906 1142
2614 2306 2226
2615 154 3078
2616 1959 969
2617 1832 2792
2618 1490 472
2619 666 770
2620 483 2328
2621 2102 2252
2622 2748 2694
2623 1260 375
2624 394 2991
2625 31 2115
2626 1509 1658
2627 1850 2921
2628 2438 13
2629 2232 510
2630 1337 1659
2631 2101 346
2632 1043 572
2633 2859 2303
2634 150 125
2635 576 1390
2636 1258 337
2637 1534 910
2638 1422 2192
2639 898 1574
2640 3079 200
2641 130 1885
2642 1928 2969
2643 2584 2144
2644 1939 957
2645 2028 2572
2646 2407 2944
2647 1362 813
2648 2787 1884
2649 839 614
2650 2129 1608
2651 514 2130
2652 190 2498
2653 168 1986
2654 642 1379
2655 656 2383
2656 2579 2650
2657 2145 1851
2658 1383 771
2659 2160 2859
2660 2057 2041
2661 46 1040
2662 915 97
2663 2866 711
2664 1790 978
2665 1971 2973
2666 133 522
2667 1425 2790
2668 1281 810
2669 252 768
2670 576 1181
2671 2005 1788
2672 2007 557
2673 1612 1693
2674 42 1127
2675 161 1076
2676 2001 744
2677 2031 1762
2678 430 703
2679 1293 663
2680 692 1805
2681 2079 155
2682 938 474
2683 1533 36
2684 2280 2682
2685 2043 1600
2686 1178 1552
2687 105 1795
2688 1562 1769
2689 1915 906
2690 1450 2365
2691 1323 2241
2692 291 2082
2693 1637 2530
2694 624 161
2695 2636 2951
2696 1190 2421
2697 1155 2602
2698 408 161
2699 879 570
2700 253 385
2701 723 769
2702 1581 1211
2703 1427 1277
2704 2469 1567
2705 510 2139
2706 2775 1326
2707 134 1394
2708 2374 727
2709 625 1207
2710 2920 1880
2711 669 1069
2712 956 2858
2713 2247 976
2714 350 125
2715 1573 90
2716 48 2199
2717 437 2765
2718 2676 127
2719 229 161
2720 2784 542
2721 2101 841
2722 1224 1401
2723 1282 793
2724 2658 1456
2725 732 1635
2726 2878 1018
2727 1337 522
2728 653 2045
2729 251 1670
2730 388 1048
2731 784 394
2732 521 1268
2733 1626 2650
2734 2565 1227
2735 966 2513
2736 730 151
2737 1872 1769
2738 2174 558
2739 2287 1525
2740 2480 924
2741 2812 1564
2742 2003 1257
2743 1449 1710
2744 2 1997
2745 1248 1652
2746 1555 1522
2747 2545 1003
2748 1807 841
2749 1368 2833
2750 1360 303
2751 926 2243
2752 2571 1001
2753 2511 262
2754 1800 1093
2755 773 941
2756 264 1099
2757 1283 1899
2758 2951 2821
2759 2964 2153
2760 2570 2770
2761 84 1897
2762 2443 273
2763 895 2748
2764 2586 1349
2765 913 1602
2766 926 1411
2767 2550 2192
2768 1308 1484
2769 1379 2079
2770 511 2959
2771 2340 1130
2772 2473 2590
2773 1143 279
2774 33 1020
2775 417 2138
2776 30 1349
2777 1936 631
2778 827 1815
2779 2041 2215
2780 851 1008
2781 1483 396
2782 2567 1216
2783 3076 2320
2784 2173 1112
2785 2 2699
2786 2691 339
2787 2596 1300
2788 2564 2076
2789 954 2802
2790 1034 288
2791 1026 187
2792 1078 1741
2793 493 1796
2794 2652 2923
2795 1089 122
2796 1522 866
2797 2312 473
2798 2066 2677
2799 1817 1675
2800 1325 518
2801 1853 2723
2802 2411 473
2803 77 1714
2804 1777 437
2805 2587 1090
2806 346 144
2807 390 2890
2808 1401 947
2809 1993 1537
2810 1581 3078
2811 6 214
2812 446 2492
2813 2607 1191
2814 1663 2731
2815 1269 104
2816 2965 85
2817 1397 1711
2818 3023 2354
2819 1552 1470
2820 663 2498
2821 617 16
2822 1640 845
2823 1485 1384
2824 1647 1021
2825 2302 862
2826 1415 3007
2827 1120 2243
2828 656 1902
2829 2664 2839
2830 1160 160
2831 697 2705
2832 1109 2429
2833 89 151
2834 2873 1173
2835 459 1830
2836 2766 1881
2837 1918 332
2838 244 814
2839 119 2405
2840 2378 2917
2841 2306 1963
2842 2057 238
2843 1303 2825
2844 47 422
2845 530 2697
2846 2874 2014
2847 2547 228
2848 1147 2903
2849 472 827
2850 1198 2099
2851 1552 923
2852 1191 349
2853 2129 38
2854 2991 1435
2855 1187 2280
2856 383 578
2857 1159 1799
2858 1228 564
2859 2835 1599
2860 1476 1358
2861 1759 85
2862 1640 933
2863 989 738
2864 1114 2170
2865 20 2146
2866 2329 1194
2867 189 1013
2868 1530 779
2869 3026 2854
2870 1097 36
2871 452 363
2872 1353 2245
2873 2780 2452
2874 624 1527
2875 1684 2343
2876 2918 2973
2877 1270 1410
2878 1568 43
2879 2613 2147
2880 1176 2614
2881 116 621
2882 2503 1676
2883 220 2340
2884 2270 757
2885 201 507
2886 2329 1098
2887 1903 1252
2888 789 2733
2889 969 1024
2890 1124 2778
2891 938 647
2892 1150 2428
2893 375 1946
2894 650 2098
2895 1541 342
2896 2526 1835
2897 2375 2076
2898 3051 1592
2899 2259 2008
2900 2668 1210
2901 2654 1911
2902 2176 852
2903 1253 1364
2904 526 1058
2905 965 2564
2906 569 2986
2907 2933 2400
2908 1244 3049
2909 363 971
2910 1111 1002
2911 1235 397
2912 2331 266
2913 1119 1799
2914 2259 1095
2915 612 144
2916 2147 851
2917 1737 904
2918 2069 2939
2919 2446 2107
2920 82 1293
2921 2682 127
2922 1630 2673
2923 1469 1114
2924 55 2015
2925 1384 2886
2926 2735 633
2927 1073 2278
2928 2720 2538
2929 2963 454
2930 2391 2440
2931 1150 2125
2932 1156 366
2933 499 2350
2934 657 1381
2935 2258 896
2936 257 1357
2937 959 875
2938 2228 2494
2939 803 2564
2940 512 699
2941 743 955
2942 1665 1929
2943 1390 1706
2944 1796 972
2945 211 2712
2946 1816 491
2947 353 2063
2948 2279 1565
2949 2562 835
2950 2532 2917
2951 2618 1253
2952 1765 1402
2953 2932 2798
2954 2034 161
2955 1101 408
2956 1518 1343
2957 2736 1433
2958 3070 657
2959 402 761
2960 2880 215
2961 2511 998
2962 654 1713
2963 2932 1030
2964 2707 1216
2965 575 2478
2966 1117 2696
2967 252 1592
2968 3003 1332
2969 1425 882
2970 1873 283
2971 2380 1420
2972 3002 1146
2973 1284 809
2974 693 2818
2975 1733 1467
2976 3043 1843
2977 1264 985
2978 2400 985
2979 1385 1410
2980 2880 1998
2981 339 894
2982 1940 2168
2983 121 1386
2984 829 2172
2985 447 1389
2986 1497 2555
2987 569 257
2988 2835 396
2989 889 1292
2990 2863 2227
2991 471 1599
2992 382 168
2993 2988 2254
2994 2207 2563
2995 2343 1338
2996 2296 1807
2997 612 980
2998 2699 692
2999 1130 907
3000 1851 1873
3001 1156 2271
3002 1809 393
3003 82 1615
3004 1882 1358
3005 729 1224
3006 1436 1820
3007 2160 246
3008 1289 1831
3009 2116 272
3010 1426 2455
3011 1335 7
3012 2328 259
3013 2100 1544
3014 1727 1700
3015 2030 883
3016 781 2587
3017 1353 2666
3018 417 1638
3019 2961 1149
3020 1175 1255
3021 3034 2958
3022 2595 1333
3023 984 2345
3024 1715 2271
3025 72 670
3026 2306 2966
3027 151 1601
3028 331 1170
3029 433 354
3030 2707 2600
3031 1676 2585
3032 1226 59
3033 1038 1524
3034 274 833
3035 2109 2589
3036 545 399
3037 1886 1645
3038 244 895
3039 2439 710
3040 861 16
3041 481 2135
3042 119 2087
3043 176 1264
3044 838 1349
3045 461 1409
3046 2085 681
3047 998 2439
3048 1914 648
3049 188 951
3050 180 2754
3051 1741 2589
3052 3072 1079
3053 1691 2863
3054 1504 2225
3055 1774 421
3056 918 619
3057 2749 948
3058 2240 1027
3059 1186 1356
3060 172 436
3061 847 2367
3062 1397 383
3063 2739 2971
3064 1486 114
3065 2945 1153
3066 2911 2818
3067 1987 830
3068 1398 1398
3069 2643 2762
3070 359 2131
3071 1355 1456
3072 55 1511
3073 2326 2957
3074 2909 872
3075 2805 845
3076 1835 301
3077 1342 2066
3078 1364 2088
3079 763 1606
3080 1574 2610
