2310 2310
1 423 574
2 1031 1853
3 1203 2271
4 380 151
5 2131 1390
6 1479 373
7 2133 1385
8 1618 383
9 1654 1154
10 1405 1982
11 989 887
12 1266 1091
13 1368 1801
14 1269 1735
15 4 2255
16 1747 1302
17 451 1379
18 942 178
19 1538 890
20 1801 90
21 746 1603
22 2209 1295
23 1899 548
24 2041 1456
25 1372 2299
26 186 101
27 2301 809
28 1228 2083
29 461 375
30 2236 1448
31 1303 191
32 607 2265
33 443 1705
34 1569 665
35 1725 202
36 1351 1686
37 1804 1170
38 1778 461
39 1606 42
40 1182 1090
41 1244 1870
42 1797 610
43 2213 1488
44 266 771
45 2016 884
46 1343 1403
47 432 676
48 1915 2052
49 1370 1786
50 134 1524
51 1208 2021
52 919 537
53 267 1151
54 1427 454
55 1524 2199
56 659 1855
57 2181 283
58 784 1204
59 1370 110
60 1758 1030
61 294 1020
62 1131 2171
63 1386 2052
64 2062 174
65 1343 2216
66 1506 1988
67 807 1211
68 1010 1862
69 1669 1944
70 804 1289
71 1590 946
72 21 2082
73 1378 1306
74 1644 1203
75 940 1620
76 172 1042
77 556 1573
78 234 2183
79 41 1784
80 2134 1143
81 664 872
82 145 1290
83 1182 1849
84 1776 570
85 1760 1824
86 2149 240
87 549 452
88 1031 1770
89 959 259
90 1374 1802
91 473 2297
92 313 1680
93 586 2069
94 2192 1320
95 324 51
96 975 1896
97 541 1464
98 1919 712
99 774 1058
100 101 1619
101 359 1139
102 633 1678
103 1005 667
104 903 1298
105 190 1889
106 425 1033
107 1068 1993
108 987 865
109 1812 1797
110 1591 61
111 778 769
112 670 609
113 1207 537
114 1431 677
115 1456 132
116 1328 82
117 75 1880
118 2236 305
119 181 1093
120 1543 831
121 1126 1894
122 389 2142
123 1179 1131
124 1924 1518
125 495 2115
126 660 335
127 469 1760
128 1065 889
129 1319 1328
130 1359 2205
131 1001 766
132 1033 655
133 1941 157
134 818 233
135 1894 1204
136 737 487
137 1080 2236
138 1432 158
139 1234 2251
140 191 870
141 730 1408
142 1488 477
143 1038 391
144 623 2104
145 1467 759
146 1497 1695
147 1639 1038
148 938 33
149 967 2105
150 193 947
151 2270 454
152 1391 2049
153 1439 447
154 1953 2258
155 47 681
156 711 2008
157 2301 561
158 803 1727
159 1480 1961
160 2074 667
161 1096 2020
162 902 2215
163 1503 714
164 1383 340
165 427 1046
166 268 1250
167 1294 1008
168 408 753
169 730 1179
170 382 900
171 1143 367
172 1980 1901
173 1279 1074
174 2121 1728
175 457 1910
176 260 733
177 2009 701
178 369 926
179 271 2016
180 1325 317
181 1166 758
182 1666 366
183 1951 985
184 1267 432
185 697 1488
186 737 1543
187 2239 1637
188 252 1065
189 115 191
190 1458 4
191 62 1297
192 1220 764
193 1270 372
194 1410 1491
195 200 1496
196 2106 2255
197 313 590
198 1701 1453
199 1247 195
200 1016 1108
201 226 502
202 137 147
203 2169 1031
204 1524 397
205 1141 1675
206 1447 441
207 1623 1158
208 2252 31
209 444 767
210 1627 809
211 2181 2184
212 88 1467
213 1809 78
214 113 310
215 1072 1329
216 369 874
217 2276 277
218 435 29
219 294 1139
220 1170 580
221 2120 410
222 1843 1870
223 1519 623
224 2009 926
225 1572 360
226 1650 1853
227 872 2038
228 777 410
229 1687 833
230 2146 1545
231 673 1409
232 1993 2229
233 444 1348
234 1035 1507
235 1281 2217
236 710 1821
237 1549 1993
238 1232 1414
239 1863 252
240 673 150
241 74 2004
242 1535 1689
243 1716 1303
244 1111 1066
245 53 1061
246 1181 2147
247 1271 1197
248 2128 694
249 356 1529
250 767 2158
251 228 2187
252 1566 349
253 1570 1690
254 368 2263
255 247 581
256 2088 261
257 1089 101
258 172 288
259 1011 197
260 2119 1008
261 229 443
262 1154 986
263 161 1003
264 1702 816
265 161 879
266 891 1013
267 2162 1258
268 2065 301
269 611 1456
270 719 847
271 1882 668
272 505 1888
273 821 195
274 1787 1812
275 368 1227
276 282 74
277 1654 2183
278 637 268
279 1660 1542
280 692 593
281 624 931
282 1237 1462
283 1511 1922
284 608 2264
285 1601 1127
286 1300 525
287 96 573
288 342 398
289 1433 1688
290 793 1352
291 634 1400
292 2251 1224
293 1077 1893
294 373 908
295 84 764
296 1456 714
297 680 239
298 470 1844
299 1780 1175
300 1999 1301
301 2299 301
302 389 203
303 1316 760
304 1897 1206
305 1796 1434
306 1985 1952
307 441 1290
308 32 267
309 1032 847
310 1389 2113
311 109 1646
312 1375 2082
313 1451 1315
314 277 1523
315 64 1461
316 1446 1501
317 1372 1076
318 738 1692
319 1965 814
320 919 1299
321 2120 1525
322 1634 1177
323 1852 2049
324 1275 330
325 1794 1967
326 1665 345
327 1458 2092
328 1927 504
329 777 784
330 2206 888
331 1509 1610
332 1159 404
333 1556 265
334 340 1754
335 16 2005
336 1018 782
337 182 1505
338 60 2238
339 1546 1038
340 1295 725
341 1633 576
342 61 1048
343 352 1437
344 1920 1240
345 567 679
346 2013 923
347 1260 1709
348 83 2263
349 852 1798
350 638 59
351 35 705
352 1252 1857
353 142 253
354 1462 1583
355 1943 2096
356 1386 2004
357 158 2284
358 176 853
359 37 2155
360 237 1720
361 1328 1344
362 2245 1325
363 628 537
364 1001 1619
365 43 130
366 1054 1489
367 1210 1900
368 1182 1627
369 2019 1027
370 232 705
371 1366 2111
372 1028 910
373 616 1938
374 1872 2204
375 1714 2080
376 1736 10
377 1563 1000
378 1114 935
379 591 18
380 1549 153
381 1081 1027
382 1292 2114
383 681 460
384 868 2032
385 1518 1204
386 1568 2292
387 710 254
388 1230 42
389 1091 1936
390 1961 1040
391 602 1926
392 2107 634
393 1110 1823
394 712 1498
395 937 337
396 1745 1384
397 489 778
398 1773 1081
399 1584 895
400 441 2226
401 299 1259
402 433 219
403 1393 2175
404 164 1358
405 1426 243
406 279 400
407 1853 2217
408 1731 543
409 713 703
410 2132 2021
411 693 1486
412 823 1255
413 575 479
414 465 699
415 393 1791
416 963 718
417 1357 400
418 289 78
419 477 68
420 693 1717
421 490 1089
422 283 153
423 190 1738
424 1491 663
425 997 196
426 682 821
427 860 1293
428 2111 1997
429 1816 1420
430 1526 710
431 2057 253
432 1254 2305
433 207 937
434 264 1554
435 2049 561
436 1135 77
437 1222 1108
438 500 1194
439 1978 1989
440 887 1445
441 2037 2192
442 1192 1263
443 2107 728
444 196 1174
445 2257 628
446 1186 2303
447 71 293
448 1065 187
449 1057 1175
450 1226 1166
451 620 1276
452 2186 824
453 538 719
454 1624 2274
455 1271 1707
456 1801 387
457 196 1413
458 2279 2259
459 317 737
460 861 325
461 1706 198
462 1436 766
463 2052 850
464 218 778
465 2092 37
466 1420 219
467 207 1863
468 2137 2224
469 710 698
470 1469 1716
471 2055 36
472 1995 1703
473 955 1156
474 107 1434
475 110 1814
476 720 1800
477 449 1304
478 364 1649
479 826 2296
480 916 2067
481 2231 1857
482 833 18
483 1155 494
484 1830 1470
485 1751 560
486 275 748
487 1909 285
488 2041 1770
489 1890 1141
490 1221 2059
491 894 1264
492 909 1830
493 1819 517
494 532 404
495 178 1212
496 2101 538
497 16 34
498 165 1607
499 1336 2247
500 126 1186
501 1670 1035
502 1475 167
503 1412 692
504 700 1803
505 29 2307
506 477 1925
507 2172 387
508 1351 621
509 386 245
510 598 1461
511 1674 1086
512 1927 1274
513 2084 1590
514 2284 551
515 1882 627
516 2035 187
517 1693 2018
518 834 512
519 811 2210
520 999 1084
521 237 1591
522 371 1731
523 801 1060
524 590 643
525 1720 2230
526 364 13
527 48 2217
528 335 70
529 1259 1331
530 78 798
531 1880 2116
532 1941 1263
533 617 1023
534 905 1462
535 1899 289
536 818 2017
537 1183 1335
538 1806 888
539 2117 944
540 404 1838
541 153 1474
542 513 656
543 1846 685
544 1529 1319
545 2228 2039
546 2034 392
547 81 2054
548 805 1083
549 881 2090
550 759 1840
551 660 882
552 2301 1743
553 1159 1167
554 494 1715
555 599 1865
556 1790 1797
557 1614 527
558 1416 200
559 275 933
560 545 1838
561 1338 782
562 1185 1732
563 2261 373
564 1371 1320
565 1639 1231
566 785 1063
567 530 847
568 1162 94
569 1504 1071
570 646 1908
571 1940 1865
572 598 200
573 792 845
574 1850 1101
575 357 1305
576 704 282
577 1751 1320
578 518 291
579 173 1177
580 551 691
581 1498 726
582 1484 1884
583 162 1041
584 116 21
585 697 1653
586 1714 1212
587 806 2294
588 1561 2159
589 637 2192
590 1475 1786
591 278 2004
592 782 2018
593 1030 673
594 992 1372
595 1234 1612
596 2088 1035
597 825 1588
598 1931 1149
599 1467 1438
600 498 69
601 1888 1396
602 1550 1253
603 512 2172
604 1103 1192
605 817 500
606 67 258
607 201 40
608 1933 1247
609 383 671
610 1976 186
611 292 1114
612 1586 807
613 1322 1427
614 35 1775
615 2001 1563
616 2260 2071
617 2033 2309
618 2059 1517
619 701 1348
620 2218 2146
621 878 534
622 1451 1184
623 551 189
624 2050 765
625 899 169
626 2265 1347
627 1957 974
628 1049 1156
629 2262 780
630 2204 2228
631 1725 1345
632 2260 2000
633 1733 92
634 641 627
635 2137 1102
636 19 1016
637 1270 486
638 73 2305
639 394 1723
640 123 1867
641 2261 91
642 1796 1255
643 1266 2032
644 2128 276
645 1083 1831
646 1442 545
647 2146 259
648 594 2284
649 184 1754
650 2082 546
651 2084 379
652 1240 77
653 1900 1907
654 2041 1525
655 943 130
656 1545 2040
657 1295 1983
658 1650 929
659 1305 1768
660 43 1790
661 584 1475
662 109 2288
663 1272 1948
664 596 1968
665 1080 207
666 2043 1946
667 211 1867
668 1137 110
669 239 634
670 62 84
671 2049 1137
672 1090 1889
673 1210 1673
674 1909 1127
675 1658 546
676 2063 892
677 870 392
678 2304 182
679 1398 1650
680 1479 1336
681 213 1985
682 238 1905
683 1926 699
684 85 2273
685 1170 50
686 390 675
687 1946 1635
688 1128 949
689 45 231
690 1915 1320
691 2007 1872
692 218 518
693 1333 50
694 1292 1410
695 1317 222
696 1246 1911
697 1636 1834
698 855 836
699 323 1395
700 2128 580
701 644 990
702 2206 1966
703 2298 804
704 1624 2301
705 1794 367
706 867 551
707 841 1442
708 38 1501
709 984 1680
710 291 746
711 345 2092
712 539 977
713 899 1621
714 843 175
715 1598 496
716 1282 122
717 565 1316
718 360 2194
719 672 107
720 732 598
721 664 365
722 563 767
723 508 404
724 626 1040
725 1453 626
726 1949 1773
727 1826 284
728 1526 1675
729 1987 234
730 772 1953
731 60 1018
732 2162 1581
733 1431 1387
734 1962 1220
735 2256 128
736 13 970
737 1434 578
738 1201 2203
739 713 1336
740 130 1161
741 1085 381
742 1672 29
743 1671 1488
744 2254 1884
745 807 2230
746 43 414
747 379 480
748 2096 972
749 1742 1324
750 551 1639
751 2234 1855
752 505 1998
753 978 694
754 1386 1497
755 2279 2172
756 534 510
757 1867 7
758 369 1147
759 2127 990
760 1273 1745
761 1532 975
762 656 68
763 1844 1424
764 2077 1026
765 901 1869
766 1501 1596
767 80 2060
768 1432 1621
769 1099 1447
770 8 1786
771 1077 395
772 557 1880
773 1476 639
774 949 1259
775 1773 384
776 2249 1185
777 1880 122
778 701 1824
779 1526 2177
780 7 1688
781 75 2239
782 2088 687
783 1861 399
784 1665 468
785 1766 167
786 434 2184
787 1453 1247
788 1302 1773
789 374 861
790 1558 258
791 1759 1838
792 111 1966
793 2191 1201
794 11 263
795 1809 2065
796 188 807
797 2191 2270
798 1755 557
799 477 98
800 1430 1264
801 91 876
802 246 1975
803 1947 1736
804 2062 408
805 789 1761
806 628 1373
807 1024 1850
808 2265 1441
809 2255 32
810 416 653
811 552 1250
812 1521 805
813 2271 1560
814 2115 1396
815 1927 2050
816 169 1638
817 424 1712
818 1928 436
819 1191 2008
820 2198 528
821 2089 1447
822 1925 1497
823 49 2112
824 1472 84
825 28 1434
826 865 1930
827 496 1748
828 1952 721
829 1291 325
830 2158 397
831 1180 789
832 1417 1743
833 664 745
834 1323 1638
835 817 1761
836 2005 208
837 782 531
838 261 1287
839 440 957
840 664 207
841 280 150
842 596 291
843 285 507
844 1380 833
845 536 1452
846 1758 396
847 401 1780
848 998 1684
849 898 1113
850 1061 1858
851 245 2119
852 1846 1501
853 1644 2122
854 2283 113
855 1156 883
856 1815 137
857 1156 98
858 1867 484
859 112 1805
860 1063 348
861 1767 487
862 477 34
863 1846 2250
864 708 496
865 1692 838
866 722 285
867 1895 422
868 702 338
869 1970 1306
870 1066 250
871 395 1202
872 1498 471
873 425 2047
874 723 1180
875 860 2114
876 17 1164
877 1579 697
878 45 1030
879 1965 2137
880 1990 761
881 157 1727
882 2053 2175
883 1777 485
884 2248 820
885 391 1145
886 494 807
887 2096 1626
888 1833 729
889 782 1481
890 424 792
891 1197 617
892 1525 2224
893 1492 919
894 2049 1336
895 1064 931
896 1140 1250
897 382 298
898 588 1832
899 361 1480
900 1418 499
901 1918 868
902 1143 1915
903 1478 2275
904 820 1243
905 611 576
906 1778 637
907 912 1522
908 1413 117
909 770 2059
910 2290 1381
911 1851 405
912 171 1974
913 2146 192
914 527 1515
915 1802 1699
916 148 902
917 2203 1181
918 110 1992
919 527 1957
920 1578 1274
921 2111 1270
922 2115 2032
923 1768 371
924 1225 883
925 1293 597
926 1902 2191
927 372 2308
928 2027 1442
929 1083 1646
930 1141 314
931 853 694
932 1302 2058
933 1568 1265
934 1711 482
935 1752 316
936 2252 1320
937 2140 1499
938 1788 1841
939 2029 896
940 96 846
941 1653 129
942 1449 2053
943 122 1010
944 1764 1285
945 1951 1321
946 701 652
947 1599 901
948 1313 2066
949 1072 921
950 1732 1015
951 2277 733
952 461 2260
953 1803 2297
954 154 261
955 1935 1757
956 1427 739
957 2208 423
958 327 1731
959 670 522
960 1015 178
961 2027 2142
962 1361 502
963 434 540
964 1308 1121
965 368 1591
966 440 33
967 351 492
968 2276 2020
969 1053 1124
970 877 824
971 965 734
972 1333 2100
973 28 407
974 527 1558
975 1677 1666
976 1484 1800
977 352 1751
978 509 144
979 2230 1401
980 603 2108
981 1301 290
982 1125 479
983 385 2071
984 1270 1220
985 326 2132
986 121 1585
987 144 1487
988 20 1804
989 445 229
990 2018 155
991 1187 1048
992 1183 1827
993 1491 1143
994 15 1478
995 1430 372
996 1324 2222
997 1572 1152
998 1289 1271
999 1841 396
1000 2206 2141
1001 1817 1877
1002 1693 1194
1003 2047 1320
1004 1960 1984
1005 2173 2106
1006 1290 929
1007 1530 1752
1008 1361 1364
1009 222 219
1010 1433 2215
1011 1809 649
1012 1477 1776
1013 1073 716
1014 2055 896
1015 1106 207
1016 1535 522
1017 2126 1298
1018 1305 1634
1019 1554 680
1020 1005 1563
1021 1663 1516
1022 765 785
1023 83 336
1024 603 874
1025 444 955
1026 273 2111
1027 1333 357
1028 1877 14
1029 4 1782
1030 1498 1774
1031 309 574
1032 402 265
1033 44 1949
1034 597 1294
1035 1599 2297
1036 2197 1556
1037 296 1057
1038 2125 987
1039 389 1718
1040 303 1200
1041 1912 1322
1042 1403 923
1043 1827 930
1044 1104 1177
1045 498 1697
1046 2170 1705
1047 1670 1569
1048 879 10
1049 2196 102
1050 900 13
1051 1016 1094
1052 2269 1908
1053 1213 351
1054 407 1512
1055 2065 1552
1056 473 1687
1057 498 936
1058 1331 28
1059 2042 873
1060 544 55
1061 802 906
1062 407 1818
1063 748 1786
1064 918 234
1065 1228 1027
1066 236 538
1067 1639 1210
1068 763 2088
1069 1532 1520
1070 177 1908
1071 2082 944
1072 769 1462
1073 1364 1913
1074 21 1230
1075 396 1575
1076 204 630
1077 70 1924
1078 189 1534
1079 976 822
1080 2307 2053
1081 789 948
1082 79 1591
1083 2234 1112
1084 31 2207
1085 561 1400
1086 1663 1892
1087 244 1575
1088 2203 1490
1089 1169 1084
1090 885 1027
1091 1048 635
1092 161 1619
1093 1957 1810
1094 305 1293
1095 1864 1413
1096 2115 1060
1097 384 40
1098 734 1463
1099 803 1295
1100 615 19
1101 825 1637
1102 762 2204
1103 811 1335
1104 1238 208
1105 1668 87
1106 2148 959
1107 891 2130
1108 995 241
1109 1781 2178
1110 1545 251
1111 1729 1654
1112 1249 2302
1113 2137 1834
1114 1082 1781
1115 60 2063
1116 390 589
1117 535 1757
1118 1870 1271
1119 1208 404
1120 1341 1913
1121 1760 753
1122 865 2308
1123 677 448
1124 1044 1454
1125 1247 1921
1126 959 899
1127 1721 642
1128 688 1538
1129 267 984
1130 119 1172
1131 1105 1981
1132 900 2266
1133 263 621
1134 1454 1026
1135 406 816
1136 2286 1187
1137 221 1936
1138 454 1307
1139 2279 1928
1140 5 331
1141 1934 293
1142 1790 249
1143 945 613
1144 1309 387
1145 1874 117
1146 463 1857
1147 81 874
1148 1447 1041
1149 1318 1469
1150 1745 1517
1151 1235 2275
1152 1609 2063
1153 1785 2253
1154 1707 857
1155 304 480
1156 1410 1568
1157 1284 331
1158 1064 100
1159 480 1473
1160 473 2132
1161 1965 2051
1162 1254 747
1163 1183 1454
1164 1836 1075
1165 1293 1233
1166 640 648
1167 1144 1719
1168 1965 2028
1169 540 508
1170 2111 1978
1171 576 513
1172 479 1860
1173 2092 1671
1174 284 1395
1175 1928 2245
1176 1085 1200
1177 1923 1580
1178 36 399
1179 2196 760
1180 1942 835
1181 1854 795
1182 939 90
1183 1866 686
1184 10 1687
1185 120 319
1186 2176 377
1187 371 1965
1188 718 593
1189 2157 1826
1190 814 25
1191 2107 46
1192 1930 185
1193 2160 1046
1194 284 628
1195 742 1882
1196 261 1910
1197 1382 803
1198 1966 223
1199 1207 687
1200 1280 1003
1201 877 1896
1202 1672 1432
1203 1252 1839
1204 228 1984
1205 868 2265
1206 1392 7
1207 240 1212
1208 413 608
1209 227 1697
1210 971 1419
1211 13 956
1212 2287 196
1213 446 2091
1214 167 1598
1215 1687 1328
1216 692 319
1217 1329 1879
1218 1253 591
1219 2136 880
1220 2233 538
1221 2285 24
1222 2071 1590
1223 2145 1528
1224 1966 1636
1225 1941 779
1226 1953 1898
1227 1156 1452
1228 585 1210
1229 522 211
1230 1938 2024
1231 17 478
1232 164 1646
1233 1156 3
1234 1688 230
1235 752 1688
1236 2069 1236
1237 252 2000
1238 1735 573
1239 42 778
1240 1229 2218
1241 1018 2230
1242 464 332
1243 790 485
1244 1651 586
1245 229 142
1246 1389 336
1247 1812 435
1248 660 18
1249 92 1669
1250 12 582
1251 1423 2222
1252 1648 33
1253 900 135
1254 1863 280
1255 965 1630
1256 1895 233
1257 2180 511
1258 1980 1660
1259 1704 1903
1260 503 1700
1261 2256 124
1262 12 583
1263 377 902
1264 1931 1374
1265 58 1947
1266 1759 595
1267 353 844
1268 1074 365
1269 1596 2304
1270 1913 866
1271 659 226
1272 1060 14
1273 2241 1820
1274 114 1577
1275 446 463
1276 445 2231
1277 1815 40
1278 2156 910
1279 1685 1389
1280 1322 1771
1281 2001 1570
1282 1199 1526
1283 2224 1967
1284 1376 661
1285 1470 827
1286 2053 1202
1287 1467 42
1288 80 1488
1289 1657 142
1290 915 140
1291 1448 1421
1292 2114 246
1293 73 1848
1294 1930 912
1295 2136 1981
1296 441 1838
1297 2126 178
1298 2128 1633
1299 263 1593
1300 917 1785
1301 987 793
1302 430 753
1303 1203 1364
1304 814 771
1305 768 774
1306 1307 140
1307 1618 1796
1308 2029 93
1309 1838 1191
1310 1090 354
1311 1988 426
1312 540 706
1313 283 1793
1314 1697 1053
1315 2247 1349
1316 1728 1479
1317 918 1407
1318 96 866
1319 259 262
1320 572 434
1321 1674 2271
1322 1836 1372
1323 1551 2174
1324 2256 1884
1325 253 2287
1326 2102 1308
1327 738 355
1328 35 26
1329 1848 1387
1330 83 949
1331 1760 1384
1332 435 1198
1333 631 350
1334 197 744
1335 1857 1595
1336 2211 1807
1337 21 1068
1338 1452 889
1339 2106 1837
1340 313 468
1341 911 1759
1342 363 965
1343 1739 1352
1344 2034 1405
1345 528 1480
1346 58 768
1347 865 537
1348 496 2187
1349 401 1397
1350 2046 1472
1351 242 99
1352 1733 272
1353 579 2177
1354 2128 1391
1355 1930 40
1356 1148 743
1357 50 1893
1358 1223 280
1359 1081 1096
1360 1930 328
1361 1030 333
1362 60 983
1363 1289 1217
1364 1418 1019
1365 1237 1756
1366 1599 1136
1367 1304 1441
1368 684 1086
1369 1066 1129
1370 1506 1549
1371 356 1062
1372 968 1486
1373 1741 1574
1374 1934 1658
1375 167 1859
1376 68 450
1377 157 416
1378 1551 1635
1379 832 336
1380 303 1415
1381 7 106
1382 1168 985
1383 1359 2194
1384 257 2108
1385 1986 1003
1386 248 1491
1387 1436 1803
1388 674 2286
1389 1124 2186
1390 1487 1172
1391 492 1701
1392 2082 2043
1393 1091 2252
1394 2086 625
1395 2009 1709
1396 395 1997
1397 2272 963
1398 1472 2009
1399 2036 616
1400 690 976
1401 2273 1049
1402 1187 1511
1403 672 1446
1404 2095 2086
1405 748 684
1406 1900 537
1407 480 1562
1408 1530 1996
1409 994 908
1410 963 1497
1411 1094 1769
1412 1677 745
1413 1492 2102
1414 1205 2031
1415 436 163
1416 1865 332
1417 480 1988
1418 1366 18
1419 1444 1033
1420 198 641
1421 1158 2166
1422 1281 2066
1423 1986 1764
1424 1281 1774
1425 1526 1048
1426 928 1888
1427 2246 1976
1428 1465 1498
1429 2134 635
1430 202 1351
1431 855 928
1432 2281 1747
1433 518 1138
1434 2309 1237
1435 1924 1154
1436 124 396
1437 1496 802
1438 2219 1139
1439 1909 890
1440 1541 742
1441 1915 1884
1442 824 1316
1443 214 597
1444 312 1546
1445 1181 1219
1446 1923 2148
1447 2037 1268
1448 511 671
1449 1128 627
1450 1202 150
1451 1231 1777
1452 152 1272
1453 2239 188
1454 1942 2115
1455 579 1093
1456 1558 103
1457 1443 1958
1458 1661 1351
1459 968 924
1460 1156 272
1461 719 1345
1462 272 1125
1463 2135 1231
1464 676 721
1465 1102 1489
1466 996 120
1467 1488 2160
1468 943 404
1469 1432 520
1470 1299 1139
1471 731 911
1472 1083 1270
1473 126 1888
1474 542 818
1475 1329 2033
1476 501 1207
1477 1257 2027
1478 564 1654
1479 251 1008
1480 35 1705
1481 396 2040
1482 307 1513
1483 2171 1795
1484 1778 190
1485 1193 2180
1486 402 854
1487 742 2021
1488 1820 136
1489 766 1622
1490 1789 1026
1491 1550 1265
1492 402 735
1493 1473 1136
1494 1041 1628
1495 797 597
1496 973 479
1497 1327 529
1498 1801 502
1499 1998 748
1500 127 2121
1501 2237 1124
1502 1099 2191
1503 368 601
1504 2209 163
1505 1857 1730
1506 766 967
1507 263 1838
1508 1103 668
1509 1808 1522
1510 1086 821
1511 497 142
1512 1751 350
1513 1898 868
1514 902 2239
1515 1661 1799
1516 462 975
1517 537 2307
1518 2191 173
1519 1083 2045
1520 333 2028
1521 486 231
1522 484 2113
1523 2102 1901
1524 1635 1323
1525 699 580
1526 2253 1486
1527 358 1047
1528 702 651
1529 1447 2114
1530 1703 2205
1531 2115 775
1532 824 294
1533 2213 779
1534 26 1971
1535 2146 173
1536 1707 1574
1537 2006 1409
1538 47 1913
1539 1867 1460
1540 1362 1512
1541 1255 1538
1542 732 1851
1543 627 1526
1544 1709 236
1545 219 1204
1546 1655 1099
1547 646 1860
1548 613 1949
1549 1715 1876
1550 50 36
1551 598 759
1552 1651 72
1553 526 926
1554 726 123
1555 1380 498
1556 1170 1716
1557 2270 459
1558 958 2023
1559 786 1651
1560 2224 1937
1561 647 480
1562 1660 643
1563 1734 833
1564 2205 2291
1565 1758 2054
1566 1920 2133
1567 676 1339
1568 2059 1059
1569 2184 1136
1570 1771 430
1571 251 1281
1572 566 914
1573 1566 954
1574 1577 825
1575 1869 445
1576 1653 2039
1577 2307 1452
1578 596 1272
1579 714 1833
1580 1807 1646
1581 2197 1553
1582 1390 1906
1583 2088 282
1584 277 924
1585 1448 561
1586 1688 19
1587 662 1007
1588 582 350
1589 1035 1346
1590 1521 2295
1591 1408 1694
1592 330 1230
1593 1490 340
1594 1819 254
1595 1397 2042
1596 487 2005
1597 1913 1829
1598 570 2236
1599 1475 122
1600 1937 1488
1601 1479 1935
1602 298 5
1603 695 1466
1604 2152 1910
1605 1163 2030
1606 863 1825
1607 2076 1635
1608 1826 579
1609 867 1514
1610 158 1956
1611 1357 1360
1612 1096 1122
1613 1547 336
1614 833 1126
1615 1212 634
1616 1192 1188
1617 2150 1850
1618 1301 1931
1619 1010 236
1620 1233 72
1621 10 1284
1622 991 1312
1623 1763 245
1624 118 1539
1625 2134 1147
1626 827 646
1627 1001 1542
1628 486 301
1629 1193 364
1630 670 1623
1631 1463 1997
1632 1081 1155
1633 1932 2137
1634 897 576
1635 49 942
1636 787 2104
1637 2015 1765
1638 239 1362
1639 2047 1666
1640 1661 1153
1641 1392 2105
1642 1108 1283
1643 1854 1581
1644 1651 1651
1645 2279 1630
1646 2027 1468
1647 343 1625
1648 2234 1447
1649 29 1220
1650 1475 557
1651 110 684
1652 1962 771
1653 975 845
1654 1850 14
1655 1605 1208
1656 1428 612
1657 1550 1967
1658 284 2066
1659 1514 21
1660 1158 1166
1661 210 444
1662 202 280
1663 1538 1104
1664 1331 621
1665 319 882
1666 236 1012
1667 423 301
1668 335 341
1669 233 1134
1670 1993 351
1671 62 655
1672 2256 461
1673 2232 387
1674 1258 762
1675 839 1711
1676 1977 1124
1677 793 2122
1678 1904 1014
1679 1640 539
1680 1883 2068
1681 56 1384
1682 143 2102
1683 2191 1467
1684 366 245
1685 873 383
1686 2174 1006
1687 46 1771
1688 120 175
1689 204 2254
1690 2004 2238
1691 952 1979
1692 1246 1875
1693 218 1044
1694 1123 290
1695 502 1037
1696 1572 489
1697 564 2148
1698 1704 393
1699 2263 353
1700 1966 297
1701 95 301
1702 417 778
1703 1541 1245
1704 307 38
1705 497 242
1706 1376 1261
1707 330 2033
1708 2078 814
1709 1914 596
1710 1375 371
1711 550 1802
1712 716 1323
1713 1339 1506
1714 1523 407
1715 746 37
1716 1357 1551
1717 626 471
1718 1110 1632
1719 1032 790
1720 222 715
1721 234 648
1722 657 554
1723 1310 319
1724 1159 2221
1725 1402 756
1726 1842 781
1727 1992 2011
1728 2188 2175
1729 2183 1741
1730 1112 755
1731 322 1691
1732 305 1246
1733 1905 670
1734 111 1677
1735 145 1242
1736 1105 347
1737 1468 288
1738 2013 1553
1739 1273 307
1740 1745 1349
1741 586 242
1742 1991 786
1743 1968 818
1744 1404 8
1745 1492 1562
1746 811 1078
1747 1457 560
1748 651 603
1749 1371 1890
1750 1353 1760
1751 2222 1956
1752 1360 2075
1753 1679 1219
1754 2250 1669
1755 1459 2277
1756 1949 2216
1757 395 1295
1758 123 1527
1759 617 1117
1760 1638 2262
1761 2166 1325
1762 2275 1608
1763 1118 1958
1764 1141 364
1765 1986 1549
1766 839 1441
1767 865 1408
1768 1772 1040
1769 1398 2093
1770 342 195
1771 1490 1866
1772 981 1693
1773 779 2155
1774 471 127
1775 912 2014
1776 331 1016
1777 1078 717
1778 2226 1721
1779 128 1938
1780 851 1485
1781 693 592
1782 1193 447
1783 631 788
1784 35 121
1785 2056 2181
1786 1452 1210
1787 1083 1614
1788 2144 1227
1789 2001 395
1790 22 2086
1791 1896 1307
1792 1758 711
1793 31 472
1794 1436 1390
1795 2143 720
1796 2264 685
1797 2095 151
1798 1727 1840
1799 98 2288
1800 243 699
1801 2231 513
1802 79 1007
1803 1501 1302
1804 1458 2047
1805 176 711
1806 247 1524
1807 397 364
1808 169 522
1809 876 2112
1810 1391 585
1811 988 2265
1812 1863 540
1813 1610 1124
1814 1444 1324
1815 419 121
1816 63 772
1817 1404 1959
1818 1960 1093
1819 936 1543
1820 487 1574
1821 544 628
1822 161 1800
1823 437 1555
1824 2292 1890
1825 1581 847
1826 1980 469
1827 1104 241
1828 1679 2125
1829 9 403
1830 658 1696
1831 529 1477
1832 997 3
1833 1675 881
1834 1136 2119
1835 1011 2067
1836 870 1802
1837 864 1626
1838 2231 1820
1839 1941 724
1840 1495 990
1841 592 1317
1842 643 323
1843 2149 444
1844 645 397
1845 1280 292
1846 397 709
1847 485 1975
1848 1710 748
1849 1431 219
1850 1608 1139
1851 1131 1728
1852 2007 316
1853 1685 1184
1854 400 1085
1855 1760 194
1856 458 2167
1857 1712 566
1858 150 22
1859 1994 1114
1860 1366 1217
1861 1077 1827
1862 948 471
1863 435 1829
1864 86 1127
1865 1246 361
1866 2183 422
1867 1394 636
1868 461 1586
1869 1979 1160
1870 1472 550
1871 1630 2261
1872 50 906
1873 1434 20
1874 1678 1921
1875 1938 1069
1876 13 1590
1877 411 334
1878 1174 352
1879 1224 802
1880 2291 1349
1881 295 1889
1882 928 952
1883 111 763
1884 1254 199
1885 1200 439
1886 389 738
1887 46 389
1888 188 1290
1889 2037 1295
1890 1640 1013
1891 637 2266
1892 2069 1639
1893 770 994
1894 54 1175
1895 1047 1368
1896 1134 129
1897 2247 96
1898 390 975
1899 47 460
1900 1092 2245
1901 990 833
1902 1190 1914
1903 1839 590
1904 1458 853
1905 1655 722
1906 1786 675
1907 2060 734
1908 87 1273
1909 1210 1821
1910 186 1192
1911 1533 505
1912 189 750
1913 132 134
1914 1947 1210
1915 2180 1649
1916 948 165
1917 2014 751
1918 1273 1173
1919 1241 900
1920 584 1104
1921 189 2177
1922 384 1713
1923 600 1123
1924 2005 354
1925 1697 163
1926 264 534
1927 2095 639
1928 194 211
1929 1145 1869
1930 1787 1096
1931 2106 1180
1932 1268 216
1933 2080 1527
1934 628 1684
1935 107 2235
1936 1461 1626
1937 1178 1944
1938 1637 1764
1939 413 2152
1940 1375 409
1941 2074 916
1942 126 786
1943 955 582
1944 1530 1534
1945 983 737
1946 1859 1091
1947 1162 1952
1948 2142 651
1949 330 1523
1950 2272 2163
1951 2266 273
1952 959 1356
1953 1544 1113
1954 2077 347
1955 443 2089
1956 1061 1039
1957 1638 952
1958 918 533
1959 619 2285
1960 888 169
1961 697 320
1962 1662 797
1963 777 769
1964 1849 535
1965 407 1597
1966 695 39
1967 1118 503
1968 636 1497
1969 993 112
1970 404 1339
1971 157 1488
1972 1688 1627
1973 162 71
1974 1168 1098
1975 1551 2200
1976 79 592
1977 2245 198
1978 1837 841
1979 2218 483
1980 1052 598
1981 2238 491
1982 1794 98
1983 1708 7
1984 1269 1152
1985 1426 2293
1986 1079 1259
1987 996 2163
1988 2073 1084
1989 466 145
1990 1568 2088
1991 970 2230
1992 126 2180
1993 107 569
1994 142 2017
1995 1198 1610
1996 1342 69
1997 583 898
1998 633 964
1999 531 1916
2000 1654 834
2001 1452 678
2002 1066 1840
2003 475 1454
2004 1960 413
2005 1228 70
2006 360 970
2007 553 235
2008 78 934
2009 2076 109
2010 955 68
2011 1053 25
2012 615 443
2013 776 225
2014 1798 2110
2015 679 528
2016 829 2123
2017 1019 882
2018 349 1221
2019 393 272
2020 737 1001
2021 1007 1670
2022 1978 1710
2023 2069 380
2024 1532 1873
2025 679 423
2026 728 574
2027 1191 1246
2028 605 1115
2029 1530 1548
2030 1780 17
2031 290 1236
2032 471 648
2033 381 69
2034 57 1301
2035 2216 1383
2036 1030 1707
2037 2004 1484
2038 615 57
2039 1478 903
2040 1367 308
2041 2184 137
2042 1671 1329
2043 1971 671
2044 1666 1864
2045 1606 344
2046 691 399
2047 933 598
2048 1047 1492
2049 268 641
2050 1176 2267
2051 744 2056
2052 1344 490
2053 1253 858
2054 1274 1170
2055 1764 19
2056 728 569
2057 762 380
2058 1236 290
2059 2132 177
2060 884 967
2061 931 1093
2062 640 328
2063 1103 1223
2064 187 878
2065 1294 569
2066 358 709
2067 1396 392
2068 687 996
2069 1743 476
2070 1888 536
2071 1984 964
2072 1687 440
2073 728 161
2074 2205 1920
2075 1534 160
2076 1067 251
2077 1362 1535
2078 431 2093
2079 845 1501
2080 1667 1317
2081 356 2209
2082 1898 1170
2083 2067 539
2084 445 1348
2085 1293 1208
2086 1531 1170
2087 859 1477
2088 1768 2110
2089 1658 130
2090 1574 2033
2091 560 568
2092 2183 469
2093 445 198
2094 862 194
2095 295 1255
2096 1379 224
2097 1591 1773
2098 1139 2289
2099 1175 551
2100 197 1337
2101 1367 1808
2102 1016 607
2103 1398 1582
2104 1305 2245
2105 2153 1131
2106 391 1661
2107 2165 893
2108 1108 20
2109 226 250
2110 1308 2132
2111 1739 1139
2112 1789 704
2113 799 1993
2114 1067 1845
2115 997 1790
2116 20 108
2117 1000 2242
2118 2301 1600
2119 369 2136
2120 1131 460
2121 2146 1029
2122 843 1835
2123 159 179
2124 1552 2134
2125 492 171
2126 1259 861
2127 27 1356
2128 2098 1792
2129 166 1344
2130 762 97
2131 308 1406
2132 494 954
2133 559 1216
2134 696 567
2135 1568 375
2136 271 518
2137 1023 189
2138 2237 587
2139 1451 609
2140 1389 326
2141 1336 1798
2142 1517 1741
2143 537 1654
2144 1153 1283
2145 900 2084
2146 616 1492
2147 288 1142
2148 385 21
2149 1318 959
2150 612 425
2151 669 872
2152 132 1344
2153 789 1907
2154 832 994
2155 636 1604
2156 1307 2185
2157 1877 2107
2158 1288 200
2159 789 1333
2160 1038 1545
2161 1778 758
2162 708 979
2163 72 2289
2164 845 1621
2165 240 2009
2166 1527 496
2167 2250 818
2168 735 2247
2169 759 596
2170 1984 1255
2171 360 1708
2172 1464 1820
2173 1111 1603
2174 491 906
2175 447 521
2176 1171 707
2177 174 172
2178 550 1290
2179 1624 1925
2180 2068 1213
2181 1693 1500
2182 1493 271
2183 35 116
2184 1751 1462
2185 985 1812
2186 2095 591
2187 626 294
2188 1237 226
2189 398 2265
2190 1643 1766
2191 123 780
2192 443 1732
2193 2154 2299
2194 792 1302
2195 1103 865
2196 1156 1991
2197 1546 2232
2198 2014 264
2199 2128 99
2200 11 774
2201 115 349
2202 1446 533
2203 1101 48
2204 929 918
2205 2260 1809
2206 1044 1709
2207 269 1763
2208 1584 605
2209 2115 660
2210 63 748
2211 830 329
2212 761 1888
2213 760 863
2214 1115 987
2215 1581 2079
2216 802 39
2217 1726 3
2218 1205 1923
2219 2145 296
2220 918 865
2221 455 1739
2222 1782 1547
2223 403 2243
2224 1318 1481
2225 2288 941
2226 1469 1409
2227 1941 1085
2228 1721 73
2229 2063 2027
2230 873 380
2231 1382 1695
2232 673 350
2233 203 1424
2234 2224 552
2235 1902 1794
2236 196 155
2237 1629 2033
2238 729 1399
2239 1759 1400
2240 1492 83
2241 2047 808
2242 17 1472
2243 1471 1567
2244 758 2173
2245 702 452
2246 2196 578
2247 846 1235
2248 2148 2158
2249 1363 574
2250 168 1022
2251 1947 654
2252 140 541
2253 756 1837
2254 518 2243
2255 1477 269
2256 1714 732
2257 2100 1280
2258 2124 1002
2259 1341 2067
2260 138 165
2261 189 296
2262 802 1141
2263 1864 55
2264 893 1246
2265 2089 1820
2266 1082 2200
2267 781 1348
2268 316 1849
2269 1928 654
2270 476 2057
2271 980 290
2272 638 1200
2273 726 2283
2274 1489 662
2275 1681 1400
2276 917 698
2277 1179 431
2278 1337 1629
2279 1371 1679
2280 1029 113
2281 1625 1930
2282 2060 1068
2283 1620 368
2284 790 525
2285 1933 916
2286 1071 270
2287 1957 141
2288 325 496
2289 275 2050
2290 478 1709
2291 151 1690
2292 1745 1134
2293 1895 1802
2294 518 2199
2295 589 2249
2296 1962 1638
2297 1833 2057
2298 51 2133
2299 587 257
2300 2128 750
2301 1458 1481
2302 1603 75
2303 1568 2240
2304 2 1179
2305 835 461
2306 720 2234
2307 407 848
2308 913 928
2309 1040 1349
2310 399 1721
