4270 4270
1 33 3135
2 836 953
3 1294 753
4 4058 2322
5 2885 1530
6 3378 1403
7 3604 726
8 3201 1680
9 4035 1504
10 2358 3180
11 2033 2866
12 2885 572
13 2229 761
14 1572 2583
15 320 3203
16 1454 2821
17 2359 255
18 3443 2033
19 1943 2967
20 865 1644
21 2989 3737
22 609 1153
23 2825 2541
24 3137 2390
25 2594 2663
26 711 2059
27 1547 3301
28 2393 1568
29 2235 1107
30 546 2680
31 149 1121
32 824 2083
33 410 3290
34 2159 3193
35 4070 2265
36 572 363
37 764 2314
38 757 484
39 2549 3538
40 589 1437
41 925 110
42 257 4063
43 1071 3563
44 1172 4038
45 2839 1769
46 1147 391
47 1332 4125
48 1869 1229
49 4045 2089
50 2772 3902
51 3450 2435
52 2689 2192
53 3387 1005
54 686 1207
55 4233 1965
56 3147 1126
57 1690 1206
58 108 1679
59 157 378
60 1736 1484
61 1840 3255
62 1407 1174
63 4046 1218
64 191 1687
65 3062 81
66 498 984
67 2019 100
68 2801 1840
69 3543 4231
70 2477 3976
71 2595 3202
72 180 3400
73 1693 1081
74 3006 3311
75 346 1682
76 2482 4119
77 3891 1088
78 211 3756
79 1914 1248
80 85 152
81 2569 2666
82 2824 3008
83 827 403
84 2120 704
85 872 2884
86 3304 1234
87 3 2579
88 2372 1195
89 1718 4085
90 1222 3397
91 707 1283
92 478 1737
93 3524 1396
94 170 1442
95 1873 1719
96 1733 2979
97 3302 330
98 2398 307
99 4208 1317
100 2106 1297
101 3266 4129
102 1190 2831
103 3691 3950
104 3575 4161
105 873 1038
106 3470 2460
107 907 4199
108 90 3724
109 736 3838
110 3262 2062
111 4118 22
112 1103 1763
113 1437 2703
114 1258 714
115 1308 3673
116 1494 2794
117 4222 1604
118 3551 378
119 1250 1120
120 3456 231
121 3826 1912
122 2233 4134
123 1019 4104
124 2963 2013
125 993 1695
126 2379 2452
127 3779 673
128 1468 2029
129 1500 1623
130 2291 3664
131 3223 1043
132 568 4000
133 2703 2340
134 2961 112
135 2310 3562
136 1744 2495
137 2145 271
138 2265 3840
139 1619 1706
140 3746 2283
141 2420 245
142 4076 3953
143 2056 929
144 591 3176
145 2064 924
146 2089 1958
147 2888 2664
148 1154 477
149 3047 1325
150 4265 4232
151 1219 3558
152 1199 932
153 18 291
154 2018 113
155 2393 3356
156 1515 2785
157 1460 1176
158 2947 3963
159 746 998
160 1960 1359
161 1510 850
162 3846 2835
163 2376 674
164 2357 3102
165 3831 4159
166 1739 2457
167 1371 3393
168 3343 749
169 2828 1159
170 797 1840
171 2044 2572
172 3942 2706
173 2903 2578
174 1490 1599
175 566 881
176 3551 2296
177 2293 2318
178 1583 2443
179 1382 2784
180 3435 3729
181 1856 2818
182 534 3398
183 2389 969
184 2610 1027
185 1470 4131
186 1634 3942
187 4045 2788
188 3263 2346
189 4198 1735
190 3147 2064
191 46 3528
192 3497 4188
193 3703 1260
194 102 229
195 2888 1000
196 921 990
197 2270 4254
198 3682 1606
199 130 1316
200 736 481
201 2331 1113
202 1169 3058
203 2440 3144
204 3188 1545
205 2598 3845
206 697 767
207 909 361
208 1476 3384
209 2053 1338
210 878 1444
211 446 115
212 2923 296
213 2974 3188
214 2345 593
215 883 2202
216 2488 1726
217 1579 1861
218 2741 3305
219 3100 2670
220 1921 4046
221 2217 1788
222 675 3567
223 1202 2736
224 1496 1619
225 3391 2620
226 1875 435
227 2313 2026
228 525 842
229 93 3652
230 2740 1320
231 2900 1469
232 2669 2647
233 851 2511
234 3300 493
235 3856 372
236 3390 319
237 4097 3507
238 1925 3651
239 3651 549
240 3542 74
241 672 1580
242 511 325
243 3044 1459
244 2048 2940
245 977 1719
246 515 714
247 2057 2507
248 3477 760
249 2979 4145
250 736 3663
251 3042 996
252 1835 3301
253 547 448
254 1169 1778
255 1553 2239
256 3392 2532
257 2339 1030
258 719 293
259 1874 3055
260 3156 777
261 4242 1289
262 3586 1784
263 3273 240
264 22 3144
265 2065 1373
266 3630 2133
267 2279 3415
268 6 4119
269 3545 327
270 3221 332
271 2907 3321
272 4122 898
273 958 1674
274 227 2632
275 24 2894
276 1058 3767
277 3947 2665
278 3639 3599
279 3427 3681
280 1863 2216
281 461 2291
282 1547 4116
283 3781 3699
284 2383 3462
285 645 306
286 3718 3510
287 2013 779
288 331 909
289 1614 529
290 1789 29
291 610 1307
292 3052 3877
293 1103 3949
294 1655 2582
295 1293 470
296 1542 2833
297 418 2862
298 3471 3856
299 149 681
300 605 3045
301 2047 2305
302 542 1542
303 2119 2804
304 2459 2274
305 2145 1041
306 3346 2582
307 1494 4170
308 3776 1245
309 3583 1042
310 2439 2728
311 1810 3851
312 3169 946
313 2414 2600
314 572 1587
315 262 325
316 2245 2822
317 486 3352
318 1055 2068
319 1314 582
320 1142 4239
321 102 2971
322 2299 754
323 2527 1748
324 809 1208
325 3376 544
326 3011 2509
327 3363 4208
328 985 1974
329 3949 1604
330 3534 3625
331 1994 1330
332 643 798
333 16 1057
334 568 1633
335 1065 2265
336 2857 1411
337 1380 3972
338 2560 2327
339 2574 2758
340 1909 1683
341 818 1100
342 2727 818
343 476 449
344 802 1038
345 3628 2135
346 957 837
347 3812 2470
348 2193 367
349 134 2247
350 3780 1386
351 1857 3175
352 4117 3625
353 1655 3762
354 1743 1301
355 2395 1599
356 3476 3001
357 1713 638
358 3091 1053
359 986 1390
360 4222 4214
361 4224 1371
362 3737 195
363 323 920
364 542 286
365 2925 3098
366 2041 2799
367 1797 1492
368 290 3266
369 2166 2739
370 1190 3233
371 468 4068
372 3549 3641
373 3038 3519
374 3766 4157
375 3298 1629
376 1676 1615
377 1075 2926
378 2272 273
379 3713 1074
380 908 1633
381 1742 3249
382 1749 1918
383 2373 2337
384 1006 2285
385 984 3366
386 3093 1294
387 2828 3041
388 3108 1713
389 1668 387
390 2295 4158
391 564 2701
392 3615 4149
393 2136 2453
394 523 69
395 1055 2851
396 29 2333
397 2551 137
398 223 3658
399 4089 2362
400 455 777
401 257 3120
402 467 1698
403 323 4181
404 1891 2012
405 2637 4009
406 4218 2653
407 2127 553
408 2078 2494
409 3747 3430
410 3395 3174
411 1268 3459
412 3430 4121
413 3980 3290
414 2685 3329
415 3776 986
416 34 4133
417 1940 63
418 2867 3932
419 2867 3200
420 1091 427
421 3826 2208
422 1723 1381
423 2142 953
424 2158 1157
425 2059 78
426 2349 609
427 2360 4169
428 1011 1309
429 2975 2958
430 1005 744
431 1455 392
432 4081 295
433 2036 172
434 2225 570
435 828 4236
436 3539 2409
437 2732 467
438 564 3988
439 929 1106
440 3258 1405
441 2955 13
442 2505 3675
443 2838 3445
444 2780 1948
445 1948 2873
446 713 316
447 3406 4226
448 98 970
449 2017 2859
450 2647 3081
451 2247 2866
452 805 3016
453 2415 769
454 3168 2935
455 3580 2468
456 755 4038
457 3495 3078
458 2779 2657
459 1712 2519
460 336 3790
461 243 1785
462 1040 4000
463 3602 336
464 4054 3297
465 3161 2550
466 2035 1911
467 2765 3191
468 1689 2602
469 1378 2804
470 2789 3822
471 2880 719
472 18 2436
473 2028 2551
474 4234 2271
475 2671 4085
476 1119 1248
477 2763 3293
478 3555 1177
479 786 3652
480 2275 2465
481 797 2887
482 3316 1941
483 9 652
484 2245 4027
485 3683 1367
486 675 1160
487 654 59
488 2396 842
489 887 2412
490 1731 603
491 66 2093
492 1304 1270
493 2707 1741
494 2042 26
495 2650 3374
496 2496 1931
497 1476 1040
498 337 2814
499 555 2092
500 1555 1151
501 299 376
502 1711 2691
503 3407 1790
504 757 1832
505 2209 3047
506 2399 3028
507 4251 590
508 7 315
509 3010 3567
510 2553 2002
511 3187 96
512 4069 418
513 2923 2003
514 2090 135
515 3035 1523
516 3128 3061
517 467 1547
518 307 3486
519 4036 1533
520 2325 1763
521 790 2641
522 4187 1046
523 556 2023
524 3642 3110
525 752 1589
526 572 1645
527 4038 2842
528 834 3337
529 1274 28
530 2635 1163
531 734 1383
532 1991 2881
533 1821 218
534 3046 3310
535 23 1846
536 276 895
537 2556 52
538 1630 686
539 3218 282
540 214 2500
541 1265 719
542 1066 1064
543 1591 749
544 2288 135
545 2314 4246
546 4124 768
547 1827 2699
548 3354 1812
549 406 3727
550 3162 2255
551 2350 1094
552 3533 514
553 3308 1871
554 1527 1253
555 4233 3530
556 2109 896
557 2634 789
558 1221 1117
559 2669 2799
560 2581 1149
561 3182 3111
562 3708 2593
563 1994 719
564 2551 3472
565 521 224
566 397 645
567 964 406
568 4095 1534
569 43 2648
570 109 798
571 1665 4129
572 423 340
573 4046 915
574 461 208
575 3270 3658
576 2976 2051
577 734 1444
578 971 678
579 390 3485
580 3613 4059
581 1998 1183
582 1102 3407
583 608 888
584 2654 3017
585 2281 1786
586 2999 674
587 4204 2961
588 701 2505
589 3104 889
590 549 2726
591 2683 850
592 2109 1022
593 2953 1864
594 1911 2109
595 846 3327
596 2090 3574
597 210 376
598 3843 1589
599 2258 658
600 4232 780
601 2269 3631
602 981 3859
603 2379 3766
604 1402 63
605 4269 2571
606 4096 584
607 2085 1811
608 64 2931
609 2035 1907
610 2055 2971
611 642 2491
612 2320 3048
613 168 2089
614 2373 772
615 3123 782
616 2681 202
617 3476 1885
618 1377 3726
619 2910 3022
620 4111 2399
621 3269 4228
622 3148 3004
623 3160 1053
624 54 2251
625 2699 4153
626 3440 2467
627 3129 3199
628 1552 1653
629 2518 1353
630 2716 1107
631 818 3608
632 3330 3418
633 1936 2247
634 3819 3909
635 3088 2943
636 443 4233
637 1300 1922
638 1921 2552
639 2429 1702
640 2473 3115
641 2320 343
642 1808 3000
643 3712 1901
644 1555 3951
645 467 1020
646 3108 291
647 609 43
648 3125 776
649 3516 1066
650 1640 4101
651 3488 4238
652 2131 4186
653 2149 3812
654 1308 1961
655 3970 3893
656 3599 2044
657 2350 2946
658 3773 1551
659 3961 3564
660 2672 1233
661 2717 1744
662 2732 1915
663 1210 3811
664 1946 3605
665 983 4004
666 1836 52
667 3797 3323
668 1100 1905
669 3745 3045
670 173 115
671 3824 3468
672 4133 3733
673 1169 2180
674 3898 1086
675 1585 1718
676 2613 1407
677 3481 1973
678 1526 2846
679 258 2902
680 4100 1424
681 3991 222
682 3709 3433
683 4107 773
684 3725 3722
685 3730 1981
686 1014 401
687 2802 3400
688 3446 1090
689 2626 448
690 1959 2117
691 3426 4075
692 3514 2174
693 1046 2227
694 371 277
695 3132 3757
696 4114 1854
697 2042 1002
698 1752 625
699 840 1507
700 2147 2789
701 3823 782
702 3003 2266
703 3610 3670
704 2548 856
705 348 736
706 1366 3999
707 3929 4125
708 1911 681
709 3438 3792
710 907 3055
711 2811 2868
712 848 826
713 39 2520
714 4022 1077
715 756 1787
716 78 3219
717 1277 3161
718 3189 1213
719 3795 60
720 3901 2258
721 2066 2436
722 3501 2050
723 3791 906
724 1544 853
725 4194 1392
726 2836 396
727 2706 880
728 460 3740
729 4175 3114
730 2443 3244
731 1277 2035
732 2870 212
733 206 3482
734 3837 129
735 1310 2444
736 189 2667
737 925 2832
738 3541 3427
739 4122 584
740 2135 1979
741 924 450
742 957 1801
743 3947 1298
744 3509 4209
745 399 3190
746 2501 2936
747 143 1351
748 1639 2805
749 3044 3932
750 913 3713
751 1759 2201
752 1330 1966
753 2781 1182
754 3177 2713
755 869 765
756 584 1492
757 981 4188
758 3728 1413
759 2410 1848
760 2167 2627
761 2962 3830
762 3481 2046
763 52 117
764 1950 2491
765 3586 3107
766 1165 4090
767 1317 2014
768 1707 3844
769 1784 1784
770 2072 480
771 1900 427
772 2487 3513
773 1492 816
774 593 3633
775 3014 3117
776 2962 3197
777 208 3914
778 2639 1311
779 1136 2962
780 984 1815
781 2391 1668
782 3651 860
783 3713 3157
784 1521 3084
785 1917 978
786 3613 504
787 4074 2704
788 2272 3254
789 881 3448
790 3102 1774
791 2638 1307
792 4036 4091
793 3123 1606
794 959 3186
795 1343 200
796 1643 74
797 4096 3737
798 2616 3882
799 1761 1125
800 3910 2639
801 1117 145
802 625 1138
803 574 779
804 86 4098
805 2943 254
806 3790 893
807 1449 4019
808 3684 140
809 1056 1408
810 181 3402
811 3296 3568
812 2807 3253
813 3210 4
814 1698 3386
815 196 2718
816 842 3517
817 2979 1245
818 2467 3936
819 2073 622
820 3378 428
821 2741 4214
822 1706 3499
823 1599 265
824 263 1497
825 240 1351
826 110 2192
827 1582 3248
828 2024 2671
829 2495 213
830 1017 2742
831 1374 3392
832 1425 785
833 3565 2647
834 782 757
835 4149 2431
836 1187 459
837 3681 1972
838 1018 2401
839 4260 1783
840 3701 866
841 959 3017
842 1403 2997
843 1220 911
844 4049 2185
845 3127 3461
846 1640 2765
847 3888 2759
848 718 3255
849 3111 2004
850 3753 866
851 1400 2110
852 1271 2108
853 3224 712
854 3866 765
855 2564 423
856 2730 3297
857 3304 2912
858 1296 2436
859 2070 899
860 3862 825
861 1725 884
862 3996 3212
863 3949 411
864 3869 3681
865 1563 3304
866 3332 3925
867 1734 3993
868 2908 2828
869 1509 2727
870 3308 1986
871 2953 3519
872 3222 2059
873 2900 2578
874 2051 242
875 3008 3359
876 2255 130
877 1860 1471
878 3705 2677
879 2545 190
880 1880 2988
881 1549 4067
882 2253 2684
883 749 1066
884 2651 3976
885 1176 2255
886 3183 1252
887 2349 2787
888 1270 2858
889 3625 1265
890 1212 2231
891 2021 4051
892 1569 4151
893 2546 1983
894 2895 1476
895 2555 162
896 205 3127
897 2629 3972
898 1315 243
899 211 1893
900 2965 3662
901 1978 2847
902 2520 4103
903 1051 4129
904 1664 1009
905 3502 382
906 1348 250
907 1866 110
908 28 787
909 1212 1340
910 277 3132
911 3091 2643
912 1482 1316
913 1194 402
914 2076 32
915 3777 2205
916 3497 2411
917 409 190
918 2589 624
919 1254 3398
920 3588 4267
921 264 528
922 218 678
923 2832 68
924 3063 1799
925 2145 3318
926 2559 1469
927 3768 4174
928 1446 3038
929 3469 2931
930 1278 54
931 1406 1890
932 4138 381
933 1404 576
934 2632 1188
935 2869 3576
936 3505 63
937 1477 197
938 2092 288
939 3017 2412
940 2060 1404
941 899 3919
942 3003 3448
943 1823 4151
944 1648 411
945 4065 1754
946 786 31
947 637 2302
948 1967 3025
949 3946 3829
950 4227 807
951 460 3261
952 908 984
953 124 1340
954 2158 1845
955 3715 1336
956 2757 1993
957 2767 4001
958 2869 2158
959 3537 468
960 2309 2360
961 184 2039
962 3313 1498
963 878 3289
964 2753 1131
965 2555 514
966 4046 576
967 606 2517
968 2501 3657
969 503 2315
970 3508 2684
971 3936 856
972 2415 1318
973 2820 3702
974 1388 3730
975 2 927
976 3803 267
977 1645 2482
978 3885 1955
979 3525 1801
980 1095 3590
981 3 344
982 2488 339
983 3143 2686
984 2328 4245
985 3751 764
986 1638 3348
987 1704 2274
988 2811 938
989 1598 3840
990 1521 423
991 2774 3382
992 3780 3617
993 3774 2455
994 4036 3502
995 451 430
996 194 1847
997 3139 2293
998 3588 363
999 1359 2306
1000 253 4207
1001 3657 573
1002 2731 437
1003 1305 2418
1004 1515 654
1005 2326 150
1006 2808 3294
1007 2464 1299
1008 2921 179
1009 1708 3398
1010 492 22
1011 3987 1748
1012 526 2572
1013 145 346
1014 906 4026
1015 1852 4071
1016 559 1755
1017 2361 3614
1018 1106 3594
1019 1768 2457
1020 518 2681
1021 2277 3340
1022 1275 2380
1023 213 938
1024 578 2878
1025 3194 1765
1026 2149 2812
1027 2740 1159
1028 1329 2134
1029 263 1975
1030 3054 2223
1031 3087 3601
1032 1933 394
1033 1806 923
1034 3255 2927
1035 4018 1960
1036 3357 234
1037 1315 1958
1038 2432 761
1039 1932 2874
1040 1915 139
1041 8 3132
1042 3162 2048
1043 2896 3979
1044 1901 3495
1045 2519 1032
1046 2413 381
1047 2640 2065
1048 3212 1871
1049 770 4171
1050 2318 198
1051 3818 3451
1052 3793 3332
1053 1988 2308
1054 1220 546
1055 2523 421
1056 3713 2666
1057 2295 3913
1058 1318 4018
1059 1122 2695
1060 3179 804
1061 1566 3463
1062 757 1375
1063 1467 2095
1064 1995 1713
1065 3594 1474
1066 3608 1762
1067 218 2189
1068 1308 1576
1069 3773 1438
1070 1973 1201
1071 363 2561
1072 28 3714
1073 1441 2497
1074 1013 2341
1075 337 2487
1076 501 557
1077 3095 202
1078 3490 1356
1079 933 3334
1080 1606 3715
1081 3005 2977
1082 575 1498
1083 2797 1954
1084 1293 2669
1085 2979 4126
1086 2723 2522
1087 4167 2567
1088 2149 441
1089 1449 3702
1090 3125 3867
1091 3873 1465
1092 3557 341
1093 1276 1425
1094 4153 3762
1095 119 1229
1096 1343 4060
1097 4254 1029
1098 1623 662
1099 190 2236
1100 2148 2624
1101 2965 1624
1102 3747 1750
1103 1897 844
1104 2956 962
1105 1762 3000
1106 2331 85
1107 4237 499
1108 3722 1553
1109 1413 3594
1110 4190 1128
1111 2785 2528
1112 1958 1443
1113 1071 4246
1114 3293 3718
1115 1493 1019
1116 3815 1167
1117 1043 63
1118 1994 824
1119 395 461
1120 1235 213
1121 238 805
1122 2697 1286
1123 2885 3227
1124 969 950
1125 2858 2550
1126 3016 3211
1127 478 2451
1128 1575 2636
1129 2496 574
1130 97 1163
1131 616 537
1132 3515 627
1133 2876 1977
1134 3712 1818
1135 1344 3173
1136 2889 2599
1137 204 3967
1138 3383 1007
1139 1869 1939
1140 3968 2071
1141 3376 469
1142 2385 1716
1143 745 3437
1144 2645 2718
1145 3265 1467
1146 2990 2387
1147 512 1518
1148 2892 1387
1149 2603 3431
1150 401 176
1151 4143 3472
1152 4136 835
1153 3305 4226
1154 3006 1561
1155 3650 1625
1156 1675 2236
1157 3323 2990
1158 3411 1394
1159 406 663
1160 719 3361
1161 608 399
1162 3916 1325
1163 364 495
1164 866 676
1165 1134 2652
1166 1400 23
1167 1452 1492
1168 2646 1469
1169 2453 2636
1170 1036 19
1171 1258 104
1172 2973 2760
1173 4253 2226
1174 2399 174
1175 3744 707
1176 1342 208
1177 1591 3029
1178 4205 3659
1179 1250 3722
1180 2173 3803
1181 2060 4108
1182 1303 243
1183 730 1712
1184 3390 3438
1185 299 830
1186 2059 742
1187 939 2324
1188 4182 1620
1189 3257 896
1190 773 3463
1191 4217 98
1192 374 4221
1193 179 5
1194 284 4077
1195 481 544
1196 1770 19
1197 1631 231
1198 4094 4223
1199 4180 4130
1200 78 1136
1201 2082 1212
1202 96 4242
1203 999 3187
1204 1682 693
1205 14 1003
1206 3591 1306
1207 1452 3886
1208 2181 3064
1209 2955 3906
1210 3725 1673
1211 2922 2840
1212 338 2437
1213 174 3989
1214 3189 2870
1215 307 281
1216 3650 2698
1217 38 2498
1218 1435 2724
1219 149 3237
1220 3425 1489
1221 1158 3743
1222 1166 1158
1223 1234 1413
1224 1444 2597
1225 618 1072
1226 1236 329
1227 2617 4088
1228 3075 3749
1229 1995 2018
1230 1393 227
1231 2249 1544
1232 3759 202
1233 1897 4080
1234 3187 141
1235 3360 1606
1236 3220 788
1237 1617 3931
1238 3135 775
1239 2801 1865
1240 2838 3953
1241 754 2556
1242 1818 1190
1243 1167 3318
1244 2429 3426
1245 1279 1491
1246 3755 667
1247 908 2195
1248 236 1045
1249 806 1756
1250 1924 678
1251 1807 1582
1252 3572 2146
1253 3274 2626
1254 26 1118
1255 2918 3084
1256 2652 2230
1257 2121 1710
1258 1029 159
1259 3551 1022
1260 3811 1964
1261 1943 3204
1262 579 1647
1263 1887 670
1264 3001 2232
1265 1134 3418
1266 2212 3282
1267 1370 2163
1268 2869 119
1269 3547 268
1270 3175 1992
1271 1732 2798
1272 3082 1998
1273 1892 1009
1274 3813 3401
1275 2347 1852
1276 4249 2277
1277 3351 4265
1278 1491 2534
1279 2753 1138
1280 680 1790
1281 4 1946
1282 3714 1376
1283 2769 2327
1284 3829 314
1285 3834 754
1286 2026 3528
1287 1375 2986
1288 3508 3285
1289 1220 3601
1290 1765 234
1291 662 1897
1292 2313 2636
1293 3278 1066
1294 4063 2834
1295 2965 3385
1296 623 1556
1297 2695 2220
1298 2672 131
1299 79 2424
1300 2270 727
1301 3951 24
1302 981 525
1303 1513 4118
1304 2074 4166
1305 1160 1989
1306 45 261
1307 2103 2889
1308 3784 856
1309 699 2093
1310 4026 2474
1311 2485 2906
1312 304 3092
1313 2969 2742
1314 3326 3652
1315 2077 1299
1316 4095 3349
1317 3423 544
1318 1115 3702
1319 3798 985
1320 2736 3840
1321 990 3459
1322 486 605
1323 2146 2270
1324 3272 135
1325 1447 2212
1326 654 3102
1327 3170 3719
1328 1623 1741
1329 56 4083
1330 3617 3470
1331 2449 3436
1332 1068 3954
1333 3069 3876
1334 85 4150
1335 3234 2560
1336 2460 2430
1337 2676 3258
1338 2895 107
1339 3917 246
1340 1109 333
1341 1230 4113
1342 2701 940
1343 3107 2671
1344 3758 3897
1345 1533 339
1346 2338 2861
1347 952 587
1348 3575 3706
1349 1931 3812
1350 573 1826
1351 2385 3497
1352 2632 4061
1353 2232 2968
1354 781 3600
1355 2505 1273
1356 2144 3821
1357 4008 1136
1358 4086 3951
1359 3764 3644
1360 3160 4170
1361 391 1974
1362 3401 1158
1363 3599 1372
1364 2295 3302
1365 1833 3267
1366 543 1287
1367 1531 2704
1368 1917 2365
1369 2624 487
1370 4188 3434
1371 2039 1247
1372 4141 2575
1373 3616 107
1374 968 474
1375 2747 1960
1376 704 2459
1377 940 1558
1378 150 808
1379 4096 1679
1380 2167 1685
1381 2823 3045
1382 107 269
1383 4236 457
1384 3402 3418
1385 872 1627
1386 2569 2218
1387 1396 220
1388 2230 2404
1389 2139 1475
1390 1777 3305
1391 1043 2854
1392 3083 1085
1393 55 2367
1394 1075 1706
1395 828 1548
1396 4111 2993
1397 484 1751
1398 1712 2497
1399 368 1286
1400 305 1605
1401 854 1368
1402 2007 1498
1403 2831 1102
1404 144 211
1405 1469 606
1406 101 1436
1407 1531 1606
1408 1455 1995
1409 1563 3985
1410 1220 1293
1411 2706 3881
1412 3347 3944
1413 232 1450
1414 1509 2094
1415 1551 3942
1416 196 3564
1417 590 1118
1418 3682 177
1419 468 3905
1420 376 975
1421 1913 3477
1422 3191 4052
1423 540 3317
1424 2819 2410
1425 3342 3892
1426 2140 1513
1427 3456 1531
1428 2494 795
1429 1439 704
1430 768 3441
1431 1531 9
1432 2356 2848
1433 694 87
1434 3864 457
1435 3323 2865
1436 1306 769
1437 2002 2539
1438 675 707
1439 1858 3135
1440 2819 3542
1441 198 1633
1442 3458 3245
1443 2968 142
1444 1352 2244
1445 500 2931
1446 1609 2615
1447 2912 3886
1448 369 1090
1449 1583 1036
1450 4040 1895
1451 769 2225
1452 1370 2444
1453 3046 848
1454 17 1240
1455 4211 459
1456 221 1779
1457 946 1700
1458 1376 1941
1459 1635 3852
1460 4145 2324
1461 2060 2289
1462 2732 1776
1463 1837 1363
1464 3661 945
1465 3388 161
1466 790 2986
1467 1339 3233
1468 2039 2635
1469 312 748
1470 3963 132
1471 2461 1719
1472 2300 384
1473 1396 3505
1474 1392 3408
1475 351 3969
1476 2441 3242
1477 639 3548
1478 809 3411
1479 1913 3827
1480 3339 432
1481 382 1576
1482 84 3944
1483 2557 1459
1484 3451 1972
1485 289 3770
1486 1718 3514
1487 3388 1911
1488 984 2063
1489 4216 82
1490 2800 876
1491 1902 321
1492 2163 1079
1493 1887 3611
1494 3387 310
1495 3071 1296
1496 505 2862
1497 847 1437
1498 1593 2432
1499 1058 2381
1500 236 3406
1501 2125 3582
1502 1999 3645
1503 2860 277
1504 977 2099
1505 1952 3613
1506 1473 712
1507 1040 4040
1508 850 90
1509 2721 57
1510 3083 1186
1511 2867 2240
1512 2167 2546
1513 1454 846
1514 1664 3590
1515 1125 1435
1516 4258 2467
1517 3289 1675
1518 4252 3042
1519 29 313
1520 2961 1071
1521 1061 4120
1522 2676 1073
1523 2948 618
1524 1856 2674
1525 1160 3954
1526 605 971
1527 3535 3692
1528 1194 574
1529 1461 1675
1530 1670 1469
1531 3180 4060
1532 334 2764
1533 3932 3003
1534 3205 282
1535 3181 1128
1536 2015 1972
1537 753 935
1538 3889 442
1539 1894 3931
1540 2933 2324
1541 2273 2815
1542 295 1884
1543 758 2662
1544 2026 451
1545 2814 2014
1546 3830 3163
1547 2486 4163
1548 638 483
1549 2526 3261
1550 4 4201
1551 2542 419
1552 3306 281
1553 2829 2512
1554 2144 416
1555 1283 823
1556 595 3488
1557 3691 1910
1558 196 3690
1559 3529 3197
1560 2014 1046
1561 2899 2209
1562 1287 3377
1563 468 1390
1564 3104 4064
1565 3011 3091
1566 1008 4004
1567 161 2920
1568 2222 3918
1569 1746 901
1570 3769 2919
1571 3440 2253
1572 2833 1705
1573 4244 37
1574 3474 724
1575 2778 2176
1576 1638 764
1577 3177 311
1578 3624 4200
1579 3324 932
1580 160 1807
1581 3378 933
1582 2011 3427
1583 1469 532
1584 2751 3260
1585 3093 3125
1586 1739 1662
1587 4140 2077
1588 2200 594
1589 1176 2426
1590 1425 3339
1591 1356 3603
1592 4218 3400
1593 646 800
1594 18 899
1595 674 2393
1596 1470 4203
1597 2908 1565
1598 2437 2360
1599 2465 2217
1600 1981 4005
1601 938 3976
1602 4084 617
1603 3927 1189
1604 1241 2012
1605 1376 3472
1606 1698 3649
1607 2520 1439
1608 1907 2259
1609 3434 1688
1610 1754 3273
1611 1113 2291
1612 1161 114
1613 596 1902
1614 2657 828
1615 3827 2621
1616 2721 1459
1617 389 1804
1618 1208 4085
1619 973 459
1620 1259 302
1621 213 2607
1622 75 2635
1623 1584 2435
1624 1213 306
1625 910 3051
1626 2494 1583
1627 926 1582
1628 1960 2171
1629 902 1018
1630 3796 2162
1631 2465 3424
1632 882 487
1633 790 1293
1634 1448 1006
1635 3881 2133
1636 3717 2153
1637 2796 1334
1638 3119 1608
1639 1419 416
1640 3041 1529
1641 3691 4253
1642 2412 3407
1643 3956 2406
1644 1182 4069
1645 3826 2842
1646 2170 4260
1647 156 2110
1648 2460 1322
1649 3979 2145
1650 1085 3389
1651 408 4163
1652 202 3956
1653 1133 3223
1654 1166 2205
1655 1126 605
1656 2791 913
1657 3541 3844
1658 4018 3836
1659 1830 1315
1660 3255 2014
1661 2024 3439
1662 603 2472
1663 3259 3104
1664 3579 851
1665 1672 3248
1666 1617 2223
1667 3039 1607
1668 927 247
1669 4122 1103
1670 2478 3421
1671 3093 2546
1672 189 224
1673 571 1148
1674 2037 2564
1675 2178 1802
1676 1437 1684
1677 3551 2425
1678 2866 3801
1679 259 2362
1680 3395 4233
1681 983 1386
1682 2510 1634
1683 440 824
1684 2059 3665
1685 3385 2772
1686 482 3279
1687 279 2788
1688 3752 2160
1689 451 3122
1690 3465 1003
1691 1902 1769
1692 1855 2723
1693 2066 1488
1694 2067 1469
1695 4 2783
1696 2610 472
1697 3168 1070
1698 1205 1805
1699 1832 2492
1700 1310 2254
1701 280 2412
1702 872 38
1703 3223 2131
1704 2098 600
1705 4204 3291
1706 1942 3770
1707 2489 1791
1708 3739 139
1709 876 2988
1710 2190 255
1711 3308 1678
1712 593 3826
1713 659 340
1714 3140 276
1715 4032 2905
1716 2208 2163
1717 151 539
1718 1652 2215
1719 3009 1355
1720 1079 1777
1721 2815 35
1722 3285 30
1723 358 3909
1724 713 2681
1725 3182 2817
1726 2313 3876
1727 67 1903
1728 1139 2566
1729 2771 3667
1730 3185 3550
1731 90 4093
1732 2678 632
1733 1092 2713
1734 1581 3063
1735 4033 1220
1736 3916 2917
1737 4066 3825
1738 2835 3596
1739 877 1507
1740 2152 256
1741 3362 1809
1742 3849 2173
1743 3419 3419
1744 2534 2972
1745 1547 513
1746 1330 2769
1747 2030 824
1748 3680 2978
1749 2299 2263
1750 364 1730
1751 1168 2372
1752 2475 974
1753 1246 189
1754 962 1411
1755 4255 3641
1756 598 2269
1757 2652 2964
1758 1915 2303
1759 2874 3383
1760 246 3901
1761 1550 2269
1762 2684 726
1763 1029 2142
1764 3446 1342
1765 2872 3127
1766 2825 2055
1767 1205 1167
1768 1582 3765
1769 262 3735
1770 368 3581
1771 1175 3656
1772 4246 3554
1773 3578 4105
1774 2409 3209
1775 4036 228
1776 2800 2358
1777 1488 2626
1778 3277 3422
1779 182 2775
1780 365 1698
1781 3012 2864
1782 1734 3842
1783 1507 1089
1784 3436 3144
1785 1163 1343
1786 338 3459
1787 4267 1931
1788 1584 1266
1789 1234 2434
1790 2147 2772
1791 2983 2393
1792 312 2033
1793 2659 124
1794 4161 2888
1795 210 1701
1796 33 2503
1797 2728 1104
1798 737 2955
1799 1234 1238
1800 269 1920
1801 833 434
1802 3790 1782
1803 3734 220
1804 2600 3706
1805 1935 5
1806 3065 592
1807 663 2518
1808 34 1976
1809 3290 1130
1810 186 2903
1811 2239 662
1812 3930 1847
1813 347 3812
1814 60 2730
1815 1538 3572
1816 1640 1049
1817 3110 562
1818 290 1005
1819 304 348
1820 265 145
1821 3264 3912
1822 2192 3650
1823 2699 462
1824 929 874
1825 20 2660
1826 1256 1817
1827 2333 2773
1828 2271 3021
1829 4029 550
1830 2170 3861
1831 4071 2788
1832 2969 1121
1833 221 1960
1834 212 1129
1835 2360 3933
1836 3391 838
1837 1028 3265
1838 1774 2176
1839 1016 1539
1840 2019 2609
1841 3403 3893
1842 2528 1185
1843 4016 1194
1844 2507 1893
1845 1688 2907
1846 3238 1803
1847 3838 802
1848 1218 868
1849 4061 1266
1850 1875 995
1851 1607 1249
1852 2378 1469
1853 2353 754
1854 1931 2418
1855 3633 2691
1856 2479 3644
1857 3936 317
1858 1307 2797
1859 2867 3271
1860 824 2408
1861 1003 403
1862 3162 3567
1863 3401 2204
1864 2046 1534
1865 2104 1457
1866 1666 2558
1867 3067 3900
1868 3467 43
1869 1267 4015
1870 852 921
1871 3478 2044
1872 1641 1370
1873 366 3881
1874 1506 327
1875 2022 3422
1876 3494 2483
1877 2309 1615
1878 1298 2386
1879 162 236
1880 1239 3902
1881 197 521
1882 1091 2437
1883 937 2026
1884 3029 2832
1885 51 2795
1886 452 3104
1887 1035 2068
1888 1771 1445
1889 4057 1402
1890 2225 488
1891 3727 3197
1892 2741 964
1893 1385 1687
1894 636 3050
1895 3443 840
1896 492 1237
1897 2411 4180
1898 3898 1851
1899 4026 1435
1900 1858 4230
1901 3762 324
1902 3405 413
1903 2953 2335
1904 1022 433
1905 1952 3301
1906 1928 3179
1907 2096 4122
1908 781 691
1909 961 616
1910 745 3622
1911 1625 3
1912 1563 2126
1913 1300 357
1914 3267 860
1915 1778 2159
1916 2294 1136
1917 1388 3389
1918 515 1798
1919 2179 911
1920 1970 3160
1921 2148 623
1922 4198 1568
1923 380 465
1924 1469 3953
1925 3577 3342
1926 654 3887
1927 3548 746
1928 3482 3275
1929 549 3271
1930 375 1337
1931 1223 4210
1932 2561 1411
1933 384 887
1934 1817 756
1935 2096 1505
1936 1589 4060
1937 3915 780
1938 3539 1869
1939 3629 2253
1940 276 2828
1941 2943 1282
1942 3025 2564
1943 1472 411
1944 1260 3899
1945 3647 714
1946 129 2513
1947 1257 433
1948 2429 2516
1949 2159 2346
1950 4087 3921
1951 2316 3533
1952 4154 1376
1953 668 533
1954 963 693
1955 407 2226
1956 2664 259
1957 1113 731
1958 1438 4270
1959 879 493
1960 2683 4239
1961 986 1109
1962 2529 2553
1963 2763 2122
1964 335 3036
1965 2267 894
1966 587 4052
1967 79 2124
1968 1193 129
1969 1220 10
1970 3997 2032
1971 1040 346
1972 1533 1697
1973 1343 1510
1974 1741 2625
1975 2182 2468
1976 1583 2680
1977 2722 2138
1978 1277 2830
1979 4249 3474
1980 628 1089
1981 3123 1655
1982 1117 4170
1983 3057 833
1984 1558 2097
1985 1381 2986
1986 2544 3151
1987 2151 2123
1988 1260 809
1989 2423 2724
1990 606 1508
1991 448 2130
1992 1784 2903
1993 252 767
1994 3829 679
1995 1847 2842
1996 3446 2873
1997 2676 1893
1998 2030 474
1999 950 408
2000 4138 2929
2001 943 3889
2002 170 1550
2003 3651 237
2004 2015 2216
2005 2853 2671
2006 4094 2249
2007 4148 821
2008 209 3950
2009 465 300
2010 1317 3791
2011 732 2920
2012 3419 2895
2013 74 3909
2014 3503 3695
2015 2436 1487
2016 3798 2181
2017 3869 3482
2018 1288 3599
2019 1774 1550
2020 4212 1633
2021 943 416
2022 646 845
2023 3690 2741
2024 2383 1616
2025 2816 1839
2026 1410 132
2027 2308 3414
2028 2385 955
2029 1326 561
2030 712 2148
2031 3883 414
2032 1128 3215
2033 3806 1813
2034 4013 3181
2035 3099 2972
2036 2666 1459
2037 1954 2661
2038 2294 2066
2039 4186 3530
2040 2660 4045
2041 3780 2892
2042 4089 3709
2043 1338 1129
2044 2335 660
2045 920 2557
2046 1195 1464
2047 3551 3449
2048 1232 3363
2049 4235 2391
2050 3042 175
2051 499 1299
2052 3669 849
2053 3713 2676
2054 1962 1077
2055 4197 1592
2056 3994 1934
2057 2423 251
2058 3036 1752
2059 3013 1484
2060 2538 981
2061 115 2715
2062 1828 547
2063 1598 4019
2064 737 980
2065 4077 952
2066 2461 1931
2067 1556 456
2068 2342 2859
2069 2459 2853
2070 3449 3305
2071 2690 974
2072 952 1299
2073 401 2708
2074 2809 293
2075 3099 4031
2076 1024 3303
2077 2848 3069
2078 430 1412
2079 1559 1194
2080 694 2500
2081 668 3749
2082 57 347
2083 3027 4251
2084 3801 3028
2085 2778 598
2086 4259 301
2087 2013 1430
2088 2460 545
2089 2055 1260
2090 1573 1417
2091 3523 1245
2092 1545 2983
2093 2935 667
2094 1335 741
2095 325 2470
2096 818 4058
2097 3866 2116
2098 226 3432
2099 3470 2273
2100 1988 704
2101 1820 2533
2102 1256 932
2103 2139 4090
2104 3392 589
2105 1504 387
2106 1318 395
2107 2446 2568
2108 3831 2063
2109 3833 287
2110 3967 2600
2111 3827 2607
2112 3862 4204
2113 594 2266
2114 1062 3740
2115 3432 1171
2116 2326 2017
2117 3690 268
2118 791 190
2119 2149 2912
2120 1563 1885
2121 3998 884
2122 3394 4238
2123 2705 342
2124 523 730
2125 3145 1721
2126 1549 4230
2127 4203 1913
2128 4188 3903
2129 1713 3937
2130 1418 2692
2131 2474 329
2132 459 2699
2133 3757 291
2134 1430 3326
2135 1533 378
2136 603 3125
2137 1878 46
2138 4248 1725
2139 680 1185
2140 1593 3074
2141 1061 2559
2142 2354 3206
2143 1241 2162
2144 492 970
2145 811 493
2146 2576 647
2147 2146 601
2148 631 2386
2149 4252 1226
2150 4074 233
2151 3162 338
2152 26 2544
2153 4181 2895
2154 1270 1822
2155 2997 2967
2156 1381 1400
2157 1851 1068
2158 2698 3182
2159 3772 2136
2160 3038 1296
2161 3999 2956
2162 818 3952
2163 3015 4210
2164 1577 253
2165 1453 2468
2166 451 1088
2167 475 2262
2168 891 3760
2169 4157 2323
2170 2631 3988
2171 1285 2241
2172 1532 3238
2173 2441 458
2174 2621 2292
2175 1169 2083
2176 3681 1772
2177 206 3164
2178 3301 718
2179 392 3333
2180 2189 2253
2181 1474 3897
2182 1701 709
2183 130 1421
2184 143 4176
2185 3403 435
2186 181 2158
2187 3267 3983
2188 2358 1547
2189 2345 1740
2190 2922 3363
2191 1781 2137
2192 184 3283
2193 3600 682
2194 2441 732
2195 1603 2940
2196 2807 3947
2197 2991 3383
2198 2643 2690
2199 3626 2904
2200 542 919
2201 348 1404
2202 1006 622
2203 4266 3126
2204 148 150
2205 3765 3723
2206 2465 3793
2207 1646 3899
2208 3183 3376
2209 1238 22
2210 2730 2787
2211 1478 830
2212 1144 1919
2213 214 766
2214 431 2503
2215 152 1851
2216 732 1980
2217 3254 150
2218 2925 1122
2219 198 338
2220 3969 4081
2221 1465 1713
2222 964 1307
2223 187 313
2224 3506 3499
2225 2628 709
2226 1067 153
2227 2592 445
2228 2214 2316
2229 2851 3714
2230 1609 126
2231 2142 3311
2232 3687 3656
2233 1624 2198
2234 430 1359
2235 3079 3322
2236 394 2129
2237 2917 2926
2238 1767 1014
2239 2891 1387
2240 3556 461
2241 9 1461
2242 2348 2209
2243 2264 937
2244 2456 3771
2245 3240 2095
2246 2152 3014
2247 2574 2288
2248 2603 392
2249 3236 2332
2250 187 948
2251 4075 1192
2252 3065 1282
2253 2499 4021
2254 2017 1295
2255 1644 1417
2256 133 3420
2257 3892 277
2258 806 2882
2259 2587 2830
2260 2924 1669
2261 2063 2051
2262 279 3261
2263 2077 914
2264 2247 465
2265 1383 282
2266 2657 1031
2267 514 3004
2268 3038 1013
2269 1447 2146
2270 1101 767
2271 1546 1737
2272 1609 1210
2273 371 103
2274 161 3573
2275 3276 872
2276 1756 961
2277 2596 465
2278 814 3220
2279 294 4085
2280 300 1760
2281 576 2210
2282 1912 1782
2283 1648 2103
2284 65 1818
2285 2287 974
2286 647 1251
2287 1056 873
2288 2214 858
2289 2355 197
2290 3493 1743
2291 1671 1209
2292 219 3350
2293 3648 1951
2294 797 1303
2295 1642 3868
2296 1744 1793
2297 3651 3442
2298 112 2218
2299 2933 1746
2300 1102 3730
2301 113 493
2302 1741 2020
2303 615 1511
2304 1993 301
2305 4089 3466
2306 3411 841
2307 2762 4211
2308 3909 3025
2309 3836 1867
2310 1090 3306
2311 3984 3631
2312 1783 1981
2313 437 74
2314 176 1683
2315 325 809
2316 453 3632
2317 4118 2756
2318 2049 4066
2319 1077 652
2320 4025 2953
2321 2311 3370
2322 427 282
2323 3502 3081
2324 1495 3738
2325 1487 517
2326 1825 2633
2327 4106 1063
2328 1343 403
2329 3312 1595
2330 1696 2632
2331 1704 2509
2332 3896 3605
2333 3251 3439
2334 2870 3046
2335 1012 846
2336 2908 256
2337 811 1290
2338 173 2779
2339 4128 2417
2340 275 1724
2341 1883 1665
2342 4077 4248
2343 2268 886
2344 111 524
2345 3017 3965
2346 3533 3580
2347 2545 1410
2348 1772 3972
2349 1952 1678
2350 694 2000
2351 2274 3324
2352 3420 459
2353 1603 2066
2354 3468 2741
2355 2502 1044
2356 2035 4176
2357 86 1305
2358 2625 728
2359 3409 655
2360 808 1079
2361 1515 2431
2362 4103 584
2363 313 596
2364 2952 3201
2365 202 1555
2366 2883 1419
2367 1561 572
2368 1859 1416
2369 843 1189
2370 3349 1958
2371 1353 551
2372 1476 837
2373 897 3067
2374 245 570
2375 3036 2172
2376 3336 433
2377 577 1362
2378 4060 1261
2379 27 1645
2380 3748 783
2381 566 2167
2382 1870 3607
2383 246 835
2384 1824 518
2385 159 579
2386 944 2641
2387 938 1112
2388 2086 2434
2389 381 27
2390 469 4061
2391 4213 75
2392 697 2247
2393 1683 3016
2394 3425 839
2395 1547 453
2396 528 112
2397 1056 1798
2398 962 2562
2399 1692 2220
2400 1314 3424
2401 2375 2836
2402 1015 2967
2403 625 2885
2404 3143 3542
2405 1465 1438
2406 625 3181
2407 575 3180
2408 3033 1179
2409 3245 3183
2410 284 535
2411 3749 1342
2412 4019 2729
2413 2459 3681
2414 49 1149
2415 2613 2905
2416 4237 1033
2417 2971 2598
2418 540 2831
2419 3163 3033
2420 1200 4126
2421 2609 240
2422 3160 1749
2423 459 329
2424 3653 152
2425 695 3987
2426 3504 1801
2427 350 1560
2428 2359 1266
2429 2303 3185
2430 1259 2562
2431 229 2349
2432 265 958
2433 2899 939
2434 3197 1066
2435 289 185
2436 1601 3688
2437 3475 1376
2438 4225 942
2439 2773 1691
2440 2982 1534
2441 3377 3962
2442 1455 2242
2443 4039 2511
2444 3704 2094
2445 3773 2108
2446 425 3176
2447 706 1476
2448 668 510
2449 37 3876
2450 2001 1101
2451 25 2885
2452 1112 1361
2453 651 1925
2454 2212 2263
2455 3955 3120
2456 1693 1758
2457 1973 923
2458 3217 3966
2459 3780 1310
2460 3553 2772
2461 4008 1348
2462 2863 3963
2463 873 1096
2464 3965 810
2465 607 2415
2466 2237 939
2467 3654 2480
2468 1020 2965
2469 1853 3909
2470 727 3275
2471 1040 1936
2472 1908 970
2473 3954 3294
2474 345 2260
2475 458 711
2476 1832 1787
2477 4224 2569
2478 1835 1952
2479 3630 2000
2480 1778 4002
2481 615 3831
2482 107 302
2483 1635 324
2484 4157 1144
2485 1797 1490
2486 4132 1868
2487 1495 2398
2488 1729 1920
2489 1005 1609
2490 3621 1375
2491 2512 3451
2492 1401 1530
2493 4052 3845
2494 2871 2947
2495 2447 686
2496 2865 443
2497 1532 3362
2498 1109 725
2499 1916 535
2500 3482 2371
2501 2151 2313
2502 559 1921
2503 1873 1694
2504 712 2530
2505 2993 1373
2506 1935 2917
2507 413 2221
2508 2399 2631
2509 2833 2436
2510 932 1758
2511 1229 3568
2512 3331 81
2513 367 1095
2514 1753 1101
2515 1623 63
2516 651 2731
2517 2807 403
2518 339 494
2519 3497 2652
2520 1441 1845
2521 3998 1622
2522 714 279
2523 725 1108
2524 2334 893
2525 3985 552
2526 371 3451
2527 2989 4132
2528 3704 3864
2529 987 672
2530 2088 2135
2531 2655 1500
2532 1740 3597
2533 683 1882
2534 3331 3516
2535 2437 3808
2536 2387 2807
2537 3474 2066
2538 481 4263
2539 3464 1207
2540 3043 1873
2541 3585 2562
2542 728 3396
2543 1217 1604
2544 3179 2341
2545 1404 3533
2546 1717 592
2547 3047 3148
2548 1564 1710
2549 2432 2127
2550 1609 1555
2551 2413 709
2552 688 2142
2553 776 1603
2554 1217 3258
2555 511 3690
2556 3642 3422
2557 297 3392
2558 2393 170
2559 2715 2241
2560 3986 1387
2561 3612 470
2562 3876 2009
2563 4216 1803
2564 2145 3370
2565 3097 2948
2566 3785 2586
2567 1986 3177
2568 2176 574
2569 631 1296
2570 3750 2966
2571 2817 2464
2572 2005 1727
2573 1136 224
2574 2242 1217
2575 3370 3741
2576 2749 3626
2577 872 1330
2578 1233 2321
2579 930 4268
2580 4266 1607
2581 1701 3859
2582 848 2104
2583 123 1056
2584 1419 2630
2585 426 5
2586 2612 876
2587 389 50
2588 3217 2443
2589 2985 3632
2590 3756 1404
2591 1056 903
2592 1911 2682
2593 3329 1039
2594 1602 3452
2595 2759 1541
2596 327 3381
2597 4222 874
2598 1626 1498
2599 3443 2643
2600 3070 2449
2601 229 2928
2602 335 1955
2603 3695 1642
2604 1192 2319
2605 3836 638
2606 1337 3075
2607 1201 1225
2608 1284 3230
2609 883 3742
2610 3620 3383
2611 3991 291
2612 1256 889
2613 756 2007
2614 3077 4067
2615 3376 1916
2616 3398 3822
2617 2702 3130
2618 3081 1470
2619 964 2479
2620 1228 3396
2621 1484 3168
2622 2949 363
2623 3983 858
2624 2131 3820
2625 3293 4234
2626 1115 1816
2627 3778 19
2628 1152 1747
2629 2556 1746
2630 2918 1925
2631 1790 1377
2632 3095 58
2633 1771 2889
2634 3663 3558
2635 3572 659
2636 1722 201
2637 3463 1082
2638 423 538
2639 3025 1596
2640 3088 2633
2641 2854 2347
2642 2963 174
2643 3076 2987
2644 2713 3081
2645 627 3701
2646 1201 1715
2647 1147 2112
2648 1521 1267
2649 3882 3771
2650 2891 1264
2651 754 4098
2652 1227 2486
2653 2912 3295
2654 546 3956
2655 2386 3727
2656 1455 3052
2657 1694 1283
2658 1813 1693
2659 3435 1509
2660 251 3041
2661 2956 3713
2662 219 3355
2663 4221 2219
2664 2460 19
2665 1089 3650
2666 2331 773
2667 2011 2220
2668 1234 2554
2669 1220 2409
2670 1120 2854
2671 3746 371
2672 351 3914
2673 1748 740
2674 2580 2694
2675 2541 592
2676 3919 3772
2677 1551 2472
2678 3118 2729
2679 3062 1258
2680 2701 4111
2681 3722 3958
2682 223 1449
2683 3243 1510
2684 507 2274
2685 3854 1637
2686 2091 1122
2687 751 317
2688 170 718
2689 3175 1096
2690 1006 2706
2691 72 1047
2692 3975 3986
2693 1040 1441
2694 1080 314
2695 57 1557
2696 582 3891
2697 1957 2530
2698 2710 105
2699 2147 2674
2700 844 1659
2701 1788 1990
2702 82 2979
2703 1749 2305
2704 1554 11
2705 373 3308
2706 827 2977
2707 382 696
2708 3731 3608
2709 193 1179
2710 342 2677
2711 975 3935
2712 347 2148
2713 2766 2147
2714 1100 2518
2715 2679 3523
2716 2713 356
2717 2886 882
2718 2497 1553
2719 1387 788
2720 840 3610
2721 3047 563
2722 2362 2298
2723 2663 3000
2724 3684 2006
2725 274 228
2726 3720 926
2727 3545 2138
2728 547 1211
2729 208 3391
2730 451 1793
2731 2150 1848
2732 2462 3304
2733 3398 677
2734 416 3109
2735 477 37
2736 3155 153
2737 3720 3713
2738 3901 2479
2739 951 1469
2740 1699 3935
2741 1059 3378
2742 3556 2187
2743 3121 2608
2744 4249 1647
2745 3650 3247
2746 3702 4269
2747 1155 2471
2748 3650 780
2749 3648 1533
2750 1551 2823
2751 3117 1610
2752 2362 3529
2753 1682 1541
2754 314 91
2755 3889 917
2756 2852 2366
2757 1940 1890
2758 2879 2497
2759 2614 349
2760 1773 3563
2761 2399 769
2762 1924 2315
2763 3670 265
2764 2935 1164
2765 2284 18
2766 167 1863
2767 2584 2591
2768 920 1547
2769 1786 587
2770 3009 1870
2771 2246 476
2772 951 4008
2773 815 511
2774 2 1098
2775 1258 371
2776 3547 1034
2777 1163 1443
2778 2635 2926
2779 4242 1407
2780 2697 2535
2781 541 3399
2782 4191 329
2783 3979 1526
2784 2934 118
2785 54 919
2786 1407 677
2787 2790 3434
2788 2772 3880
2789 960 1789
2790 3925 343
2791 2969 422
2792 1590 1877
2793 187 4189
2794 1389 1912
2795 3486 2120
2796 1294 2512
2797 2340 960
2798 2441 43
2799 96 2607
2800 2633 2003
2801 952 3281
2802 78 2513
2803 80 249
2804 2431 807
2805 1184 1797
2806 3242 36
2807 2231 3986
2808 3762 824
2809 817 3035
2810 1741 2558
2811 1222 1297
2812 4197 1128
2813 4258 2713
2814 1665 3062
2815 1312 4247
2816 62 2351
2817 1414 1945
2818 2952 3679
2819 495 2709
2820 2646 3274
2821 2888 3041
2822 2991 3189
2823 1083 3015
2824 903 3468
2825 2911 2523
2826 947 4208
2827 463 786
2828 2925 3806
2829 1193 780
2830 2407 3323
2831 2815 1961
2832 1178 2999
2833 4029 1886
2834 2001 3684
2835 989 4017
2836 2115 737
2837 223 1555
2838 520 3111
2839 675 2346
2840 2573 834
2841 281 817
2842 2775 780
2843 546 2318
2844 1867 2695
2845 660 2161
2846 304 2148
2847 1692 1273
2848 1971 1238
2849 1073 1510
2850 1467 878
2851 1799 231
2852 3863 849
2853 1255 1103
2854 1174 593
2855 2659 943
2856 1311 657
2857 840 3812
2858 519 811
2859 2703 457
2860 4076 3780
2861 2829 3208
2862 1778 2574
2863 4160 3320
2864 1557 3831
2865 316 2874
2866 2169 2478
2867 3665 1500
2868 1043 871
2869 1046 463
2870 1124 2411
2871 556 725
2872 1230 3064
2873 796 2482
2874 3916 3146
2875 2912 3949
2876 1441 4136
2877 3316 855
2878 2773 3701
2879 2553 3464
2880 1896 1484
2881 795 1469
2882 1412 3220
2883 3560 967
2884 4138 1870
2885 3005 481
2886 3146 1375
2887 1291 3403
2888 840 758
2889 3311 4075
2890 813 2589
2891 532 3048
2892 2987 378
2893 1905 4130
2894 2870 2077
2895 4000 1411
2896 2317 222
2897 2649 3485
2898 1717 2440
2899 349 198
2900 3732 1763
2901 319 2774
2902 840 2042
2903 2266 827
2904 3075 3062
2905 2814 3701
2906 4040 1516
2907 1084 3582
2908 2299 170
2909 2361 1387
2910 1106 3118
2911 446 3807
2912 3698 2732
2913 3040 104
2914 3576 3973
2915 548 2135
2916 1981 881
2917 3062 904
2918 1466 2148
2919 4170 3209
2920 1091 1850
2921 3376 1420
2922 1751 2538
2923 2053 4211
2924 1564 3659
2925 3892 3007
2926 1641 4026
2927 23 1684
2928 4189 7
2929 3113 260
2930 1183 664
2931 1150 4035
2932 2586 1973
2933 1157 3502
2934 1809 1148
2935 1138 2266
2936 2305 4221
2937 3307 2234
2938 1328 1445
2939 2816 697
2940 1730 1992
2941 4214 1478
2942 2333 850
2943 1344 256
2944 3489 1052
2945 2425 2149
2946 999 1274
2947 2526 3041
2948 2256 1756
2949 1317 4093
2950 3682 313
2951 2010 1019
2952 89 4097
2953 1927 1799
2954 2556 1502
2955 1861 200
2956 3805 1634
2957 662 4263
2958 1893 1380
2959 640 1840
2960 1449 1786
2961 3124 370
2962 3190 2088
2963 1186 2035
2964 732 3541
2965 1617 2631
2966 4086 2538
2967 441 2472
2968 3653 2088
2969 4213 2200
2970 3194 548
2971 962 1227
2972 1896 50
2973 401 935
2974 4151 3711
2975 1797 96
2976 3739 1844
2977 2895 3008
2978 228 3984
2979 2776 904
2980 3474 432
2981 1233 2534
2982 3746 2508
2983 3395 1066
2984 2312 2701
2985 1949 3320
2986 3243 3896
2987 2396 2262
2988 1591 1483
2989 1863 3090
2990 2369 1994
2991 660 1571
2992 3369 1978
2993 3403 1747
2994 2518 1022
2995 3419 2394
2996 1990 3542
2997 3421 838
2998 2757 3869
2999 1263 1061
3000 2708 55
3001 3897 2843
3002 3550 2893
3003 1792 1773
3004 1480 4054
3005 1707 1654
3006 3563 3519
3007 3509 1280
3008 560 3963
3009 458 3146
3010 1356 1794
3011 1130 2083
3012 566 2268
3013 4092 2313
3014 668 1866
3015 526 2521
3016 1516 706
3017 1455 518
3018 156 630
3019 3916 988
3020 3188 2637
3021 3638 3914
3022 1208 218
3023 2831 4241
3024 2834 2060
3025 1000 1631
3026 3183 3797
3027 2968 4069
3028 2340 2623
3029 3235 3862
3030 662 2193
3031 2510 4004
3032 2809 818
3033 2904 4013
3034 1272 434
3035 1039 3997
3036 4129 1669
3037 3926 660
3038 1143 1427
3039 1639 3944
3040 3571 2876
3041 452 844
3042 997 2077
3043 3682 2404
3044 1974 322
3045 549 186
3046 1206 753
3047 500 2562
3048 3572 1850
3049 2037 1526
3050 365 1782
3051 322 1962
3052 3356 3734
3053 39 1923
3054 30 1124
3055 1963 3882
3056 1966 4112
3057 2393 2225
3058 1452 452
3059 4186 3930
3060 4212 643
3061 2688 961
3062 36 3802
3063 2486 3767
3064 3819 622
3065 990 3469
3066 3078 1510
3067 3579 1717
3068 4255 1118
3069 2062 2725
3070 1043 2156
3071 674 1772
3072 249 1707
3073 1764 2228
3074 3515 3068
3075 234 1173
3076 4022 1347
3077 425 3632
3078 102 3627
3079 2665 362
3080 842 639
3081 3102 879
3082 1701 2533
3083 3289 1439
3084 430 1328
3085 1412 153
3086 4030 3332
3087 2196 3854
3088 2192 3950
3089 363 768
3090 1340 1587
3091 799 2328
3092 3582 4004
3093 4201 659
3094 3717 2871
3095 98 2053
3096 3413 2161
3097 94 1154
3098 2184 2343
3099 3661 771
3100 2628 1483
3101 544 511
3102 2446 3886
3103 1528 2049
3104 3090 194
3105 1190 1311
3106 1254 2206
3107 2638 1271
3108 950 4155
3109 2914 866
3110 2723 1531
3111 4188 1543
3112 1982 812
3113 1970 3831
3114 2692 150
3115 3839 2123
3116 493 1207
3117 3203 847
3118 625 1889
3119 1219 2461
3120 1363 3654
3121 4171 3732
3122 505 2905
3123 39 1793
3124 4 4026
3125 3740 849
3126 2524 2812
3127 703 1353
3128 4237 290
3129 2849 3367
3130 3823 1248
3131 497 734
3132 2200 3934
3133 1523 1669
3134 869 1407
3135 1541 4120
3136 3936 2948
3137 1889 2826
3138 2849 3387
3139 697 2003
3140 502 1204
3141 3636 3637
3142 931 314
3143 1537 1103
3144 842 2535
3145 927 2040
3146 1171 1231
3147 838 1756
3148 1879 4191
3149 160 1378
3150 3549 2562
3151 293 3064
3152 2297 433
3153 3814 4087
3154 2963 3681
3155 4173 1285
3156 873 4234
3157 2241 2906
3158 780 3558
3159 3302 491
3160 3967 3364
3161 1261 1415
3162 4087 3080
3163 1147 1781
3164 3742 1798
3165 793 346
3166 1250 2926
3167 1628 2459
3168 3772 2464
3169 656 785
3170 2035 2660
3171 1991 3371
3172 2576 2725
3173 3177 159
3174 94 3828
3175 1812 3273
3176 1804 1008
3177 172 2247
3178 4205 167
3179 997 165
3180 3618 382
3181 1933 3988
3182 220 3275
3183 2863 2573
3184 2940 3514
3185 12 1158
3186 2103 1009
3187 1866 3336
3188 1471 216
3189 2819 1844
3190 627 2764
3191 3225 473
3192 2466 3358
3193 2234 209
3194 2548 3274
3195 1946 3393
3196 273 1906
3197 3384 2707
3198 499 1746
3199 3398 2168
3200 1587 568
3201 648 2706
3202 1784 3919
3203 1987 505
3204 2108 4053
3205 36 790
3206 615 3721
3207 1483 2956
3208 1504 2154
3209 504 1770
3210 3870 3555
3211 303 3631
3212 2559 2019
3213 3271 1781
3214 103 4041
3215 3041 2865
3216 355 2957
3217 1235 3601
3218 548 2705
3219 3924 2632
3220 3438 2647
3221 3531 1917
3222 2119 3240
3223 3744 1610
3224 3071 185
3225 559 1080
3226 2353 3811
3227 1413 2960
3228 2496 1854
3229 3699 2898
3230 3555 411
3231 3495 506
3232 2729 1174
3233 2934 4087
3234 103 336
3235 2602 462
3236 389 1122
3237 1852 2285
3238 2199 969
3239 592 112
3240 1541 1172
3241 2121 204
3242 180 1515
3243 1196 3441
3244 609 2080
3245 2404 4148
3246 2032 1391
3247 2787 3726
3248 2419 2329
3249 1055 811
3250 1618 2986
3251 500 1707
3252 3543 2844
3253 1829 2410
3254 1737 1250
3255 3068 3514
3256 1374 1412
3257 1746 1790
3258 289 3002
3259 247 4234
3260 551 28
3261 1105 1423
3262 273 765
3263 2137 2574
3264 3217 353
3265 2129 3907
3266 2841 76
3267 694 4033
3268 3772 686
3269 1461 704
3270 2370 2904
3271 1273 2549
3272 2819 3890
3273 161 622
3274 2292 645
3275 2542 2997
3276 1764 4172
3277 4109 2705
3278 1177 1093
3279 1970 2764
3280 3410 1621
3281 3767 4227
3282 2275 2612
3283 3790 910
3284 2033 2847
3285 41 3306
3286 3803 3781
3287 2981 741
3288 714 4074
3289 3465 2186
3290 3772 2828
3291 1142 1728
3292 966 3957
3293 2720 2360
3294 2645 2475
3295 239 1360
3296 1344 3504
3297 2086 447
3298 2248 3458
3299 2451 1288
3300 3615 2950
3301 3720 4222
3302 835 3356
3303 3569 1594
3304 2669 2725
3305 485 2618
3306 1679 1091
3307 1026 2221
3308 3569 4149
3309 3737 1183
3310 644 3855
3311 2548 1158
3312 4058 129
3313 64 1851
3314 2962 1463
3315 2556 1381
3316 4122 1216
3317 1282 1011
3318 529 41
3319 1788 1445
3320 3735 3021
3321 1202 1514
3322 957 2991
3323 528 3462
3324 936 1999
3325 859 552
3326 527 236
3327 802 574
3328 1667 3819
3329 1783 1319
3330 1296 2958
3331 1948 73
3332 3394 3249
3333 1370 3235
3334 3656 1118
3335 1072 2270
3336 507 3503
3337 3986 2118
3338 349 818
3339 1268 151
3340 2964 2835
3341 3186 4007
3342 1355 2635
3343 122 2271
3344 2912 3601
3345 1294 3731
3346 640 1693
3347 3239 3471
3348 127 4261
3349 824 2657
3350 1901 4166
3351 4056 1664
3352 1061 2343
3353 2649 2500
3354 3623 4081
3355 2585 2559
3356 2717 1685
3357 2638 76
3358 1642 2348
3359 3348 1745
3360 997 3821
3361 804 3320
3362 3748 3166
3363 3885 3269
3364 3008 1882
3365 2145 1649
3366 2001 1436
3367 2366 1566
3368 3691 2912
3369 2228 1501
3370 2586 4241
3371 2833 3858
3372 373 1747
3373 2172 2097
3374 3540 3898
3375 918 134
3376 700 1308
3377 1030 2046
3378 2899 394
3379 1748 4048
3380 2409 1909
3381 3176 382
3382 3005 2488
3383 3819 3798
3384 2485 2553
3385 416 2905
3386 4194 139
3387 2258 1376
3388 3506 1398
3389 3157 1436
3390 2993 3507
3391 2339 2826
3392 3983 2456
3393 912 2642
3394 2548 2315
3395 2338 249
3396 1662 2628
3397 3057 1186
3398 541 226
3399 1044 1625
3400 221 2510
3401 1767 3933
3402 3345 878
3403 3098 2447
3404 4061 222
3405 3892 2757
3406 3852 1993
3407 1930 3771
3408 243 3266
3409 686 2667
3410 946 2506
3411 253 3464
3412 1284 469
3413 731 2706
3414 1019 1991
3415 4253 2494
3416 4198 685
3417 3588 1184
3418 1546 200
3419 2334 89
3420 1288 3006
3421 2480 171
3422 3762 3380
3423 1568 2561
3424 287 3640
3425 298 1839
3426 2852 3508
3427 617 3825
3428 646 2912
3429 1908 86
3430 375 2735
3431 2811 3804
3432 329 373
3433 1410 376
3434 1153 2200
3435 1720 1502
3436 249 4141
3437 1007 2570
3438 2519 1992
3439 3724 160
3440 876 233
3441 2376 3434
3442 2463 2338
3443 3204 4251
3444 574 2772
3445 2267 3255
3446 3840 427
3447 785 150
3448 1790 1524
3449 1989 3637
3450 1007 4060
3451 2027 2448
3452 407 529
3453 4243 1053
3454 2345 2418
3455 1252 1782
3456 3100 2050
3457 724 1375
3458 484 2099
3459 2726 493
3460 652 943
3461 4251 2951
3462 3295 3486
3463 2745 218
3464 1949 939
3465 3348 2444
3466 3774 3385
3467 350 1547
3468 2863 1422
3469 2469 1691
3470 466 1030
3471 412 3987
3472 2540 2133
3473 1759 3071
3474 1442 1950
3475 1449 1095
3476 527 3708
3477 3056 523
3478 1497 3389
3479 3738 2739
3480 1479 3495
3481 1828 1667
3482 1454 2283
3483 4126 184
3484 241 105
3485 4242 1108
3486 2195 1679
3487 819 3410
3488 3474 1601
3489 1774 922
3490 596 1286
3491 653 282
3492 93 1199
3493 739 874
3494 1955 1969
3495 3675 2155
3496 2504 2285
3497 3509 1189
3498 4074 311
3499 1427 2505
3500 1003 3609
3501 2238 972
3502 2189 2786
3503 3980 2231
3504 1696 1206
3505 2434 905
3506 2688 1315
3507 732 800
3508 3574 353
3509 1945 3825
3510 494 2871
3511 1390 4212
3512 248 2842
3513 1468 2964
3514 1066 1720
3515 695 2708
3516 3743 1512
3517 358 2231
3518 315 223
3519 3365 2613
3520 3183 1239
3521 3819 3824
3522 3284 2086
3523 1187 2497
3524 3930 3283
3525 2586 1333
3526 933 1342
3527 2069 3218
3528 1412 307
3529 2787 1079
3530 1278 967
3531 3818 2021
3532 57 1498
3533 2212 663
3534 74 3002
3535 1 2429
3536 4039 3108
3537 2938 2713
3538 1678 3978
3539 1929 931
3540 2814 1894
3541 1259 3114
3542 3671 1590
3543 2673 3393
3544 44 2261
3545 1455 1716
3546 111 1473
3547 1672 264
3548 263 3736
3549 2681 1353
3550 1549 1987
3551 4049 922
3552 522 610
3553 779 2606
3554 2283 548
3555 1976 86
3556 2035 347
3557 3325 1085
3558 2811 3880
3559 3635 1883
3560 274 1623
3561 1287 1707
3562 2452 2622
3563 2813 1409
3564 1931 878
3565 2108 131
3566 11 2480
3567 459 2977
3568 1760 1472
3569 3897 2159
3570 3216 4155
3571 852 2534
3572 677 2527
3573 4114 556
3574 1845 3051
3575 1528 4166
3576 3511 875
3577 1545 1438
3578 2526 2733
3579 2001 3750
3580 2781 2287
3581 3431 3341
3582 1509 1666
3583 1696 2044
3584 1440 2931
3585 81 610
3586 3443 3350
3587 1365 3679
3588 762 3319
3589 2845 459
3590 845 4200
3591 572 200
3592 1385 2130
3593 1294 1877
3594 1161 455
3595 158 4072
3596 2083 4056
3597 3729 1017
3598 1530 1232
3599 861 1482
3600 3337 1952
3601 3943 751
3602 4172 4000
3603 1162 3176
3604 1682 1509
3605 2904 1794
3606 732 4214
3607 2615 2571
3608 1273 2771
3609 3676 3371
3610 1429 331
3611 1590 3411
3612 649 3300
3613 4065 855
3614 2162 1804
3615 1490 361
3616 4231 3577
3617 2792 1781
3618 3285 2366
3619 2663 563
3620 2888 3960
3621 1732 1967
3622 3280 3184
3623 1465 1010
3624 683 2689
3625 3006 2576
3626 1592 274
3627 1076 4174
3628 2326 3916
3629 2522 1295
3630 591 1453
3631 3257 3392
3632 3840 1061
3633 3702 694
3634 811 607
3635 156 2510
3636 3988 2967
3637 746 452
3638 3961 1437
3639 2755 2399
3640 1637 2801
3641 1943 1097
3642 2150 2605
3643 3925 1603
3644 1087 3676
3645 2558 61
3646 1997 2853
3647 2163 3851
3648 3522 1494
3649 2136 3703
3650 1996 2789
3651 1336 2853
3652 1862 387
3653 1268 1669
3654 3370 2505
3655 1297 700
3656 464 3560
3657 1562 2607
3658 186 1529
3659 3042 849
3660 994 2767
3661 3167 2607
3662 2387 370
3663 3155 653
3664 1816 3059
3665 3199 3495
3666 1420 1793
3667 1494 980
3668 695 495
3669 1451 2174
3670 167 3099
3671 3729 1175
3672 2280 783
3673 1161 128
3674 3565 23
3675 1861 2774
3676 597 1009
3677 1758 2253
3678 2980 1602
3679 360 1234
3680 1781 3476
3681 3357 1876
3682 366 762
3683 694 2011
3684 3338 1440
3685 3525 3469
3686 3699 259
3687 111 2016
3688 2328 1336
3689 2820 78
3690 1134 1488
3691 1346 1073
3692 1387 640
3693 3990 1536
3694 2876 177
3695 3999 1593
3696 2266 96
3697 1667 2818
3698 3655 1773
3699 2381 1024
3700 2773 2491
3701 2379 585
3702 2910 1287
3703 964 1298
3704 1670 2988
3705 3964 1101
3706 2460 2410
3707 1666 742
3708 738 2133
3709 3911 3666
3710 2115 1380
3711 568 490
3712 3662 2714
3713 1166 940
3714 4245 2963
3715 3352 221
3716 766 967
3717 2638 3428
3718 3184 2390
3719 1528 1346
3720 32 451
3721 1920 3819
3722 2267 2480
3723 3396 3976
3724 1840 1235
3725 2524 1114
3726 105 887
3727 4171 938
3728 3736 3582
3729 1914 1563
3730 1602 2702
3731 3691 3086
3732 538 2455
3733 3072 2720
3734 826 109
3735 1907 198
3736 269 692
3737 873 1081
3738 497 233
3739 3345 1437
3740 2280 1859
3741 542 1229
3742 2855 3244
3743 3701 267
3744 1703 1731
3745 2292 661
3746 3100 1173
3747 4078 364
3748 1193 3539
3749 678 1179
3750 1530 4118
3751 1225 2923
3752 2323 3255
3753 3329 3399
3754 2114 3164
3755 213 3726
3756 1288 1800
3757 2755 3587
3758 1448 3301
3759 2847 1356
3760 4080 2879
3761 391 3421
3762 4242 1672
3763 4116 1159
3764 3475 3218
3765 3769 2203
3766 422 1585
3767 1983 1761
3768 3600 2952
3769 1669 3489
3770 3003 3316
3771 354 1463
3772 3906 2750
3773 950 1202
3774 2203 501
3775 2829 1399
3776 3338 2351
3777 2743 19
3778 4171 3554
3779 2610 1745
3780 2432 3003
3781 3197 4200
3782 2017 2843
3783 1430 3134
3784 2957 1373
3785 2186 1891
3786 4167 1598
3787 3474 3724
3788 3821 3157
3789 3704 2057
3790 3561 1769
3791 4072 1844
3792 1939 3643
3793 4174 4143
3794 4268 3623
3795 167 4132
3796 1899 3941
3797 1133 1894
3798 264 2769
3799 1585 2026
3800 3678 3921
3801 1142 3997
3802 3192 2127
3803 1239 2481
3804 3507 1008
3805 929 516
3806 733 2840
3807 3137 2629
3808 1107 1342
3809 2195 173
3810 2588 1888
3811 2258 1582
3812 1503 1051
3813 850 708
3814 2866 2327
3815 2092 3333
3816 657 1424
3817 2957 281
3818 1294 3591
3819 2807 2406
3820 2713 1069
3821 2208 1644
3822 2402 4147
3823 1358 798
3824 2219 2385
3825 2567 1663
3826 3607 2864
3827 1953 3119
3828 1024 307
3829 1158 986
3830 3982 2804
3831 313 3391
3832 3147 2722
3833 534 1757
3834 2028 735
3835 3727 3972
3836 1251 3467
3837 4118 2551
3838 3989 2082
3839 1964 1912
3840 1053 1921
3841 927 101
3842 4201 1460
3843 1364 3452
3844 3274 1558
3845 2066 3842
3846 207 2849
3847 2559 4178
3848 596 3573
3849 2174 251
3850 1258 1443
3851 1350 1782
3852 1961 2113
3853 1557 2506
3854 285 3393
3855 3022 1486
3856 2077 1881
3857 2647 367
3858 2004 2847
3859 1714 2835
3860 2585 16
3861 1900 3824
3862 212 135
3863 1439 1897
3864 2563 2052
3865 1784 981
3866 2752 2511
3867 675 448
3868 3570 3452
3869 3431 2847
3870 2614 2253
3871 224 774
3872 1376 3733
3873 2884 3842
3874 4136 2591
3875 1848 3085
3876 590 458
3877 283 3304
3878 2288 3899
3879 4267 2754
3880 2982 3020
3881 2912 4179
3882 2588 2450
3883 56 1681
3884 3472 659
3885 2859 4102
3886 318 1702
3887 3966 2305
3888 850 2914
3889 2257 2460
3890 1390 761
3891 1020 2933
3892 1862 3022
3893 2206 3938
3894 1120 2445
3895 1780 1427
3896 1693 2424
3897 3254 2214
3898 3449 105
3899 1228 2809
3900 607 742
3901 1116 3299
3902 2151 3715
3903 3797 2927
3904 1066 62
3905 4074 3224
3906 1097 633
3907 1959 2667
3908 2587 235
3909 2539 3694
3910 2362 2879
3911 3687 3988
3912 2963 1417
3913 1702 2330
3914 236 3184
3915 670 1234
3916 4094 3192
3917 2257 927
3918 3424 1963
3919 2576 2252
3920 2748 2597
3921 2812 2301
3922 1508 56
3923 3530 2371
3924 497 2824
3925 3009 1310
3926 1006 1124
3927 3120 805
3928 2578 3657
3929 4006 2519
3930 1603 1159
3931 2512 1298
3932 278 1471
3933 2898 3810
3934 3174 469
3935 788 1358
3936 1108 486
3937 4173 2287
3938 237 1570
3939 2223 807
3940 626 3972
3941 880 377
3942 136 3550
3943 2254 694
3944 748 1018
3945 132 2837
3946 2758 911
3947 2752 3147
3948 2858 4174
3949 3735 2371
3950 2683 2100
3951 2296 3993
3952 2839 1712
3953 2154 702
3954 2896 2193
3955 787 3681
3956 3798 3644
3957 277 2375
3958 2105 3856
3959 2278 3915
3960 2106 3479
3961 3890 1142
3962 2543 3986
3963 863 2543
3964 1267 3933
3965 998 3397
3966 2687 1510
3967 2832 2562
3968 491 3952
3969 3460 2886
3970 1650 3633
3971 2377 1082
3972 2450 2734
3973 3737 829
3974 1672 435
3975 2100 679
3976 23 2084
3977 490 235
3978 3621 3623
3979 3778 891
3980 880 65
3981 2046 52
3982 1898 734
3983 1508 2257
3984 1064 3035
3985 3091 563
3986 2421 689
3987 3597 2943
3988 1985 375
3989 2092 1358
3990 2986 546
3991 3915 3919
3992 833 1710
3993 1964 3593
3994 873 3416
3995 3339 2451
3996 74 61
3997 2627 1868
3998 4143 2230
3999 2209 1011
4000 1685 1565
4001 3001 426
4002 3343 4265
4003 68 2100
4004 3689 995
4005 3155 3200
4006 1016 1658
4007 3270 2417
4008 3876 2598
4009 2973 1170
4010 2840 2925
4011 431 2832
4012 2948 2409
4013 2565 1969
4014 2687 2936
4015 2172 1101
4016 1030 3078
4017 3465 4089
4018 619 4057
4019 2113 1298
4020 3246 2900
4021 3031 3301
4022 3005 3146
4023 1971 432
4024 2890 3133
4025 864 579
4026 437 3520
4027 3493 501
4028 1041 3836
4029 4 4091
4030 1667 1599
4031 2015 1809
4032 2195 3689
4033 1684 3910
4034 2625 210
4035 2086 1777
4036 2155 2631
4037 1902 766
4038 1354 3135
4039 2232 2298
4040 3185 4212
4041 4112 3056
4042 3907 3929
4043 117 2442
4044 3031 608
4045 1435 2616
4046 314 1570
4047 2765 1009
4048 1285 1834
4049 1815 2855
4050 1506 3034
4051 1383 1973
4052 2072 1935
4053 1149 2430
4054 3610 171
4055 1108 2303
4056 3076 512
4057 2527 487
4058 111 1911
4059 2626 1233
4060 2156 42
4061 1736 1240
4062 1589 766
4063 3165 2213
4064 3097 2822
4065 3455 1688
4066 286 3208
4067 3295 2992
4068 533 794
4069 1957 3091
4070 998 2965
4071 1816 3161
4072 3818 3518
4073 4103 4000
4074 2474 1119
4075 1007 3818
4076 3038 452
4077 1251 2846
4078 3547 316
4079 2367 3161
4080 2559 2868
4081 3130 1849
4082 2741 375
4083 1587 352
4084 893 216
4085 3832 3788
4086 4158 3572
4087 2415 513
4088 4035 2902
4089 1047 2563
4090 951 1266
4091 1438 4127
4092 614 2661
4093 2918 3846
4094 2305 1578
4095 120 178
4096 3289 2181
4097 1442 2670
4098 2176 72
4099 1946 782
4100 3782 748
4101 1816 575
4102 1744 2819
4103 1370 4179
4104 2411 2169
4105 2356 22
4106 3520 2392
4107 1966 1823
4108 2693 2762
4109 3816 2814
4110 1890 578
4111 849 893
4112 523 510
4113 3070 4065
4114 4069 3896
4115 626 3934
4116 2836 4054
4117 2082 1600
4118 1825 1863
4119 3405 1126
4120 661 1580
4121 2633 2386
4122 1835 3472
4123 1232 820
4124 2941 748
4125 738 1784
4126 121 819
4127 3820 108
4128 2457 19
4129 2471 2354
4130 2031 2447
4131 2833 3687
4132 384 2795
4133 3459 2783
4134 419 2187
4135 2328 1042
4136 563 1026
4137 3339 3433
4138 2695 839
4139 1164 2039
4140 3812 1908
4141 307 588
4142 2721 375
4143 168 1142
4144 1661 3989
4145 964 290
4146 1756 3638
4147 71 1048
4148 303 589
4149 1800 3692
4150 1632 1334
4151 3774 3664
4152 1261 2816
4153 4256 1984
4154 2334 4056
4155 2707 2208
4156 3550 4013
4157 1711 2612
4158 3455 1823
4159 1579 1445
4160 887 944
4161 3941 2597
4162 4216 24
4163 2816 3961
4164 2353 2174
4165 3992 2991
4166 303 1350
4167 2554 2950
4168 570 1741
4169 2188 1712
4170 2102 1572
4171 251 3600
4172 1944 1590
4173 2552 3378
4174 4085 2502
4175 194 27
4176 1645 3364
4177 2402 571
4178 1210 3052
4179 700 1976
4180 3570 403
4181 2527 114
4182 754 3216
4183 2428 2774
4184 728 2158
4185 706 2693
4186 4202 2121
4187 16 2808
4188 332 121
4189 3023 3355
4190 75 4253
4191 68 1446
4192 1145 3210
4193 1259 1680
4194 1074 1662
4195 3813 1605
4196 3928 577
4197 2513 2226
4198 3886 1188
4199 3483 2717
4200 2641 907
4201 1887 2899
4202 3146 1860
4203 1668 2064
4204 296 449
4205 3121 3591
4206 1940 2099
4207 7 3092
4208 2597 2201
4209 2444 4234
4210 2968 3596
4211 2693 2196
4212 2163 1962
4213 3109 85
4214 1427 2474
4215 1942 3732
4216 3098 121
4217 1765 880
4218 1349 247
4219 1010 705
4220 3387 173
4221 1164 245
4222 4061 2808
4223 3680 943
4224 2126 2886
4225 457 1459
4226 4117 4110
4227 1288 3074
4228 1434 486
4229 400 2208
4230 1639 3375
4231 193 999
4232 1922 1566
4233 1936 3014
4234 2173 4029
4235 2888 3709
4236 1471 3576
4237 2425 1382
4238 89 2057
4239 2355 3674
4240 279 492
4241 1020 1463
4242 1113 182
4243 2559 2058
4244 2084 250
4245 210 3586
4246 2219 1824
4247 2612 3971
4248 388 2278
4249 831 664
4250 1192 1808
4251 2718 3224
4252 675 1765
4253 3347 3024
4254 3182 2906
4255 2005 2857
4256 2030 2495
4257 2511 217
4258 4204 537
4259 1431 4098
4260 3311 2108
4261 1022 4059
4262 3199 346
4263 2660 2030
4264 15 3190
4265 3834 166
4266 1981 2471
4267 3473 2703
4268 228 3949
4269 180 3265
4270 3028 3083
