2940 2940
1 676 831
2 2839 2326
3 1490 2692
4 94 2214
5 643 2549
6 1656 736
7 1746 2021
8 874 2912
9 550 1646
10 206 282
11 880 1122
12 2581 67
13 689 2103
14 2269 411
15 2200 1547
16 852 1958
17 1125 2587
18 1427 399
19 115 2936
20 1252 1280
21 675 2432
22 78 2415
23 1321 275
24 427 148
25 855 2057
26 2277 1380
27 2620 1325
28 752 1005
29 10 2010
30 1919 2472
31 999 597
32 1811 1171
33 2084 1108
34 1419 2019
35 2308 317
36 1378 2845
37 875 1526
38 66 1383
39 2594 1839
40 2626 2001
41 2074 433
42 2023 2352
43 319 381
44 1490 2792
45 1816 2472
46 686 1957
47 2671 558
48 784 359
49 1778 236
50 1986 1450
51 1928 2523
52 1155 62
53 152 2478
54 1438 119
55 2520 519
56 1539 1321
57 2317 1392
58 512 1936
59 1366 2331
60 1669 1566
61 274 2716
62 2342 2851
63 2173 1663
64 615 408
65 1567 2001
66 1011 615
67 167 2839
68 2893 2535
69 2206 1096
70 1016 2029
71 1592 462
72 2106 2810
73 2397 1861
74 2120 1446
75 756 179
76 1496 672
77 652 155
78 1407 1242
79 1365 1926
80 2460 1019
81 1722 1163
82 2256 1508
83 1754 2380
84 1759 240
85 2540 621
86 1495 2619
87 97 1089
88 844 1165
89 2901 741
90 2399 610
91 2474 1923
92 2431 609
93 2108 487
94 2017 878
95 2702 1746
96 1563 276
97 2283 340
98 1028 735
99 1965 2558
100 1281 405
101 594 1620
102 915 407
103 148 1258
104 115 2082
105 2895 574
106 1066 2166
107 2708 1961
108 2106 691
109 196 434
110 2424 1350
111 845 956
112 2384 2667
113 2632 2422
114 1022 1281
115 1268 2141
116 359 2389
117 2741 1617
118 2335 711
119 713 2639
120 1024 1677
121 2499 2511
122 1999 525
123 1609 2576
124 1917 1552
125 2000 2920
126 2105 1092
127 297 2630
128 959 2244
129 2342 944
130 2136 1174
131 2009 1850
132 2457 1426
133 2077 1772
134 1649 99
135 71 460
136 2931 1185
137 318 8
138 683 270
139 1210 1269
140 288 1414
141 2185 1888
142 1330 2398
143 1135 1315
144 1685 690
145 2844 2327
146 2121 2305
147 2111 188
148 531 378
149 1141 1002
150 2280 2801
151 2606 2859
152 997 227
153 176 690
154 935 602
155 342 58
156 2347 247
157 634 2082
158 797 897
159 1090 2331
160 960 214
161 2392 1498
162 1237 756
163 2600 980
164 121 1350
165 530 630
166 484 923
167 2768 1862
168 1680 1888
169 640 688
170 1541 789
171 2230 1633
172 1002 1859
173 368 978
174 1996 733
175 1431 391
176 1890 124
177 1094 2101
178 968 2777
179 77 2892
180 2940 2745
181 1463 593
182 49 2627
183 2762 1977
184 934 1753
185 2131 626
186 1659 1022
187 2301 2298
188 1318 2192
189 807 2629
190 2193 2322
191 2366 978
192 809 1536
193 111 84
194 1938 2501
195 557 239
196 2702 2637
197 1133 666
198 1392 1439
199 371 1698
200 129 533
201 1468 169
202 12 2419
203 804 1964
204 789 1020
205 282 1305
206 731 695
207 1758 624
208 1187 1810
209 1599 912
210 972 1720
211 2688 2754
212 2340 420
213 296 521
214 271 632
215 276 1475
216 179 687
217 1548 2616
218 2855 710
219 667 1695
220 1477 729
221 2774 1225
222 1973 1485
223 1435 2038
224 151 113
225 2029 2780
226 1568 1866
227 692 2403
228 1815 1039
229 1131 954
230 2491 1033
231 1024 2908
232 1163 1402
233 810 1487
234 2542 517
235 389 2423
236 1240 2513
237 698 2702
238 2261 1573
239 1311 1915
240 1532 2390
241 153 413
242 487 2783
243 286 2777
244 1481 2798
245 2646 946
246 1664 1456
247 525 1155
248 2272 1535
249 831 2758
250 1096 2785
251 2434 1153
252 848 1785
253 511 870
254 442 844
255 2319 2271
256 312 1210
257 373 2645
258 366 1870
259 2765 1456
260 2520 2385
261 678 1028
262 1447 779
263 2739 2578
264 2668 838
265 443 114
266 53 941
267 1899 1920
268 607 732
269 1273 804
270 2896 969
271 542 2906
272 686 1850
273 118 1426
274 411 2476
275 2907 1769
276 2282 2464
277 1735 2428
278 2122 2603
279 2175 2072
280 2334 2099
281 2841 1778
282 945 2804
283 2868 1892
284 1651 1212
285 155 741
286 15 315
287 1902 2633
288 1794 1241
289 815 2816
290 1112 481
291 684 1030
292 2313 1998
293 1188 2475
294 1831 920
295 1473 710
296 1650 1038
297 2598 1171
298 1076 1561
299 2056 1473
300 2567 1807
301 2061 468
302 1483 1113
303 1587 987
304 1460 2714
305 1514 581
306 2467 653
307 461 2306
308 756 848
309 2142 476
310 792 322
311 2640 1515
312 964 1006
313 1589 1656
314 2342 1801
315 572 508
316 1910 2426
317 1988 897
318 996 1068
319 1262 2825
320 2556 2104
321 1891 1803
322 1534 720
323 2602 134
324 2887 2338
325 733 1887
326 1735 2529
327 1545 2355
328 1448 2940
329 2743 985
330 2411 1500
331 2632 2505
332 1574 2217
333 1436 268
334 2722 464
335 1103 682
336 758 2880
337 1391 2070
338 387 561
339 1330 256
340 1762 2296
341 28 2385
342 2303 936
343 159 538
344 446 1936
345 1591 2686
346 1031 1214
347 2143 1162
348 906 424
349 388 514
350 2005 509
351 2737 434
352 2670 214
353 1310 2316
354 1900 1409
355 1570 2827
356 2593 1670
357 1579 2137
358 2219 2052
359 1423 2489
360 2863 350
361 2682 1736
362 1687 2423
363 345 2665
364 2162 555
365 2393 38
366 10 823
367 1652 2745
368 1821 1934
369 2283 1663
370 2204 2052
371 21 1992
372 1740 1503
373 399 1579
374 2433 693
375 537 2311
376 953 1006
377 655 1398
378 2405 1222
379 1159 877
380 30 1989
381 662 2164
382 407 665
383 1526 1040
384 953 835
385 2631 782
386 2879 2202
387 716 2666
388 2695 797
389 516 1043
390 520 1419
391 404 284
392 2497 515
393 1679 1836
394 1154 513
395 2421 863
396 2154 1691
397 792 9
398 985 220
399 321 2454
400 1123 287
401 1669 1042
402 2505 1639
403 2403 2525
404 2610 730
405 2785 1558
406 2016 38
407 2869 2009
408 1400 611
409 2870 599
410 1779 750
411 850 17
412 1074 33
413 1411 2512
414 1985 1024
415 393 2659
416 416 384
417 2706 2850
418 514 1494
419 1913 341
420 1545 67
421 239 1908
422 1065 2529
423 1551 2049
424 2008 2692
425 1111 954
426 954 2886
427 2639 629
428 2715 423
429 58 13
430 1130 1313
431 2183 136
432 2334 35
433 2082 2286
434 74 29
435 470 1919
436 384 979
437 2089 1199
438 627 241
439 770 2801
440 1531 663
441 591 2697
442 2461 2916
443 676 1915
444 2491 57
445 778 1189
446 735 247
447 846 2052
448 1959 756
449 928 1578
450 2637 2306
451 2408 742
452 408 2368
453 904 465
454 1518 1002
455 2076 1075
456 83 2367
457 2753 441
458 827 274
459 2343 446
460 811 2906
461 1074 1995
462 546 1277
463 1811 315
464 1929 2019
465 572 2851
466 403 2126
467 2176 2350
468 2863 288
469 1208 1489
470 1611 92
471 2159 2801
472 1118 1046
473 418 2537
474 195 766
475 923 1910
476 192 1279
477 730 1595
478 1158 2045
479 2282 2686
480 202 1307
481 2539 104
482 1924 92
483 1133 2476
484 146 512
485 1412 2527
486 2512 2535
487 2103 1158
488 1747 2594
489 17 393
490 911 2305
491 2050 1331
492 1832 568
493 1812 1562
494 594 257
495 914 808
496 2721 2881
497 101 2733
498 193 246
499 372 87
500 606 88
501 1780 1732
502 1602 7
503 649 1811
504 2845 817
505 587 1670
506 2886 787
507 625 2050
508 1877 809
509 270 1651
510 1472 1282
511 2840 1749
512 2782 1849
513 197 2391
514 328 814
515 788 1183
516 370 328
517 2773 463
518 2138 2319
519 1356 1043
520 234 517
521 132 1307
522 520 140
523 2247 2193
524 2317 2506
525 216 230
526 95 1735
527 2883 258
528 2468 95
529 1088 2757
530 1995 1806
531 71 673
532 1413 2212
533 395 2488
534 1862 1712
535 1218 886
536 177 286
537 2675 820
538 397 1048
539 925 1043
540 90 2890
541 79 2671
542 299 1242
543 2344 2709
544 93 883
545 2514 243
546 2712 2868
547 305 496
548 657 2591
549 93 84
550 1027 598
551 388 1585
552 2226 2554
553 1961 765
554 649 466
555 510 257
556 1347 2659
557 139 343
558 1264 1633
559 607 1505
560 616 2064
561 2270 2062
562 2081 1632
563 2087 376
564 1297 926
565 776 122
566 1110 1029
567 848 1110
568 2105 1451
569 1121 2395
570 1916 2155
571 2939 1365
572 2532 2547
573 15 2577
574 1310 1013
575 1875 2755
576 2713 1160
577 2144 1421
578 1352 2536
579 301 706
580 616 1797
581 692 494
582 214 528
583 1006 1527
584 1814 827
585 1828 2633
586 182 2407
587 267 310
588 1768 1303
589 2463 478
590 409 1778
591 844 681
592 377 381
593 1981 1900
594 491 2118
595 102 517
596 2176 1860
597 795 1073
598 606 913
599 722 2684
600 1237 1256
601 441 2896
602 2331 522
603 2359 1297
604 2173 1083
605 333 2685
606 186 512
607 827 1986
608 1466 2036
609 2249 2324
610 1541 2440
611 1791 1649
612 684 1663
613 528 770
614 328 2782
615 2106 2156
616 227 471
617 681 698
618 2628 1748
619 2463 5
620 2234 1626
621 1795 38
622 1403 1031
623 1936 1054
624 1621 509
625 2327 984
626 1890 1032
627 1239 2014
628 492 2221
629 381 2133
630 2011 552
631 761 2895
632 1542 2551
633 1384 2645
634 2011 1780
635 730 374
636 407 1485
637 889 913
638 169 910
639 710 530
640 1902 2039
641 1364 2748
642 1433 1803
643 2879 249
644 40 2136
645 2699 15
646 2403 2551
647 2129 2213
648 2887 2854
649 1153 2193
650 1417 980
651 1704 760
652 568 965
653 2384 111
654 981 2874
655 1822 841
656 1254 348
657 787 1421
658 864 336
659 1691 309
660 1104 1330
661 345 494
662 1132 390
663 63 2799
664 1935 1854
665 2156 1084
666 2151 1486
667 1707 2756
668 1966 36
669 2795 1519
670 737 39
671 919 1855
672 2811 1810
673 1793 1605
674 870 1961
675 1642 139
676 2061 2336
677 652 1101
678 762 2163
679 2054 2556
680 2204 1780
681 1678 1332
682 2571 483
683 1020 1085
684 875 2934
685 1775 101
686 931 1145
687 2210 797
688 2515 1566
689 2405 1495
690 2507 312
691 2272 917
692 25 2701
693 1471 1341
694 2569 44
695 1490 112
696 2160 1160
697 567 1049
698 2691 1102
699 1382 2528
700 2360 2233
701 1684 2850
702 2193 1584
703 23 210
704 68 1960
705 2500 1632
706 520 54
707 1206 325
708 45 927
709 423 2276
710 233 2690
711 1605 2356
712 233 1130
713 1522 1981
714 378 665
715 1755 2399
716 121 1076
717 1281 1097
718 929 2695
719 613 2506
720 2308 2063
721 2150 2458
722 123 1267
723 32 2647
724 2114 2288
725 347 209
726 1702 2041
727 773 1343
728 1133 1637
729 1132 2406
730 1887 1210
731 43 480
732 871 1418
733 2035 1998
734 646 864
735 357 2002
736 53 189
737 766 2596
738 2733 359
739 933 2357
740 310 2909
741 1341 960
742 1021 1437
743 906 1613
744 1571 1015
745 1633 1295
746 428 1906
747 1055 1499
748 756 1944
749 1385 2501
750 1480 933
751 1678 417
752 505 1852
753 2553 938
754 2170 2625
755 1666 2621
756 1299 666
757 1982 998
758 192 117
759 345 839
760 2822 1058
761 1660 1685
762 2620 2417
763 519 2886
764 974 150
765 2848 1107
766 2278 1135
767 61 1051
768 1155 477
769 150 2581
770 2727 2527
771 583 1875
772 2035 1923
773 620 1282
774 788 2414
775 2622 2868
776 2392 1947
777 2129 199
778 2463 819
779 2778 1515
780 2259 2019
781 460 379
782 2686 2281
783 2917 2421
784 319 916
785 666 700
786 2810 1327
787 427 2589
788 1156 96
789 2107 2612
790 2666 169
791 2244 84
792 2776 590
793 357 2549
794 633 1136
795 157 862
796 2805 589
797 2724 638
798 2771 657
799 1899 826
800 2589 97
801 872 2639
802 341 2870
803 2026 2937
804 2717 2540
805 958 233
806 596 2500
807 1851 1095
808 1414 1098
809 164 1300
810 742 2007
811 1131 1757
812 771 2834
813 1928 2099
814 29 577
815 586 2110
816 1193 1779
817 1533 1311
818 398 1020
819 925 2187
820 2349 724
821 2790 988
822 1536 1383
823 85 1390
824 1166 1801
825 1341 242
826 1746 57
827 501 1106
828 1021 2783
829 233 2306
830 345 175
831 1071 1453
832 1087 944
833 1897 855
834 2551 612
835 2512 1613
836 1534 1340
837 2083 1941
838 1905 2336
839 2915 920
840 692 2349
841 2165 497
842 885 1226
843 398 1988
844 2507 440
845 795 783
846 2005 2672
847 590 1496
848 1315 2342
849 979 655
850 2138 300
851 1866 649
852 2575 2300
853 619 2137
854 1430 1693
855 1784 362
856 276 2063
857 2391 1797
858 847 1046
859 183 1472
860 1208 2585
861 2369 691
862 2438 459
863 342 950
864 1317 2374
865 2588 792
866 2461 458
867 544 1962
868 1864 2468
869 381 1315
870 1121 2167
871 1770 258
872 1454 2443
873 2772 2913
874 93 141
875 240 2373
876 2322 1822
877 912 1289
878 1152 1547
879 2124 1336
880 2213 1331
881 2763 385
882 79 303
883 1553 125
884 2069 2031
885 2687 339
886 1497 2370
887 1813 166
888 279 860
889 1744 373
890 1673 1342
891 320 1495
892 536 42
893 2679 450
894 964 2683
895 791 1528
896 12 403
897 1908 534
898 1168 2487
899 2618 481
900 2886 419
901 2318 1626
902 562 554
903 2734 794
904 733 2320
905 1678 1505
906 617 1242
907 2428 1818
908 1411 90
909 651 2192
910 2172 1541
911 2700 2784
912 1648 444
913 2709 2607
914 568 482
915 2486 2790
916 1895 1750
917 2641 1178
918 2568 1775
919 497 1861
920 2602 589
921 546 2574
922 1623 298
923 1627 2395
924 2509 254
925 2276 1613
926 422 1311
927 1814 776
928 2266 1124
929 2164 705
930 1451 1299
931 1359 800
932 2524 1849
933 913 1150
934 3 2336
935 909 871
936 2268 2092
937 258 1823
938 513 2399
939 314 489
940 1363 146
941 69 2897
942 1400 1513
943 1086 290
944 2859 1349
945 2493 155
946 2389 687
947 30 2400
948 1862 2887
949 2121 1875
950 851 751
951 1983 2732
952 2392 733
953 2487 1132
954 1493 604
955 1052 1197
956 1353 2842
957 158 446
958 1544 881
959 1980 2188
960 1018 2635
961 2745 246
962 1466 771
963 321 1929
964 2043 826
965 2630 219
966 904 622
967 1898 1745
968 2663 2272
969 288 1422
970 1605 224
971 1550 661
972 1660 553
973 477 1550
974 1024 2438
975 675 1746
976 2322 1944
977 24 2673
978 130 800
979 1708 1131
980 520 540
981 655 2561
982 118 1026
983 1143 896
984 1080 2033
985 322 2652
986 2052 1186
987 1396 1631
988 2658 716
989 807 2860
990 10 883
991 1111 2926
992 2217 1782
993 2589 1436
994 198 1809
995 522 2047
996 2306 1922
997 489 2561
998 529 678
999 373 1760
1000 634 31
1001 632 1254
1002 1093 1403
1003 2857 2927
1004 1381 2843
1005 2787 497
1006 2405 661
1007 661 1170
1008 338 1387
1009 773 907
1010 968 1529
1011 800 1132
1012 191 1592
1013 2824 28
1014 2886 504
1015 1697 2034
1016 1775 2687
1017 680 2804
1018 726 2651
1019 1689 723
1020 1935 234
1021 2795 2180
1022 2433 832
1023 2373 2689
1024 1312 889
1025 659 703
1026 2109 1555
1027 2577 590
1028 2493 1290
1029 955 117
1030 767 638
1031 1511 88
1032 750 2189
1033 554 1815
1034 2086 38
1035 125 2825
1036 434 129
1037 2003 825
1038 1850 524
1039 1071 148
1040 2629 89
1041 1364 1563
1042 2858 1468
1043 1462 2066
1044 2366 2424
1045 1847 289
1046 1166 57
1047 1458 1749
1048 1311 69
1049 1768 230
1050 1653 127
1051 565 2205
1052 548 2699
1053 1780 1805
1054 1552 216
1055 565 2862
1056 1316 2250
1057 2627 755
1058 733 1344
1059 2479 1191
1060 100 989
1061 415 2066
1062 965 745
1063 2922 2610
1064 1726 2550
1065 1003 262
1066 1355 304
1067 1409 949
1068 1267 1906
1069 1550 2794
1070 1147 885
1071 1098 2803
1072 249 1430
1073 2245 1268
1074 1216 1327
1075 2427 2713
1076 1402 242
1077 1876 134
1078 2926 2242
1079 777 2782
1080 1943 2482
1081 1393 1506
1082 1832 959
1083 1651 587
1084 318 2708
1085 2216 83
1086 1467 1064
1087 2220 2715
1088 616 1455
1089 1150 533
1090 2617 829
1091 2927 2857
1092 188 967
1093 1965 1204
1094 499 1644
1095 1392 105
1096 594 2055
1097 1670 886
1098 2008 897
1099 2170 2514
1100 421 58
1101 226 757
1102 2912 207
1103 767 615
1104 2717 2026
1105 41 1274
1106 2390 985
1107 314 2737
1108 874 248
1109 355 2637
1110 2690 766
1111 1262 735
1112 75 1418
1113 1134 2330
1114 2460 2786
1115 640 2115
1116 96 1992
1117 190 842
1118 798 350
1119 1281 266
1120 2225 2083
1121 2326 2744
1122 1722 1772
1123 341 828
1124 680 1573
1125 1566 2916
1126 2086 637
1127 413 2249
1128 666 815
1129 564 2927
1130 390 542
1131 2925 1377
1132 2427 2797
1133 601 853
1134 2198 2799
1135 2215 1077
1136 230 1890
1137 1078 293
1138 1797 722
1139 1391 1347
1140 590 505
1141 1437 1649
1142 891 697
1143 2837 862
1144 2188 1386
1145 1736 1316
1146 535 764
1147 2442 1300
1148 846 598
1149 154 2430
1150 2790 2616
1151 1768 666
1152 1589 1807
1153 1325 876
1154 2082 1315
1155 2873 420
1156 2840 670
1157 2741 2937
1158 1304 1310
1159 1791 1479
1160 1915 2282
1161 315 2285
1162 36 1729
1163 1223 2752
1164 2169 2008
1165 1475 802
1166 1619 1671
1167 13 1975
1168 2734 1433
1169 1983 2090
1170 759 2503
1171 2706 1146
1172 2470 2418
1173 1281 671
1174 443 396
1175 1231 2562
1176 888 184
1177 981 1699
1178 623 2209
1179 1467 1874
1180 2276 261
1181 2792 2796
1182 610 1898
1183 565 2360
1184 2150 1265
1185 1306 149
1186 171 366
1187 1491 1898
1188 1652 1974
1189 1878 1627
1190 871 966
1191 1484 2445
1192 2628 689
1193 1873 1569
1194 658 2328
1195 519 1353
1196 811 877
1197 390 8
1198 2109 1134
1199 2178 1128
1200 2939 2751
1201 2773 780
1202 2658 1155
1203 2136 914
1204 14 681
1205 1527 1945
1206 925 705
1207 1819 2268
1208 2657 2323
1209 472 7
1210 2235 1850
1211 115 434
1212 2410 1454
1213 2509 287
1214 870 222
1215 1692 1678
1216 1867 1927
1217 378 2872
1218 25 2371
1219 1836 2184
1220 2605 2493
1221 2073 2686
1222 163 677
1223 443 97
1224 2349 2854
1225 2417 2130
1226 1568 1891
1227 1729 1967
1228 1630 2195
1229 2028 416
1230 1260 76
1231 2852 117
1232 1973 1233
1233 501 127
1234 2938 2010
1235 2180 316
1236 167 496
1237 2131 153
1238 226 2498
1239 1185 1034
1240 103 2232
1241 1357 2417
1242 1116 1122
1243 1184 1566
1244 529 2543
1245 2500 1671
1246 2190 18
1247 1606 2518
1248 812 1064
1249 2128 2931
1250 626 1932
1251 2411 1972
1252 2337 491
1253 2226 1022
1254 1894 260
1255 504 2026
1256 1878 2583
1257 2039 268
1258 394 1652
1259 2430 1819
1260 337 755
1261 2648 573
1262 2 2809
1263 805 2211
1264 2218 1486
1265 640 2212
1266 2465 2408
1267 286 1926
1268 652 2438
1269 1366 906
1270 863 2022
1271 1765 1602
1272 132 1908
1273 1016 2088
1274 144 633
1275 1624 1440
1276 536 635
1277 2621 2356
1278 1935 373
1279 1814 1640
1280 742 2229
1281 1296 2209
1282 988 2924
1283 892 698
1284 887 1797
1285 410 336
1286 1646 786
1287 536 1097
1288 1188 815
1289 1288 1132
1290 2757 1165
1291 169 243
1292 208 1858
1293 1907 2423
1294 525 1914
1295 2796 175
1296 1008 1837
1297 1097 2406
1298 2137 1802
1299 2750 1186
1300 1677 2888
1301 1271 969
1302 301 2234
1303 2228 431
1304 1234 2092
1305 1026 2684
1306 517 1819
1307 1722 1704
1308 2139 402
1309 189 2803
1310 8 1203
1311 1712 2938
1312 1728 180
1313 1042 471
1314 94 375
1315 1664 1564
1316 1200 1734
1317 1404 559
1318 2134 1643
1319 1518 249
1320 1078 603
1321 254 592
1322 2916 1237
1323 914 345
1324 2407 729
1325 2371 2002
1326 1248 2558
1327 1713 216
1328 1154 1017
1329 609 2361
1330 737 899
1331 1141 1527
1332 539 1992
1333 974 500
1334 1055 237
1335 2497 1917
1336 1068 983
1337 2134 305
1338 2602 1921
1339 938 1892
1340 2507 2748
1341 938 1787
1342 1737 1169
1343 2380 2746
1344 1730 2695
1345 2842 2539
1346 1552 2757
1347 1974 1496
1348 2457 250
1349 2852 796
1350 2734 1819
1351 2318 2878
1352 1520 2885
1353 2427 430
1354 183 1420
1355 129 1032
1356 1819 2667
1357 2842 827
1358 2275 2773
1359 949 978
1360 2500 291
1361 450 817
1362 1246 1235
1363 1326 1330
1364 2096 2012
1365 3 2573
1366 1446 1071
1367 1240 9
1368 1062 2261
1369 36 1128
1370 860 290
1371 2072 286
1372 1775 2242
1373 2614 196
1374 291 614
1375 1131 2446
1376 820 2821
1377 1037 215
1378 2690 503
1379 753 1185
1380 2155 1918
1381 287 549
1382 2795 703
1383 976 2676
1384 374 1039
1385 2447 313
1386 1007 10
1387 843 2897
1388 2547 2897
1389 435 1240
1390 1171 1847
1391 2211 2790
1392 2406 1329
1393 2298 2794
1394 2446 1434
1395 325 658
1396 1934 583
1397 2083 1039
1398 2704 1840
1399 1321 2042
1400 1817 2043
1401 932 1251
1402 2393 2558
1403 2073 2301
1404 907 215
1405 1704 2259
1406 2708 710
1407 1128 1313
1408 1183 2882
1409 2554 2917
1410 1237 1656
1411 1132 2579
1412 2413 2889
1413 600 1008
1414 1263 2306
1415 156 1755
1416 553 2312
1417 2516 2022
1418 1331 2440
1419 1459 1906
1420 2415 409
1421 2342 1391
1422 1407 325
1423 71 1783
1424 717 2458
1425 1120 2809
1426 1439 520
1427 1494 831
1428 2400 2478
1429 1717 1911
1430 639 2132
1431 1409 1536
1432 2247 640
1433 947 1400
1434 1663 2197
1435 800 765
1436 1695 911
1437 1833 2554
1438 1730 1801
1439 111 300
1440 2033 151
1441 1305 2877
1442 2484 1672
1443 2040 919
1444 728 2283
1445 2691 20
1446 1284 992
1447 2923 1400
1448 2856 509
1449 1500 1427
1450 2579 697
1451 1637 1165
1452 2587 2617
1453 656 684
1454 975 862
1455 2117 797
1456 244 2834
1457 2389 1285
1458 804 1286
1459 2710 2341
1460 363 2391
1461 2629 1979
1462 278 1564
1463 1855 803
1464 2526 2560
1465 400 615
1466 1977 1900
1467 1081 239
1468 80 1439
1469 2427 2799
1470 600 2547
1471 1245 1621
1472 2188 1119
1473 2563 1117
1474 1647 1059
1475 299 1520
1476 2158 2132
1477 836 1285
1478 1377 345
1479 180 354
1480 1375 2877
1481 1602 310
1482 267 213
1483 2721 437
1484 460 2632
1485 2140 633
1486 2063 1062
1487 410 1416
1488 1259 358
1489 215 1130
1490 153 1099
1491 164 628
1492 1910 72
1493 1835 1805
1494 2026 579
1495 471 1756
1496 1998 2663
1497 439 2558
1498 1592 1018
1499 264 285
1500 364 589
1501 2088 514
1502 1307 353
1503 2268 779
1504 1720 118
1505 1894 1203
1506 1079 1154
1507 720 1706
1508 1689 1556
1509 671 2224
1510 1319 182
1511 1299 1985
1512 2362 2791
1513 830 1706
1514 1271 2225
1515 1859 1971
1516 565 1558
1517 1398 644
1518 151 1069
1519 2537 1029
1520 266 2576
1521 72 2341
1522 783 2324
1523 980 1637
1524 2253 1120
1525 548 692
1526 5 1305
1527 977 398
1528 405 6
1529 2240 2475
1530 446 2243
1531 2834 2525
1532 1001 1351
1533 2328 781
1534 1641 2270
1535 466 414
1536 2383 2412
1537 2060 1218
1538 2302 1180
1539 979 1341
1540 584 2588
1541 2353 1511
1542 485 2001
1543 2637 2526
1544 338 1622
1545 1389 232
1546 1536 404
1547 2908 77
1548 298 1756
1549 170 1804
1550 1224 572
1551 2642 2074
1552 1334 1938
1553 2379 2372
1554 1077 2327
1555 1778 807
1556 2028 1916
1557 1663 2141
1558 501 819
1559 1614 1581
1560 33 2863
1561 1072 1945
1562 165 1987
1563 1542 2299
1564 1699 4
1565 1317 266
1566 224 2334
1567 1543 1054
1568 455 1050
1569 2425 2215
1570 1362 389
1571 2521 1118
1572 136 1407
1573 1413 1164
1574 1163 2252
1575 2233 319
1576 1982 1563
1577 2142 2291
1578 1629 1866
1579 75 2885
1580 1251 1389
1581 1025 150
1582 333 2654
1583 2861 657
1584 110 967
1585 848 1221
1586 2331 1390
1587 7 1570
1588 1043 522
1589 84 2086
1590 149 819
1591 2305 2593
1592 1481 2756
1593 194 2520
1594 688 431
1595 444 2937
1596 52 2049
1597 1425 1112
1598 299 62
1599 1125 1972
1600 631 1295
1601 1095 1848
1602 2294 946
1603 2164 471
1604 2035 45
1605 2231 715
1606 1873 2863
1607 2323 2502
1608 958 1472
1609 1925 2498
1610 1290 2367
1611 157 910
1612 393 2817
1613 2761 992
1614 95 1979
1615 1135 2586
1616 662 2588
1617 1780 2224
1618 1645 1476
1619 1962 2306
1620 363 1284
1621 2075 1945
1622 2722 2607
1623 1718 1123
1624 2809 1653
1625 2038 1557
1626 2784 1950
1627 685 1865
1628 1222 825
1629 823 1267
1630 1771 393
1631 1978 2039
1632 471 2931
1633 1660 1171
1634 1999 2101
1635 2210 2607
1636 839 563
1637 340 2178
1638 307 2364
1639 947 1110
1640 1006 176
1641 2542 1380
1642 1088 1059
1643 728 1053
1644 2683 836
1645 2924 2880
1646 1868 1203
1647 1682 1023
1648 2007 504
1649 1398 2435
1650 1172 353
1651 1723 140
1652 651 2265
1653 2541 593
1654 1486 1574
1655 205 766
1656 2106 2404
1657 188 1035
1658 939 844
1659 1295 2414
1660 720 1831
1661 1451 1591
1662 1146 2843
1663 1385 99
1664 876 1118
1665 2655 1207
1666 1144 140
1667 2847 1507
1668 1607 2052
1669 2203 1719
1670 866 173
1671 2425 1196
1672 2527 2411
1673 317 286
1674 2418 7
1675 194 1364
1676 2577 1175
1677 2826 1449
1678 2390 871
1679 2017 1778
1680 2331 1435
1681 550 1824
1682 523 2926
1683 2646 2271
1684 2115 2358
1685 1009 1959
1686 215 1961
1687 1887 2150
1688 798 1527
1689 17 2106
1690 2231 2773
1691 52 2008
1692 766 1350
1693 1481 33
1694 414 1020
1695 26 476
1696 2345 2377
1697 76 2581
1698 2509 2706
1699 2577 804
1700 1835 264
1701 840 2209
1702 813 1557
1703 2714 675
1704 440 1981
1705 1651 970
1706 396 18
1707 726 2865
1708 811 1568
1709 9 1983
1710 2592 270
1711 905 1382
1712 224 1597
1713 1768 814
1714 2278 1510
1715 2180 371
1716 2480 2565
1717 2059 1977
1718 996 1671
1719 1235 2135
1720 2427 1873
1721 1844 442
1722 719 754
1723 1439 1468
1724 2325 2795
1725 342 1676
1726 735 2832
1727 1493 2443
1728 2410 1867
1729 2135 863
1730 882 632
1731 1590 2447
1732 704 1027
1733 2715 1896
1734 1180 1709
1735 253 1659
1736 2681 2339
1737 783 2699
1738 642 644
1739 1156 1523
1740 1518 1866
1741 1667 2631
1742 2578 800
1743 2595 2275
1744 181 1830
1745 2105 2313
1746 169 1009
1747 2823 1641
1748 2808 1352
1749 2707 1637
1750 2577 2003
1751 1941 122
1752 28 386
1753 1365 2220
1754 540 874
1755 721 728
1756 1736 1164
1757 1657 244
1758 727 2316
1759 2671 1075
1760 2427 2740
1761 2745 1703
1762 1555 1560
1763 1757 1675
1764 2017 2605
1765 1276 1141
1766 2600 443
1767 2330 1208
1768 2514 656
1769 2030 1773
1770 2868 182
1771 1145 443
1772 2921 2314
1773 1547 284
1774 341 893
1775 2060 990
1776 791 1719
1777 724 866
1778 2228 2131
1779 2454 263
1780 2481 2662
1781 798 2754
1782 311 1292
1783 1845 933
1784 82 1575
1785 1413 1026
1786 2060 2457
1787 2808 182
1788 2475 2812
1789 1914 822
1790 696 643
1791 1699 1524
1792 2869 584
1793 441 1100
1794 173 2204
1795 326 437
1796 1586 1579
1797 48 702
1798 223 1773
1799 1934 2290
1800 1568 812
1801 1286 2484
1802 935 1551
1803 2464 1471
1804 1988 2761
1805 2245 1482
1806 1436 2378
1807 179 2477
1808 240 1675
1809 2269 2319
1810 2616 532
1811 1058 499
1812 50 2448
1813 2167 9
1814 1765 835
1815 2556 174
1816 648 299
1817 1478 98
1818 597 1915
1819 2110 1049
1820 2166 1079
1821 2225 500
1822 2629 1526
1823 913 2662
1824 866 1492
1825 467 2619
1826 2027 1387
1827 2109 279
1828 2787 8
1829 14 1369
1830 563 2574
1831 472 1538
1832 1070 2491
1833 2869 1989
1834 1290 2191
1835 1405 2689
1836 1168 1372
1837 450 177
1838 1771 1174
1839 2029 1187
1840 486 854
1841 1680 790
1842 116 289
1843 1965 2840
1844 1632 1284
1845 2574 2380
1846 2719 1906
1847 201 1013
1848 242 1494
1849 1882 1844
1850 1970 1941
1851 598 2866
1852 489 1465
1853 1591 1852
1854 1378 683
1855 1822 394
1856 1544 623
1857 2216 974
1858 1905 1274
1859 987 2723
1860 1861 2864
1861 102 962
1862 1712 978
1863 2264 1919
1864 992 754
1865 590 1211
1866 305 1654
1867 2252 2576
1868 2879 78
1869 413 826
1870 166 765
1871 1324 2069
1872 2657 97
1873 662 42
1874 649 853
1875 2221 2727
1876 2410 1004
1877 691 1181
1878 1065 2436
1879 612 1992
1880 2804 2532
1881 832 250
1882 1496 1886
1883 2785 972
1884 949 2763
1885 1123 1541
1886 1015 544
1887 1308 1555
1888 1179 1557
1889 1682 587
1890 2587 688
1891 2199 2580
1892 2183 20
1893 869 2779
1894 932 170
1895 2838 921
1896 2562 1592
1897 1277 246
1898 1061 1176
1899 2581 1297
1900 2835 412
1901 106 2403
1902 921 1295
1903 630 1656
1904 2399 1926
1905 890 2156
1906 913 2505
1907 2645 222
1908 1764 2611
1909 1955 1167
1910 2688 1185
1911 2429 2057
1912 114 2041
1913 2017 666
1914 1625 1930
1915 538 783
1916 285 2508
1917 249 1284
1918 189 196
1919 25 393
1920 1525 2394
1921 1199 2053
1922 2230 136
1923 2137 142
1924 421 243
1925 1242 2130
1926 113 1221
1927 1063 229
1928 1957 65
1929 1255 18
1930 2869 310
1931 2881 1554
1932 1799 1792
1933 413 119
1934 1201 369
1935 398 2389
1936 842 447
1937 272 2075
1938 522 1755
1939 2366 2527
1940 1614 2486
1941 2097 815
1942 2111 1965
1943 2665 607
1944 2849 334
1945 1559 447
1946 1899 569
1947 1308 579
1948 2001 2432
1949 2594 2396
1950 31 2495
1951 737 2888
1952 2228 2919
1953 131 2628
1954 245 101
1955 590 1126
1956 2463 1369
1957 2205 2314
1958 2398 151
1959 857 697
1960 832 1309
1961 2326 196
1962 845 291
1963 727 145
1964 1364 1528
1965 1819 111
1966 2365 2726
1967 1908 1227
1968 369 1980
1969 912 2735
1970 1199 1825
1971 117 1314
1972 912 347
1973 245 1511
1974 1422 169
1975 2899 383
1976 2360 2774
1977 2292 2001
1978 973 1352
1979 1190 2836
1980 754 2156
1981 1704 2797
1982 1273 222
1983 2010 349
1984 2531 2086
1985 380 1681
1986 240 660
1987 2769 2027
1988 1610 834
1989 1830 1579
1990 2939 2256
1991 1518 1927
1992 1243 1241
1993 389 2559
1994 2693 671
1995 404 2285
1996 1008 2835
1997 2695 2612
1998 722 946
1999 161 2694
2000 1680 627
2001 291 1592
2002 472 2166
2003 483 413
2004 2007 1824
2005 1807 2161
2006 1453 2548
2007 2655 2011
2008 931 426
2009 339 2257
2010 1328 262
2011 41 383
2012 1703 898
2013 1633 7
2014 23 2539
2015 302 2551
2016 2078 2622
2017 1312 1919
2018 2056 1067
2019 2582 1453
2020 1236 270
2021 1529 2370
2022 1941 617
2023 1086 551
2024 1478 1628
2025 185 895
2026 161 1831
2027 1142 2259
2028 241 81
2029 585 2003
2030 570 197
2031 232 1239
2032 423 1426
2033 939 726
2034 66 546
2035 1767 746
2036 910 1184
2037 2116 784
2038 1781 2410
2039 1858 269
2040 1675 1592
2041 1901 682
2042 2046 419
2043 691 1575
2044 2444 2076
2045 1380 2478
2046 2466 1800
2047 2572 2886
2048 2198 540
2049 1890 1854
2050 907 117
2051 1873 924
2052 523 1282
2053 2743 1277
2054 862 2613
2055 1795 2475
2056 1510 1754
2057 123 2009
2058 1810 1237
2059 1775 2341
2060 1910 1935
2061 2681 1883
2062 1587 1452
2063 1717 2241
2064 1095 2704
2065 339 2246
2066 20 1870
2067 1018 264
2068 2481 1116
2069 271 1737
2070 725 200
2071 1686 1664
2072 139 2790
2073 160 940
2074 1813 319
2075 915 1324
2076 601 685
2077 2486 567
2078 1341 1717
2079 2336 2311
2080 22 1505
2081 1906 1682
2082 2087 2
2083 430 1133
2084 335 49
2085 575 318
2086 336 2180
2087 1259 2249
2088 2138 19
2089 2436 115
2090 1471 2211
2091 1962 2697
2092 1300 680
2093 647 2085
2094 1764 630
2095 1300 1804
2096 2711 677
2097 1020 1067
2098 2486 965
2099 1134 2399
2100 221 1338
2101 1708 954
2102 2457 128
2103 2493 545
2104 291 991
2105 462 1643
2106 996 999
2107 1829 2535
2108 1734 142
2109 582 2725
2110 748 92
2111 1530 952
2112 246 1106
2113 2408 344
2114 384 374
2115 954 2370
2116 2362 2399
2117 1917 1537
2118 1394 390
2119 1285 1984
2120 2906 1160
2121 507 2447
2122 1824 1365
2123 535 2234
2124 2541 1188
2125 1676 755
2126 1205 2071
2127 1946 2368
2128 2603 1637
2129 463 2237
2130 1624 223
2131 2533 2591
2132 1500 1600
2133 2159 2365
2134 2785 556
2135 6 1762
2136 619 1959
2137 2726 576
2138 2876 525
2139 2065 547
2140 528 2606
2141 148 592
2142 2247 639
2143 2063 1851
2144 2514 2066
2145 1105 547
2146 1944 58
2147 2804 1533
2148 1162 717
2149 2730 1496
2150 1729 2512
2151 769 1680
2152 2102 1920
2153 1164 2364
2154 926 361
2155 2607 1545
2156 63 1623
2157 371 239
2158 1271 2124
2159 2850 1321
2160 643 2229
2161 773 1957
2162 2099 2864
2163 2662 477
2164 2760 2049
2165 753 2333
2166 858 244
2167 2542 1321
2168 1295 1383
2169 537 2657
2170 2367 2020
2171 228 776
2172 30 2244
2173 184 1336
2174 691 1589
2175 2502 1767
2176 2275 2914
2177 1984 1659
2178 1557 1217
2179 2372 998
2180 2222 402
2181 1085 2241
2182 1944 1652
2183 1092 1365
2184 2211 727
2185 732 1219
2186 2684 1265
2187 1129 2476
2188 1365 1834
2189 557 1624
2190 1208 903
2191 1096 248
2192 44 352
2193 2797 621
2194 1010 2033
2195 1510 1172
2196 40 2006
2197 2469 991
2198 19 2146
2199 2887 1133
2200 1664 2
2201 2206 2732
2202 667 2321
2203 2485 1502
2204 2889 363
2205 1374 2478
2206 151 346
2207 2243 2085
2208 28 1348
2209 1897 80
2210 1146 2675
2211 1531 2311
2212 2183 146
2213 906 2847
2214 159 141
2215 292 1468
2216 1520 2290
2217 586 2474
2218 130 1944
2219 1641 2253
2220 876 2067
2221 2716 1802
2222 2379 1922
2223 1760 1988
2224 677 1042
2225 2760 739
2226 509 2232
2227 2403 1800
2228 1969 2045
2229 127 1437
2230 272 428
2231 1823 570
2232 1897 2752
2233 1744 2353
2234 655 754
2235 2844 2689
2236 1247 2888
2237 1063 281
2238 2215 1023
2239 2795 2075
2240 2553 1350
2241 2321 1059
2242 2663 1572
2243 1323 686
2244 1079 2837
2245 265 2846
2246 346 1988
2247 1035 304
2248 2513 2523
2249 418 747
2250 540 2806
2251 2547 211
2252 2726 2601
2253 198 1434
2254 1945 2356
2255 2783 2674
2256 2386 1772
2257 1080 623
2258 1064 1631
2259 2391 313
2260 362 1488
2261 2075 437
2262 2021 129
2263 101 1545
2264 910 1125
2265 1158 2242
2266 160 37
2267 1593 1762
2268 266 221
2269 2018 657
2270 2136 1451
2271 612 183
2272 1530 191
2273 535 1423
2274 2152 1757
2275 2338 1038
2276 1860 431
2277 1430 1315
2278 2709 1558
2279 505 2525
2280 110 684
2281 748 2013
2282 1970 864
2283 995 2394
2284 2201 741
2285 1022 779
2286 411 1494
2287 2075 2632
2288 2532 2125
2289 2803 2779
2290 604 1366
2291 1861 572
2292 907 482
2293 706 1090
2294 1903 1293
2295 586 917
2296 2244 2569
2297 765 1441
2298 2916 2437
2299 705 2480
2300 909 1229
2301 1155 2383
2302 644 2802
2303 2656 1132
2304 799 1852
2305 526 2624
2306 710 797
2307 2680 1947
2308 1193 1697
2309 1618 2809
2310 2829 2436
2311 1792 996
2312 592 1080
2313 1697 1745
2314 365 1976
2315 842 2259
2316 2576 2216
2317 1904 69
2318 394 734
2319 947 508
2320 957 1
2321 384 1297
2322 23 887
2323 1230 528
2324 72 860
2325 1855 161
2326 320 996
2327 2800 170
2328 1446 1945
2329 2143 673
2330 873 1423
2331 467 2267
2332 2884 1764
2333 2526 465
2334 2241 2480
2335 2870 427
2336 861 1091
2337 5 2346
2338 1116 28
2339 851 1594
2340 2026 2386
2341 2668 1808
2342 909 1497
2343 1654 2023
2344 1389 456
2345 1699 2549
2346 2172 1928
2347 2175 2909
2348 2504 1823
2349 2045 2932
2350 1169 1450
2351 1104 2509
2352 47 864
2353 1808 2480
2354 1047 48
2355 456 245
2356 2261 1112
2357 854 749
2358 2731 1367
2359 2873 1188
2360 1628 820
2361 2671 1918
2362 278 117
2363 767 1088
2364 848 2302
2365 2192 2073
2366 2206 1657
2367 2763 278
2368 103 1462
2369 2529 2042
2370 670 1615
2371 2493 2354
2372 172 2446
2373 2652 2868
2374 1777 242
2375 242 1840
2376 2476 2690
2377 2104 2839
2378 1252 2356
2379 459 312
2380 2320 2349
2381 672 353
2382 1556 2529
2383 2571 1399
2384 929 1758
2385 1185 844
2386 1204 2096
2387 2469 1472
2388 1003 2644
2389 599 473
2390 1573 2849
2391 2840 432
2392 2134 2446
2393 1413 2105
2394 1900 381
2395 1466 162
2396 387 780
2397 836 1787
2398 2100 678
2399 1302 1643
2400 1538 1092
2401 2440 1907
2402 2580 1868
2403 1513 1551
2404 290 2654
2405 43 2125
2406 1842 997
2407 620 875
2408 2138 1588
2409 2204 1855
2410 255 1554
2411 1660 940
2412 247 1103
2413 353 1839
2414 2916 320
2415 1177 447
2416 2620 2268
2417 1049 1838
2418 1360 575
2419 2204 1759
2420 1129 151
2421 1875 724
2422 1448 1262
2423 2626 641
2424 624 428
2425 1629 1129
2426 225 1969
2427 2450 1965
2428 2467 613
2429 1682 1321
2430 1797 1142
2431 2935 1709
2432 612 1022
2433 1213 453
2434 1635 441
2435 2695 1561
2436 276 445
2437 1304 1624
2438 478 2324
2439 1 2094
2440 2433 1457
2441 833 1803
2442 2291 2016
2443 816 762
2444 2932 1299
2445 316 2170
2446 1984 817
2447 1169 1235
2448 2879 721
2449 2247 2916
2450 2841 1674
2451 2162 1572
2452 1619 1774
2453 1697 403
2454 674 419
2455 469 2443
2456 1039 529
2457 1956 2226
2458 1903 1721
2459 213 2265
2460 60 1021
2461 1619 1137
2462 1203 25
2463 1606 1005
2464 339 1034
2465 1580 816
2466 186 1609
2467 376 993
2468 1422 2475
2469 2823 1724
2470 2915 1098
2471 1447 2131
2472 2075 1554
2473 2309 1497
2474 1619 2037
2475 526 2881
2476 204 675
2477 618 750
2478 120 798
2479 888 1581
2480 721 1297
2481 1003 1564
2482 634 2304
2483 645 1830
2484 1854 2207
2485 1277 900
2486 1341 2018
2487 91 614
2488 1466 1805
2489 201 1496
2490 1849 1899
2491 950 2682
2492 864 2053
2493 501 10
2494 621 2296
2495 907 1741
2496 2046 86
2497 2506 1937
2498 2697 2513
2499 2278 1366
2500 2909 2812
2501 1816 2757
2502 2649 1332
2503 1316 585
2504 183 306
2505 15 2716
2506 63 1169
2507 2562 753
2508 365 1162
2509 2570 1608
2510 2880 1662
2511 784 2641
2512 217 2753
2513 1106 689
2514 1516 1917
2515 2239 1342
2516 2896 344
2517 571 2773
2518 913 625
2519 2243 2091
2520 821 1628
2521 452 2175
2522 832 2285
2523 1582 2353
2524 365 2071
2525 2382 1768
2526 1184 1990
2527 663 2363
2528 2865 473
2529 413 643
2530 2701 1548
2531 1883 860
2532 1376 148
2533 551 60
2534 1966 2412
2535 588 1252
2536 922 336
2537 1635 2616
2538 1988 220
2539 1133 850
2540 2921 1352
2541 348 1634
2542 2805 1842
2543 2567 1801
2544 380 875
2545 863 2800
2546 901 1649
2547 223 2255
2548 2471 2640
2549 364 305
2550 2760 1308
2551 1398 792
2552 1789 1567
2553 517 364
2554 2158 2202
2555 1567 813
2556 382 1553
2557 809 1391
2558 1539 279
2559 2809 2143
2560 1613 1579
2561 2659 1754
2562 436 1305
2563 2319 1423
2564 2739 2824
2565 2553 2784
2566 2756 388
2567 1497 2876
2568 1326 2159
2569 126 1693
2570 2908 1683
2571 94 1225
2572 1903 238
2573 2000 1918
2574 2081 2736
2575 1236 647
2576 2340 2385
2577 1978 328
2578 2627 97
2579 1694 437
2580 1214 2536
2581 1039 2017
2582 980 1141
2583 2102 1144
2584 1200 2788
2585 1973 2666
2586 717 1431
2587 1623 1794
2588 195 1802
2589 1919 196
2590 2817 875
2591 5 2035
2592 445 2761
2593 1071 2098
2594 2052 611
2595 2516 1235
2596 1126 711
2597 413 2897
2598 2282 99
2599 2085 434
2600 2621 432
2601 2315 472
2602 453 1341
2603 2045 385
2604 1840 2291
2605 1274 2292
2606 2498 1122
2607 1439 2874
2608 2172 986
2609 675 1661
2610 1681 907
2611 2442 2260
2612 2302 178
2613 440 2191
2614 600 2682
2615 1341 4
2616 1740 981
2617 2199 2242
2618 2756 2234
2619 353 2321
2620 341 783
2621 2627 1982
2622 2385 2010
2623 2579 1741
2624 1545 34
2625 1722 1044
2626 2765 2055
2627 2664 2245
2628 2026 2149
2629 1451 1159
2630 2004 533
2631 1219 1917
2632 558 1977
2633 2442 2388
2634 243 830
2635 2878 2690
2636 2642 623
2637 2851 46
2638 364 55
2639 261 1246
2640 148 31
2641 2827 1315
2642 1899 165
2643 2029 224
2644 490 1196
2645 1463 529
2646 369 494
2647 722 1798
2648 2325 1910
2649 259 2754
2650 652 1453
2651 1842 673
2652 527 2311
2653 677 1757
2654 144 661
2655 1964 2215
2656 2045 2002
2657 2747 1298
2658 1557 1095
2659 838 120
2660 2078 2891
2661 772 1298
2662 2127 1079
2663 2819 1445
2664 158 169
2665 1455 2085
2666 2844 1387
2667 2253 2852
2668 448 2218
2669 906 1750
2670 2917 1764
2671 2777 1544
2672 2020 1615
2673 2145 1798
2674 2066 2375
2675 842 274
2676 2322 2797
2677 1953 134
2678 1945 1729
2679 170 16
2680 185 2117
2681 2353 2388
2682 223 1351
2683 1753 2266
2684 1289 1410
2685 1377 1238
2686 1424 1795
2687 1323 2732
2688 2846 1741
2689 2254 1375
2690 2894 1178
2691 1022 1833
2692 1746 2456
2693 2327 1135
2694 1169 2808
2695 302 1987
2696 110 2256
2697 1986 487
2698 1262 51
2699 1515 2720
2700 1474 617
2701 120 1755
2702 587 2195
2703 619 2839
2704 2609 1126
2705 2417 995
2706 2221 2763
2707 1809 789
2708 2126 1362
2709 2721 1135
2710 282 1807
2711 1291 2452
2712 974 1488
2713 1238 2723
2714 2667 1709
2715 802 2440
2716 2763 2324
2717 2899 883
2718 248 2388
2719 1336 1733
2720 1078 1548
2721 35 1896
2722 307 272
2723 1720 538
2724 182 2048
2725 2076 1029
2726 1848 84
2727 527 601
2728 2499 2042
2729 1616 203
2730 1944 142
2731 323 2457
2732 1432 2375
2733 547 2834
2734 1469 2722
2735 1803 2519
2736 930 660
2737 2379 1413
2738 1148 2467
2739 295 2261
2740 566 2917
2741 755 2838
2742 1263 2429
2743 1071 86
2744 1067 2446
2745 173 2371
2746 2043 1849
2747 1389 731
2748 2545 2161
2749 1304 2410
2750 1944 1101
2751 2228 1432
2752 1439 378
2753 506 947
2754 344 1397
2755 181 697
2756 363 1615
2757 175 2168
2758 599 2371
2759 2362 2769
2760 560 468
2761 464 72
2762 1690 2068
2763 450 1399
2764 2743 1888
2765 989 193
2766 1443 1804
2767 474 1740
2768 623 201
2769 368 936
2770 2255 510
2771 883 2642
2772 1647 904
2773 2747 349
2774 1925 670
2775 689 280
2776 236 1935
2777 1162 2057
2778 404 1553
2779 862 1728
2780 2428 142
2781 643 398
2782 536 789
2783 1309 2784
2784 1061 1383
2785 948 2090
2786 2845 2522
2787 1216 489
2788 2295 2789
2789 2260 1545
2790 2651 666
2791 1335 2611
2792 1402 157
2793 1990 1846
2794 213 2841
2795 1554 2650
2796 1974 1916
2797 1073 2486
2798 2298 1242
2799 1279 1258
2800 704 190
2801 999 1645
2802 1387 968
2803 1877 2853
2804 2236 2206
2805 662 1367
2806 1842 1598
2807 926 2408
2808 738 1952
2809 1585 392
2810 2284 572
2811 1622 2026
2812 1719 1766
2813 344 2016
2814 1781 540
2815 2173 2549
2816 842 2663
2817 2408 900
2818 2599 1642
2819 1645 1862
2820 2648 2151
2821 2608 775
2822 643 2776
2823 1766 153
2824 1627 2477
2825 435 1853
2826 191 358
2827 1613 2607
2828 1973 2735
2829 455 1552
2830 341 2435
2831 2158 146
2832 2730 610
2833 2180 2279
2834 1522 2438
2835 2837 845
2836 885 2348
2837 335 1425
2838 2276 206
2839 20 2073
2840 2771 296
2841 2591 1040
2842 1345 343
2843 588 2417
2844 1354 373
2845 1091 2271
2846 2214 270
2847 2132 1683
2848 1712 1491
2849 1738 510
2850 2813 2177
2851 401 57
2852 1430 904
2853 118 2730
2854 1515 1353
2855 2552 849
2856 2037 804
2857 2626 2274
2858 2622 450
2859 1142 1433
2860 1392 2082
2861 1276 591
2862 2812 1730
2863 1879 815
2864 2348 1045
2865 563 1550
2866 1446 2687
2867 1640 2562
2868 2855 1904
2869 2550 1485
2870 1946 1560
2871 1265 2444
2872 2713 1475
2873 2415 101
2874 38 1900
2875 588 2866
2876 214 1891
2877 2313 2879
2878 1711 1152
2879 1836 2399
2880 1202 2274
2881 843 2801
2882 787 1267
2883 1039 2901
2884 759 2364
2885 1682 206
2886 2931 1693
2887 1704 1786
2888 2603 2387
2889 1947 1948
2890 82 157
2891 1057 548
2892 568 2316
2893 2335 2776
2894 567 2614
2895 895 2338
2896 686 2336
2897 2021 710
2898 1627 1167
2899 1213 1361
2900 388 624
2901 1811 450
2902 2113 2310
2903 2472 2063
2904 2848 2861
2905 2205 1239
2906 2500 801
2907 1910 1224
2908 946 2173
2909 2181 932
2910 2688 1016
2911 1111 2712
2912 2752 1856
2913 2453 1662
2914 2242 677
2915 1635 182
2916 1501 1000
2917 2405 1955
2918 2583 2757
2919 1058 24
2920 1614 1029
2921 2286 115
2922 2385 288
2923 1447 1400
2924 664 1602
2925 1176 2486
2926 847 1432
2927 912 2101
2928 2213 269
2929 265 1839
2930 1275 1526
2931 1944 2328
2932 30 1167
2933 1843 2648
2934 1923 2072
2935 1054 2816
2936 834 143
2937 2710 555
2938 2789 165
2939 1075 823
2940 290 1266
