5550 5550
1 3319 5121
2 3168 482
3 2100 1537
4 1564 850
5 4051 4316
6 605 159
7 1527 3931
8 998 5418
9 256 1806
10 788 2296
11 1537 410
12 4367 3528
13 1235 1137
14 4129 3925
15 3013 3871
16 4337 2170
17 2524 3723
18 3318 4469
19 3800 4462
20 350 21
21 3351 496
22 3587 3432
23 1599 4009
24 3209 1186
25 3939 4947
26 5245 3296
27 418 3266
28 663 5334
29 1043 1726
30 3312 3769
31 2352 363
32 828 67
33 5304 1328
34 5241 3896
35 2686 3200
36 937 445
37 3777 3499
38 1187 3976
39 1495 660
40 3301 5152
41 1057 134
42 2613 4228
43 3222 3796
44 161 2474
45 2696 1305
46 4639 3802
47 1870 2277
48 4981 186
49 1345 1951
50 5087 3149
51 4358 2897
52 1097 4835
53 3257 1581
54 2238 655
55 1711 2420
56 2334 1424
57 1490 5307
58 5423 549
59 5087 3111
60 1942 1407
61 2383 723
62 4246 4264
63 4027 1684
64 3849 1748
65 4599 3625
66 1891 4341
67 638 2984
68 159 2793
69 3386 2636
70 5236 4585
71 2718 2074
72 5053 5400
73 1598 3079
74 4233 5512
75 597 4515
76 4517 1567
77 2086 4888
78 3515 1522
79 5179 1590
80 557 1966
81 5470 2892
82 998 695
83 3395 2198
84 2960 3053
85 3872 4628
86 4415 4001
87 2305 2281
88 3466 1122
89 3007 4982
90 1461 3411
91 2791 2708
92 2933 3803
93 5326 4284
94 5119 238
95 65 5369
96 324 5016
97 4639 3006
98 2428 4297
99 1212 176
100 309 5193
101 3607 4023
102 848 3342
103 2196 1049
104 4364 1800
105 4392 5464
106 1342 1888
107 3015 665
108 5427 872
109 4765 2426
110 2984 2269
111 2939 4066
112 3838 1432
113 371 181
114 2472 1695
115 2725 342
116 4642 5185
117 4081 2942
118 1918 817
119 2494 708
120 1804 2515
121 4141 3564
122 2793 4716
123 504 2264
124 2480 4128
125 1753 4526
126 1829 5068
127 5304 729
128 1181 1412
129 150 1828
130 3730 4914
131 4381 408
132 2732 2015
133 5436 3606
134 4665 802
135 1685 2360
136 4625 296
137 2179 3440
138 997 3888
139 3975 647
140 3313 186
141 239 4797
142 2115 4879
143 1531 2724
144 642 4401
145 4555 4366
146 4543 5457
147 478 3474
148 4578 3227
149 1441 1727
150 2400 382
151 2187 3521
152 3382 5216
153 4760 4334
154 3001 2050
155 4938 3849
156 2052 337
157 4416 447
158 41 4645
159 1020 74
160 5451 3352
161 1182 3780
162 3477 2591
163 5364 2436
164 3487 1659
165 99 3683
166 5311 3869
167 3736 4964
168 3413 2077
169 3023 3993
170 487 1171
171 2793 3622
172 3882 105
173 4964 1478
174 4198 4501
175 989 4836
176 3743 3730
177 2961 111
178 1451 4407
179 4551 4020
180 938 2667
181 918 5389
182 2677 1141
183 496 2282
184 3933 359
185 5534 269
186 1483 3834
187 1401 2121
188 4977 5171
189 712 5301
190 1733 1777
191 2584 2220
192 1329 2911
193 334 5137
194 5162 4559
195 4133 794
196 3919 4046
197 4179 733
198 2248 2532
199 5085 1471
200 5182 1453
201 198 2212
202 254 5331
203 3005 1872
204 1473 427
205 1302 4410
206 2753 502
207 3209 3422
208 4510 5235
209 3527 2452
210 5413 4463
211 1973 4172
212 3790 1053
213 602 1419
214 5385 1809
215 2349 3345
216 3407 3144
217 1315 1795
218 1858 2103
219 2683 3637
220 2689 466
221 2860 904
222 2004 3493
223 1839 2828
224 4495 1403
225 3169 2972
226 381 2198
227 395 316
228 5104 925
229 2819 2071
230 219 3162
231 2735 2471
232 896 147
233 1232 64
234 2606 5496
235 3928 4063
236 1792 685
237 692 2537
238 1071 3616
239 3208 738
240 4616 1774
241 1762 1067
242 5118 4135
243 108 842
244 1269 3342
245 4396 1368
246 1792 829
247 2373 3823
248 2556 752
249 4401 826
250 4055 259
251 4130 4118
252 3536 4514
253 3274 1043
254 1766 2564
255 2524 1776
256 3678 1472
257 3349 710
258 3197 2208
259 203 556
260 3370 4380
261 2565 4175
262 4766 1829
263 3457 1107
264 1092 4099
265 4419 4269
266 4032 2161
267 4079 3541
268 4197 1740
269 2676 3315
270 2707 3175
271 1817 5386
272 980 4182
273 585 958
274 618 1664
275 3168 710
276 1846 2594
277 4838 3294
278 5098 1401
279 4963 4518
280 2395 1768
281 3564 1707
282 592 1438
283 2415 3506
284 5030 4701
285 4138 4183
286 2201 468
287 2563 4762
288 2925 4965
289 4842 440
290 187 456
291 3795 1331
292 4812 4565
293 5211 3261
294 4516 5437
295 4785 1886
296 2282 2869
297 2234 4631
298 5243 1635
299 1710 3955
300 3295 3124
301 1512 175
302 383 3300
303 5152 4038
304 823 1362
305 1054 2372
306 3867 2704
307 1868 2280
308 4755 2704
309 815 1568
310 1555 1970
311 4213 2013
312 3143 3940
313 4489 2965
314 1968 2961
315 3982 4137
316 3889 3202
317 2353 2442
318 4223 13
319 678 1098
320 2596 3425
321 1843 5054
322 395 5237
323 43 2193
324 738 2997
325 122 1890
326 5010 2911
327 2923 3500
328 2841 2931
329 3005 2852
330 3791 3880
331 1953 3136
332 38 4636
333 2825 572
334 3737 4422
335 2945 5297
336 1068 2552
337 5025 5291
338 4350 480
339 5437 602
340 3415 2812
341 2045 860
342 3832 1248
343 5052 3190
344 265 800
345 3092 3394
346 1763 2944
347 4973 404
348 3176 2988
349 1166 4855
350 2928 3741
351 343 2560
352 657 3716
353 4401 525
354 435 1317
355 286 2428
356 2795 1461
357 5209 1294
358 4910 1685
359 423 4376
360 876 4941
361 4758 4855
362 5406 3575
363 3593 5265
364 4089 1852
365 872 4018
366 474 93
367 1845 851
368 2852 2738
369 4052 3350
370 1856 5131
371 5121 4749
372 1012 1264
373 802 28
374 4261 2699
375 1040 4101
376 60 133
377 5060 1522
378 3863 4792
379 1797 4678
380 139 1748
381 2495 3007
382 296 3361
383 4767 2948
384 3018 3465
385 628 311
386 4865 1478
387 4494 1589
388 1758 941
389 5350 4036
390 4740 2850
391 5122 4268
392 5329 4275
393 5254 2305
394 2091 1745
395 4614 2090
396 5299 5140
397 745 787
398 4185 2378
399 2683 4854
400 3629 1123
401 5010 3144
402 1987 3799
403 4600 266
404 2598 2220
405 724 3743
406 4412 5036
407 3721 1062
408 3015 488
409 4712 630
410 1849 5024
411 1695 1315
412 2860 1388
413 3506 914
414 1992 350
415 773 2939
416 3160 3985
417 42 2018
418 4218 1587
419 2339 4511
420 3723 3223
421 1275 779
422 3695 1675
423 2389 1072
424 3208 1590
425 1986 1124
426 106 4168
427 4334 3875
428 3294 3995
429 2253 2024
430 2574 3763
431 1007 3977
432 51 1663
433 4470 3325
434 579 2138
435 139 179
436 792 4554
437 1227 826
438 1636 622
439 574 689
440 4327 146
441 3248 308
442 670 2557
443 11 2156
444 3038 130
445 1632 1794
446 3912 4130
447 3733 2946
448 5396 2370
449 2388 1923
450 2519 4389
451 4361 710
452 5548 3742
453 63 4653
454 1234 5331
455 60 93
456 2924 2828
457 3814 2483
458 2024 5256
459 1271 2901
460 3512 3234
461 5468 3552
462 5279 196
463 2667 741
464 4627 4627
465 3756 4407
466 2172 3940
467 1499 1666
468 5131 1328
469 401 965
470 4116 4819
471 2078 5382
472 5014 2140
473 1070 3839
474 3943 5014
475 3456 2123
476 3204 413
477 4605 3581
478 1687 5080
479 5490 2581
480 4270 5484
481 1065 3713
482 2464 200
483 5246 5059
484 2761 4283
485 2975 772
486 2633 3009
487 156 5308
488 2584 4162
489 3214 2266
490 3004 751
491 289 2284
492 562 3452
493 4118 4883
494 5023 814
495 2680 4016
496 2908 3934
497 505 556
498 2598 3228
499 4944 1104
500 3216 1985
501 2149 3018
502 2588 4974
503 2857 5108
504 4761 4755
505 4397 4730
506 498 5228
507 3950 3554
508 1138 4943
509 3778 3944
510 1247 457
511 4764 3322
512 4097 5403
513 835 4196
514 1998 1271
515 5500 991
516 1725 1344
517 439 2267
518 2866 1878
519 5494 4307
520 30 4919
521 2965 1645
522 68 1184
523 4926 921
524 5431 4978
525 4359 1841
526 5361 1032
527 2940 5225
528 2384 3806
529 526 2855
530 1913 4325
531 3054 688
532 5114 117
533 4559 1621
534 4704 4283
535 1759 1733
536 5116 454
537 1997 713
538 35 786
539 1591 308
540 4923 43
541 1864 284
542 4306 3903
543 4499 3718
544 3906 3974
545 648 446
546 3816 4530
547 4828 4974
548 4581 665
549 3753 332
550 63 3293
551 912 1600
552 4470 1803
553 1624 2588
554 8 1764
555 2865 1927
556 1626 1797
557 5465 553
558 4033 5500
559 4016 2668
560 5257 3713
561 1455 451
562 5453 1254
563 4258 2876
564 3448 151
565 968 1178
566 2797 1726
567 4509 2408
568 1279 3639
569 91 1946
570 888 106
571 4418 5290
572 174 50
573 1846 2433
574 146 1044
575 3417 227
576 3525 3308
577 5267 372
578 5330 1093
579 3734 5460
580 1042 4827
581 3878 2017
582 831 2258
583 328 1960
584 3179 224
585 1437 181
586 4333 3517
587 4789 4198
588 138 4804
589 1962 796
590 109 3020
591 655 4419
592 2900 3924
593 4084 3894
594 3239 2823
595 71 4846
596 2201 163
597 563 281
598 3986 1032
599 3872 3448
600 4303 1757
601 5160 1675
602 2722 776
603 2492 2322
604 1587 1322
605 359 1712
606 1577 504
607 4990 2500
608 2516 5251
609 3072 1579
610 4750 2411
611 2457 1203
612 3284 3451
613 1543 4068
614 3299 129
615 213 3814
616 4299 840
617 431 880
618 4248 58
619 3398 4768
620 590 4029
621 4225 4210
622 2962 4857
623 4524 2698
624 2532 2844
625 5517 1801
626 606 3588
627 3939 3507
628 609 4581
629 2230 4399
630 603 648
631 555 371
632 3837 3126
633 1223 2914
634 3870 647
635 2787 4310
636 328 2079
637 5402 1870
638 3433 4028
639 1328 912
640 4662 816
641 3314 875
642 4507 663
643 967 3920
644 2617 3603
645 3294 2963
646 2974 3011
647 2851 302
648 124 4576
649 2446 1368
650 1793 4043
651 3294 3066
652 3405 4287
653 1760 5023
654 4515 4298
655 1402 25
656 543 209
657 2061 235
658 3692 2322
659 3424 522
660 2125 1446
661 3525 1022
662 4787 4303
663 3971 593
664 1429 212
665 4269 5519
666 3996 3388
667 1447 96
668 4479 4762
669 3042 841
670 1875 3057
671 1986 1159
672 4505 4011
673 454 884
674 2277 2813
675 4522 1264
676 5136 2051
677 5376 468
678 4598 2222
679 4714 2016
680 394 2053
681 4446 2549
682 2696 4602
683 2728 2206
684 3187 624
685 4943 4344
686 3572 1507
687 1358 5272
688 4686 1039
689 855 3930
690 1716 3615
691 873 3367
692 433 203
693 3866 1170
694 2786 4361
695 3731 164
696 2316 2398
697 4929 1406
698 1435 235
699 5448 1518
700 721 975
701 1809 1843
702 2835 932
703 5154 2589
704 1343 5318
705 4274 3965
706 1556 4463
707 3058 3887
708 1617 4266
709 3233 4162
710 1551 3337
711 3070 1565
712 2417 3700
713 4722 43
714 4512 1697
715 750 554
716 4846 3406
717 2217 2482
718 3689 1404
719 1271 4842
720 781 4539
721 4287 2300
722 282 692
723 4451 4734
724 5069 4479
725 810 3434
726 3318 5084
727 3696 951
728 2494 2681
729 3074 468
730 1399 408
731 5380 5098
732 2153 5324
733 3357 2810
734 1944 4679
735 2675 863
736 4774 1032
737 3154 2705
738 22 2543
739 1829 1040
740 3707 1997
741 3679 4710
742 172 2159
743 4955 3990
744 4303 5155
745 769 305
746 3464 1104
747 1695 1226
748 2987 2130
749 5021 13
750 3139 4154
751 641 1523
752 1068 4627
753 2316 80
754 5260 4224
755 918 5486
756 3104 2582
757 4874 1651
758 2136 4918
759 4044 4553
760 1651 3297
761 4920 1234
762 1692 1226
763 2671 5493
764 1537 2801
765 99 1411
766 114 990
767 4369 878
768 4056 4898
769 1327 4480
770 103 3751
771 809 2842
772 2713 1778
773 2159 4672
774 4407 5326
775 1557 2431
776 4425 2326
777 1445 18
778 5546 4383
779 4080 2584
780 3583 2143
781 2329 2797
782 459 4108
783 1366 3919
784 2468 510
785 2878 3332
786 1119 1353
787 3990 3332
788 4073 4222
789 1982 493
790 2407 2576
791 3620 1204
792 1335 3326
793 5321 2496
794 2510 808
795 4562 3709
796 342 2990
797 302 1129
798 4077 2974
799 2612 3844
800 3239 2643
801 3290 1347
802 5029 5019
803 767 3029
804 4731 4863
805 4954 5282
806 3947 3092
807 1509 866
808 5378 888
809 4778 5104
810 2496 5147
811 1139 3260
812 706 4041
813 3986 1375
814 5021 366
815 3479 4251
816 2166 2755
817 2547 1206
818 3764 2751
819 428 198
820 2192 2193
821 3185 4899
822 948 989
823 2600 4137
824 1762 519
825 4412 2252
826 1653 1490
827 1379 1018
828 2428 2517
829 5350 4650
830 4179 1807
831 1143 3559
832 2150 865
833 3239 680
834 1111 2478
835 611 1153
836 537 2201
837 3022 3551
838 3269 2096
839 483 3536
840 5534 1233
841 2446 616
842 1373 4422
843 3554 1085
844 5348 2073
845 5046 1074
846 3199 4462
847 2795 5040
848 1568 5018
849 2647 3720
850 2681 2174
851 3415 4362
852 383 1188
853 5506 3421
854 5411 4419
855 5380 3053
856 3950 3991
857 3659 4845
858 4337 1924
859 5382 3445
860 4247 4353
861 2375 5423
862 534 564
863 3437 702
864 4837 3006
865 122 619
866 3209 3094
867 2176 2582
868 2309 5081
869 3177 1243
870 2099 3159
871 1564 4914
872 2471 5084
873 3041 4106
874 3417 2436
875 3496 239
876 1014 1851
877 5319 1938
878 5430 3865
879 410 4588
880 2346 1749
881 5298 20
882 4272 3681
883 5261 569
884 2899 5100
885 2813 4953
886 1514 213
887 505 84
888 2566 5410
889 3199 3254
890 3345 4979
891 2412 629
892 3047 105
893 3862 583
894 672 1519
895 1601 1233
896 561 5096
897 3722 3521
898 3186 3531
899 3836 1851
900 292 4983
901 332 389
902 429 1819
903 423 2626
904 112 1731
905 4857 1160
906 5121 5234
907 13 3573
908 3713 3175
909 3815 323
910 3105 5090
911 1644 4886
912 1953 2722
913 1790 1190
914 3042 495
915 3564 3178
916 3689 1439
917 4294 4662
918 2991 3731
919 4002 2646
920 3644 3856
921 2901 1289
922 3891 2160
923 4196 190
924 2422 4375
925 2491 4714
926 4708 1666
927 5191 5301
928 4468 3432
929 2950 379
930 3737 5206
931 1877 2731
932 1645 3161
933 1300 2752
934 3004 4980
935 676 1714
936 1583 2402
937 369 3250
938 2706 1943
939 3524 4166
940 3563 558
941 1404 1292
942 1642 1687
943 3108 3702
944 1528 1857
945 4280 1927
946 4860 3289
947 671 3015
948 923 182
949 2754 873
950 1111 1257
951 4947 707
952 3448 2098
953 3965 3562
954 4841 2949
955 1592 1804
956 4108 2689
957 713 4384
958 2988 3281
959 1297 1683
960 4756 657
961 974 163
962 2806 4782
963 757 820
964 2163 1132
965 2057 4812
966 3733 2631
967 3013 869
968 4727 3003
969 2923 444
970 3763 4689
971 912 5400
972 5474 413
973 3180 668
974 3001 4658
975 4571 4624
976 4073 4438
977 4056 1149
978 4762 5285
979 261 2808
980 3606 470
981 2361 3806
982 3525 3134
983 1654 2216
984 1399 3701
985 1243 2252
986 4796 4402
987 1843 928
988 68 3036
989 179 3609
990 2243 3354
991 4493 2158
992 987 4167
993 3888 4967
994 3089 3675
995 1244 4909
996 2922 149
997 3867 3315
998 2874 1142
999 4969 4600
1000 2101 4190
1001 5527 262
1002 3453 2069
1003 2594 887
1004 3519 1738
1005 2868 4045
1006 1501 2536
1007 2111 4357
1008 5178 3855
1009 2709 169
1010 2004 507
1011 4680 3952
1012 5420 5133
1013 939 2283
1014 2033 1727
1015 5400 2158
1016 4328 1929
1017 422 1969
1018 2621 4902
1019 291 4915
1020 4200 4168
1021 4403 4544
1022 3385 4163
1023 1870 1057
1024 3555 4975
1025 4825 1562
1026 1998 4099
1027 3312 5044
1028 250 1196
1029 2175 5310
1030 5437 1603
1031 3810 497
1032 2115 1339
1033 5410 3873
1034 4347 658
1035 1539 4046
1036 3671 4865
1037 542 1165
1038 165 772
1039 1580 938
1040 2296 375
1041 2093 2922
1042 3787 3846
1043 426 4156
1044 4803 3277
1045 3190 444
1046 3755 764
1047 4462 2932
1048 1619 4834
1049 1902 976
1050 2466 1503
1051 4712 3139
1052 2919 1912
1053 3937 104
1054 1514 3231
1055 2451 4075
1056 924 439
1057 2200 2609
1058 3294 1921
1059 1648 513
1060 242 1041
1061 3794 1991
1062 5066 350
1063 494 3638
1064 3941 125
1065 1129 1081
1066 2670 152
1067 2080 2937
1068 2 4840
1069 2092 3173
1070 2815 4016
1071 4075 2704
1072 2116 2973
1073 4864 4638
1074 4348 3242
1075 1478 4814
1076 988 3814
1077 1916 3225
1078 1556 4243
1079 4034 586
1080 105 131
1081 1335 3882
1082 4262 2626
1083 5431 2423
1084 4039 37
1085 2296 5139
1086 4158 2834
1087 4426 1057
1088 2957 2709
1089 1841 960
1090 4388 4372
1091 1774 904
1092 5306 669
1093 4168 940
1094 2286 2955
1095 3389 2679
1096 4358 2004
1097 480 4157
1098 4946 1045
1099 3268 944
1100 4036 1459
1101 979 342
1102 1907 1602
1103 4878 1609
1104 1558 1347
1105 714 4767
1106 3741 4084
1107 4901 3636
1108 2448 337
1109 225 4200
1110 1491 5326
1111 2962 2006
1112 4754 1421
1113 4141 2335
1114 1057 1370
1115 3609 2707
1116 5076 451
1117 1663 402
1118 5349 5515
1119 170 2183
1120 3134 3062
1121 1632 3727
1122 2426 2832
1123 4461 1015
1124 4889 1864
1125 4561 3921
1126 1308 206
1127 3945 1594
1128 1473 1553
1129 1489 3967
1130 2383 4629
1131 3353 1183
1132 4296 338
1133 2560 3816
1134 1796 4263
1135 5088 441
1136 2826 5005
1137 3395 4090
1138 2818 4347
1139 3005 2549
1140 2865 1757
1141 3084 2224
1142 1974 1925
1143 891 3773
1144 732 2500
1145 418 2009
1146 2287 73
1147 1203 247
1148 3278 1374
1149 4488 210
1150 2049 1916
1151 4521 3381
1152 1284 4143
1153 1852 2700
1154 903 4001
1155 3065 932
1156 334 63
1157 950 1862
1158 2125 3758
1159 3918 4627
1160 4760 227
1161 1917 1151
1162 2038 4785
1163 1387 3080
1164 672 1274
1165 1891 3869
1166 487 268
1167 5004 2254
1168 2309 2582
1169 3133 1523
1170 1102 3869
1171 4488 3747
1172 1209 2198
1173 3031 3033
1174 4576 3322
1175 3280 1139
1176 4640 320
1177 606 103
1178 2066 1871
1179 4922 1598
1180 1175 5247
1181 2919 2497
1182 4941 1195
1183 4305 4264
1184 2518 2247
1185 916 1033
1186 2514 4278
1187 4440 4426
1188 4883 2067
1189 148 2079
1190 3929 4398
1191 309 166
1192 163 3702
1193 5339 2694
1194 136 2804
1195 1171 3671
1196 4421 4863
1197 3799 14
1198 1802 349
1199 174 4819
1200 1678 4648
1201 2581 2866
1202 5526 1690
1203 65 4673
1204 1199 5
1205 3971 4951
1206 1095 2944
1207 3691 2319
1208 1111 4264
1209 886 1226
1210 4276 5149
1211 77 1419
1212 1567 4206
1213 3893 4931
1214 5435 78
1215 3262 5244
1216 50 18
1217 3588 1086
1218 5203 326
1219 3008 1013
1220 2698 4908
1221 2618 1583
1222 2228 2680
1223 422 3024
1224 3239 1802
1225 3433 4749
1226 3733 3666
1227 2819 1851
1228 4864 4821
1229 2274 4192
1230 3747 4408
1231 2530 89
1232 3403 4858
1233 3063 2019
1234 4512 1602
1235 5047 906
1236 1272 4887
1237 3990 2083
1238 4203 3989
1239 1503 2563
1240 1728 1247
1241 1128 4172
1242 3033 1410
1243 4475 1246
1244 1435 161
1245 88 428
1246 3116 41
1247 5396 918
1248 4010 4320
1249 3798 5481
1250 1098 4129
1251 3491 548
1252 407 3224
1253 4071 1607
1254 701 4978
1255 1260 1056
1256 5480 1267
1257 308 2137
1258 3505 3114
1259 3520 736
1260 1625 2277
1261 3208 861
1262 5127 1510
1263 2071 1952
1264 4138 2681
1265 1152 5310
1266 4463 3178
1267 5131 988
1268 129 4620
1269 2508 4384
1270 681 4903
1271 2440 3473
1272 1159 119
1273 1469 1387
1274 2220 5156
1275 2894 1821
1276 4109 2432
1277 4525 2775
1278 492 4958
1279 2285 2797
1280 3126 615
1281 5247 461
1282 3730 1784
1283 1909 3113
1284 5437 4616
1285 1020 4711
1286 4890 1811
1287 90 4056
1288 5262 2490
1289 3758 2642
1290 2023 1108
1291 2855 4773
1292 5162 2046
1293 593 1431
1294 3415 2124
1295 4646 2363
1296 272 2871
1297 3720 1091
1298 4899 173
1299 2930 2095
1300 1755 2832
1301 2099 408
1302 3200 4931
1303 4818 1365
1304 952 4447
1305 3374 2234
1306 969 2873
1307 3107 4149
1308 1021 2357
1309 2735 4355
1310 2699 5206
1311 4016 4945
1312 2511 2914
1313 2928 5297
1314 5225 255
1315 2985 2978
1316 2747 5317
1317 5292 1561
1318 3954 5101
1319 3418 413
1320 161 578
1321 1243 1618
1322 5015 3428
1323 140 427
1324 46 4192
1325 5335 929
1326 2965 332
1327 253 4108
1328 5108 4898
1329 2323 177
1330 1656 2196
1331 1859 74
1332 5387 4481
1333 2179 112
1334 4091 922
1335 3262 3919
1336 793 1943
1337 1429 754
1338 3696 2982
1339 458 3421
1340 520 3176
1341 3783 2836
1342 83 3593
1343 2697 2756
1344 396 2228
1345 9 149
1346 3529 1226
1347 1673 4713
1348 3718 763
1349 1235 5286
1350 2370 4837
1351 3494 4937
1352 5199 2006
1353 1090 235
1354 4486 5018
1355 3929 2180
1356 1752 3495
1357 328 5214
1358 1783 1054
1359 1356 4693
1360 3402 2949
1361 3834 2550
1362 5355 2469
1363 4529 3732
1364 3376 2628
1365 1370 2616
1366 4391 3220
1367 2701 839
1368 1699 661
1369 1054 227
1370 3984 3600
1371 2189 642
1372 4605 1246
1373 4304 2235
1374 5454 2662
1375 1803 1927
1376 2425 5421
1377 2052 4290
1378 1870 1094
1379 3762 2052
1380 5472 3306
1381 1210 1000
1382 5414 2372
1383 1807 468
1384 1304 1880
1385 794 5480
1386 1145 1618
1387 2439 3644
1388 5418 20
1389 2561 4294
1390 3692 4987
1391 2440 1887
1392 3440 979
1393 4826 2377
1394 199 1098
1395 3254 3365
1396 508 634
1397 2511 1760
1398 1985 4722
1399 2245 5356
1400 4951 4432
1401 3450 4199
1402 698 2579
1403 4709 2634
1404 488 337
1405 1729 5237
1406 2546 5219
1407 5072 2337
1408 2345 4570
1409 2722 4492
1410 3208 2074
1411 3672 631
1412 2741 3897
1413 663 1834
1414 1978 4344
1415 1173 1817
1416 2967 594
1417 4196 1872
1418 2582 3228
1419 269 2120
1420 4852 4664
1421 476 4029
1422 1679 5418
1423 4868 4295
1424 1611 5338
1425 1604 171
1426 2890 1342
1427 114 2231
1428 236 3723
1429 5286 2215
1430 4522 3606
1431 1806 2154
1432 4419 705
1433 2935 1429
1434 3538 2523
1435 3095 4321
1436 1270 2890
1437 3261 4226
1438 3638 2176
1439 5412 4132
1440 4203 987
1441 966 2315
1442 4691 5048
1443 1643 267
1444 3216 3787
1445 1388 4533
1446 2889 475
1447 3614 2923
1448 2747 5419
1449 3239 1415
1450 3 571
1451 1753 1786
1452 743 1373
1453 4981 4464
1454 4584 1979
1455 3656 3604
1456 5136 2800
1457 1840 666
1458 2650 3305
1459 4606 2259
1460 1794 4690
1461 1436 3370
1462 3272 3338
1463 495 4466
1464 2450 3346
1465 1243 480
1466 803 1285
1467 5387 1425
1468 4730 510
1469 780 2952
1470 4094 1891
1471 480 2706
1472 2809 2868
1473 1016 1714
1474 4262 1132
1475 3197 4998
1476 2691 3962
1477 4382 5045
1478 1523 3486
1479 316 2478
1480 4034 97
1481 1236 794
1482 4953 4177
1483 5409 477
1484 3548 1046
1485 5051 1954
1486 377 1186
1487 5186 2336
1488 4853 4734
1489 1840 4376
1490 64 212
1491 2159 5110
1492 3086 2144
1493 1212 3814
1494 868 2097
1495 3773 1993
1496 3480 4823
1497 2730 146
1498 2192 1468
1499 1646 5521
1500 1768 1719
1501 3086 4367
1502 5095 1354
1503 4851 3224
1504 2743 959
1505 1820 4248
1506 4617 3906
1507 3552 4074
1508 1713 1188
1509 4824 116
1510 3691 2566
1511 4397 4458
1512 4406 1405
1513 1760 379
1514 4151 3707
1515 4471 1838
1516 2855 3745
1517 5511 1561
1518 2917 1076
1519 5007 4875
1520 4030 5059
1521 2662 5467
1522 471 1670
1523 1737 3208
1524 3347 511
1525 2968 3466
1526 4696 4944
1527 5201 2949
1528 3775 3417
1529 3576 4505
1530 1553 1988
1531 4396 1230
1532 1264 4205
1533 464 1122
1534 2003 2311
1535 596 547
1536 2237 2920
1537 3657 1707
1538 3701 2886
1539 2150 2598
1540 2157 1470
1541 4242 2877
1542 3300 5417
1543 1495 2538
1544 2236 5247
1545 2041 1874
1546 3059 185
1547 3008 4766
1548 3572 3720
1549 1417 4127
1550 5191 2614
1551 3950 1579
1552 3542 2979
1553 1677 3390
1554 4455 1435
1555 934 3233
1556 480 3419
1557 4792 1451
1558 740 3444
1559 4156 2586
1560 3818 2695
1561 4185 720
1562 2504 4917
1563 4231 658
1564 732 4859
1565 2245 1186
1566 1018 2817
1567 1757 903
1568 1918 31
1569 4410 2797
1570 4741 554
1571 4778 5405
1572 83 1573
1573 3898 3458
1574 77 1229
1575 5261 1225
1576 650 1183
1577 5122 1165
1578 5047 3877
1579 335 1278
1580 306 1566
1581 2614 4679
1582 453 4900
1583 3113 2383
1584 42 2982
1585 474 3942
1586 1770 4629
1587 1569 2628
1588 4819 4726
1589 5038 2172
1590 3001 2125
1591 285 2504
1592 4360 937
1593 4160 4499
1594 4975 3090
1595 2577 4545
1596 1907 835
1597 4795 3823
1598 4118 4084
1599 974 3640
1600 549 5503
1601 4357 4327
1602 4617 4141
1603 308 947
1604 2385 2483
1605 4789 4956
1606 4051 2191
1607 799 4229
1608 3041 705
1609 4277 4970
1610 5010 5240
1611 5539 305
1612 4046 2100
1613 3624 4058
1614 2827 2818
1615 2264 3726
1616 1550 4273
1617 909 1556
1618 3038 3944
1619 2299 4118
1620 3700 2511
1621 2859 4753
1622 2480 4717
1623 4063 4570
1624 334 1179
1625 4968 2474
1626 2017 4660
1627 1124 3330
1628 2834 1190
1629 4750 354
1630 317 4701
1631 2253 4419
1632 2710 4532
1633 1382 3370
1634 1539 4495
1635 1143 143
1636 4059 5452
1637 2626 3582
1638 4911 4105
1639 1762 472
1640 1966 5001
1641 1486 3095
1642 5253 3971
1643 1816 478
1644 4380 899
1645 5321 2308
1646 18 487
1647 3566 3378
1648 4720 1834
1649 4573 964
1650 3027 3971
1651 5474 3549
1652 844 1731
1653 1626 3031
1654 1545 4116
1655 4036 5365
1656 3057 1170
1657 1725 5337
1658 3595 1929
1659 1300 2238
1660 229 2013
1661 73 5096
1662 2163 329
1663 3253 2586
1664 2680 5312
1665 1314 2284
1666 4019 3298
1667 639 2012
1668 1964 1431
1669 4487 303
1670 1054 3043
1671 4353 4765
1672 817 3365
1673 1124 2791
1674 2266 563
1675 3804 159
1676 134 2778
1677 633 803
1678 1663 3890
1679 1235 4393
1680 5409 5440
1681 2753 3214
1682 2857 4547
1683 2606 3647
1684 1300 464
1685 4977 2210
1686 2299 3521
1687 5131 141
1688 2980 5009
1689 4871 4734
1690 2759 3583
1691 4796 3339
1692 2707 1791
1693 4048 4883
1694 5285 4610
1695 2429 4371
1696 4506 4140
1697 2036 4757
1698 4186 1967
1699 4586 822
1700 2727 2771
1701 2 3498
1702 4368 4845
1703 556 4433
1704 3252 2004
1705 152 4962
1706 2309 1326
1707 4736 2998
1708 3097 2254
1709 998 5138
1710 4970 2092
1711 2454 4542
1712 270 2926
1713 2057 1939
1714 2314 3649
1715 2660 1323
1716 2706 3137
1717 1231 614
1718 2090 2441
1719 910 2131
1720 318 4895
1721 4505 259
1722 4458 1925
1723 1938 1291
1724 1964 2699
1725 2476 3997
1726 4515 3702
1727 2989 4636
1728 2998 3659
1729 3826 1516
1730 4469 3247
1731 2920 1675
1732 2143 4908
1733 1800 4096
1734 2683 29
1735 3225 4782
1736 1032 2374
1737 1880 210
1738 2405 672
1739 3662 744
1740 2058 5204
1741 942 4522
1742 3459 4496
1743 2502 796
1744 2873 111
1745 5405 2671
1746 1987 1113
1747 3229 4320
1748 4031 2809
1749 4593 3448
1750 3022 3542
1751 2383 1568
1752 1639 4393
1753 1029 1273
1754 2272 89
1755 4986 3183
1756 534 2690
1757 3622 4326
1758 1566 679
1759 3390 3525
1760 2204 5183
1761 4568 734
1762 3079 2472
1763 363 4389
1764 756 4076
1765 5060 3862
1766 1806 519
1767 3280 3706
1768 3896 4602
1769 4334 540
1770 4326 4911
1771 4917 3659
1772 2191 594
1773 5290 595
1774 421 1235
1775 1415 2025
1776 3790 952
1777 2755 109
1778 1661 1531
1779 1113 3998
1780 3443 3374
1781 2849 4549
1782 2444 785
1783 3113 584
1784 1078 1256
1785 662 223
1786 87 948
1787 4799 3672
1788 1215 3407
1789 4386 5135
1790 2368 2836
1791 1288 920
1792 1421 257
1793 4541 5301
1794 2976 1324
1795 3503 2967
1796 1508 2326
1797 210 4824
1798 133 1852
1799 3008 962
1800 3604 4593
1801 5275 2103
1802 3501 3438
1803 1468 4026
1804 3918 5403
1805 3016 3703
1806 5492 2242
1807 555 5202
1808 5492 166
1809 2578 4269
1810 2456 3144
1811 5006 2019
1812 444 4506
1813 5187 3039
1814 1927 2384
1815 3009 5531
1816 715 5129
1817 3805 1451
1818 2584 2617
1819 3068 4296
1820 987 3334
1821 1934 3293
1822 3085 1614
1823 691 3048
1824 209 1825
1825 2692 1192
1826 1308 2816
1827 413 1712
1828 4412 377
1829 5162 3198
1830 4005 4851
1831 4960 525
1832 3814 1941
1833 2196 253
1834 2233 2030
1835 3199 5492
1836 1314 2513
1837 5028 4387
1838 297 2135
1839 1022 3078
1840 4100 2242
1841 5399 4833
1842 3627 5524
1843 1141 1908
1844 4303 4017
1845 4412 3325
1846 4369 2301
1847 651 1891
1848 5254 2664
1849 26 3487
1850 3080 2417
1851 1219 778
1852 3182 4647
1853 4267 2018
1854 4099 4839
1855 4807 4240
1856 3416 1433
1857 3253 2395
1858 2100 2015
1859 3229 1240
1860 244 5297
1861 4263 1013
1862 1781 566
1863 323 1619
1864 2901 4184
1865 4489 1711
1866 1500 649
1867 3078 339
1868 350 3354
1869 301 2424
1870 5039 280
1871 3116 3724
1872 1552 832
1873 3038 1783
1874 1274 1896
1875 3229 4794
1876 2357 1050
1877 5224 4527
1878 1306 3201
1879 2031 2631
1880 126 2444
1881 295 5124
1882 706 3485
1883 944 4158
1884 4781 5299
1885 3000 5327
1886 1038 4486
1887 1522 4640
1888 4522 395
1889 5172 436
1890 1966 1401
1891 558 306
1892 1183 1688
1893 4856 565
1894 3755 389
1895 2215 2138
1896 3457 348
1897 3567 2893
1898 4138 588
1899 954 4379
1900 1182 2441
1901 4228 4472
1902 1874 2396
1903 2915 4381
1904 585 1490
1905 2104 5401
1906 203 2931
1907 4116 2569
1908 4406 4516
1909 4915 1017
1910 656 4595
1911 712 3268
1912 1666 2751
1913 262 4359
1914 410 3140
1915 3138 4610
1916 2500 1382
1917 583 5337
1918 900 2830
1919 4082 5194
1920 2821 1885
1921 2114 2690
1922 4401 2124
1923 4003 4011
1924 3554 2701
1925 1323 3353
1926 4369 5407
1927 1824 1839
1928 3326 1926
1929 2738 3907
1930 25 1807
1931 5380 3280
1932 2636 103
1933 1297 273
1934 4924 2298
1935 721 3082
1936 2603 2887
1937 5516 5103
1938 1001 1321
1939 332 2977
1940 3338 2989
1941 3169 2484
1942 3987 4129
1943 1621 118
1944 322 2133
1945 5348 5534
1946 260 33
1947 3942 3671
1948 5486 2483
1949 5282 5000
1950 4332 2413
1951 906 5515
1952 3427 1669
1953 5190 2278
1954 999 1115
1955 2170 1604
1956 2885 4037
1957 1540 572
1958 3350 324
1959 1169 4697
1960 1680 5089
1961 562 1703
1962 2035 4536
1963 4572 1755
1964 383 890
1965 1885 972
1966 1896 4640
1967 2649 2617
1968 4262 4494
1969 3232 604
1970 4519 2720
1971 310 2397
1972 3405 896
1973 2824 2767
1974 3633 251
1975 4402 864
1976 1331 3359
1977 102 1629
1978 4672 2050
1979 5314 1550
1980 4903 207
1981 2898 2516
1982 1148 493
1983 220 465
1984 85 2390
1985 918 492
1986 1339 5073
1987 1113 2676
1988 1052 1664
1989 954 4820
1990 156 2879
1991 3068 4386
1992 845 4147
1993 4834 2999
1994 1106 4251
1995 3130 3717
1996 4348 647
1997 514 1328
1998 1893 4834
1999 4514 5507
2000 2481 495
2001 3190 2454
2002 4729 4838
2003 2175 3554
2004 3573 1331
2005 3034 987
2006 1163 2773
2007 2883 757
2008 689 4976
2009 1577 2005
2010 2743 1761
2011 3397 4802
2012 3285 2012
2013 1695 837
2014 4161 4098
2015 480 1291
2016 2925 876
2017 942 490
2018 2032 5378
2019 538 2024
2020 4152 1852
2021 294 2275
2022 5083 2793
2023 3460 4882
2024 3949 291
2025 3013 2619
2026 4032 646
2027 4857 651
2028 4651 4454
2029 1480 2981
2030 3189 1985
2031 1330 4504
2032 3951 1462
2033 1430 334
2034 2483 2230
2035 2195 3358
2036 1482 3704
2037 2152 2081
2038 5027 3525
2039 1727 1397
2040 4166 4734
2041 3825 172
2042 2842 2035
2043 4633 3598
2044 3430 568
2045 4126 3714
2046 2119 5469
2047 5427 2854
2048 144 3725
2049 3413 5161
2050 1023 3181
2051 950 4220
2052 2427 1634
2053 556 5536
2054 1473 1686
2055 4630 5410
2056 4879 5544
2057 2894 2264
2058 2284 5317
2059 3251 2551
2060 650 1011
2061 371 159
2062 4320 1540
2063 5031 1598
2064 1104 516
2065 4827 4261
2066 3918 4237
2067 4047 4003
2068 2181 543
2069 3284 5174
2070 1209 1753
2071 843 5182
2072 1146 117
2073 2764 4961
2074 147 991
2075 148 3965
2076 3382 3866
2077 1804 3530
2078 2286 1597
2079 1352 5300
2080 1870 3280
2081 2259 480
2082 1541 960
2083 2054 3531
2084 3571 1729
2085 4066 5265
2086 682 380
2087 4112 4927
2088 148 3914
2089 3566 3370
2090 1591 2905
2091 2648 1967
2092 3070 2013
2093 1479 4539
2094 3029 2603
2095 64 1174
2096 100 3209
2097 5466 3383
2098 2739 4882
2099 5061 2400
2100 4372 2886
2101 299 3569
2102 2646 920
2103 4893 2081
2104 3477 1040
2105 4079 4331
2106 3029 965
2107 1936 2154
2108 4877 3510
2109 2730 3503
2110 557 5326
2111 4159 3491
2112 2915 588
2113 2247 5453
2114 997 399
2115 4886 5059
2116 2846 3655
2117 189 3495
2118 1108 4982
2119 3128 1593
2120 4778 1343
2121 1728 2090
2122 5055 3408
2123 2098 2812
2124 1763 1709
2125 5412 312
2126 2869 587
2127 3912 4689
2128 3408 3196
2129 4671 3764
2130 596 2937
2131 2833 210
2132 5427 2199
2133 2384 2472
2134 1403 5288
2135 2156 40
2136 1609 4986
2137 2622 2094
2138 50 77
2139 587 3659
2140 5428 2474
2141 4071 1036
2142 2599 3081
2143 5159 3124
2144 1245 4109
2145 1790 506
2146 2087 2381
2147 3603 3073
2148 1860 3646
2149 754 2519
2150 3540 1258
2151 4230 5466
2152 5247 4572
2153 953 4344
2154 2820 3101
2155 4869 2652
2156 842 5179
2157 877 4704
2158 3178 4630
2159 489 5427
2160 2665 4964
2161 3501 4589
2162 2295 2994
2163 5262 425
2164 5113 3971
2165 2875 738
2166 4334 1671
2167 3906 4615
2168 777 4687
2169 5144 2328
2170 1710 1728
2171 3611 4201
2172 2283 3996
2173 2726 5428
2174 4307 3219
2175 3073 4078
2176 2768 4324
2177 1168 161
2178 3288 4103
2179 3726 1609
2180 1959 2689
2181 2271 4368
2182 1357 335
2183 4687 5203
2184 5478 2891
2185 4553 736
2186 2475 1944
2187 4995 384
2188 1790 2187
2189 3534 1907
2190 1428 4596
2191 1729 361
2192 4293 3231
2193 5406 288
2194 2873 3826
2195 4393 4707
2196 1865 1262
2197 4346 3571
2198 3506 4900
2199 3441 2618
2200 1465 3177
2201 5432 3296
2202 527 2973
2203 1067 5318
2204 4056 4964
2205 1412 3513
2206 1311 2200
2207 1375 1481
2208 434 4141
2209 3813 426
2210 1213 1429
2211 4961 1551
2212 4220 3099
2213 453 5257
2214 5383 3564
2215 436 4247
2216 3579 2510
2217 5003 3269
2218 4731 167
2219 1791 4673
2220 3701 3897
2221 2623 3066
2222 1444 120
2223 3179 2845
2224 462 1953
2225 5364 1679
2226 3181 5005
2227 3106 5481
2228 4953 2985
2229 1197 4277
2230 1285 2852
2231 404 133
2232 5487 4821
2233 4686 4057
2234 1447 2194
2235 5481 1136
2236 1914 3068
2237 2045 4059
2238 75 2300
2239 3273 763
2240 4638 5142
2241 4456 4725
2242 4906 2125
2243 3326 1919
2244 4969 4798
2245 1312 1133
2246 3980 934
2247 5396 1822
2248 2411 4885
2249 5081 3078
2250 1058 3281
2251 3812 2783
2252 913 4023
2253 3769 3472
2254 1761 1669
2255 654 349
2256 3677 1399
2257 213 3726
2258 3273 5306
2259 4547 3875
2260 1713 3262
2261 2085 1979
2262 5325 4275
2263 5274 4578
2264 1164 1552
2265 3308 2873
2266 3604 1997
2267 1895 4826
2268 4470 215
2269 2857 4468
2270 1247 511
2271 2205 2603
2272 4374 4155
2273 1510 4581
2274 945 2056
2275 3013 1465
2276 5285 66
2277 562 375
2278 2955 4900
2279 4403 2437
2280 5099 5122
2281 2281 534
2282 4332 2011
2283 4822 3912
2284 5216 3695
2285 697 3701
2286 653 3327
2287 4754 1211
2288 5043 506
2289 3173 593
2290 2937 3768
2291 5515 2352
2292 2480 5457
2293 345 1614
2294 1875 2598
2295 1043 902
2296 1409 2220
2297 1967 3822
2298 313 233
2299 3368 477
2300 2890 175
2301 215 2941
2302 1256 174
2303 1380 1329
2304 3957 2758
2305 4759 2352
2306 3393 2905
2307 5059 1339
2308 429 4944
2309 5280 4479
2310 1768 5449
2311 809 4782
2312 4999 3083
2313 978 2889
2314 4960 804
2315 3873 875
2316 4868 2178
2317 4049 4595
2318 1142 4994
2319 727 2401
2320 946 4028
2321 4470 2832
2322 3292 4715
2323 4137 3635
2324 139 3162
2325 5165 2304
2326 4138 1549
2327 3209 2071
2328 624 4841
2329 1063 5167
2330 742 39
2331 5509 5213
2332 771 371
2333 1854 2961
2334 5235 2766
2335 4271 3172
2336 2415 3863
2337 3113 662
2338 4376 1069
2339 4151 4780
2340 4175 611
2341 79 4643
2342 5164 3404
2343 1119 2267
2344 5237 489
2345 3151 479
2346 4184 952
2347 5298 2336
2348 23 5086
2349 3598 649
2350 2567 1287
2351 238 1691
2352 4692 335
2353 1207 5140
2354 4125 2169
2355 3293 4636
2356 3960 801
2357 3800 3438
2358 3380 4062
2359 847 3604
2360 4578 2148
2361 734 417
2362 4821 4283
2363 4194 3656
2364 378 2444
2365 186 2196
2366 4062 527
2367 2986 1927
2368 4596 3499
2369 1338 2402
2370 1308 4311
2371 5279 1836
2372 153 3639
2373 2603 2364
2374 2034 5401
2375 2601 4151
2376 3124 3282
2377 1542 5042
2378 4577 2417
2379 1533 1643
2380 1673 2181
2381 3902 3804
2382 2399 2141
2383 3587 2134
2384 1568 5282
2385 258 1417
2386 1004 454
2387 47 1465
2388 2343 2004
2389 951 3604
2390 1705 4362
2391 4436 2347
2392 4249 3256
2393 1914 3952
2394 583 517
2395 1116 1831
2396 4243 4880
2397 2415 4131
2398 4468 486
2399 2064 4355
2400 5044 4576
2401 2868 4645
2402 2967 2950
2403 3664 2362
2404 1074 226
2405 3016 4956
2406 3204 1696
2407 2258 4907
2408 2849 1021
2409 5277 1897
2410 1830 409
2411 3527 2444
2412 4423 3564
2413 4771 3536
2414 4462 2172
2415 1837 968
2416 4879 2220
2417 3214 3544
2418 3754 3629
2419 2830 2666
2420 3495 96
2421 5008 2724
2422 2013 5382
2423 1987 4388
2424 4875 897
2425 4737 3732
2426 2479 1646
2427 3249 1541
2428 4596 4303
2429 954 883
2430 1284 432
2431 4711 4787
2432 1989 2592
2433 2429 4731
2434 1213 3683
2435 4295 890
2436 2730 1395
2437 2313 4414
2438 2052 4476
2439 1842 2693
2440 1722 5197
2441 1017 2781
2442 3001 441
2443 3715 2037
2444 2614 4546
2445 1261 687
2446 1742 1280
2447 305 1247
2448 5461 921
2449 1893 4888
2450 3455 431
2451 3155 4883
2452 1897 5319
2453 4023 5469
2454 1386 283
2455 4509 1557
2456 1390 3123
2457 4589 3570
2458 4623 770
2459 1187 2728
2460 3437 3686
2461 3005 954
2462 1772 2375
2463 3303 3368
2464 1077 458
2465 4521 5284
2466 4294 3974
2467 2924 1726
2468 1183 4443
2469 1757 1437
2470 4387 3463
2471 3908 2551
2472 3401 882
2473 2373 4112
2474 4314 3804
2475 881 5136
2476 1950 4659
2477 3214 852
2478 3614 4650
2479 5107 742
2480 5520 1387
2481 2373 679
2482 4383 469
2483 4966 4492
2484 737 4918
2485 1901 5146
2486 1662 4161
2487 17 470
2488 1156 3199
2489 1605 2525
2490 332 1292
2491 1905 1647
2492 4629 716
2493 451 3076
2494 764 4105
2495 1580 511
2496 1071 285
2497 2275 2581
2498 5135 4972
2499 4009 4421
2500 2795 4274
2501 2874 4669
2502 4649 278
2503 5189 2108
2504 179 5118
2505 2087 979
2506 2792 4378
2507 157 4022
2508 2323 4233
2509 5156 4872
2510 3063 549
2511 1489 2506
2512 1443 2291
2513 2556 935
2514 2637 3047
2515 4795 3689
2516 4534 3051
2517 2278 876
2518 4942 3564
2519 4004 2463
2520 3595 4158
2521 1737 3345
2522 5386 5283
2523 1546 3788
2524 4089 3383
2525 1557 4119
2526 4990 1551
2527 3014 1378
2528 1533 3919
2529 722 841
2530 882 3075
2531 3302 3776
2532 4156 3204
2533 846 4242
2534 1502 1292
2535 1624 1387
2536 1794 1381
2537 3204 898
2538 4694 2924
2539 4814 2343
2540 3356 3865
2541 1876 2755
2542 2849 5261
2543 1118 3245
2544 453 3633
2545 2966 886
2546 3556 1125
2547 505 447
2548 1420 4146
2549 4042 3146
2550 3558 3552
2551 530 3585
2552 3906 4814
2553 636 604
2554 2003 27
2555 1003 389
2556 5147 3293
2557 3223 2816
2558 4265 3069
2559 247 1897
2560 1760 2905
2561 4092 1358
2562 5066 5515
2563 244 4360
2564 1062 1688
2565 2750 2187
2566 488 1511
2567 2114 4096
2568 5026 2760
2569 3482 4509
2570 960 467
2571 2800 3482
2572 5472 2820
2573 3484 5379
2574 2040 2568
2575 4293 1528
2576 5550 4619
2577 975 5533
2578 1642 90
2579 5277 915
2580 5419 731
2581 4749 513
2582 4630 1242
2583 5090 684
2584 3637 2120
2585 3721 2601
2586 5433 5310
2587 3031 1959
2588 5318 3950
2589 2615 1586
2590 300 103
2591 2834 1149
2592 781 4105
2593 767 1738
2594 5328 3141
2595 622 441
2596 5158 2041
2597 4299 798
2598 1863 3353
2599 2596 3645
2600 2433 3298
2601 949 2148
2602 3932 1720
2603 4534 518
2604 2743 1162
2605 5302 2753
2606 4461 3205
2607 1012 4627
2608 1226 4187
2609 3190 3491
2610 2767 4000
2611 855 3065
2612 4664 3312
2613 4347 2398
2614 491 1161
2615 678 379
2616 3006 438
2617 560 3376
2618 3440 1803
2619 2445 4753
2620 1316 1979
2621 2184 4179
2622 4577 479
2623 2351 78
2624 3974 4615
2625 528 4340
2626 3566 3184
2627 4408 2671
2628 1670 5249
2629 937 2108
2630 4557 761
2631 5356 4807
2632 3487 3919
2633 4464 533
2634 5083 2694
2635 2449 2915
2636 1143 4772
2637 259 736
2638 2565 457
2639 3207 544
2640 1582 2071
2641 367 825
2642 1966 530
2643 953 3543
2644 3142 4951
2645 5412 2907
2646 3278 957
2647 3322 4003
2648 3030 2804
2649 2655 130
2650 1240 4273
2651 1998 4225
2652 1757 351
2653 4645 3512
2654 1627 1719
2655 3336 3849
2656 4287 1263
2657 2856 1219
2658 4072 2042
2659 741 4786
2660 3309 1996
2661 4496 1796
2662 2745 1702
2663 1847 459
2664 748 264
2665 5440 1634
2666 636 3082
2667 1412 2689
2668 295 2612
2669 326 436
2670 176 572
2671 1409 1571
2672 2209 3293
2673 711 2799
2674 92 351
2675 2370 4276
2676 5104 3991
2677 1279 1427
2678 4791 141
2679 1035 2588
2680 3394 1949
2681 5125 3552
2682 2716 3958
2683 2054 1117
2684 3889 1773
2685 816 1738
2686 2931 551
2687 3980 1773
2688 1548 1709
2689 1945 815
2690 3194 1397
2691 1756 789
2692 5336 4369
2693 385 2957
2694 1969 1182
2695 4922 923
2696 2625 4356
2697 2168 538
2698 2135 3380
2699 474 3223
2700 90 564
2701 5045 1631
2702 848 2386
2703 403 1256
2704 25 2038
2705 526 2783
2706 1683 2237
2707 3233 2441
2708 3435 4592
2709 1136 2098
2710 2646 1909
2711 4294 3018
2712 96 1440
2713 2821 805
2714 918 40
2715 4304 1453
2716 4692 4197
2717 27 3405
2718 5183 4534
2719 1142 610
2720 338 1719
2721 1231 5220
2722 5225 2666
2723 545 1065
2724 4343 3051
2725 435 742
2726 1424 555
2727 483 4627
2728 1145 5221
2729 3774 3699
2730 1318 4879
2731 2904 3677
2732 1214 3709
2733 3125 4898
2734 2856 1048
2735 2351 1325
2736 2254 2263
2737 872 2088
2738 2575 5228
2739 872 4982
2740 2390 613
2741 4402 4840
2742 3698 4177
2743 2707 1875
2744 4987 4043
2745 1429 1518
2746 1326 4894
2747 138 1485
2748 1416 4249
2749 3665 5117
2750 3215 5376
2751 5176 4726
2752 5502 4468
2753 459 143
2754 1494 3044
2755 4226 148
2756 610 5110
2757 623 3794
2758 569 378
2759 1916 5244
2760 762 4315
2761 1936 2251
2762 5244 927
2763 2735 1885
2764 2495 1810
2765 5206 1042
2766 5267 943
2767 2535 5363
2768 797 3702
2769 4137 5182
2770 3354 3080
2771 3451 4591
2772 934 698
2773 3081 3226
2774 12 638
2775 5156 5512
2776 1367 3290
2777 2415 3952
2778 2541 1051
2779 752 1689
2780 2142 5432
2781 3876 322
2782 3225 602
2783 2375 3700
2784 5502 702
2785 4128 371
2786 247 3415
2787 873 2875
2788 1830 698
2789 1678 2246
2790 5212 2535
2791 142 1733
2792 4072 1765
2793 5248 2649
2794 4585 4449
2795 4299 1495
2796 4620 4966
2797 5548 143
2798 5291 2237
2799 990 40
2800 2345 277
2801 1341 1746
2802 3274 5402
2803 2751 2663
2804 2789 4257
2805 1079 1129
2806 4524 307
2807 1250 4960
2808 1620 1948
2809 5383 1086
2810 2896 1949
2811 3619 2804
2812 4650 3838
2813 3113 2275
2814 1642 2522
2815 2560 4025
2816 5185 3633
2817 350 2180
2818 5511 444
2819 2091 3779
2820 3795 2434
2821 4599 4208
2822 3713 2034
2823 3527 3352
2824 3898 4043
2825 903 512
2826 851 3773
2827 34 337
2828 2462 2938
2829 4225 3575
2830 1464 4830
2831 4629 4528
2832 3285 2823
2833 4910 1796
2834 2923 399
2835 1385 1393
2836 840 4882
2837 2566 4285
2838 3751 1362
2839 934 2085
2840 679 3584
2841 168 2812
2842 2055 156
2843 3816 286
2844 373 3504
2845 3557 4423
2846 4131 3644
2847 3123 5315
2848 3580 4008
2849 4725 3177
2850 3331 1627
2851 2567 1614
2852 2035 1001
2853 77 346
2854 1349 5247
2855 2461 4043
2856 3366 709
2857 3044 2826
2858 834 193
2859 887 2593
2860 661 811
2861 1043 815
2862 3693 2807
2863 2918 4966
2864 1334 4196
2865 315 33
2866 3684 3761
2867 3297 3771
2868 4889 5401
2869 876 451
2870 5077 1719
2871 3852 3506
2872 4313 1460
2873 3555 1578
2874 3903 4093
2875 3301 957
2876 2675 1585
2877 3173 3902
2878 1038 694
2879 2254 2432
2880 5533 3938
2881 348 168
2882 2219 2566
2883 2273 1482
2884 3444 2403
2885 742 3257
2886 2597 3224
2887 4780 2497
2888 851 3787
2889 3881 5212
2890 1554 4239
2891 4844 544
2892 5191 4462
2893 1096 3272
2894 3899 553
2895 2771 5471
2896 2919 4665
2897 512 1986
2898 4547 3163
2899 5019 361
2900 2804 472
2901 4667 5397
2902 38 1154
2903 3832 5538
2904 2969 3630
2905 5379 1727
2906 2553 245
2907 3235 5292
2908 3522 521
2909 3614 4197
2910 4112 1762
2911 3959 1073
2912 4524 783
2913 1754 1861
2914 5403 722
2915 1448 3733
2916 4080 3938
2917 1240 4137
2918 2697 1275
2919 1934 3223
2920 5028 3365
2921 1440 3023
2922 4787 551
2923 5140 3388
2924 4575 3389
2925 4191 954
2926 888 4848
2927 4223 2217
2928 5223 3699
2929 2073 1822
2930 814 3726
2931 4414 4722
2932 3856 4024
2933 2256 1863
2934 1570 2065
2935 519 4231
2936 2415 3357
2937 224 2320
2938 1889 3114
2939 5042 3462
2940 693 3018
2941 2843 2975
2942 3698 3044
2943 347 1117
2944 381 1142
2945 3669 4531
2946 4746 1732
2947 63 1306
2948 5289 511
2949 3102 5017
2950 45 2083
2951 1761 4911
2952 2639 5387
2953 3518 3510
2954 408 5211
2955 824 3940
2956 5317 1875
2957 4852 4739
2958 3232 2896
2959 3618 4873
2960 4104 5520
2961 1305 56
2962 4172 3692
2963 4095 2931
2964 1462 4631
2965 2299 5088
2966 1737 3166
2967 3858 1451
2968 3135 3144
2969 126 1085
2970 1043 4736
2971 5398 2023
2972 1207 949
2973 2513 4252
2974 976 2063
2975 973 3242
2976 3235 2906
2977 4511 235
2978 3474 3588
2979 3906 632
2980 2598 4473
2981 2037 2642
2982 982 5407
2983 1262 439
2984 2892 4428
2985 3654 2562
2986 1292 2860
2987 1780 297
2988 428 1580
2989 2887 4636
2990 4720 946
2991 993 4061
2992 2296 4048
2993 5347 889
2994 3308 3165
2995 1392 2464
2996 4360 637
2997 3151 3893
2998 2909 3434
2999 2925 3817
3000 861 2335
3001 5220 2102
3002 4431 2964
3003 5196 1715
3004 3907 3100
3005 54 4632
3006 1878 1627
3007 3495 2310
3008 1281 1572
3009 4025 2961
3010 4551 1360
3011 2381 5217
3012 3433 1756
3013 5125 4060
3014 3902 1765
3015 1659 663
3016 3098 2476
3017 4094 1346
3018 3927 5092
3019 1508 1923
3020 1961 1238
3021 3389 1486
3022 2823 3915
3023 2727 4433
3024 1740 5102
3025 5487 349
3026 4358 5406
3027 5001 5517
3028 1482 2285
3029 3963 2949
3030 1105 517
3031 2649 2625
3032 1096 2902
3033 4808 4164
3034 86 401
3035 1111 3545
3036 4711 813
3037 3202 3113
3038 2566 3747
3039 820 4018
3040 5182 5071
3041 628 3703
3042 637 2545
3043 1276 4844
3044 2791 4180
3045 1995 467
3046 4047 3081
3047 5505 3475
3048 1896 4676
3049 2865 1300
3050 4539 503
3051 3279 1366
3052 3990 1446
3053 615 883
3054 1897 337
3055 4369 2163
3056 4105 1005
3057 2784 2107
3058 2624 4967
3059 1685 3981
3060 1567 1836
3061 3089 1111
3062 5307 3961
3063 2140 3963
3064 4589 4191
3065 5109 249
3066 3523 981
3067 5136 2702
3068 867 2344
3069 4370 2382
3070 3423 5147
3071 2236 2694
3072 2600 4944
3073 5164 332
3074 4728 4340
3075 32 3549
3076 3079 2164
3077 5275 4462
3078 345 5424
3079 4517 3083
3080 2678 1383
3081 3807 3061
3082 4635 688
3083 1124 2009
3084 1387 2533
3085 189 3669
3086 4964 680
3087 1734 303
3088 763 3657
3089 157 1658
3090 3179 625
3091 4093 5069
3092 3582 3450
3093 3635 3586
3094 967 1379
3095 1310 5211
3096 1256 3684
3097 974 5270
3098 2242 1758
3099 2313 192
3100 1521 95
3101 5211 904
3102 78 3353
3103 5137 4568
3104 4199 3039
3105 4951 491
3106 4468 1546
3107 4436 2216
3108 4843 2509
3109 4595 2221
3110 3620 4066
3111 715 3461
3112 2488 4355
3113 3884 2515
3114 972 1388
3115 4927 1948
3116 4877 4563
3117 1920 4871
3118 5280 93
3119 405 2707
3120 4485 364
3121 3682 4268
3122 1324 1985
3123 5069 139
3124 147 1518
3125 5019 3677
3126 1022 1784
3127 4820 1885
3128 2947 4683
3129 4703 1104
3130 1192 53
3131 5168 2306
3132 3390 1792
3133 3155 833
3134 5077 1173
3135 2163 3970
3136 3724 1467
3137 5284 987
3138 2286 2458
3139 3892 4351
3140 4409 1183
3141 1484 263
3142 2766 628
3143 1403 3304
3144 233 3416
3145 855 1365
3146 5092 2033
3147 2106 82
3148 2717 1253
3149 4816 5330
3150 851 2961
3151 1215 796
3152 1091 1963
3153 161 4369
3154 2131 2804
3155 2209 3019
3156 1331 4685
3157 5330 508
3158 3087 3888
3159 949 871
3160 4597 184
3161 4534 3195
3162 4521 64
3163 4825 5030
3164 3455 4856
3165 920 1168
3166 1887 83
3167 3400 1044
3168 737 2074
3169 5112 5507
3170 1410 3477
3171 4189 5284
3172 2856 5520
3173 2753 881
3174 2526 949
3175 4116 2099
3176 4587 4242
3177 3847 1045
3178 3185 3384
3179 3077 5074
3180 1677 4297
3181 4733 5090
3182 1579 3900
3183 242 2908
3184 3353 2373
3185 1752 1146
3186 1434 2655
3187 2880 4004
3188 284 727
3189 2389 4034
3190 3448 56
3191 439 3768
3192 1405 4058
3193 1668 4521
3194 529 4664
3195 2179 3556
3196 5046 1426
3197 955 4594
3198 3585 2893
3199 426 2286
3200 4571 1954
3201 3115 4780
3202 4803 200
3203 5298 3505
3204 1526 389
3205 3848 1088
3206 2892 567
3207 4524 3026
3208 2294 2208
3209 5068 2195
3210 2308 384
3211 5295 3657
3212 1115 2927
3213 149 4993
3214 4408 2810
3215 3338 1529
3216 2110 1330
3217 4762 661
3218 4306 5329
3219 191 803
3220 462 5436
3221 898 3341
3222 4739 5116
3223 2670 1874
3224 4955 3750
3225 2055 3345
3226 4465 5354
3227 3939 3907
3228 5146 4508
3229 5444 4027
3230 251 1044
3231 2264 1759
3232 4750 2954
3233 4325 1959
3234 5124 127
3235 1907 4913
3236 2031 3691
3237 1013 2117
3238 3059 1368
3239 163 556
3240 2030 4585
3241 2014 700
3242 3703 4361
3243 3589 544
3244 656 2756
3245 1970 66
3246 3655 4344
3247 5518 4466
3248 97 2790
3249 5230 3164
3250 1030 4316
3251 2040 1424
3252 1098 506
3253 4762 2835
3254 3779 1398
3255 1735 1276
3256 4898 2562
3257 815 3744
3258 4096 5537
3259 1495 1806
3260 470 1756
3261 720 2153
3262 2835 2894
3263 2618 4894
3264 40 2167
3265 2405 4954
3266 4271 5471
3267 5088 2978
3268 165 5312
3269 5281 447
3270 3018 3909
3271 3887 4481
3272 2167 5151
3273 3545 3813
3274 3861 4709
3275 964 4134
3276 721 3051
3277 5254 2250
3278 1813 2851
3279 2597 4204
3280 4802 940
3281 526 2023
3282 1696 5005
3283 5491 1449
3284 1161 1198
3285 968 1107
3286 3201 3199
3287 2031 4370
3288 1716 4059
3289 3368 3980
3290 3571 3332
3291 1557 3807
3292 5182 627
3293 598 2456
3294 1949 5436
3295 3898 1799
3296 39 907
3297 1854 5288
3298 986 998
3299 3979 3069
3300 2554 2018
3301 2327 3925
3302 2495 3461
3303 1064 1595
3304 283 79
3305 2135 1337
3306 4555 1656
3307 2284 1958
3308 1466 4938
3309 3726 489
3310 3766 4047
3311 1221 3531
3312 715 798
3313 2809 3034
3314 1606 353
3315 2325 4401
3316 3305 837
3317 4520 3626
3318 5373 3948
3319 3733 1658
3320 2243 973
3321 5362 3113
3322 2820 1608
3323 2 5102
3324 412 3827
3325 1978 3137
3326 4058 4862
3327 4827 3456
3328 87 1819
3329 1884 301
3330 3249 22
3331 4635 4736
3332 4994 5364
3333 4247 3479
3334 950 2176
3335 596 3287
3336 301 860
3337 564 5542
3338 1743 1779
3339 1051 2946
3340 2249 2135
3341 2478 1175
3342 1440 1218
3343 1160 484
3344 2471 2103
3345 2834 1163
3346 1347 234
3347 1769 842
3348 2014 3583
3349 2938 3432
3350 1298 1824
3351 668 24
3352 881 1888
3353 1651 4424
3354 443 3502
3355 4071 1147
3356 4278 3229
3357 1494 1597
3358 4791 4780
3359 2796 4460
3360 3170 1730
3361 1445 3717
3362 3189 3428
3363 1211 2249
3364 3544 1015
3365 671 875
3366 3660 344
3367 3438 1900
3368 5348 3134
3369 2407 1214
3370 3281 5305
3371 1066 5198
3372 3759 788
3373 2382 4885
3374 4206 613
3375 4043 2867
3376 5127 3790
3377 2723 611
3378 1238 3688
3379 1153 3801
3380 1007 2231
3381 659 446
3382 4974 823
3383 3583 1066
3384 4460 69
3385 2938 1954
3386 324 1314
3387 4090 3780
3388 3993 2070
3389 2129 1054
3390 5062 852
3391 2609 4691
3392 4629 2220
3393 5300 1245
3394 4299 2861
3395 4779 178
3396 5098 1589
3397 4228 3692
3398 4002 4604
3399 1308 1676
3400 1632 1743
3401 406 1155
3402 4596 1096
3403 1379 2059
3404 5353 161
3405 1917 1360
3406 4521 1599
3407 5153 2636
3408 585 5064
3409 4864 2424
3410 1333 5004
3411 2559 417
3412 4271 1472
3413 787 3824
3414 1323 4143
3415 5239 1102
3416 1834 3035
3417 121 4533
3418 1596 3732
3419 1220 3441
3420 2088 2790
3421 1048 5525
3422 502 2232
3423 1127 4828
3424 2962 117
3425 1298 1590
3426 3194 5287
3427 5010 3357
3428 167 2256
3429 4547 3126
3430 2766 5208
3431 1777 2105
3432 4977 2364
3433 2091 720
3434 1911 481
3435 243 1663
3436 2169 1384
3437 1954 2276
3438 1719 3810
3439 36 3110
3440 1617 378
3441 4765 769
3442 1953 2156
3443 3850 2654
3444 4957 5200
3445 2210 2920
3446 4344 4680
3447 796 1731
3448 366 5114
3449 3373 5139
3450 3656 2525
3451 3499 337
3452 1361 2545
3453 701 1045
3454 2592 5116
3455 3153 5282
3456 3016 3615
3457 283 1560
3458 3898 1820
3459 1343 1304
3460 662 4535
3461 3688 676
3462 4430 3246
3463 1580 1880
3464 1060 1433
3465 737 1078
3466 2816 4484
3467 2789 2907
3468 4133 3722
3469 1503 1861
3470 4376 1596
3471 5112 1794
3472 4612 5053
3473 4283 645
3474 3150 535
3475 2621 2138
3476 1500 1457
3477 3016 2405
3478 554 1679
3479 199 4287
3480 5026 2726
3481 3059 2567
3482 86 830
3483 457 1556
3484 4345 4840
3485 3272 2730
3486 2476 1477
3487 5547 117
3488 4351 2929
3489 141 4311
3490 4091 4445
3491 98 3340
3492 2643 5190
3493 2381 3655
3494 3170 5090
3495 3269 4976
3496 5171 4628
3497 4405 3133
3498 3535 2767
3499 1719 3888
3500 1366 2221
3501 905 1756
3502 5213 5160
3503 342 1475
3504 1205 2442
3505 521 2300
3506 760 4196
3507 1220 1862
3508 3705 5237
3509 2089 604
3510 1824 3621
3511 3092 5353
3512 446 236
3513 4865 894
3514 5339 2579
3515 5152 2288
3516 2736 747
3517 644 2166
3518 4 4159
3519 1481 1377
3520 715 702
3521 1149 570
3522 120 4807
3523 1247 4531
3524 1904 4678
3525 1623 3525
3526 3997 1258
3527 3048 49
3528 3521 1773
3529 287 3570
3530 5045 310
3531 1633 2970
3532 4325 2229
3533 5250 2270
3534 2237 3833
3535 2144 189
3536 3902 2315
3537 885 5184
3538 4872 1346
3539 3325 3487
3540 4455 4051
3541 3601 2188
3542 752 3668
3543 3835 712
3544 4293 1209
3545 4175 3400
3546 2959 4296
3547 2624 3008
3548 4618 4872
3549 1081 3369
3550 1906 119
3551 5529 3127
3552 1706 4330
3553 1723 4592
3554 1827 3790
3555 4497 4164
3556 56 4780
3557 3207 2050
3558 1618 3674
3559 3469 1643
3560 5317 4624
3561 2527 3291
3562 4633 3421
3563 1316 3269
3564 2066 3811
3565 3780 3447
3566 5350 2799
3567 1049 192
3568 3807 4676
3569 884 3995
3570 221 2126
3571 185 3391
3572 2986 1792
3573 4841 2059
3574 4724 267
3575 1009 2532
3576 5152 3395
3577 594 4127
3578 1850 4896
3579 4869 4987
3580 1689 2739
3581 953 3476
3582 4079 1668
3583 4782 760
3584 2132 5358
3585 1610 2617
3586 543 4140
3587 5332 1789
3588 3459 1998
3589 2047 1261
3590 512 2325
3591 1269 3433
3592 2851 2475
3593 2804 2936
3594 3275 1496
3595 4303 3149
3596 29 1214
3597 1055 579
3598 1460 1426
3599 2906 4538
3600 2859 3178
3601 2372 4266
3602 3509 5309
3603 495 4832
3604 2751 3684
3605 5493 3825
3606 256 2696
3607 5091 2643
3608 4571 4278
3609 604 1338
3610 1676 902
3611 3542 3681
3612 3093 2868
3613 3508 952
3614 1620 1312
3615 2713 4458
3616 1025 80
3617 4775 2287
3618 5044 1724
3619 3460 2244
3620 3157 2600
3621 4955 2921
3622 403 3584
3623 4017 4376
3624 313 2065
3625 207 5005
3626 2745 844
3627 4892 1241
3628 3389 584
3629 2431 325
3630 5488 4899
3631 3263 5448
3632 3261 2842
3633 2987 162
3634 3426 4385
3635 1585 4189
3636 2452 1990
3637 3380 1856
3638 5303 3853
3639 139 1581
3640 2769 2673
3641 4876 4127
3642 1301 1796
3643 4023 362
3644 5016 2417
3645 94 4565
3646 1525 795
3647 3062 4597
3648 2698 1178
3649 5414 943
3650 2176 3773
3651 4403 5080
3652 4980 2557
3653 2360 3510
3654 1817 3519
3655 3432 3164
3656 32 4318
3657 2000 4052
3658 5084 1427
3659 1069 394
3660 1467 1719
3661 2966 2462
3662 4341 2549
3663 3484 425
3664 1933 2870
3665 3521 2766
3666 1089 4211
3667 1051 3655
3668 525 1401
3669 2139 293
3670 830 1917
3671 1117 1213
3672 760 2145
3673 3241 191
3674 5409 4634
3675 4050 523
3676 4971 4889
3677 3997 618
3678 4975 3191
3679 3754 792
3680 1163 993
3681 1943 1740
3682 185 1135
3683 2847 4566
3684 500 3650
3685 1073 5324
3686 2883 3486
3687 468 3773
3688 647 4343
3689 1724 2047
3690 432 3473
3691 3251 4789
3692 5519 4684
3693 1935 2548
3694 1839 4578
3695 3072 3357
3696 547 2202
3697 544 692
3698 1837 3294
3699 1242 140
3700 1755 793
3701 1188 4073
3702 5323 353
3703 2120 3138
3704 4846 5462
3705 322 4173
3706 1233 2249
3707 3986 417
3708 206 1890
3709 2080 3428
3710 719 4695
3711 2977 4553
3712 1267 574
3713 5209 954
3714 2031 1043
3715 4316 5271
3716 1631 1849
3717 2090 4311
3718 4657 3508
3719 4027 942
3720 5018 2531
3721 1623 159
3722 1932 2459
3723 3872 1688
3724 3803 4258
3725 4430 1425
3726 2072 4804
3727 3922 1181
3728 1042 1105
3729 1464 4492
3730 172 1472
3731 285 1388
3732 4045 3262
3733 3101 1750
3734 4766 3953
3735 3057 3672
3736 3879 72
3737 3668 4300
3738 4555 2796
3739 5522 518
3740 4886 879
3741 1546 361
3742 2101 2830
3743 4739 4928
3744 2571 2298
3745 3059 1742
3746 376 4911
3747 4029 1995
3748 3900 3954
3749 1124 2768
3750 252 453
3751 5028 3132
3752 153 72
3753 5275 4842
3754 255 4162
3755 2782 291
3756 2558 5523
3757 5241 4688
3758 3311 3926
3759 1582 1701
3760 5089 3535
3761 2320 4377
3762 3030 2803
3763 528 4310
3764 1079 3198
3765 2278 2748
3766 2060 5083
3767 3040 4416
3768 4689 376
3769 1782 4651
3770 3673 4125
3771 5066 2099
3772 4625 607
3773 4843 185
3774 3953 404
3775 616 2329
3776 3839 2727
3777 257 1442
3778 3199 4387
3779 1426 4858
3780 3101 5404
3781 4719 2724
3782 759 4914
3783 5225 4017
3784 1077 2908
3785 4889 1148
3786 2460 2994
3787 3517 3979
3788 1672 3260
3789 3911 1546
3790 3563 1311
3791 1370 2423
3792 4590 4211
3793 482 4283
3794 3850 512
3795 5117 5549
3796 1861 4230
3797 1294 1704
3798 4856 1923
3799 1447 1685
3800 2212 4921
3801 1149 2955
3802 2206 3292
3803 3779 614
3804 2489 2450
3805 4121 302
3806 2437 4446
3807 694 2450
3808 4633 4771
3809 769 2148
3810 2628 354
3811 2828 2046
3812 845 2962
3813 3571 5412
3814 354 3190
3815 2153 2555
3816 5364 1129
3817 3510 1614
3818 4772 5266
3819 4859 5300
3820 240 3613
3821 247 4739
3822 1098 2143
3823 4917 1648
3824 1217 2070
3825 2027 4991
3826 4017 5269
3827 283 2015
3828 76 5233
3829 5116 2491
3830 3890 3485
3831 3473 2097
3832 2747 4843
3833 1903 3823
3834 83 4230
3835 3617 2355
3836 743 4628
3837 1829 4463
3838 2954 1645
3839 2633 5173
3840 4249 3928
3841 4342 1199
3842 2158 1109
3843 2123 5276
3844 4025 2634
3845 3693 2824
3846 4047 323
3847 2583 3521
3848 5308 146
3849 4978 1327
3850 3148 371
3851 842 2619
3852 4763 300
3853 5423 2413
3854 6 240
3855 1954 1367
3856 2459 2398
3857 4323 932
3858 3584 4218
3859 271 1452
3860 4727 4817
3861 732 4763
3862 2329 3997
3863 3477 1436
3864 1760 5305
3865 4980 497
3866 1454 4525
3867 192 2245
3868 2984 4032
3869 683 5051
3870 2197 5111
3871 4356 75
3872 2250 3109
3873 4373 1752
3874 4484 1984
3875 83 1669
3876 3151 1184
3877 798 1744
3878 465 4281
3879 4049 5340
3880 4035 2212
3881 1239 1723
3882 4913 5187
3883 285 115
3884 3767 4484
3885 2598 2291
3886 3576 1319
3887 3615 5431
3888 4969 3601
3889 3412 2390
3890 2870 3013
3891 1879 771
3892 3948 1327
3893 2615 2359
3894 2539 308
3895 39 2367
3896 4487 2991
3897 4965 1543
3898 4654 1498
3899 1011 1557
3900 5395 3898
3901 2602 5284
3902 16 1002
3903 4053 3687
3904 2949 3893
3905 76 81
3906 2000 4663
3907 2230 2941
3908 5117 133
3909 2494 4733
3910 698 3989
3911 2755 1686
3912 449 1105
3913 1153 4505
3914 1537 3558
3915 2239 638
3916 2690 378
3917 1880 3618
3918 4797 5279
3919 696 4730
3920 5135 398
3921 1150 3797
3922 1932 426
3923 3235 1633
3924 1194 5004
3925 4898 5499
3926 542 2230
3927 4170 672
3928 1377 2001
3929 2260 736
3930 3795 4366
3931 1685 1827
3932 472 1119
3933 5283 2565
3934 4206 2428
3935 5198 567
3936 358 3640
3937 1499 4894
3938 2952 1058
3939 3250 2297
3940 4920 198
3941 2899 1923
3942 3411 1331
3943 721 2085
3944 2164 3566
3945 2212 8
3946 4300 1262
3947 5486 3350
3948 1159 3631
3949 4143 1952
3950 1939 122
3951 4864 3648
3952 5161 3358
3953 5207 383
3954 1087 5535
3955 1138 2012
3956 1247 3624
3957 4871 1409
3958 5319 3191
3959 3880 2971
3960 3747 616
3961 3616 1623
3962 3295 4367
3963 3638 3265
3964 2113 3948
3965 5094 643
3966 3516 1630
3967 964 633
3968 4874 3399
3969 2839 2430
3970 4753 2885
3971 3117 4838
3972 4966 3431
3973 4604 895
3974 3575 2416
3975 766 5230
3976 2535 5500
3977 2178 5520
3978 5205 4344
3979 3528 5020
3980 125 4004
3981 2847 3153
3982 4110 2399
3983 5318 4175
3984 1436 53
3985 259 2167
3986 923 2059
3987 4283 3570
3988 2545 815
3989 1686 1906
3990 2323 840
3991 4631 30
3992 1513 1339
3993 3352 3528
3994 1754 151
3995 3014 1327
3996 1218 4790
3997 5283 2470
3998 190 85
3999 5392 5094
4000 4426 1060
4001 1979 332
4002 61 1526
4003 2068 5364
4004 253 5000
4005 2790 4476
4006 385 3045
4007 4909 5060
4008 4689 1483
4009 4094 277
4010 5495 2463
4011 698 5340
4012 4763 1564
4013 3348 2780
4014 4563 1174
4015 3688 4082
4016 1713 1053
4017 5077 3846
4018 1759 4624
4019 4450 2686
4020 3789 1003
4021 4265 4783
4022 4489 4722
4023 516 4547
4024 976 3514
4025 1604 3917
4026 3586 4625
4027 1239 2833
4028 1118 270
4029 2751 1228
4030 5178 1133
4031 554 2730
4032 3860 3223
4033 4747 1488
4034 2408 4212
4035 75 2895
4036 3757 1939
4037 4001 2532
4038 4934 4307
4039 4337 267
4040 916 3007
4041 1234 2099
4042 594 1663
4043 1064 1080
4044 3332 1656
4045 704 1142
4046 773 835
4047 274 872
4048 1848 1077
4049 4867 5402
4050 4181 1969
4051 4785 2617
4052 3416 2799
4053 129 4143
4054 3882 2449
4055 1482 2272
4056 2086 4095
4057 5388 2115
4058 2375 320
4059 535 2709
4060 3812 4459
4061 5231 4887
4062 3010 1767
4063 5511 4788
4064 3270 1697
4065 4009 3506
4066 4454 1259
4067 3459 2799
4068 436 518
4069 3951 3441
4070 5315 2007
4071 1600 377
4072 426 695
4073 1128 1855
4074 4442 1641
4075 3411 2502
4076 2069 4346
4077 5290 3833
4078 2642 2079
4079 1193 2883
4080 5109 3548
4081 1752 1002
4082 1895 3701
4083 2087 4759
4084 5144 5078
4085 4281 5456
4086 2341 3036
4087 1621 4840
4088 577 1363
4089 3740 2201
4090 3068 674
4091 1266 2226
4092 2062 3946
4093 4605 548
4094 1215 3730
4095 2866 579
4096 888 3613
4097 4530 2661
4098 3077 431
4099 558 4097
4100 1672 2253
4101 4167 3152
4102 989 2782
4103 3472 4083
4104 1060 5505
4105 1537 5200
4106 1364 2889
4107 706 1886
4108 333 3881
4109 5548 1659
4110 2628 4275
4111 2789 2602
4112 1271 3716
4113 3136 1727
4114 2102 3576
4115 33 738
4116 2925 900
4117 4774 1230
4118 2497 5193
4119 845 3017
4120 2482 4435
4121 2613 1903
4122 4265 3805
4123 637 1858
4124 3951 1701
4125 3589 2794
4126 5458 4014
4127 1642 1349
4128 1827 248
4129 239 2110
4130 1507 3677
4131 2712 1056
4132 4588 2848
4133 5380 3428
4134 3844 1373
4135 1936 306
4136 926 1979
4137 1550 3534
4138 4766 1151
4139 3365 2882
4140 4360 1389
4141 1818 4701
4142 4552 1505
4143 5099 2283
4144 4169 519
4145 43 1743
4146 4589 102
4147 1503 4115
4148 5497 242
4149 4446 2485
4150 1702 1286
4151 3284 4486
4152 3002 491
4153 2142 283
4154 4300 952
4155 5092 3409
4156 644 4918
4157 4102 3211
4158 535 409
4159 5050 2492
4160 364 4814
4161 918 4210
4162 3237 1046
4163 4875 4328
4164 3914 4352
4165 3566 1281
4166 1178 5480
4167 4296 3324
4168 2353 2141
4169 2881 3046
4170 4525 1407
4171 4356 3321
4172 2410 1154
4173 4743 3764
4174 1403 4239
4175 3402 4982
4176 4641 3730
4177 4365 1564
4178 3860 4218
4179 3029 433
4180 726 1180
4181 2451 2794
4182 1525 594
4183 3828 5029
4184 3152 3135
4185 3794 1152
4186 2838 1864
4187 4691 1804
4188 223 982
4189 3309 798
4190 3745 475
4191 443 3091
4192 547 3039
4193 5515 1016
4194 395 36
4195 1201 2632
4196 1793 1936
4197 5007 4025
4198 3816 4295
4199 2537 1528
4200 4512 1097
4201 4088 5170
4202 2946 4415
4203 2464 2365
4204 720 3773
4205 3030 4442
4206 2019 1542
4207 4348 3450
4208 4891 2781
4209 2636 375
4210 235 3330
4211 3006 3252
4212 3966 3124
4213 2692 1012
4214 4866 2096
4215 1059 698
4216 3150 612
4217 1621 3038
4218 4294 3329
4219 1925 3332
4220 468 3699
4221 4724 3258
4222 5433 939
4223 1599 4089
4224 2205 2053
4225 2677 439
4226 962 2861
4227 3296 536
4228 5118 3198
4229 662 2058
4230 1182 4987
4231 3430 4708
4232 5245 4791
4233 2932 5528
4234 1537 5121
4235 1755 2333
4236 3667 4025
4237 2303 1495
4238 4408 4415
4239 3217 210
4240 776 1896
4241 1200 3706
4242 5401 2296
4243 3515 3134
4244 3084 4152
4245 3257 2343
4246 2727 3971
4247 435 3927
4248 3480 1507
4249 1577 4736
4250 1718 3465
4251 3503 3449
4252 3911 4410
4253 4449 3507
4254 697 4342
4255 2487 5100
4256 4367 4767
4257 2451 5100
4258 2615 370
4259 297 3410
4260 3335 3842
4261 1830 3227
4262 3571 2828
4263 3977 724
4264 1596 3312
4265 1924 6
4266 2072 4284
4267 1548 2386
4268 1369 1442
4269 1839 1582
4270 2355 858
4271 1109 3599
4272 1113 13
4273 3242 707
4274 3559 5174
4275 2418 3072
4276 1268 3138
4277 2501 93
4278 3559 4133
4279 1603 196
4280 4892 3036
4281 4861 4773
4282 59 5143
4283 4769 2895
4284 2783 270
4285 4935 4763
4286 2083 2393
4287 233 2050
4288 1311 1660
4289 3519 1241
4290 3298 4812
4291 3276 5256
4292 4402 5385
4293 4488 4543
4294 4360 4989
4295 914 4385
4296 3040 2602
4297 5438 872
4298 510 1334
4299 5376 888
4300 4286 2437
4301 1710 5012
4302 4435 2405
4303 3874 552
4304 1226 2948
4305 3472 1928
4306 4799 168
4307 2329 5259
4308 3568 4776
4309 5124 5017
4310 3913 762
4311 3406 2473
4312 3385 4281
4313 775 1411
4314 3466 930
4315 2930 3209
4316 4101 333
4317 3878 4960
4318 4689 3182
4319 3862 4590
4320 2635 660
4321 343 2585
4322 689 1485
4323 1372 5358
4324 3316 3530
4325 4879 1157
4326 4339 659
4327 2343 4614
4328 2134 3852
4329 4887 3482
4330 4174 3114
4331 1456 423
4332 1473 458
4333 1726 1793
4334 3900 2607
4335 1508 4428
4336 3319 4091
4337 58 2065
4338 4955 3502
4339 1111 1055
4340 2605 1327
4341 2868 4338
4342 75 4468
4343 472 193
4344 3662 2992
4345 556 4278
4346 5255 4796
4347 3896 4598
4348 1159 1223
4349 3730 2299
4350 3880 2905
4351 1526 3626
4352 2086 3880
4353 2174 390
4354 2768 3703
4355 105 3802
4356 1951 325
4357 3470 1711
4358 2436 2558
4359 4469 5119
4360 2270 1903
4361 3579 4519
4362 4004 4566
4363 4957 420
4364 3921 2451
4365 1429 2803
4366 3776 1897
4367 395 1628
4368 4313 3177
4369 4361 1102
4370 4614 2317
4371 1377 3754
4372 2364 3565
4373 967 3792
4374 1294 1268
4375 2746 1304
4376 2253 2201
4377 5137 537
4378 4558 3227
4379 4343 3582
4380 444 895
4381 1125 4217
4382 1367 4635
4383 655 3793
4384 5306 2064
4385 2409 2830
4386 1664 1783
4387 5265 5423
4388 1388 1510
4389 1520 2421
4390 3928 940
4391 4293 4860
4392 492 2963
4393 5092 4355
4394 1774 5388
4395 4094 3461
4396 152 1333
4397 1157 3069
4398 2334 4393
4399 1632 1556
4400 861 4163
4401 2384 4304
4402 3031 1203
4403 457 4185
4404 1547 3753
4405 2791 1704
4406 3322 707
4407 4322 1857
4408 4926 192
4409 3022 347
4410 773 5176
4411 5164 5388
4412 798 1521
4413 4593 4428
4414 2550 80
4415 1035 5500
4416 5511 3408
4417 1326 2228
4418 870 2956
4419 174 4223
4420 2968 4116
4421 559 4784
4422 3255 1912
4423 3569 2528
4424 1789 2406
4425 1635 4692
4426 4011 523
4427 2404 2894
4428 1690 4049
4429 454 3964
4430 4195 5511
4431 5520 1183
4432 451 2297
4433 1533 21
4434 792 5549
4435 965 5072
4436 4672 1031
4437 880 3808
4438 3245 2029
4439 5110 3717
4440 1066 529
4441 1227 1438
4442 3069 2678
4443 3566 452
4444 3691 525
4445 5220 335
4446 4124 2351
4447 5074 3344
4448 1731 4208
4449 2891 675
4450 3614 4152
4451 2250 5039
4452 2752 3846
4453 1315 528
4454 4632 1277
4455 5382 2632
4456 2671 1422
4457 1803 1417
4458 1388 2364
4459 4219 1835
4460 3140 4579
4461 4677 5532
4462 1547 3820
4463 2587 3297
4464 4756 1005
4465 3399 134
4466 4299 2230
4467 1296 2796
4468 4360 4845
4469 4687 2880
4470 3962 2616
4471 4223 1870
4472 1990 965
4473 5439 2870
4474 4761 4153
4475 5460 616
4476 1885 1145
4477 437 705
4478 920 3154
4479 396 3820
4480 4892 1556
4481 237 529
4482 1227 972
4483 5385 2403
4484 2085 2216
4485 301 1720
4486 3562 123
4487 5403 3862
4488 1514 404
4489 3354 717
4490 2027 4790
4491 3573 4728
4492 3861 3255
4493 2268 2533
4494 3498 285
4495 3703 384
4496 5144 1086
4497 4819 4092
4498 3039 2184
4499 3531 612
4500 5128 2705
4501 2796 3591
4502 1494 1181
4503 1038 4796
4504 3696 5063
4505 4958 3438
4506 495 2169
4507 1438 1335
4508 2928 269
4509 3529 3472
4510 5218 4501
4511 1042 459
4512 2926 2318
4513 4475 5478
4514 3018 912
4515 4266 621
4516 2044 5498
4517 3262 5105
4518 3726 4822
4519 1166 160
4520 1976 9
4521 3784 4560
4522 1620 3011
4523 4267 3591
4524 4539 5159
4525 4667 2158
4526 3301 4574
4527 4947 251
4528 3289 415
4529 1833 511
4530 1817 3919
4531 5000 5468
4532 4614 5117
4533 3066 312
4534 4821 1719
4535 217 2463
4536 1385 7
4537 454 1137
4538 4192 5147
4539 4558 3350
4540 4070 1137
4541 826 754
4542 1282 3650
4543 184 288
4544 678 3587
4545 3187 167
4546 317 106
4547 5479 309
4548 3973 4641
4549 1160 1613
4550 631 877
4551 5525 785
4552 1897 1161
4553 1385 2485
4554 1676 3071
4555 4819 2337
4556 4534 51
4557 317 3652
4558 3981 471
4559 1602 933
4560 1660 5340
4561 1847 473
4562 1219 1192
4563 3831 3438
4564 2850 4611
4565 5180 3264
4566 4415 2410
4567 1670 1756
4568 25 462
4569 3429 311
4570 4946 5121
4571 5412 2647
4572 3356 638
4573 64 1585
4574 860 2609
4575 1296 2919
4576 3260 2191
4577 871 4933
4578 2434 501
4579 2117 5237
4580 4465 1430
4581 5292 4640
4582 4038 4694
4583 4383 5228
4584 4405 4519
4585 4217 2008
4586 4499 5198
4587 4546 4614
4588 4001 3583
4589 125 3105
4590 4340 3727
4591 314 5218
4592 2462 3169
4593 1433 3695
4594 2630 4141
4595 1841 2003
4596 3025 62
4597 878 203
4598 3176 1701
4599 5042 4806
4600 1964 4178
4601 3449 4506
4602 1625 5496
4603 4895 4986
4604 1988 1478
4605 4224 4166
4606 381 4720
4607 2569 2684
4608 3355 4728
4609 2292 466
4610 1232 4312
4611 1296 4923
4612 3799 2399
4613 1068 4585
4614 2308 1245
4615 24 547
4616 2323 4924
4617 6 3769
4618 5518 4337
4619 1965 3237
4620 3362 5516
4621 3633 827
4622 2918 3675
4623 853 43
4624 1549 4737
4625 1916 5139
4626 5038 442
4627 3239 3886
4628 3574 1180
4629 944 1351
4630 3204 2788
4631 4160 1847
4632 1072 3621
4633 918 1417
4634 3396 3855
4635 5230 804
4636 4095 1612
4637 4390 5366
4638 5510 1424
4639 1926 792
4640 1587 3541
4641 1379 4976
4642 4955 1321
4643 2192 4202
4644 4117 3252
4645 318 4275
4646 1779 2984
4647 5038 2352
4648 4328 4098
4649 1831 4186
4650 954 1247
4651 1410 1853
4652 2242 364
4653 82 2413
4654 3004 5497
4655 4848 3780
4656 1127 3964
4657 399 3991
4658 3747 767
4659 4291 448
4660 3731 760
4661 2668 546
4662 1319 5183
4663 3686 562
4664 3647 2624
4665 1521 1202
4666 4640 3070
4667 1761 1410
4668 841 3213
4669 3545 3385
4670 1575 15
4671 2575 2142
4672 2272 741
4673 2364 5236
4674 449 5376
4675 291 2626
4676 1213 5506
4677 4571 4144
4678 849 4915
4679 43 4316
4680 2710 1901
4681 2966 3895
4682 4480 1440
4683 1399 3844
4684 530 4043
4685 112 3686
4686 2605 3013
4687 2031 3899
4688 3665 587
4689 3756 765
4690 4892 3356
4691 2593 4452
4692 1933 3492
4693 5203 2461
4694 154 984
4695 2998 1752
4696 139 3688
4697 1174 1594
4698 3424 1257
4699 2262 2791
4700 842 4235
4701 4404 2240
4702 4811 3036
4703 2973 1860
4704 4440 2660
4705 4195 3869
4706 1510 1243
4707 315 4499
4708 1716 378
4709 3456 2002
4710 307 3376
4711 3707 5398
4712 1129 56
4713 373 4334
4714 157 127
4715 717 2290
4716 3400 1032
4717 3001 4690
4718 1055 1406
4719 4069 3188
4720 5286 3579
4721 2478 193
4722 2712 2233
4723 2090 2239
4724 1898 2704
4725 1352 933
4726 2077 4753
4727 2273 1467
4728 1333 609
4729 4500 1118
4730 4696 1820
4731 2078 668
4732 281 1302
4733 3335 4084
4734 1077 2193
4735 1308 5378
4736 1835 1907
4737 1069 3233
4738 530 1702
4739 3302 5420
4740 1418 4970
4741 4051 4897
4742 4099 4472
4743 2200 3756
4744 2976 3439
4745 3445 1654
4746 1124 2818
4747 3963 574
4748 706 2228
4749 3805 717
4750 848 577
4751 1225 4167
4752 2908 3172
4753 5034 2791
4754 3873 1721
4755 4331 1022
4756 3128 2024
4757 303 102
4758 4172 4636
4759 356 2637
4760 3227 1971
4761 1864 4652
4762 2038 1281
4763 2900 536
4764 3287 3469
4765 3054 2365
4766 1589 30
4767 1588 2273
4768 103 4812
4769 2501 935
4770 739 2621
4771 2875 3610
4772 1400 4418
4773 2068 4026
4774 1916 4008
4775 2559 4432
4776 277 2674
4777 4125 2309
4778 4138 4725
4779 4371 2342
4780 2641 1613
4781 2330 2912
4782 787 158
4783 4633 5140
4784 3755 2790
4785 1382 2724
4786 2615 1392
4787 1628 3791
4788 2728 858
4789 411 5438
4790 2726 4096
4791 2441 5266
4792 5507 4993
4793 5034 4108
4794 4884 4104
4795 1136 3664
4796 493 1809
4797 994 5319
4798 2243 4373
4799 939 3525
4800 3025 3985
4801 2687 4349
4802 4566 1195
4803 602 4171
4804 3535 239
4805 4054 354
4806 3253 3070
4807 2052 567
4808 2507 4235
4809 5191 1919
4810 4091 260
4811 459 411
4812 4076 5067
4813 3138 1548
4814 4429 583
4815 4557 3078
4816 4214 2170
4817 5010 5524
4818 4541 4507
4819 2677 1642
4820 731 2304
4821 295 4964
4822 372 1313
4823 2357 1185
4824 4172 3204
4825 2780 4364
4826 1799 1795
4827 2965 492
4828 513 4844
4829 4888 312
4830 3687 1112
4831 3365 4263
4832 4613 208
4833 575 515
4834 4671 4390
4835 676 1904
4836 3884 4786
4837 170 2260
4838 3350 2482
4839 2168 1688
4840 2223 2696
4841 5201 1921
4842 4355 1813
4843 2111 3976
4844 4635 2087
4845 1018 2751
4846 8 421
4847 2096 769
4848 1472 1313
4849 858 5358
4850 4954 601
4851 4809 2052
4852 855 751
4853 3859 3085
4854 10 283
4855 5296 2029
4856 4989 5454
4857 1321 3416
4858 2216 2773
4859 307 2327
4860 595 4712
4861 1068 599
4862 1286 4157
4863 1508 3834
4864 4696 1673
4865 398 2358
4866 4017 2256
4867 4131 1378
4868 3260 2925
4869 3044 672
4870 1135 3331
4871 706 1467
4872 1753 5065
4873 1384 4016
4874 4841 3266
4875 2828 302
4876 5272 3038
4877 1594 749
4878 586 105
4879 3099 1799
4880 2483 4441
4881 1883 2207
4882 3906 4566
4883 69 1666
4884 1006 4845
4885 4173 5005
4886 3211 4737
4887 4556 4647
4888 3424 3677
4889 1590 56
4890 249 5157
4891 4360 4625
4892 3803 4385
4893 2818 5177
4894 2301 4417
4895 4391 3980
4896 1770 4678
4897 1635 1935
4898 281 3356
4899 5125 2411
4900 2740 1992
4901 1774 2906
4902 2417 1421
4903 4172 4414
4904 269 367
4905 2865 3026
4906 3370 360
4907 1393 4138
4908 4548 2434
4909 4142 2733
4910 480 4285
4911 3646 2875
4912 4435 5474
4913 4656 1337
4914 1719 3810
4915 1905 3474
4916 950 2895
4917 5142 3499
4918 1773 2552
4919 844 5087
4920 5246 1706
4921 3723 3382
4922 4801 715
4923 432 3108
4924 1304 488
4925 2021 82
4926 1564 4700
4927 4654 3517
4928 1216 1298
4929 3500 2134
4930 1443 2757
4931 4162 4555
4932 4733 2972
4933 4503 4909
4934 572 3391
4935 4816 4203
4936 632 626
4937 1322 1186
4938 384 3625
4939 1343 1683
4940 3416 1138
4941 3187 2930
4942 2715 2295
4943 3505 2564
4944 2651 4149
4945 4951 2730
4946 3996 3722
4947 2363 4122
4948 3607 4609
4949 4852 4301
4950 3882 2476
4951 3043 4685
4952 369 3106
4953 2572 1619
4954 4434 3685
4955 1313 4333
4956 1179 1542
4957 860 5449
4958 788 1999
4959 222 3124
4960 2593 3415
4961 4409 5049
4962 163 2939
4963 1478 1546
4964 4233 2100
4965 5346 3959
4966 1410 5044
4967 4127 4276
4968 417 1483
4969 332 4417
4970 4273 3254
4971 2524 3731
4972 1500 4230
4973 4086 1916
4974 11 4868
4975 3775 2590
4976 400 5484
4977 5423 552
4978 1022 3340
4979 4856 5537
4980 2663 2783
4981 2191 719
4982 273 2956
4983 1291 5040
4984 645 609
4985 4355 3332
4986 4098 1350
4987 3413 3489
4988 1740 4704
4989 2317 2295
4990 353 4138
4991 383 3212
4992 4134 3105
4993 4641 2469
4994 4421 34
4995 2597 3505
4996 2586 892
4997 1345 1555
4998 3859 1386
4999 4389 3859
5000 3548 2797
5001 3735 3321
5002 4380 4757
5003 2924 1501
5004 4772 942
5005 831 533
5006 2008 273
5007 801 1522
5008 5168 2604
5009 1845 868
5010 2886 1440
5011 365 4896
5012 2635 2109
5013 797 2974
5014 4681 2702
5015 4472 2468
5016 1008 2267
5017 3925 2827
5018 1861 1865
5019 1809 1050
5020 4456 2908
5021 3026 186
5022 1441 2561
5023 3063 3927
5024 916 1683
5025 2078 2569
5026 1328 1541
5027 1674 213
5028 1933 70
5029 3798 5542
5030 2625 5403
5031 2606 1908
5032 2051 740
5033 2413 4884
5034 3543 3346
5035 1326 4722
5036 1225 1905
5037 4863 4908
5038 895 4792
5039 5185 1614
5040 1447 526
5041 2421 2861
5042 5421 2080
5043 3402 4125
5044 1161 929
5045 5104 4373
5046 2822 5180
5047 2194 3588
5048 1674 1877
5049 1417 2588
5050 2137 2548
5051 4541 4370
5052 1556 2816
5053 420 1808
5054 4966 5094
5055 1433 131
5056 1738 1792
5057 2551 2155
5058 4945 3059
5059 5295 1258
5060 2554 2215
5061 3134 768
5062 2188 470
5063 1064 2668
5064 5401 1254
5065 739 4726
5066 2739 4533
5067 2330 1190
5068 2912 1900
5069 4090 4782
5070 761 2209
5071 1641 904
5072 3338 5069
5073 2393 1496
5074 3134 5096
5075 463 5420
5076 3291 3405
5077 1570 4569
5078 2882 3019
5079 4933 5246
5080 4193 1940
5081 3848 2472
5082 4592 1519
5083 1137 2292
5084 1654 2913
5085 2231 77
5086 1006 3709
5087 3986 3071
5088 1676 260
5089 4473 4917
5090 1851 1518
5091 1535 1441
5092 1042 2498
5093 1146 97
5094 3337 5122
5095 1781 76
5096 72 4465
5097 1758 4284
5098 3741 3526
5099 5253 4589
5100 3375 1522
5101 4936 731
5102 408 2725
5103 2368 1648
5104 1414 3540
5105 3883 1505
5106 1360 3448
5107 4997 672
5108 1646 2862
5109 712 2950
5110 1679 748
5111 171 2962
5112 3232 738
5113 252 476
5114 2541 2179
5115 5188 2169
5116 1466 355
5117 5361 3230
5118 1577 684
5119 2829 1525
5120 27 4218
5121 978 1581
5122 556 4150
5123 2528 4799
5124 4290 2435
5125 3316 1074
5126 4469 3797
5127 1495 2862
5128 1090 1262
5129 2697 4195
5130 3571 821
5131 1998 2184
5132 3036 36
5133 329 3633
5134 2330 691
5135 2647 2412
5136 3161 1224
5137 4262 3404
5138 687 2523
5139 3499 2644
5140 211 3992
5141 86 3656
5142 1313 1564
5143 4467 4152
5144 4825 2369
5145 1601 410
5146 134 1583
5147 671 4475
5148 4056 3133
5149 1958 3650
5150 2308 3578
5151 3032 1723
5152 306 5474
5153 3176 319
5154 3758 1272
5155 2433 582
5156 2276 3280
5157 870 4398
5158 290 2335
5159 2225 5497
5160 4967 2870
5161 2113 877
5162 2939 2195
5163 3513 3704
5164 2052 3591
5165 2239 4029
5166 844 1289
5167 3044 4922
5168 5235 3142
5169 4055 1358
5170 1966 297
5171 4399 3226
5172 3238 4076
5173 4129 1057
5174 4686 4445
5175 815 5396
5176 4172 4052
5177 3012 1336
5178 1787 3131
5179 644 4933
5180 1123 2852
5181 5038 5087
5182 4113 4099
5183 1189 4077
5184 2873 5078
5185 4734 4023
5186 3850 647
5187 1751 4992
5188 1894 1532
5189 5373 1531
5190 1894 2889
5191 707 1123
5192 39 4131
5193 2255 1051
5194 3886 2060
5195 2766 1963
5196 312 882
5197 4660 1696
5198 3461 3889
5199 4391 2195
5200 4023 2946
5201 632 367
5202 4719 1627
5203 275 4082
5204 4145 3318
5205 5377 4312
5206 2267 2021
5207 5243 1416
5208 2822 3802
5209 401 983
5210 1083 4411
5211 1249 4547
5212 748 3016
5213 1201 4944
5214 2623 4790
5215 1838 2649
5216 1740 922
5217 3533 4215
5218 4060 3691
5219 189 133
5220 4754 3994
5221 1968 319
5222 2392 729
5223 5044 4284
5224 534 686
5225 1678 601
5226 2635 1176
5227 3560 77
5228 2990 3075
5229 1849 2760
5230 4497 3638
5231 2237 2037
5232 1730 108
5233 1134 1212
5234 4248 2
5235 4044 2653
5236 1103 5082
5237 2719 2772
5238 3038 2774
5239 746 957
5240 5478 5451
5241 4473 3961
5242 2437 3274
5243 3913 3527
5244 5197 781
5245 3464 888
5246 3768 2908
5247 2106 3403
5248 689 4620
5249 5403 3788
5250 1801 1519
5251 3270 3272
5252 1101 550
5253 2751 2260
5254 2308 2495
5255 871 3637
5256 3761 4026
5257 3694 167
5258 694 570
5259 5476 1428
5260 4958 4417
5261 4448 3045
5262 1428 4923
5263 2431 2484
5264 824 4931
5265 1333 2809
5266 608 278
5267 2733 602
5268 3647 2960
5269 5340 577
5270 3019 931
5271 2819 4289
5272 3120 1466
5273 4529 2983
5274 4449 2856
5275 4245 3410
5276 1417 3606
5277 3444 2485
5278 4244 463
5279 1512 1466
5280 5365 3498
5281 3740 4831
5282 5317 1627
5283 663 2062
5284 3112 4618
5285 2903 4101
5286 305 3459
5287 1308 3689
5288 2279 4773
5289 5264 1185
5290 369 5487
5291 684 5179
5292 291 486
5293 1697 2596
5294 3625 1826
5295 1053 775
5296 2447 236
5297 3885 390
5298 200 1495
5299 4240 387
5300 5461 844
5301 1027 2665
5302 93 4973
5303 538 2977
5304 985 1227
5305 1769 2658
5306 1500 478
5307 4203 4405
5308 3304 4691
5309 4121 1853
5310 3901 263
5311 2200 1737
5312 3431 3621
5313 2247 5218
5314 1986 5167
5315 3440 2137
5316 1032 1
5317 3950 1789
5318 2988 4707
5319 2559 2600
5320 5028 2787
5321 4680 5355
5322 2637 5321
5323 398 3611
5324 510 1116
5325 3707 2254
5326 4077 863
5327 3953 4981
5328 4051 2407
5329 4564 3973
5330 2546 2428
5331 1144 4204
5332 4450 2896
5333 3987 2077
5334 847 2512
5335 3849 3372
5336 87 1688
5337 1613 716
5338 2756 5357
5339 5480 3031
5340 1760 5414
5341 2131 1412
5342 4449 4850
5343 3159 5424
5344 5549 2881
5345 1465 1490
5346 5072 2986
5347 208 2784
5348 2551 116
5349 1606 3171
5350 2937 2045
5351 2159 5410
5352 4568 4277
5353 4986 2483
5354 3721 301
5355 2339 5391
5356 5239 1886
5357 5267 2063
5358 522 72
5359 1130 2304
5360 1224 4302
5361 5490 3236
5362 2948 2115
5363 1341 3944
5364 5396 2441
5365 2005 4814
5366 3163 3094
5367 1297 2056
5368 1178 1662
5369 4730 1767
5370 2067 3713
5371 3418 5045
5372 115 4527
5373 455 427
5374 722 4869
5375 2577 1309
5376 448 2858
5377 5095 2619
5378 1417 2849
5379 2570 3553
5380 2401 397
5381 2416 4725
5382 676 2110
5383 1860 4730
5384 4822 5147
5385 3943 5370
5386 643 2552
5387 5 3331
5388 3268 2061
5389 369 3397
5390 2600 415
5391 4514 1349
5392 2520 1170
5393 2971 3181
5394 1461 5414
5395 1897 1802
5396 655 3639
5397 4801 3384
5398 3061 4368
5399 3359 895
5400 4741 4716
5401 420 3542
5402 3583 4232
5403 243 888
5404 367 3404
5405 745 1317
5406 5531 3925
5407 2866 637
5408 2743 5399
5409 1518 4615
5410 5351 1152
5411 196 3732
5412 2723 2098
5413 2625 3199
5414 1482 175
5415 4216 49
5416 2834 5525
5417 5126 3820
5418 5213 1202
5419 2750 2145
5420 304 2237
5421 454 751
5422 3032 996
5423 3574 3838
5424 3527 1985
5425 4678 4055
5426 4486 265
5427 1205 4722
5428 560 4834
5429 5180 2726
5430 3974 5311
5431 4661 957
5432 959 3048
5433 453 82
5434 618 4767
5435 2931 1333
5436 830 799
5437 1498 1750
5438 2608 3230
5439 3812 3820
5440 1694 2047
5441 515 5351
5442 2653 4065
5443 3094 3405
5444 4329 1718
5445 2695 5108
5446 4281 3408
5447 5431 1159
5448 1997 785
5449 745 4553
5450 2822 1763
5451 5138 4150
5452 1786 2213
5453 4530 5534
5454 357 1713
5455 4689 3323
5456 1168 1466
5457 1367 5308
5458 445 1558
5459 1348 4864
5460 3548 151
5461 1229 2492
5462 1921 4103
5463 4049 3577
5464 351 226
5465 213 217
5466 3406 2903
5467 1540 2902
5468 3503 3637
5469 3833 193
5470 4766 1373
5471 1741 4923
5472 1881 198
5473 1567 1368
5474 3165 3499
5475 1466 1856
5476 3812 5528
5477 3890 2180
5478 3783 1533
5479 2505 936
5480 950 3215
5481 4412 3988
5482 793 4995
5483 4887 2426
5484 2320 2583
5485 2371 2204
5486 3413 2735
5487 3940 1528
5488 3726 4632
5489 179 1639
5490 1290 3317
5491 186 4155
5492 2237 4051
5493 2402 1540
5494 5352 4741
5495 636 318
5496 4731 5099
5497 4852 3007
5498 244 1510
5499 3048 784
5500 616 4589
5501 164 5413
5502 1285 4583
5503 1991 5421
5504 2600 1965
5505 3886 1638
5506 3236 1137
5507 5321 4189
5508 1451 5008
5509 2187 1464
5510 4466 1187
5511 2744 4155
5512 3085 2109
5513 3320 2230
5514 1166 293
5515 517 1420
5516 1796 2615
5517 3555 2703
5518 5190 2895
5519 1096 2037
5520 977 4605
5521 2968 3597
5522 2058 4847
5523 335 4789
5524 1147 4044
5525 2301 4541
5526 5270 4871
5527 5431 3082
5528 3483 4584
5529 4206 633
5530 300 4256
5531 4128 1003
5532 5269 1075
5533 4307 3712
5534 4979 348
5535 889 4396
5536 2882 4706
5537 872 2703
5538 1607 3412
5539 4860 4139
5540 5470 348
5541 4399 237
5542 1568 3724
5543 3681 4223
5544 5446 3674
5545 512 1779
5546 5183 4534
5547 2975 3715
5548 371 2372
5549 3402 1526
5550 3427 2361
