4470 4470
1 3529 837
2 3537 1121
3 395 2469
4 59 54
5 3306 2194
6 1994 1156
7 987 625
8 1210 4242
9 3691 1945
10 1116 718
11 1001 1590
12 2150 3363
13 191 3337
14 2730 2916
15 1117 1843
16 234 3405
17 1693 259
18 601 3447
19 4379 703
20 260 976
21 225 2657
22 980 1824
23 2150 982
24 2146 2458
25 1271 3495
26 1167 189
27 4243 1813
28 153 4101
29 1690 3353
30 452 349
31 1781 1475
32 4028 2931
33 1479 3526
34 1717 1912
35 1086 4430
36 1711 1480
37 256 66
38 759 17
39 2118 4045
40 604 3051
41 3816 1403
42 3544 3559
43 1842 740
44 4462 3736
45 2014 2350
46 4399 2464
47 1770 1915
48 1743 379
49 2875 943
50 2487 21
51 3076 2036
52 1304 4193
53 2267 31
54 1562 1723
55 21 2729
56 3715 3314
57 2372 3975
58 460 706
59 1101 4044
60 405 2417
61 8 1607
62 3969 126
63 887 1415
64 825 3953
65 2837 2450
66 640 809
67 3457 1524
68 1071 2314
69 574 2526
70 1313 561
71 3835 2140
72 1361 48
73 1279 3427
74 1147 1871
75 3278 1255
76 3721 1315
77 347 1236
78 1108 3085
79 388 1516
80 3403 566
81 2672 383
82 2056 3882
83 4177 3762
84 680 3474
85 2786 3296
86 3019 3090
87 599 1694
88 458 3012
89 292 1155
90 3587 1973
91 2071 41
92 2518 1149
93 166 112
94 4393 4288
95 1395 1025
96 3336 3462
97 617 764
98 4249 3903
99 1137 2417
100 3463 2956
101 3023 4343
102 1436 507
103 1084 2614
104 4120 3630
105 598 1859
106 1945 2883
107 57 2451
108 1901 633
109 3979 1853
110 701 2123
111 1977 554
112 1062 3083
113 774 2465
114 3980 4004
115 2073 390
116 2962 4455
117 1273 3478
118 3862 1419
119 1073 400
120 4196 3289
121 1792 62
122 2931 1532
123 2669 3297
124 1734 4046
125 2778 1452
126 2867 3484
127 3095 2455
128 679 4300
129 1185 1643
130 3057 898
131 4169 3829
132 815 832
133 401 302
134 1882 550
135 3714 1298
136 2110 4365
137 1872 3970
138 3523 3353
139 3348 2189
140 3951 3211
141 883 3082
142 2061 1378
143 4099 1908
144 2447 1082
145 1324 676
146 1017 1243
147 77 1300
148 808 3814
149 3190 601
150 1140 2605
151 1603 1356
152 2942 4347
153 1716 1232
154 1312 1377
155 2861 3463
156 775 1463
157 4010 2286
158 521 1756
159 4278 1853
160 1345 349
161 2026 779
162 2484 3834
163 3188 1018
164 1408 2327
165 412 3051
166 1945 4356
167 685 1425
168 475 233
169 3634 3601
170 2004 93
171 436 4290
172 1426 1649
173 4353 2309
174 1134 2665
175 1307 1015
176 413 1107
177 1055 415
178 2310 976
179 3002 3994
180 3264 2718
181 604 2095
182 825 3618
183 2335 4091
184 1091 1976
185 879 3745
186 3011 528
187 4107 3612
188 3860 1655
189 1486 3719
190 2970 172
191 1740 4361
192 3391 3387
193 3557 1348
194 1984 938
195 2293 2632
196 3153 3387
197 324 2907
198 2380 3681
199 3362 302
200 2863 1161
201 1513 559
202 3912 280
203 3967 3622
204 2230 3418
205 849 4365
206 1275 1835
207 101 753
208 2722 3773
209 1153 1116
210 616 4057
211 2263 2965
212 1511 2314
213 3445 1996
214 1445 2928
215 1952 3651
216 64 2328
217 1586 3668
218 428 3936
219 427 2334
220 1778 924
221 308 3887
222 3880 2774
223 4227 180
224 420 4342
225 1747 3513
226 3986 2770
227 2535 2417
228 920 4414
229 380 620
230 2444 714
231 2181 4158
232 1009 2136
233 24 2099
234 2379 725
235 4219 1015
236 3904 1116
237 674 686
238 1385 2181
239 2497 3986
240 2194 3727
241 4264 2195
242 607 940
243 4150 3140
244 123 776
245 789 1788
246 33 463
247 2077 4037
248 2746 1189
249 3136 1557
250 837 1716
251 708 1226
252 3217 1542
253 4086 3896
254 2919 213
255 4066 1877
256 2420 3061
257 3001 1509
258 517 515
259 3543 1596
260 1526 4348
261 839 2874
262 2927 620
263 4038 2836
264 37 4144
265 3704 2078
266 2452 2656
267 429 3269
268 940 3729
269 2219 574
270 1862 2544
271 3065 219
272 2122 1547
273 1156 131
274 3982 1456
275 80 2003
276 701 3759
277 1089 4448
278 2577 2151
279 4384 329
280 3130 3235
281 1890 3935
282 2588 296
283 1960 1832
284 445 2804
285 2999 1882
286 2694 3956
287 1026 1166
288 2959 2366
289 3286 1482
290 1467 1776
291 1933 2853
292 1353 3587
293 466 2958
294 96 4073
295 2362 2565
296 623 695
297 700 288
298 1732 1371
299 3746 2276
300 2776 864
301 2376 2893
302 3086 3229
303 2339 2733
304 2787 821
305 460 1800
306 3479 2006
307 811 1491
308 1869 3451
309 846 2518
310 1642 3452
311 1557 963
312 1108 1261
313 1615 2417
314 1019 211
315 1176 4273
316 673 1032
317 3647 3423
318 1358 184
319 879 1676
320 1607 3620
321 1545 2102
322 3298 2207
323 3247 4421
324 4263 4029
325 997 129
326 2165 1351
327 4012 649
328 1945 238
329 18 2520
330 3751 2605
331 4430 3318
332 3942 1506
333 2529 575
334 2463 1597
335 839 2510
336 1533 650
337 3361 2168
338 3790 488
339 2231 2078
340 759 1038
341 1086 3447
342 223 2833
343 1219 1020
344 4085 4411
345 3142 2011
346 1944 3453
347 4268 4143
348 3629 2985
349 2158 2181
350 1553 1877
351 403 1068
352 3865 704
353 4162 576
354 1013 3428
355 2624 43
356 655 1639
357 2676 2563
358 3960 2069
359 975 326
360 205 2229
361 225 1102
362 3155 3133
363 1735 4273
364 426 4201
365 4041 4418
366 1888 2422
367 2092 2414
368 120 3143
369 2087 2165
370 2125 767
371 211 1232
372 1945 2120
373 2781 1254
374 4293 3214
375 2036 31
376 1533 4003
377 4289 3273
378 3694 3060
379 2282 50
380 124 477
381 663 2258
382 2911 1165
383 2379 4448
384 362 928
385 4133 79
386 3004 2608
387 4126 4353
388 1816 4262
389 1292 3570
390 250 3965
391 1587 3371
392 2045 3187
393 4377 348
394 1999 2705
395 2324 6
396 1684 55
397 2310 1371
398 3236 75
399 3624 3846
400 363 2930
401 817 2701
402 180 2217
403 2534 3898
404 1077 417
405 3966 1909
406 3441 3063
407 1179 1980
408 3814 1720
409 4374 3786
410 149 2540
411 2646 2514
412 1781 3260
413 1273 3265
414 613 611
415 628 3530
416 2546 1166
417 417 3765
418 2761 4321
419 4372 3633
420 1172 400
421 1557 2388
422 2262 3246
423 792 1124
424 2154 1089
425 3580 1527
426 3832 4081
427 3936 1768
428 3705 1025
429 1693 752
430 2417 3798
431 1502 3721
432 4021 608
433 717 3230
434 1151 2756
435 3592 3073
436 4209 1567
437 1142 2424
438 2160 831
439 1783 1930
440 437 2289
441 4208 1113
442 60 2389
443 3828 4155
444 923 194
445 3126 1841
446 1752 4239
447 886 1942
448 1048 4259
449 2375 4356
450 1252 4259
451 4467 586
452 4027 891
453 3732 4219
454 3287 3597
455 978 2788
456 2702 2871
457 891 4446
458 3282 4020
459 2815 2945
460 1019 2686
461 2057 4400
462 2822 2015
463 2227 3439
464 976 2737
465 2975 3185
466 751 1759
467 752 3701
468 1044 769
469 4275 2786
470 3449 3925
471 4010 2385
472 1727 1444
473 3107 1776
474 297 133
475 1326 607
476 1751 991
477 873 588
478 1508 4196
479 4438 1817
480 1367 4087
481 25 538
482 903 4042
483 3985 886
484 816 186
485 3587 877
486 1105 1224
487 1560 4172
488 1372 3555
489 3817 2983
490 3899 811
491 1171 2893
492 70 592
493 1810 3751
494 1838 3969
495 3343 1394
496 450 3967
497 1333 504
498 2174 99
499 300 258
500 2104 3623
501 2405 2998
502 1346 3333
503 2056 1401
504 1662 2400
505 1884 3339
506 2186 3731
507 4063 3885
508 2498 497
509 4068 3608
510 3983 34
511 2130 2312
512 81 2015
513 2729 2945
514 4162 3792
515 4032 2767
516 2826 3173
517 2862 2035
518 2454 1291
519 455 1068
520 1811 2616
521 2004 1381
522 1790 3144
523 1197 2425
524 1337 773
525 2298 3637
526 4333 4031
527 3890 1979
528 1266 405
529 4401 3562
530 1170 1656
531 2596 681
532 50 895
533 1029 3046
534 365 516
535 554 2961
536 1664 926
537 2846 3385
538 2563 1767
539 3065 645
540 4409 3955
541 2929 94
542 2880 1781
543 1196 1089
544 1212 2340
545 1984 4281
546 46 3653
547 2705 4443
548 1969 2827
549 321 2461
550 2122 1519
551 69 2696
552 3215 1023
553 2961 2457
554 3496 369
555 3624 3888
556 2323 262
557 3408 4436
558 269 1025
559 1413 2109
560 749 3102
561 1453 4347
562 898 2834
563 2032 3915
564 969 2656
565 1118 4412
566 2007 4340
567 4117 2128
568 3138 3192
569 821 954
570 2750 2202
571 1273 2903
572 1246 3217
573 2542 1573
574 3778 3043
575 2901 299
576 1338 477
577 2717 1770
578 4412 3748
579 1109 4144
580 2071 2521
581 692 4403
582 2378 2601
583 2791 1893
584 1770 4234
585 3758 34
586 2131 2655
587 226 632
588 2028 2096
589 3529 2036
590 463 4211
591 3890 1670
592 3633 2216
593 2614 2295
594 3055 3009
595 406 17
596 3469 4105
597 706 4126
598 1809 2857
599 2489 4399
600 3035 498
601 1109 4085
602 1099 2558
603 166 3300
604 3195 2050
605 2025 229
606 3371 3390
607 1068 3551
608 1490 727
609 3850 1527
610 328 4219
611 3288 3078
612 1029 4169
613 4219 4108
614 2479 3735
615 571 1894
616 4099 2765
617 9 2881
618 4237 829
619 3631 2467
620 2427 351
621 4025 2765
622 2337 3474
623 1441 3562
624 4288 2815
625 112 2806
626 1895 1573
627 2566 1340
628 1706 460
629 3757 679
630 1271 465
631 284 3322
632 1281 3484
633 1531 2877
634 411 1857
635 2684 1919
636 4019 2722
637 518 3120
638 2770 3892
639 1467 4055
640 2715 1459
641 1371 775
642 660 3713
643 1408 954
644 2668 727
645 707 2345
646 1701 4137
647 3261 5
648 1952 2075
649 3673 3341
650 1451 625
651 4136 2744
652 3996 1021
653 3286 1034
654 307 2125
655 2010 3202
656 1501 1043
657 2596 2320
658 595 3888
659 2885 901
660 3228 1810
661 844 1518
662 437 1578
663 2135 2917
664 2255 3451
665 1401 861
666 514 3571
667 4323 340
668 493 61
669 3124 2431
670 145 4120
671 878 951
672 95 4017
673 1665 4150
674 1887 3849
675 1028 456
676 3370 3050
677 3844 4300
678 2295 1492
679 1335 3932
680 3432 3133
681 4415 2720
682 314 297
683 958 818
684 1249 1175
685 2677 177
686 2215 3458
687 3175 3489
688 1537 3442
689 2292 291
690 2347 1885
691 1703 2147
692 714 1857
693 400 3656
694 2286 1692
695 2237 1202
696 4403 620
697 1533 3064
698 1255 770
699 597 126
700 4259 807
701 2997 3741
702 2592 3664
703 3558 859
704 627 824
705 3675 1415
706 3463 281
707 1738 1331
708 1013 4093
709 445 289
710 3535 2477
711 1649 563
712 1766 943
713 3775 2303
714 1402 1110
715 3751 493
716 3640 858
717 587 2068
718 3987 3323
719 3978 1317
720 226 1688
721 3380 622
722 1389 3880
723 856 2564
724 1711 273
725 1937 1129
726 877 2230
727 752 2198
728 1687 4171
729 1243 2597
730 3939 4390
731 1891 4369
732 161 2776
733 3763 712
734 2298 583
735 1852 1442
736 3861 649
737 3367 196
738 391 613
739 158 278
740 920 2778
741 4197 2961
742 1725 1820
743 3619 2075
744 585 3937
745 323 1916
746 3795 4309
747 1315 1125
748 4165 3086
749 1372 1102
750 1535 3537
751 448 4056
752 2320 2324
753 4036 2729
754 2392 3319
755 685 4087
756 375 4171
757 3471 4361
758 3694 164
759 816 3922
760 2972 2395
761 1341 17
762 3942 1518
763 2240 1223
764 2834 2292
765 3047 3394
766 1888 1928
767 1495 3335
768 429 384
769 1199 2153
770 2542 500
771 3342 2991
772 3960 3993
773 1914 1153
774 3567 1693
775 692 1303
776 3574 1172
777 3063 1367
778 3600 3696
779 3305 2049
780 348 443
781 430 2108
782 4196 1427
783 601 1175
784 2172 2972
785 2488 3091
786 2585 2571
787 33 4200
788 2777 2804
789 45 4397
790 291 4380
791 1078 1454
792 741 1478
793 4137 1808
794 1092 1610
795 96 1208
796 1590 1606
797 2960 980
798 1010 4279
799 778 1244
800 1779 1373
801 564 25
802 448 1561
803 444 1736
804 3523 2191
805 4292 1565
806 3883 4287
807 1222 1484
808 2430 4035
809 143 447
810 4366 517
811 2990 4097
812 3102 3408
813 3596 3986
814 1932 1801
815 468 1521
816 3055 1272
817 1384 4115
818 2168 3985
819 754 3361
820 3072 293
821 92 4233
822 1145 1433
823 239 1752
824 866 166
825 4458 1102
826 2661 3687
827 2906 2928
828 2126 32
829 1162 527
830 2290 4234
831 2484 1754
832 17 473
833 405 2933
834 2503 964
835 1512 693
836 1957 3736
837 1137 1940
838 437 1354
839 1650 4392
840 3794 104
841 569 1955
842 3713 507
843 1084 2136
844 3965 94
845 3310 4105
846 2568 3465
847 602 510
848 2277 3751
849 431 765
850 4319 2503
851 1693 3525
852 4338 3770
853 3124 864
854 314 3164
855 2895 1375
856 1779 177
857 3134 1428
858 4008 2279
859 3173 1981
860 4171 2815
861 1244 1681
862 2385 1366
863 432 4040
864 2159 2018
865 2672 3615
866 718 3285
867 3163 1069
868 3107 1604
869 3146 36
870 1462 1034
871 4344 2847
872 3868 767
873 2908 4203
874 3677 441
875 1275 4459
876 441 979
877 938 2842
878 3527 810
879 25 2520
880 1634 2100
881 3789 4389
882 1814 3467
883 1710 679
884 731 3947
885 2688 3233
886 2257 597
887 286 4324
888 1928 253
889 2456 1829
890 508 878
891 2359 1442
892 1525 328
893 3821 2560
894 2442 1211
895 1838 4268
896 1790 4381
897 3317 739
898 3485 4215
899 1998 2573
900 1858 2161
901 3116 2573
902 250 4021
903 2790 3094
904 1832 4021
905 1276 2530
906 1879 69
907 1322 1462
908 1949 1639
909 818 557
910 2215 3059
911 769 1490
912 2905 1367
913 713 4003
914 783 306
915 1129 1247
916 1314 2008
917 4242 908
918 1067 4097
919 1 4165
920 1219 600
921 1739 1399
922 929 1478
923 3422 1413
924 4336 3763
925 3578 1297
926 2109 1865
927 2037 100
928 4410 4433
929 2777 3446
930 2816 902
931 2095 1942
932 2054 4327
933 1290 4318
934 2043 3563
935 3828 3899
936 4307 1895
937 189 1230
938 1868 2151
939 1920 1439
940 44 2099
941 2834 3576
942 526 132
943 1857 1797
944 3414 670
945 4301 538
946 2944 2831
947 1803 1217
948 3197 3554
949 1334 1319
950 1202 217
951 2219 431
952 2572 2953
953 1795 660
954 3604 1619
955 3354 3457
956 3413 3494
957 2612 1993
958 2498 1404
959 2295 4104
960 650 2023
961 4465 4455
962 1157 2412
963 3048 1876
964 3051 2574
965 2396 1536
966 1648 1834
967 3896 2569
968 53 1325
969 2704 3069
970 4220 1968
971 3783 735
972 1152 926
973 2386 1841
974 3293 1290
975 3841 1849
976 472 2102
977 853 853
978 1054 4470
979 2577 4022
980 2034 828
981 2415 2975
982 4182 3791
983 2596 1574
984 4416 1568
985 462 185
986 2412 3297
987 2122 212
988 1477 3287
989 3032 1266
990 1780 3868
991 3896 3525
992 478 2966
993 2869 974
994 934 4417
995 4466 591
996 4224 3249
997 2208 925
998 1314 1023
999 3888 861
1000 163 3281
1001 1440 411
1002 553 3757
1003 181 181
1004 1300 2614
1005 3829 1679
1006 3468 2363
1007 1275 3032
1008 342 3266
1009 477 1445
1010 1263 3140
1011 3790 4171
1012 2399 3900
1013 2510 1408
1014 1092 1373
1015 4304 1180
1016 729 4130
1017 1509 2008
1018 3147 4017
1019 1187 704
1020 1232 2421
1021 3978 262
1022 2580 4379
1023 645 1990
1024 1952 1161
1025 1403 2125
1026 125 2569
1027 1471 788
1028 458 823
1029 2463 1743
1030 1795 3303
1031 3235 2029
1032 3814 1290
1033 2409 524
1034 420 2798
1035 3761 627
1036 3956 1261
1037 1084 3449
1038 1451 3673
1039 2139 2277
1040 3326 3298
1041 1365 1710
1042 2277 2685
1043 1329 626
1044 4412 545
1045 1129 1076
1046 877 3327
1047 3000 3233
1048 1837 3415
1049 1295 720
1050 2645 4295
1051 515 564
1052 930 1705
1053 1613 1548
1054 77 994
1055 1287 3109
1056 3146 2423
1057 1982 2125
1058 4149 4
1059 4092 2195
1060 67 3156
1061 1925 1750
1062 3864 444
1063 4307 1883
1064 2740 791
1065 4179 3200
1066 1386 3329
1067 330 4383
1068 642 1362
1069 4453 67
1070 2092 1087
1071 2497 969
1072 764 1280
1073 253 1102
1074 1343 3979
1075 1485 1307
1076 3709 3823
1077 760 3461
1078 3561 3634
1079 3333 1315
1080 1719 4117
1081 3588 4338
1082 752 1674
1083 91 1355
1084 320 1895
1085 2501 3277
1086 2842 765
1087 2618 93
1088 636 2128
1089 2071 2633
1090 3521 4271
1091 2980 3009
1092 929 3206
1093 855 1678
1094 2326 568
1095 2066 686
1096 589 1258
1097 3859 2298
1098 2549 3623
1099 2534 368
1100 2290 1484
1101 3388 3826
1102 1317 874
1103 1391 1986
1104 420 2297
1105 1282 3524
1106 1636 1964
1107 1621 2185
1108 3367 2988
1109 2392 2599
1110 210 3753
1111 3951 2404
1112 1796 3484
1113 278 4460
1114 3245 4094
1115 1358 186
1116 608 3802
1117 4284 3581
1118 110 273
1119 2930 1021
1120 4394 144
1121 2106 3849
1122 3659 3616
1123 737 2957
1124 3897 2886
1125 3963 3759
1126 909 4386
1127 1875 1709
1128 3983 705
1129 1494 600
1130 2989 3447
1131 2129 2823
1132 3410 1652
1133 2244 3171
1134 3978 378
1135 834 766
1136 2576 2474
1137 1186 966
1138 366 3458
1139 601 761
1140 534 2161
1141 2564 2966
1142 2781 2134
1143 2042 3039
1144 3472 258
1145 1117 164
1146 4021 3115
1147 2822 133
1148 66 755
1149 153 578
1150 1928 3577
1151 534 2095
1152 3535 2266
1153 1031 4441
1154 2541 2634
1155 4381 271
1156 2378 1100
1157 4049 2778
1158 1881 661
1159 1651 2222
1160 205 1563
1161 1618 906
1162 1805 2551
1163 2822 2144
1164 3004 431
1165 2368 1454
1166 3010 1399
1167 2858 188
1168 1582 2425
1169 1116 3281
1170 2224 1891
1171 1738 467
1172 1281 4005
1173 3742 77
1174 2339 202
1175 2239 4248
1176 3699 2107
1177 3908 2407
1178 1394 2245
1179 2935 4254
1180 1416 990
1181 1159 1341
1182 522 2787
1183 1147 3933
1184 603 2412
1185 2275 140
1186 4072 2944
1187 113 627
1188 3172 2755
1189 1355 2443
1190 30 1999
1191 808 2505
1192 3302 1844
1193 1322 3007
1194 4024 703
1195 2352 3633
1196 3045 3798
1197 3644 531
1198 307 4274
1199 2016 1637
1200 2192 1233
1201 2274 979
1202 2940 1126
1203 3894 1762
1204 1240 2223
1205 2466 1362
1206 3378 3867
1207 3206 2571
1208 2404 312
1209 3514 4318
1210 1159 3458
1211 1681 3693
1212 4368 2307
1213 456 4023
1214 1471 3441
1215 3079 2738
1216 2594 1909
1217 3267 67
1218 3272 3192
1219 3925 743
1220 1202 806
1221 3601 2010
1222 3573 3148
1223 257 4335
1224 557 4017
1225 668 762
1226 2796 646
1227 1433 679
1228 1019 2890
1229 2986 2240
1230 738 1862
1231 339 2043
1232 235 3980
1233 2856 3914
1234 1222 3531
1235 1443 2128
1236 3491 2432
1237 4195 3852
1238 1434 1181
1239 3594 3507
1240 3964 2575
1241 2244 487
1242 187 2802
1243 3497 3023
1244 1228 4002
1245 3149 772
1246 2947 641
1247 152 2118
1248 3113 2100
1249 9 4386
1250 4048 3520
1251 3498 348
1252 274 123
1253 2091 718
1254 4341 3305
1255 3881 528
1256 3060 3065
1257 1218 4415
1258 3149 3625
1259 3754 3053
1260 414 691
1261 3235 1012
1262 3168 1925
1263 4311 2792
1264 1978 846
1265 2552 4076
1266 263 4030
1267 2188 3503
1268 3704 1331
1269 2476 3080
1270 1002 2489
1271 3580 3595
1272 2357 1656
1273 2386 3366
1274 2758 3766
1275 3896 2327
1276 2161 2398
1277 3905 160
1278 112 2918
1279 1095 1233
1280 1693 4347
1281 3341 2861
1282 4375 1061
1283 2891 629
1284 4252 4116
1285 40 814
1286 1610 172
1287 2136 288
1288 1051 2970
1289 1521 3321
1290 1190 3442
1291 4079 4143
1292 1709 3227
1293 2781 1676
1294 569 1829
1295 2554 815
1296 3249 4340
1297 2546 897
1298 248 522
1299 502 1892
1300 1963 1579
1301 1290 510
1302 608 312
1303 335 871
1304 484 3744
1305 3258 120
1306 2752 3874
1307 4322 193
1308 950 1260
1309 1844 320
1310 79 2381
1311 2721 2215
1312 2356 2532
1313 290 127
1314 733 3418
1315 1715 4306
1316 3533 4246
1317 3674 1536
1318 587 3402
1319 1898 2417
1320 4143 1708
1321 182 296
1322 1982 4335
1323 1628 1789
1324 3885 1587
1325 1511 3096
1326 2261 1876
1327 38 3445
1328 1340 1649
1329 2530 4249
1330 2891 2818
1331 4187 2224
1332 4358 2830
1333 130 2094
1334 279 2039
1335 1466 3808
1336 2739 120
1337 1201 1721
1338 1493 3625
1339 290 1176
1340 297 2858
1341 3566 2361
1342 3957 98
1343 3304 2742
1344 203 973
1345 253 2349
1346 1516 1775
1347 1041 2150
1348 1980 3922
1349 1322 2140
1350 2060 3234
1351 1085 2705
1352 2574 1748
1353 220 4054
1354 117 1585
1355 106 2790
1356 1472 3274
1357 3762 2677
1358 1180 2384
1359 310 3142
1360 1056 3804
1361 3689 155
1362 2430 2868
1363 1670 3459
1364 556 283
1365 4459 3385
1366 18 3146
1367 2664 22
1368 1606 4434
1369 1 2762
1370 3280 3533
1371 705 906
1372 1448 541
1373 3721 4415
1374 3970 3104
1375 4129 1956
1376 733 4007
1377 2152 2229
1378 3205 744
1379 478 1314
1380 1921 3544
1381 687 1865
1382 819 380
1383 590 1434
1384 2967 4057
1385 1716 2525
1386 659 3899
1387 210 3506
1388 2393 854
1389 480 3752
1390 2177 2179
1391 3869 1292
1392 1166 982
1393 1243 2955
1394 3537 3022
1395 3707 1587
1396 2593 1052
1397 394 1357
1398 4321 2083
1399 4074 3935
1400 2958 3499
1401 3463 2318
1402 1974 2620
1403 2559 947
1404 1158 4004
1405 2926 3122
1406 1228 534
1407 512 2006
1408 2002 1063
1409 1975 1463
1410 3774 449
1411 2611 1508
1412 1236 3530
1413 515 4436
1414 610 4
1415 4314 3335
1416 29 2162
1417 1745 4419
1418 4185 3601
1419 4166 3276
1420 4168 353
1421 473 3725
1422 2693 3093
1423 2330 3766
1424 3482 2704
1425 2327 152
1426 3438 2693
1427 1718 3031
1428 3130 3329
1429 3815 3497
1430 2774 310
1431 1386 3164
1432 756 510
1433 448 928
1434 3387 4358
1435 4340 1401
1436 3627 3639
1437 336 1085
1438 2844 3892
1439 1165 554
1440 2084 3904
1441 1637 216
1442 1183 1033
1443 1064 2460
1444 3768 4281
1445 4040 3143
1446 2203 4261
1447 4209 2741
1448 1896 1504
1449 1864 624
1450 2312 423
1451 776 1451
1452 1311 1800
1453 2150 2938
1454 1594 961
1455 3653 3009
1456 2340 659
1457 2159 137
1458 3815 4230
1459 512 2302
1460 2270 2297
1461 3797 830
1462 1351 2226
1463 730 198
1464 2386 1673
1465 2222 3619
1466 2860 3295
1467 1526 2350
1468 1142 3194
1469 3993 3882
1470 3979 2314
1471 2919 2707
1472 3505 3436
1473 81 3139
1474 870 1141
1475 4371 3881
1476 1412 3257
1477 2582 3191
1478 3362 470
1479 2664 1390
1480 3276 1556
1481 2139 4357
1482 1600 1614
1483 2649 1838
1484 3240 3758
1485 3864 3265
1486 2271 570
1487 932 421
1488 995 1375
1489 449 830
1490 417 1061
1491 1926 2831
1492 135 617
1493 1330 805
1494 3050 1828
1495 3745 533
1496 3288 1244
1497 639 510
1498 3212 4419
1499 68 2384
1500 3886 1966
1501 2636 708
1502 4283 4313
1503 2553 3169
1504 1348 2519
1505 735 2970
1506 3747 3872
1507 1723 2505
1508 3994 2338
1509 3846 860
1510 388 4195
1511 2083 2556
1512 3330 1811
1513 1137 520
1514 2607 3913
1515 1578 800
1516 1509 3263
1517 2545 2093
1518 633 3738
1519 2128 3336
1520 4236 1013
1521 4312 205
1522 3864 43
1523 1829 2083
1524 1299 933
1525 414 435
1526 3423 2036
1527 158 2225
1528 432 3915
1529 982 4090
1530 1297 3757
1531 1427 108
1532 1153 2223
1533 4305 132
1534 432 537
1535 2845 4056
1536 2608 2478
1537 4021 1370
1538 366 444
1539 1652 2514
1540 418 1942
1541 2107 2834
1542 19 1242
1543 1864 552
1544 4226 263
1545 1914 2331
1546 4432 1158
1547 2745 664
1548 1068 1872
1549 2531 4251
1550 1548 1844
1551 333 2737
1552 3421 151
1553 3039 3644
1554 966 3542
1555 3535 3529
1556 2892 2916
1557 526 2697
1558 1000 2797
1559 547 318
1560 4142 987
1561 1087 1485
1562 4405 1825
1563 2578 1572
1564 3127 1785
1565 696 1766
1566 3973 978
1567 3567 1552
1568 889 187
1569 2950 15
1570 616 4375
1571 2255 3636
1572 1989 989
1573 600 924
1574 2991 4220
1575 1421 3084
1576 2170 3832
1577 46 3633
1578 1684 543
1579 900 3741
1580 3890 1089
1581 717 2655
1582 926 1174
1583 554 2965
1584 312 3855
1585 2267 3138
1586 2344 500
1587 1436 1640
1588 3541 268
1589 2673 3126
1590 1752 1081
1591 624 290
1592 3928 3099
1593 254 2193
1594 3406 600
1595 2025 2391
1596 581 2922
1597 4356 2248
1598 1163 2234
1599 1551 3753
1600 3188 1479
1601 3891 3559
1602 2438 3892
1603 1645 2587
1604 2116 2891
1605 1061 335
1606 2633 412
1607 1662 1511
1608 2288 1573
1609 1582 1277
1610 2401 341
1611 4218 1939
1612 1513 2472
1613 1439 658
1614 2158 534
1615 3308 2464
1616 1192 3800
1617 190 4068
1618 3747 746
1619 1838 1364
1620 375 1601
1621 3375 1706
1622 4208 4298
1623 514 1693
1624 2689 1551
1625 3783 803
1626 1121 3588
1627 1214 1151
1628 2220 458
1629 3988 2705
1630 556 2397
1631 2513 2375
1632 116 1713
1633 1332 269
1634 3824 615
1635 910 575
1636 3127 3577
1637 2256 303
1638 1194 948
1639 2003 546
1640 3774 3397
1641 3575 1001
1642 4149 319
1643 1500 3518
1644 381 1578
1645 3108 114
1646 4108 3255
1647 191 1106
1648 396 2059
1649 3960 1416
1650 3863 3675
1651 3604 166
1652 2438 619
1653 3640 4391
1654 928 1958
1655 3390 2544
1656 3343 4028
1657 552 864
1658 3343 2349
1659 3084 930
1660 3286 4127
1661 207 1252
1662 343 4015
1663 1773 2523
1664 3139 773
1665 3157 2224
1666 1238 653
1667 2634 3293
1668 1424 474
1669 4444 1600
1670 2420 3530
1671 361 3479
1672 1338 1350
1673 1655 4128
1674 3071 227
1675 3876 3379
1676 3965 2920
1677 1119 1385
1678 4220 3672
1679 3653 3284
1680 1178 2238
1681 1353 3557
1682 2913 4192
1683 2585 2992
1684 2391 4452
1685 1467 2226
1686 2374 4423
1687 436 2393
1688 1328 1792
1689 3289 2912
1690 960 3347
1691 3167 315
1692 553 1292
1693 2587 3485
1694 136 711
1695 614 1859
1696 1391 4437
1697 3855 2160
1698 3091 4111
1699 3436 1493
1700 2328 2956
1701 405 1950
1702 4092 1409
1703 2098 1614
1704 3079 2352
1705 1817 1506
1706 4194 4303
1707 3140 841
1708 2306 576
1709 1308 379
1710 2874 2123
1711 2298 1443
1712 3858 3419
1713 2478 3958
1714 1097 1691
1715 2113 2838
1716 3329 3814
1717 855 2677
1718 2585 2719
1719 2252 3728
1720 1041 1051
1721 2387 43
1722 4237 1130
1723 1412 905
1724 4188 1685
1725 4282 1572
1726 1083 2493
1727 3294 2534
1728 1868 3649
1729 3847 3253
1730 4367 2209
1731 2907 870
1732 726 2467
1733 2332 2121
1734 2492 1225
1735 2176 2676
1736 749 4398
1737 4123 407
1738 3624 1880
1739 2961 1222
1740 3344 3530
1741 2063 1924
1742 1944 406
1743 4107 2931
1744 1273 3225
1745 4050 2053
1746 115 1532
1747 4025 1659
1748 2382 2844
1749 1280 2739
1750 1604 1261
1751 59 3108
1752 3903 531
1753 119 292
1754 4061 686
1755 775 2765
1756 3501 133
1757 4448 4066
1758 2833 2950
1759 643 2208
1760 1131 1232
1761 3569 1196
1762 1547 2515
1763 2135 4107
1764 460 3912
1765 3003 2831
1766 2864 3693
1767 2966 995
1768 2449 3989
1769 2709 3613
1770 441 3143
1771 2594 3842
1772 114 1391
1773 3272 1930
1774 334 338
1775 675 194
1776 1168 3765
1777 1289 3242
1778 168 117
1779 2711 2904
1780 2646 2708
1781 3750 2415
1782 2409 2969
1783 1464 64
1784 900 1966
1785 3279 4179
1786 1756 998
1787 4198 3023
1788 1199 3374
1789 710 1656
1790 3541 3185
1791 4382 1519
1792 3219 25
1793 487 642
1794 3024 2198
1795 3704 1974
1796 3880 3239
1797 2680 3335
1798 1492 3520
1799 3899 1306
1800 1408 597
1801 2072 512
1802 1206 416
1803 4229 3602
1804 2032 3142
1805 333 3712
1806 4389 2238
1807 1461 3573
1808 3841 1147
1809 2844 1012
1810 4433 1293
1811 2965 2543
1812 2729 3076
1813 3308 213
1814 3530 1841
1815 3635 3050
1816 880 1092
1817 3723 347
1818 1620 4096
1819 4221 1745
1820 2993 288
1821 2641 2894
1822 2855 2734
1823 870 2599
1824 3214 1373
1825 3978 1789
1826 3800 4355
1827 1241 147
1828 2897 2327
1829 127 1393
1830 2138 1419
1831 1397 3886
1832 2770 1178
1833 817 1314
1834 2006 3885
1835 1138 4291
1836 656 2861
1837 2070 222
1838 4071 3452
1839 1051 1043
1840 2150 1952
1841 2420 3717
1842 4170 2975
1843 2170 4026
1844 1258 2123
1845 3917 3563
1846 520 798
1847 3762 4173
1848 2292 1122
1849 2262 1283
1850 507 1539
1851 3782 2007
1852 1170 3563
1853 3395 1462
1854 409 2701
1855 1827 1648
1856 651 652
1857 4045 3307
1858 337 1684
1859 320 4321
1860 1338 3107
1861 1550 731
1862 4044 1041
1863 841 3050
1864 1243 2213
1865 1962 1392
1866 3417 4361
1867 2974 2287
1868 2411 592
1869 3883 2239
1870 4249 1308
1871 4435 2944
1872 2342 2286
1873 4195 1853
1874 4071 69
1875 649 3360
1876 2824 996
1877 3611 556
1878 847 4255
1879 3484 4423
1880 3565 3774
1881 2682 3055
1882 1238 4259
1883 1371 920
1884 4401 597
1885 651 2921
1886 322 2622
1887 2553 2278
1888 2542 2200
1889 1124 2403
1890 2526 1753
1891 2031 776
1892 1567 2987
1893 2723 588
1894 2033 1619
1895 3122 2035
1896 3450 203
1897 1121 2014
1898 3041 1611
1899 3008 4372
1900 3324 3824
1901 2665 2677
1902 832 2093
1903 216 3200
1904 3222 1269
1905 3389 2334
1906 1346 3901
1907 3246 3958
1908 70 3853
1909 3362 3090
1910 3022 244
1911 1467 3334
1912 3147 3323
1913 4318 1749
1914 3622 3816
1915 4397 3037
1916 501 4080
1917 3927 952
1918 749 3602
1919 1359 654
1920 997 2872
1921 3099 2252
1922 3871 1730
1923 2974 1156
1924 2942 907
1925 3905 219
1926 4321 3812
1927 1688 1138
1928 4097 3596
1929 4306 32
1930 2933 1369
1931 3430 3933
1932 3872 668
1933 2791 420
1934 166 1656
1935 3836 1734
1936 618 992
1937 2666 86
1938 2161 438
1939 2823 3304
1940 2056 2903
1941 2683 3727
1942 2616 2122
1943 866 1933
1944 2425 2963
1945 3493 896
1946 61 726
1947 3886 998
1948 1133 4367
1949 1963 1115
1950 1338 706
1951 2484 422
1952 1516 1056
1953 1467 24
1954 854 3236
1955 1279 719
1956 1845 1738
1957 3860 1854
1958 1227 2382
1959 1937 3596
1960 3860 4388
1961 2657 4177
1962 3686 1889
1963 504 324
1964 3037 126
1965 4109 316
1966 2667 3291
1967 3900 1409
1968 2276 2052
1969 239 2025
1970 2250 3961
1971 1234 378
1972 4418 788
1973 4059 957
1974 1131 2389
1975 310 4223
1976 2837 1440
1977 1019 1051
1978 2298 4425
1979 2815 3828
1980 1573 2250
1981 1322 3040
1982 245 3978
1983 1246 2219
1984 675 2549
1985 2632 1887
1986 1869 446
1987 2488 2129
1988 2100 4419
1989 1335 1757
1990 965 981
1991 273 3721
1992 1917 2088
1993 3666 3838
1994 1406 4436
1995 3883 308
1996 2811 728
1997 3533 1209
1998 1236 1370
1999 3917 633
2000 2547 591
2001 3241 122
2002 3310 472
2003 3269 1605
2004 4285 1650
2005 2532 2226
2006 51 2471
2007 4467 777
2008 2815 472
2009 682 4266
2010 1220 2021
2011 2626 4165
2012 1553 1496
2013 2639 3384
2014 3068 2537
2015 407 3705
2016 3976 4224
2017 4041 3534
2018 3394 929
2019 3218 3638
2020 127 410
2021 4033 2159
2022 4309 1798
2023 581 317
2024 3410 2136
2025 4422 1797
2026 1121 2793
2027 854 1760
2028 698 4015
2029 2426 523
2030 3749 666
2031 4423 2306
2032 3191 163
2033 2422 2769
2034 1073 2740
2035 366 4450
2036 283 2184
2037 588 3070
2038 915 2332
2039 1549 3058
2040 3762 1757
2041 3295 3635
2042 2621 1473
2043 313 2095
2044 2298 1382
2045 2059 262
2046 3489 1920
2047 2748 4040
2048 2048 2973
2049 3157 678
2050 3407 373
2051 106 485
2052 2706 3539
2053 3274 3793
2054 3072 1058
2055 2292 4063
2056 3049 1015
2057 3511 2333
2058 1930 1216
2059 1105 4016
2060 133 1090
2061 656 1573
2062 152 3012
2063 1466 367
2064 1553 4373
2065 3439 3417
2066 3185 4227
2067 3264 1927
2068 1475 3539
2069 3688 482
2070 3728 1916
2071 659 1643
2072 4109 4059
2073 2224 4167
2074 381 1783
2075 312 3668
2076 2060 1240
2077 1694 748
2078 4152 221
2079 3568 3878
2080 391 3096
2081 418 2458
2082 1343 1878
2083 1664 2816
2084 274 3789
2085 3770 1463
2086 3975 2427
2087 1828 351
2088 2985 1208
2089 3971 2278
2090 1434 2429
2091 2342 3438
2092 3125 3911
2093 1102 3259
2094 4235 2762
2095 52 2149
2096 3862 1886
2097 33 1516
2098 3901 4293
2099 3399 3435
2100 1979 2410
2101 2385 1928
2102 1052 4145
2103 3454 3523
2104 824 3129
2105 4231 3460
2106 3250 1972
2107 4083 3018
2108 3544 1826
2109 682 1480
2110 217 2978
2111 2655 2375
2112 54 7
2113 714 3071
2114 1163 4089
2115 60 2880
2116 2638 3054
2117 2789 3330
2118 1823 653
2119 1578 2854
2120 918 3667
2121 2875 2920
2122 1687 235
2123 2322 2355
2124 2690 3582
2125 3631 2950
2126 2984 3193
2127 700 113
2128 2992 3733
2129 816 2450
2130 448 3827
2131 2571 1986
2132 441 2937
2133 3653 4403
2134 3347 24
2135 4112 3744
2136 4235 2163
2137 4162 2055
2138 3631 2554
2139 4168 213
2140 2045 2436
2141 2613 593
2142 1755 2302
2143 2772 3143
2144 2065 2477
2145 1528 4198
2146 2301 4156
2147 851 404
2148 3190 1772
2149 2088 1204
2150 1858 881
2151 3946 2911
2152 479 1936
2153 304 1093
2154 291 3341
2155 264 3076
2156 2281 130
2157 667 1022
2158 4243 3163
2159 2467 3104
2160 3695 1569
2161 1008 1201
2162 3446 2224
2163 2635 1032
2164 4427 3294
2165 1039 1962
2166 184 4405
2167 2813 1837
2168 3849 1383
2169 2827 505
2170 4325 1037
2171 514 1320
2172 1745 2385
2173 678 2186
2174 969 2251
2175 2227 869
2176 1526 4405
2177 3279 1548
2178 2735 726
2179 3629 2560
2180 2799 3317
2181 1890 291
2182 1842 2327
2183 868 784
2184 881 1438
2185 792 1073
2186 2293 1079
2187 2828 1981
2188 3888 1060
2189 1018 829
2190 3939 2
2191 4394 2073
2192 1802 481
2193 317 1671
2194 1184 1851
2195 956 1012
2196 611 159
2197 1479 539
2198 2022 3824
2199 2676 3300
2200 1089 4022
2201 2536 863
2202 3682 3921
2203 549 457
2204 3888 2446
2205 2936 4393
2206 1981 3877
2207 792 3669
2208 3937 1188
2209 1935 2749
2210 3414 2880
2211 3535 3092
2212 3795 2139
2213 2474 1342
2214 1069 4190
2215 2212 4215
2216 4240 1664
2217 4385 4166
2218 2302 643
2219 330 2858
2220 2025 450
2221 1615 1234
2222 2452 4465
2223 1031 4385
2224 586 2540
2225 2904 3278
2226 2802 3579
2227 3822 907
2228 4023 2161
2229 1513 138
2230 1423 4194
2231 2366 1681
2232 3306 4317
2233 2586 2172
2234 35 1248
2235 4258 2179
2236 2239 419
2237 4055 860
2238 4422 2300
2239 4202 3240
2240 1404 3090
2241 908 3512
2242 3792 1802
2243 1638 1711
2244 2578 3128
2245 2584 2100
2246 1772 4171
2247 1424 57
2248 830 610
2249 730 1239
2250 3886 1820
2251 909 610
2252 161 4292
2253 811 1120
2254 1659 471
2255 3352 990
2256 347 3892
2257 2492 2499
2258 1060 3831
2259 2652 4147
2260 2852 1507
2261 2130 3738
2262 4377 990
2263 567 1001
2264 26 1030
2265 3807 535
2266 2151 998
2267 1151 3594
2268 2511 3063
2269 200 3132
2270 3472 1560
2271 3324 3190
2272 2421 1039
2273 2151 1045
2274 350 2104
2275 2018 2613
2276 1479 3727
2277 2464 3316
2278 252 2982
2279 3868 1999
2280 1744 724
2281 326 1022
2282 1655 1385
2283 828 502
2284 271 717
2285 1484 2342
2286 461 3244
2287 4430 732
2288 4359 2140
2289 3241 1742
2290 629 3476
2291 3732 774
2292 1672 841
2293 1347 887
2294 455 124
2295 415 791
2296 79 332
2297 2542 3935
2298 2414 676
2299 3146 3310
2300 1460 3707
2301 3881 420
2302 1755 4205
2303 3892 4193
2304 2051 2344
2305 99 1478
2306 3 3911
2307 4267 1040
2308 1367 2841
2309 895 1253
2310 3247 4273
2311 1513 1363
2312 3166 2995
2313 245 1845
2314 656 3558
2315 799 428
2316 4310 186
2317 2024 3782
2318 3726 4166
2319 3305 546
2320 991 3846
2321 1868 1920
2322 3208 1892
2323 2952 3159
2324 606 2826
2325 3144 2027
2326 116 3021
2327 559 2043
2328 3409 3940
2329 1062 4004
2330 3644 3790
2331 1269 4384
2332 294 169
2333 3838 4232
2334 3392 3858
2335 4200 2397
2336 1360 887
2337 4166 2020
2338 709 2893
2339 534 2668
2340 102 2382
2341 4067 2614
2342 2554 4287
2343 2713 1421
2344 1303 930
2345 2048 543
2346 4438 3637
2347 42 1184
2348 2356 2761
2349 804 4304
2350 1416 582
2351 514 299
2352 3970 3658
2353 2532 1006
2354 1536 1464
2355 651 1343
2356 1235 2642
2357 2547 4170
2358 1870 2182
2359 2656 1334
2360 1003 180
2361 1693 2778
2362 4173 3377
2363 1450 2431
2364 1754 2145
2365 2165 2302
2366 2066 1587
2367 1044 2942
2368 2874 2501
2369 1362 2852
2370 444 3647
2371 864 2735
2372 3024 2770
2373 3301 3660
2374 439 3717
2375 917 3913
2376 2792 4457
2377 1327 1393
2378 3159 1373
2379 2262 3621
2380 835 3980
2381 683 2790
2382 1355 3231
2383 4036 2909
2384 1664 3669
2385 1949 1390
2386 302 90
2387 144 3227
2388 3681 4431
2389 3537 2830
2390 1289 545
2391 2398 4124
2392 1708 2666
2393 759 794
2394 2352 2943
2395 665 2022
2396 1099 27
2397 972 191
2398 3375 2913
2399 3168 3492
2400 3154 2545
2401 2544 4138
2402 159 364
2403 361 2449
2404 2046 4404
2405 1829 675
2406 3624 3239
2407 7 3172
2408 846 2614
2409 4114 4185
2410 3361 3995
2411 2208 4100
2412 243 2428
2413 1547 4089
2414 2446 517
2415 2475 2296
2416 1817 1482
2417 4279 4002
2418 4181 1634
2419 3284 328
2420 2100 3410
2421 4131 3961
2422 1354 1030
2423 2921 2521
2424 2494 1202
2425 3543 123
2426 982 4466
2427 1889 249
2428 2547 3512
2429 877 520
2430 1003 2955
2431 2900 1690
2432 3247 2381
2433 3697 112
2434 3776 3587
2435 131 41
2436 3985 3232
2437 2869 340
2438 3923 3547
2439 2373 3929
2440 3584 2338
2441 3010 1302
2442 4107 835
2443 592 479
2444 2537 1104
2445 1786 4090
2446 3608 224
2447 3811 1343
2448 260 2181
2449 3246 2328
2450 2936 2481
2451 1453 3543
2452 4040 2206
2453 847 1600
2454 591 3583
2455 1396 1987
2456 277 1977
2457 419 1301
2458 2883 2514
2459 2096 3162
2460 2836 1477
2461 1035 4379
2462 2063 2763
2463 9 1182
2464 2705 361
2465 2267 1393
2466 3308 49
2467 1263 2665
2468 753 1169
2469 3707 3407
2470 2106 884
2471 2958 1995
2472 2739 128
2473 1054 1472
2474 1520 3557
2475 4096 1016
2476 3742 3026
2477 2765 1657
2478 2230 2654
2479 1118 4423
2480 266 1892
2481 1533 3247
2482 1241 3538
2483 3931 4387
2484 3658 1984
2485 643 222
2486 3496 707
2487 958 3566
2488 968 3734
2489 4134 416
2490 3396 539
2491 2749 427
2492 1715 3654
2493 3540 2458
2494 3194 449
2495 267 1127
2496 2577 2317
2497 188 2178
2498 1198 327
2499 355 4084
2500 646 1588
2501 1609 192
2502 1921 3369
2503 4151 622
2504 1960 2920
2505 4293 35
2506 2124 16
2507 3015 614
2508 4336 2290
2509 4350 3135
2510 1700 2177
2511 899 4000
2512 3613 4186
2513 3281 1722
2514 3785 1189
2515 658 346
2516 1075 2413
2517 3030 4281
2518 4127 1287
2519 291 3782
2520 1482 729
2521 2069 997
2522 2384 573
2523 2335 4043
2524 426 1878
2525 86 1832
2526 1090 3011
2527 452 3655
2528 2414 2132
2529 3847 2667
2530 1353 58
2531 1489 1033
2532 3039 455
2533 1289 352
2534 1147 2774
2535 3887 92
2536 3397 2744
2537 3832 1287
2538 2043 397
2539 2516 3059
2540 1823 3393
2541 1960 1439
2542 3878 2089
2543 697 2934
2544 1679 3710
2545 3746 3153
2546 316 2291
2547 2393 817
2548 2343 1670
2549 1555 1851
2550 2506 3773
2551 4009 3680
2552 3259 647
2553 3977 2122
2554 4127 121
2555 3794 3675
2556 3153 1410
2557 230 3608
2558 1331 2578
2559 3345 464
2560 272 4123
2561 1767 3042
2562 3264 878
2563 2779 3640
2564 4331 1144
2565 14 1664
2566 2016 2749
2567 1562 666
2568 282 2067
2569 2730 3520
2570 3332 4450
2571 1834 264
2572 1152 430
2573 2922 2877
2574 3213 2708
2575 4023 4108
2576 2191 2556
2577 4079 2505
2578 2986 270
2579 3509 292
2580 123 2414
2581 1677 379
2582 119 2164
2583 343 4252
2584 259 734
2585 235 1338
2586 3983 4169
2587 1144 903
2588 3678 1546
2589 1613 4442
2590 3568 235
2591 2767 1148
2592 1651 2209
2593 3326 3468
2594 1896 2931
2595 841 1215
2596 3860 1100
2597 1018 3366
2598 2344 4007
2599 4052 4102
2600 3706 1858
2601 1030 2092
2602 3592 47
2603 3178 1998
2604 2818 2367
2605 2653 1879
2606 1563 1383
2607 2471 1477
2608 2474 1321
2609 2491 2185
2610 1544 470
2611 1390 2221
2612 502 1307
2613 2889 1347
2614 4451 2370
2615 4359 3552
2616 2827 1214
2617 3586 2192
2618 1798 2798
2619 3309 3238
2620 269 86
2621 3373 3928
2622 6 7
2623 4454 393
2624 173 2184
2625 4 4126
2626 4166 1870
2627 4209 3886
2628 1018 2218
2629 92 244
2630 4364 2770
2631 335 3237
2632 3907 1591
2633 312 1280
2634 407 1827
2635 2795 137
2636 2829 3300
2637 2500 283
2638 2319 2901
2639 2509 2393
2640 2828 2095
2641 168 149
2642 679 788
2643 829 1097
2644 610 2524
2645 1750 3264
2646 621 1347
2647 2812 4087
2648 3444 3805
2649 1415 3744
2650 3349 3948
2651 2794 3354
2652 3076 797
2653 161 1715
2654 713 4456
2655 750 333
2656 4295 924
2657 2694 746
2658 3560 2307
2659 560 2442
2660 2606 1942
2661 469 3469
2662 1385 4187
2663 244 2820
2664 1560 758
2665 621 874
2666 319 616
2667 4370 2973
2668 168 3256
2669 870 2938
2670 4381 3096
2671 1716 776
2672 2057 1006
2673 1270 3275
2674 593 619
2675 3678 369
2676 2029 4203
2677 707 3141
2678 3539 536
2679 313 2396
2680 2036 4257
2681 3472 602
2682 4011 2171
2683 1060 4293
2684 4384 2991
2685 3045 388
2686 852 1242
2687 384 125
2688 3168 1268
2689 2875 936
2690 1048 1375
2691 1419 2540
2692 3509 3646
2693 2373 364
2694 145 3001
2695 218 121
2696 3304 3304
2697 2021 3674
2698 2427 637
2699 2671 3896
2700 1296 800
2701 3580 1263
2702 3643 3801
2703 610 1023
2704 462 145
2705 3991 580
2706 4463 2329
2707 1321 3469
2708 411 1580
2709 2266 964
2710 2795 2876
2711 17 2499
2712 2982 2812
2713 135 3723
2714 3612 2453
2715 2543 3165
2716 968 4452
2717 729 1073
2718 1585 354
2719 1647 423
2720 2292 90
2721 985 427
2722 2049 729
2723 410 3909
2724 145 3297
2725 3090 2099
2726 1381 2882
2727 4141 1404
2728 837 4250
2729 1602 2045
2730 1340 177
2731 1384 3738
2732 724 1906
2733 96 106
2734 3513 3840
2735 1206 1523
2736 2794 109
2737 2074 3410
2738 2071 2322
2739 81 1915
2740 3323 256
2741 4442 1207
2742 4360 3824
2743 3547 2414
2744 3250 4161
2745 4147 3244
2746 485 820
2747 2758 1566
2748 2992 24
2749 4247 1886
2750 4024 1382
2751 1335 3342
2752 4194 1709
2753 3428 2356
2754 33 1971
2755 3111 1787
2756 3766 4267
2757 2880 3461
2758 4403 52
2759 992 948
2760 2313 3070
2761 3899 264
2762 3582 1980
2763 1226 3311
2764 3403 3663
2765 3698 1306
2766 1359 541
2767 2543 3680
2768 1927 4466
2769 2652 2261
2770 1065 1488
2771 281 2132
2772 432 4370
2773 2277 2378
2774 815 370
2775 646 178
2776 4228 2560
2777 2892 1217
2778 1919 2260
2779 1670 1042
2780 2726 897
2781 821 962
2782 1870 3899
2783 732 2109
2784 2477 1520
2785 3181 2453
2786 457 773
2787 3147 1852
2788 3329 2524
2789 3464 3686
2790 2487 2651
2791 2115 546
2792 2422 3726
2793 1531 2591
2794 807 1306
2795 2926 493
2796 886 147
2797 861 770
2798 591 3183
2799 687 2928
2800 4091 1918
2801 945 2533
2802 1646 697
2803 3773 107
2804 3774 200
2805 1213 2968
2806 4078 1382
2807 1913 2784
2808 2885 4216
2809 1653 1154
2810 1776 4278
2811 741 1712
2812 2909 439
2813 1523 2400
2814 704 31
2815 1105 316
2816 4136 3841
2817 2177 2378
2818 1260 1730
2819 3102 3813
2820 2659 2920
2821 631 2032
2822 893 955
2823 2438 460
2824 3335 2701
2825 510 2887
2826 4010 936
2827 4208 567
2828 4071 1822
2829 394 1850
2830 1570 1631
2831 626 3628
2832 3639 505
2833 2610 666
2834 1043 841
2835 463 2264
2836 1540 2305
2837 3755 6
2838 783 858
2839 3002 3798
2840 3600 391
2841 4215 638
2842 2876 1442
2843 2929 3642
2844 3271 901
2845 3958 4334
2846 1688 2763
2847 3737 1609
2848 4256 1076
2849 854 3810
2850 3392 512
2851 4065 4406
2852 1130 4411
2853 2085 728
2854 355 108
2855 1375 2448
2856 4211 2478
2857 2397 3932
2858 1852 3591
2859 2810 2888
2860 43 2765
2861 2181 1932
2862 1720 3685
2863 1418 1213
2864 852 3813
2865 1387 584
2866 3927 4269
2867 2623 121
2868 1295 4387
2869 456 923
2870 2849 1719
2871 2617 4231
2872 350 1763
2873 972 223
2874 3551 3191
2875 3712 968
2876 569 3075
2877 4308 410
2878 4456 1228
2879 954 676
2880 890 536
2881 2624 3938
2882 3351 237
2883 1157 386
2884 2568 2911
2885 625 3501
2886 1665 806
2887 1312 3817
2888 1273 2531
2889 2784 4058
2890 857 83
2891 3919 2320
2892 1212 3021
2893 1622 2854
2894 2918 3681
2895 3582 3035
2896 2014 3482
2897 1420 1720
2898 3055 2931
2899 1633 1581
2900 1647 1648
2901 2760 4225
2902 4334 2432
2903 883 639
2904 1982 1110
2905 1658 1964
2906 674 2577
2907 101 4211
2908 1994 310
2909 215 695
2910 4187 983
2911 2981 1128
2912 1054 3563
2913 3456 4440
2914 3566 2525
2915 2928 1862
2916 3356 3325
2917 3954 2126
2918 4080 768
2919 187 1853
2920 1141 838
2921 3233 1577
2922 1619 632
2923 2280 2689
2924 2090 1136
2925 3072 3517
2926 4065 1958
2927 3183 1537
2928 4415 1621
2929 921 2012
2930 3102 2169
2931 3819 1153
2932 4214 4194
2933 2699 978
2934 2271 1447
2935 2451 2974
2936 2477 130
2937 2616 430
2938 2994 3092
2939 2497 44
2940 4302 822
2941 2714 1825
2942 514 1583
2943 664 3636
2944 4281 1067
2945 2291 1028
2946 3489 1550
2947 30 4110
2948 2885 88
2949 1878 1842
2950 2406 689
2951 387 1290
2952 3 1380
2953 815 765
2954 245 3477
2955 123 338
2956 3156 148
2957 451 1288
2958 2567 313
2959 740 1113
2960 2408 322
2961 2552 3887
2962 2771 2874
2963 3554 2269
2964 3135 4231
2965 2778 107
2966 1171 1703
2967 19 3324
2968 262 3535
2969 1682 2144
2970 1399 2259
2971 3404 465
2972 2753 2431
2973 3498 3415
2974 547 1121
2975 4193 4348
2976 4175 3332
2977 2559 1329
2978 2595 3404
2979 2492 2352
2980 493 4052
2981 623 3368
2982 3364 2757
2983 2804 930
2984 1524 3611
2985 3039 4406
2986 1762 957
2987 2613 570
2988 1913 82
2989 4064 4007
2990 1796 2040
2991 4249 155
2992 744 3137
2993 57 2290
2994 788 1447
2995 4170 918
2996 1504 2927
2997 2490 3094
2998 1022 1648
2999 2673 4175
3000 4205 2606
3001 2626 1715
3002 3198 3569
3003 2807 4081
3004 88 4415
3005 1705 3614
3006 3920 2143
3007 1459 945
3008 1785 1264
3009 210 1054
3010 1813 784
3011 964 2282
3012 2998 2227
3013 3406 1487
3014 1758 1684
3015 3879 1033
3016 412 1060
3017 2541 1889
3018 798 3242
3019 46 2755
3020 353 983
3021 368 1581
3022 2151 33
3023 2298 1544
3024 1237 263
3025 3561 4117
3026 3320 256
3027 41 2044
3028 923 1429
3029 2825 3978
3030 1866 2708
3031 156 3601
3032 803 3531
3033 330 1158
3034 2234 75
3035 3663 3531
3036 1984 3112
3037 926 3514
3038 1343 1266
3039 4165 3020
3040 2609 2193
3041 153 3359
3042 616 2737
3043 3999 3593
3044 835 2474
3045 3041 4379
3046 1318 4129
3047 1546 1881
3048 3290 678
3049 2361 466
3050 3895 4150
3051 580 3221
3052 3407 1397
3053 2659 1848
3054 1018 543
3055 2884 3707
3056 1177 1235
3057 2300 4350
3058 3107 3166
3059 448 3115
3060 1496 903
3061 321 4240
3062 2214 3369
3063 75 1097
3064 436 584
3065 38 4022
3066 2823 4207
3067 1450 3369
3068 3719 794
3069 297 2743
3070 4378 2513
3071 165 3747
3072 3227 2974
3073 2843 2479
3074 2929 481
3075 2246 1560
3076 821 2219
3077 1268 3873
3078 2833 369
3079 1151 2257
3080 395 3419
3081 1049 1423
3082 4168 3434
3083 460 2817
3084 4125 1370
3085 387 700
3086 311 933
3087 577 2062
3088 865 2161
3089 3445 909
3090 1847 611
3091 1278 1614
3092 3343 1019
3093 3431 2388
3094 3585 2061
3095 4068 683
3096 3012 1432
3097 4060 425
3098 323 1557
3099 640 705
3100 553 2704
3101 454 2430
3102 745 2500
3103 1163 2302
3104 3191 3473
3105 2734 3046
3106 761 1586
3107 1264 1824
3108 3808 385
3109 4277 2163
3110 2570 18
3111 629 3920
3112 1341 1311
3113 1677 117
3114 3688 2337
3115 417 2376
3116 1491 3919
3117 2379 4463
3118 3366 27
3119 3340 2463
3120 617 3673
3121 3692 3665
3122 4213 3919
3123 4349 2470
3124 2100 4422
3125 4186 4374
3126 19 3220
3127 385 3369
3128 3988 348
3129 2789 4335
3130 2006 3077
3131 2659 93
3132 1175 694
3133 3491 2166
3134 529 781
3135 2476 3791
3136 555 3539
3137 1760 3766
3138 3985 3219
3139 3638 4129
3140 3205 1859
3141 1908 19
3142 2796 2294
3143 891 1182
3144 3828 4284
3145 1319 2303
3146 3031 2125
3147 1165 4224
3148 453 149
3149 1040 3077
3150 161 2615
3151 2786 1843
3152 700 1880
3153 1237 1633
3154 2962 2047
3155 1080 3165
3156 3836 1841
3157 620 1245
3158 498 2321
3159 1083 2722
3160 315 528
3161 11 1401
3162 275 1822
3163 3040 122
3164 843 3001
3165 1100 1601
3166 3380 4391
3167 919 1407
3168 2335 1523
3169 360 332
3170 175 4008
3171 1515 3699
3172 4332 1093
3173 1867 2628
3174 2769 1924
3175 4306 273
3176 2547 1376
3177 3012 345
3178 4269 4042
3179 3400 1733
3180 1505 538
3181 3718 4348
3182 3010 3052
3183 2407 107
3184 4421 369
3185 1754 213
3186 2766 1816
3187 749 4159
3188 4185 390
3189 1167 465
3190 3533 2284
3191 1873 1265
3192 859 3709
3193 3965 1120
3194 3879 2759
3195 1730 2389
3196 786 1475
3197 1361 3319
3198 4460 986
3199 2227 291
3200 3594 3257
3201 467 389
3202 2161 1122
3203 3428 3235
3204 2077 2975
3205 4377 305
3206 3279 4072
3207 4358 2968
3208 4136 999
3209 872 2992
3210 517 415
3211 1889 1700
3212 657 3618
3213 1341 2687
3214 378 1657
3215 1243 1613
3216 1628 2710
3217 1921 1796
3218 854 2636
3219 2202 4413
3220 1792 4210
3221 870 3500
3222 3181 3055
3223 1401 4460
3224 1058 4146
3225 2070 2550
3226 2228 1934
3227 1687 1012
3228 2245 1362
3229 3393 986
3230 3420 3550
3231 221 2539
3232 2406 1145
3233 3997 1143
3234 3466 650
3235 1523 2465
3236 3275 1958
3237 776 4220
3238 592 3467
3239 425 2085
3240 1809 4161
3241 3885 4084
3242 2786 4383
3243 3311 487
3244 1360 510
3245 4214 2942
3246 1585 246
3247 4300 1797
3248 3055 3551
3249 1466 4355
3250 3374 2389
3251 1308 2908
3252 4185 1055
3253 2214 1414
3254 3936 1607
3255 1327 1422
3256 3831 2061
3257 1086 1779
3258 1117 2838
3259 2896 546
3260 463 3454
3261 1864 180
3262 2883 4211
3263 3632 2876
3264 4290 3976
3265 952 1264
3266 3544 2716
3267 2856 2578
3268 2813 4407
3269 229 219
3270 2925 802
3271 3871 879
3272 2206 4351
3273 220 1953
3274 1234 2324
3275 3910 1901
3276 1136 3155
3277 1786 2482
3278 2560 3610
3279 1679 2062
3280 1542 1993
3281 60 1340
3282 130 1965
3283 2896 3075
3284 1070 4007
3285 1719 3131
3286 1334 877
3287 3290 2117
3288 145 3642
3289 329 3814
3290 373 2
3291 2330 4047
3292 4147 4053
3293 3356 2025
3294 3977 2539
3295 1809 1919
3296 2812 4152
3297 3703 2429
3298 3346 2992
3299 4044 308
3300 1541 3296
3301 3013 951
3302 2109 4215
3303 3657 4099
3304 3007 1062
3305 3332 3851
3306 2367 4422
3307 1426 825
3308 1959 2673
3309 2883 205
3310 2204 153
3311 4333 799
3312 3355 145
3313 1863 1143
3314 227 2234
3315 2835 901
3316 1491 3778
3317 1871 1195
3318 2862 793
3319 8 3087
3320 380 1685
3321 3604 1785
3322 2798 1386
3323 1451 4175
3324 2590 997
3325 2538 169
3326 3378 4074
3327 2004 1818
3328 536 45
3329 2251 3343
3330 3803 125
3331 209 2830
3332 1809 1999
3333 412 1201
3334 3368 3982
3335 692 3067
3336 3392 2706
3337 2867 2122
3338 2328 12
3339 1044 1065
3340 1316 2066
3341 1425 3899
3342 2393 615
3343 885 3880
3344 1330 3055
3345 3592 1721
3346 2408 1096
3347 2961 1335
3348 4054 36
3349 3661 1575
3350 4055 2816
3351 3540 3845
3352 4445 865
3353 2764 2179
3354 794 44
3355 3217 3988
3356 4463 2485
3357 1521 207
3358 737 3917
3359 994 235
3360 4439 1939
3361 1504 4168
3362 2909 203
3363 4372 3885
3364 4468 953
3365 1644 3199
3366 3005 780
3367 338 2533
3368 4034 2829
3369 3341 1064
3370 3152 3747
3371 1981 461
3372 1180 2873
3373 255 3524
3374 2029 2341
3375 3765 2271
3376 1735 902
3377 465 3966
3378 3882 936
3379 622 1840
3380 1439 1411
3381 2148 2761
3382 1945 2402
3383 655 968
3384 3324 4395
3385 3091 2595
3386 3111 2458
3387 151 2090
3388 3564 1883
3389 921 3248
3390 1633 3136
3391 81 798
3392 2160 740
3393 1882 618
3394 1596 1874
3395 2714 228
3396 1449 2052
3397 2463 3210
3398 1772 2764
3399 2028 2760
3400 2633 2382
3401 1863 1962
3402 2459 491
3403 481 2856
3404 551 669
3405 753 2430
3406 1510 2660
3407 1597 331
3408 399 246
3409 2610 4358
3410 398 2608
3411 3638 4372
3412 1193 1588
3413 1278 1784
3414 2522 3969
3415 1933 4387
3416 2911 583
3417 3901 579
3418 2152 3161
3419 1157 3019
3420 1103 1444
3421 2851 1440
3422 2760 2782
3423 513 1170
3424 712 2264
3425 868 1832
3426 815 2288
3427 2271 3484
3428 4020 1228
3429 156 3462
3430 443 192
3431 2183 2548
3432 4298 858
3433 2948 1650
3434 807 3420
3435 1746 3097
3436 4396 2940
3437 1293 961
3438 2695 1908
3439 864 2435
3440 2075 1685
3441 777 835
3442 4057 4028
3443 1896 448
3444 464 1733
3445 2060 1603
3446 2819 3011
3447 3048 3215
3448 139 1584
3449 58 4149
3450 2196 4164
3451 3229 3902
3452 1297 481
3453 1977 399
3454 758 966
3455 601 3500
3456 4099 410
3457 3351 2009
3458 1532 89
3459 2671 1430
3460 1121 1891
3461 930 3213
3462 1250 2698
3463 3190 684
3464 3772 2199
3465 2190 1414
3466 287 3347
3467 2021 3512
3468 2737 792
3469 3257 990
3470 33 407
3471 606 2523
3472 2591 2840
3473 2098 291
3474 188 3095
3475 223 962
3476 3809 38
3477 4004 2204
3478 1362 3942
3479 2685 4431
3480 2379 1652
3481 1297 3426
3482 115 1477
3483 385 335
3484 2398 1246
3485 413 1214
3486 1262 3208
3487 1628 3936
3488 1455 992
3489 829 2825
3490 194 4361
3491 497 4248
3492 1065 2961
3493 557 1700
3494 3485 541
3495 4466 401
3496 215 1429
3497 4142 1081
3498 2934 3029
3499 2001 3455
3500 3534 1712
3501 3537 1381
3502 1367 2928
3503 1360 3493
3504 3745 4308
3505 317 2144
3506 891 680
3507 437 3380
3508 3905 626
3509 3614 2113
3510 2648 744
3511 987 3094
3512 2129 4003
3513 2481 3435
3514 190 105
3515 33 2856
3516 2641 1575
3517 1767 2038
3518 911 1636
3519 1868 1673
3520 4246 2381
3521 4176 4464
3522 758 3295
3523 4316 2673
3524 3209 1866
3525 3768 2650
3526 1956 1876
3527 2448 484
3528 1745 2491
3529 2882 458
3530 3376 3696
3531 3914 3741
3532 2795 2753
3533 525 4009
3534 1109 2366
3535 3643 2242
3536 1366 3710
3537 2567 4349
3538 1915 3621
3539 1419 2231
3540 2352 174
3541 1915 1317
3542 3688 2302
3543 2586 3190
3544 777 1415
3545 1413 3236
3546 3762 527
3547 2141 4106
3548 277 3720
3549 687 3959
3550 3825 1770
3551 1127 3276
3552 3085 2928
3553 421 1141
3554 2661 3017
3555 3284 2416
3556 3933 1997
3557 1864 3822
3558 1868 2909
3559 2500 4206
3560 97 1886
3561 2964 3805
3562 3685 3636
3563 3986 3723
3564 3970 3975
3565 54 3266
3566 2633 3491
3567 2043 3145
3568 207 163
3569 2590 3366
3570 470 2372
3571 515 2406
3572 3724 1362
3573 4350 1297
3574 1551 1118
3575 200 2772
3576 1241 3048
3577 417 3385
3578 1701 285
3579 744 2654
3580 3994 2526
3581 783 2139
3582 3688 1723
3583 2150 477
3584 3489 1003
3585 3393 1979
3586 2402 2138
3587 4455 1673
3588 4109 3773
3589 4045 2
3590 1019 4334
3591 1061 2888
3592 3387 2078
3593 4451 513
3594 4438 2602
3595 4446 2737
3596 1591 3910
3597 1993 2506
3598 1866 2155
3599 1548 3134
3600 566 3188
3601 59 3100
3602 1246 3772
3603 1041 1425
3604 3673 2347
3605 11 2039
3606 2192 1608
3607 1418 4346
3608 1949 1682
3609 3281 4421
3610 4289 4365
3611 3234 1594
3612 112 3236
3613 2688 659
3614 151 2544
3615 1750 4348
3616 540 942
3617 3112 4185
3618 2408 2313
3619 1456 172
3620 118 1644
3621 1613 846
3622 181 3872
3623 3493 1281
3624 3351 2561
3625 2920 2302
3626 244 359
3627 1519 1615
3628 2101 1105
3629 278 3585
3630 2180 174
3631 4172 2115
3632 4241 2960
3633 646 1487
3634 4446 2744
3635 380 4180
3636 3782 1301
3637 3282 3547
3638 4156 745
3639 3427 2974
3640 2829 2008
3641 362 950
3642 918 1333
3643 656 2489
3644 1790 3650
3645 4026 2142
3646 3299 831
3647 1193 637
3648 2713 4072
3649 1512 478
3650 2134 674
3651 4331 2094
3652 3249 500
3653 3769 4132
3654 1587 2215
3655 1767 4115
3656 3637 4286
3657 4418 42
3658 3611 4121
3659 3381 1208
3660 30 1589
3661 3719 2391
3662 982 858
3663 16 1455
3664 4069 95
3665 4025 955
3666 4305 3134
3667 1847 730
3668 4172 3880
3669 3256 4329
3670 4458 4422
3671 1919 2641
3672 2310 1274
3673 1430 3967
3674 1835 646
3675 436 970
3676 1295 1587
3677 3953 1728
3678 3806 627
3679 286 417
3680 2133 2795
3681 1988 1479
3682 1050 3311
3683 3716 2695
3684 2420 740
3685 1813 3151
3686 60 3033
3687 4235 2732
3688 447 2276
3689 50 3977
3690 1687 1722
3691 3302 833
3692 3300 2395
3693 3261 3774
3694 1642 41
3695 1547 2573
3696 3325 1136
3697 2460 920
3698 1025 4337
3699 2788 1950
3700 477 2273
3701 3898 1398
3702 164 3663
3703 1508 2878
3704 3310 1217
3705 2828 3571
3706 937 1323
3707 1046 3069
3708 1367 3786
3709 94 527
3710 4333 2999
3711 1771 4323
3712 2804 2945
3713 525 2897
3714 3082 2923
3715 3709 3165
3716 2973 1304
3717 1955 3106
3718 2302 2550
3719 1355 385
3720 3379 3465
3721 3293 503
3722 2511 3369
3723 1997 2818
3724 3450 2088
3725 250 3623
3726 3047 2512
3727 1821 2365
3728 829 3705
3729 91 2328
3730 775 2771
3731 2085 854
3732 1760 3613
3733 248 3679
3734 1700 2885
3735 879 3235
3736 1267 2039
3737 2357 1815
3738 4000 888
3739 974 1426
3740 1736 3595
3741 3500 1142
3742 3014 3049
3743 2464 2591
3744 2800 2874
3745 517 428
3746 1717 4121
3747 3882 240
3748 1289 2593
3749 2959 1757
3750 3138 4432
3751 2995 3302
3752 4166 4355
3753 816 4336
3754 692 4321
3755 161 2047
3756 975 3689
3757 2035 3794
3758 1140 1147
3759 4367 3729
3760 4327 2450
3761 1080 3119
3762 3755 788
3763 1556 2370
3764 3654 1603
3765 3734 2237
3766 149 2015
3767 1653 3209
3768 578 2486
3769 2343 734
3770 3409 4310
3771 3158 3587
3772 637 292
3773 4369 3204
3774 2475 1845
3775 2152 1806
3776 177 950
3777 942 1714
3778 2393 4037
3779 873 4082
3780 1195 554
3781 613 4308
3782 329 435
3783 4079 4320
3784 508 2941
3785 111 359
3786 4268 2888
3787 3014 3805
3788 3815 4247
3789 4013 3169
3790 3746 3728
3791 762 2084
3792 3664 942
3793 664 2726
3794 2725 3748
3795 1557 3983
3796 3289 383
3797 1935 1526
3798 2980 1035
3799 1036 2348
3800 1186 2797
3801 3580 901
3802 1983 172
3803 1618 2193
3804 2305 2113
3805 344 1853
3806 3843 3430
3807 606 1143
3808 3428 2989
3809 725 3966
3810 77 2813
3811 1717 975
3812 585 1571
3813 1109 2572
3814 3586 1688
3815 4023 726
3816 506 1671
3817 1259 330
3818 3379 3270
3819 3790 1496
3820 3491 834
3821 1600 3605
3822 828 1618
3823 482 327
3824 2151 4246
3825 11 3557
3826 3834 2103
3827 916 3158
3828 3761 1119
3829 330 3030
3830 2753 1351
3831 650 186
3832 1503 203
3833 933 1359
3834 4002 2418
3835 807 283
3836 1982 911
3837 2494 2669
3838 2317 2922
3839 604 1238
3840 190 4368
3841 1799 1379
3842 206 3566
3843 59 2560
3844 295 78
3845 236 3230
3846 256 4416
3847 3736 244
3848 381 3012
3849 4324 2543
3850 80 786
3851 248 407
3852 1993 3910
3853 3604 991
3854 3201 4076
3855 2567 4294
3856 50 4036
3857 3299 3569
3858 1355 4171
3859 2982 3363
3860 3679 489
3861 1385 3778
3862 990 1431
3863 3650 706
3864 2951 891
3865 4134 4158
3866 1868 2588
3867 3647 3943
3868 912 3443
3869 3954 3785
3870 3493 2851
3871 1918 4223
3872 433 483
3873 132 1617
3874 738 3444
3875 1455 1103
3876 2691 2460
3877 1228 2564
3878 3040 353
3879 4110 162
3880 3763 1985
3881 412 3833
3882 3904 4105
3883 545 1367
3884 2775 1608
3885 972 1653
3886 3819 2500
3887 92 1995
3888 2151 908
3889 4235 699
3890 2915 3397
3891 633 551
3892 1667 1138
3893 3118 2260
3894 670 2718
3895 4231 3441
3896 987 3605
3897 587 916
3898 2853 4172
3899 4175 2804
3900 322 48
3901 3901 362
3902 2535 1329
3903 2857 3308
3904 736 123
3905 3606 355
3906 4119 1095
3907 4021 3777
3908 4135 1672
3909 1354 1309
3910 762 2127
3911 3063 3735
3912 3882 2534
3913 42 2529
3914 3495 2597
3915 2403 757
3916 1845 2909
3917 1033 4
3918 89 166
3919 1035 2259
3920 1291 2903
3921 2526 1843
3922 1271 635
3923 175 1180
3924 2319 1257
3925 3563 1455
3926 1835 687
3927 4033 1956
3928 1502 2601
3929 1540 4102
3930 2316 225
3931 2355 2914
3932 1418 1952
3933 4408 3942
3934 3562 882
3935 1714 626
3936 649 1639
3937 3720 2263
3938 3838 1131
3939 1382 4325
3940 2525 4098
3941 3847 1693
3942 141 2987
3943 3002 3780
3944 1413 4151
3945 3259 2891
3946 925 462
3947 606 2366
3948 2689 3371
3949 2159 891
3950 2808 405
3951 1465 1999
3952 745 1676
3953 854 469
3954 1098 2741
3955 471 1204
3956 1269 3490
3957 2212 2844
3958 2996 2728
3959 244 3245
3960 2908 4085
3961 341 863
3962 102 1698
3963 1129 2881
3964 994 3965
3965 1659 3703
3966 259 4094
3967 4224 1282
3968 2700 1923
3969 3885 3053
3970 861 3674
3971 592 979
3972 1685 2694
3973 1505 2974
3974 3445 2114
3975 1844 595
3976 1480 3319
3977 4179 3250
3978 1241 444
3979 1817 2573
3980 4273 3037
3981 1262 3160
3982 478 3500
3983 419 4095
3984 3803 2311
3985 370 481
3986 2613 3144
3987 364 4090
3988 1593 45
3989 57 465
3990 2680 1362
3991 453 2352
3992 680 2314
3993 778 675
3994 3465 1645
3995 3455 4285
3996 258 3904
3997 721 2248
3998 1215 3074
3999 2730 1460
4000 493 2319
4001 3061 2890
4002 3567 1406
4003 2740 893
4004 2470 853
4005 3510 4389
4006 3985 218
4007 3473 1886
4008 290 2521
4009 2849 1916
4010 2044 833
4011 783 2211
4012 1144 1969
4013 4177 4233
4014 3897 3841
4015 4382 2505
4016 1809 935
4017 799 2810
4018 3028 1237
4019 194 2835
4020 441 1029
4021 4052 270
4022 2389 2463
4023 1846 3279
4024 690 1979
4025 3662 2618
4026 1834 2043
4027 1853 4216
4028 434 2561
4029 3724 2200
4030 3105 1882
4031 2971 1797
4032 1022 2676
4033 190 477
4034 989 434
4035 1469 2300
4036 2755 1983
4037 1182 725
4038 2513 3943
4039 2816 3445
4040 1488 1231
4041 845 1691
4042 918 1377
4043 1210 2092
4044 4198 175
4045 353 2956
4046 54 3226
4047 3455 110
4048 4002 4108
4049 3291 3897
4050 4040 866
4051 320 3861
4052 890 163
4053 302 768
4054 2165 3023
4055 118 4063
4056 4362 3320
4057 2362 1281
4058 3976 1929
4059 761 2778
4060 2768 711
4061 3840 177
4062 1076 3047
4063 3236 1468
4064 3841 4336
4065 3137 1962
4066 1540 2378
4067 2337 456
4068 3394 3494
4069 3704 158
4070 4273 2068
4071 800 2597
4072 1279 1897
4073 2685 2365
4074 4405 1846
4075 2316 94
4076 521 2188
4077 1572 2700
4078 1259 3472
4079 4121 4241
4080 247 496
4081 110 1716
4082 1381 2903
4083 1080 3158
4084 88 3047
4085 230 3439
4086 1997 1491
4087 2872 4235
4088 2681 3568
4089 3636 1690
4090 761 1801
4091 162 54
4092 2501 2136
4093 1686 281
4094 2255 210
4095 1837 2587
4096 2535 1201
4097 1939 65
4098 1683 2893
4099 1944 1021
4100 786 4326
4101 2395 468
4102 1078 1235
4103 2769 2559
4104 3312 1038
4105 2484 2266
4106 4142 1989
4107 3338 22
4108 1010 589
4109 3268 832
4110 450 1906
4111 3942 2890
4112 2774 4122
4113 2860 3128
4114 1219 2291
4115 1320 2679
4116 2592 3404
4117 1836 3801
4118 1926 2284
4119 2809 353
4120 26 2962
4121 854 4384
4122 2471 661
4123 1500 3572
4124 3870 150
4125 3843 645
4126 1788 369
4127 1535 4330
4128 1126 563
4129 2982 3891
4130 889 2120
4131 2893 731
4132 1731 407
4133 489 893
4134 4119 2157
4135 711 656
4136 798 2615
4137 3281 4178
4138 2200 1575
4139 2015 4187
4140 1690 1388
4141 3814 722
4142 2477 344
4143 3455 433
4144 4405 695
4145 814 122
4146 765 4371
4147 1379 2883
4148 1078 2398
4149 179 1858
4150 462 2373
4151 3066 3845
4152 2305 246
4153 775 3970
4154 1490 3513
4155 1768 1520
4156 637 15
4157 509 3856
4158 3812 1636
4159 604 2863
4160 3655 3782
4161 738 247
4162 91 183
4163 305 3764
4164 2629 4089
4165 2681 687
4166 2253 4013
4167 2962 1618
4168 378 118
4169 668 3438
4170 633 3344
4171 2017 1505
4172 3039 159
4173 1598 1217
4174 1788 2098
4175 185 1229
4176 2483 1209
4177 2583 1072
4178 238 4049
4179 1616 2731
4180 3096 1179
4181 719 586
4182 603 1704
4183 2326 852
4184 1966 94
4185 2715 3978
4186 603 420
4187 2444 2905
4188 1474 1025
4189 2737 620
4190 515 591
4191 3320 319
4192 3688 272
4193 116 1193
4194 3229 216
4195 1216 910
4196 1341 2361
4197 308 3560
4198 686 53
4199 4467 2735
4200 2724 501
4201 2155 1350
4202 35 4074
4203 2598 272
4204 2562 2877
4205 979 1216
4206 3235 3001
4207 3608 713
4208 282 1828
4209 1909 960
4210 1318 3712
4211 2370 1202
4212 1324 913
4213 2950 2947
4214 2374 1719
4215 2212 2801
4216 1927 1250
4217 1539 494
4218 1169 3811
4219 3478 3340
4220 180 2496
4221 724 2465
4222 469 1295
4223 2010 325
4224 797 1812
4225 57 2477
4226 819 3822
4227 2262 818
4228 3206 112
4229 4048 4297
4230 208 2903
4231 1665 1312
4232 1032 1761
4233 1858 3670
4234 3939 558
4235 1481 1301
4236 3727 2159
4237 3300 4071
4238 2745 1894
4239 868 287
4240 1059 1651
4241 1457 699
4242 4226 2734
4243 2485 253
4244 3308 2746
4245 1915 1500
4246 4302 3842
4247 1406 1780
4248 3608 2477
4249 2510 2997
4250 2980 2270
4251 3358 1449
4252 2433 2209
4253 4008 3054
4254 1847 327
4255 2427 3535
4256 482 806
4257 999 1272
4258 1272 2202
4259 1540 224
4260 1614 732
4261 2211 658
4262 3069 4300
4263 2910 585
4264 1959 1875
4265 2813 1285
4266 3998 2983
4267 875 3947
4268 1048 2501
4269 2500 1184
4270 2176 2071
4271 1406 1335
4272 661 1275
4273 3908 2695
4274 1700 511
4275 823 3295
4276 3206 3376
4277 1577 3675
4278 1941 3568
4279 3046 314
4280 3945 3960
4281 1970 146
4282 4405 766
4283 2066 273
4284 3512 956
4285 4301 3496
4286 2802 234
4287 2845 1646
4288 3789 95
4289 3398 751
4290 2528 1464
4291 1632 1831
4292 1905 171
4293 2520 2317
4294 2562 467
4295 3129 2331
4296 1691 1831
4297 616 4420
4298 788 2157
4299 1494 3074
4300 2464 2469
4301 1440 3369
4302 3441 3853
4303 4260 2268
4304 2344 2791
4305 1508 436
4306 4380 3880
4307 3690 388
4308 2617 2472
4309 4440 2033
4310 4237 2320
4311 2823 3863
4312 4359 2983
4313 2227 4375
4314 801 4284
4315 1048 2905
4316 1668 1026
4317 3715 1923
4318 4462 622
4319 3070 4251
4320 1332 2500
4321 3187 4070
4322 2582 1714
4323 3628 860
4324 462 1820
4325 2223 1087
4326 3928 2534
4327 256 2359
4328 903 1085
4329 2774 969
4330 3807 2320
4331 2556 2508
4332 1010 2090
4333 2961 551
4334 935 114
4335 2543 4469
4336 1956 2324
4337 4365 3792
4338 3527 3296
4339 3965 2407
4340 1645 2678
4341 1058 1011
4342 3753 1540
4343 882 3021
4344 1784 1247
4345 1102 2866
4346 918 2904
4347 287 3445
4348 4075 1695
4349 1353 3915
4350 511 2525
4351 4369 3046
4352 106 1921
4353 3812 2471
4354 887 3112
4355 1172 3005
4356 1110 3105
4357 104 3649
4358 495 2255
4359 2629 2409
4360 250 3618
4361 3403 1159
4362 1736 265
4363 1820 1584
4364 1633 1407
4365 984 3543
4366 1040 116
4367 4196 400
4368 1276 1969
4369 255 3255
4370 840 1126
4371 527 888
4372 413 672
4373 4354 631
4374 530 4167
4375 1853 1808
4376 2112 1946
4377 2379 2106
4378 150 3090
4379 4219 1995
4380 45 783
4381 3832 1657
4382 4010 2558
4383 563 1677
4384 2655 4172
4385 2722 2103
4386 4341 4287
4387 2776 2010
4388 3223 2949
4389 2353 3293
4390 1940 3299
4391 2236 4275
4392 3398 2937
4393 1071 344
4394 2594 3187
4395 4451 2612
4396 1837 3438
4397 2855 2269
4398 2622 4160
4399 2330 385
4400 3577 2319
4401 2279 2713
4402 990 4190
4403 1142 3715
4404 502 613
4405 3403 3853
4406 3496 1187
4407 4404 2710
4408 2278 870
4409 924 1171
4410 2777 870
4411 2375 3109
4412 2737 560
4413 4306 2205
4414 1180 275
4415 380 2259
4416 4044 162
4417 334 1633
4418 1980 3884
4419 3600 3569
4420 209 291
4421 3280 2267
4422 111 1889
4423 2941 758
4424 2063 2986
4425 313 1290
4426 3965 3408
4427 2223 1973
4428 622 3757
4429 2460 82
4430 3123 671
4431 3412 1357
4432 219 998
4433 2682 3113
4434 1205 2960
4435 1699 2425
4436 556 3648
4437 673 246
4438 761 3002
4439 4226 809
4440 2225 4171
4441 2001 3593
4442 4158 2709
4443 704 3898
4444 1462 320
4445 3410 3694
4446 2125 4225
4447 634 974
4448 2345 1687
4449 3072 4253
4450 3695 2046
4451 1739 2905
4452 1861 1
4453 137 4280
4454 216 1693
4455 1168 1077
4456 4381 1779
4457 2688 3823
4458 1973 3654
4459 338 1976
4460 1440 3905
4461 1198 314
4462 2924 1881
4463 3507 229
4464 3416 1593
4465 1154 2393
4466 3165 2778
4467 2536 1945
4468 2157 2003
4469 164 230
4470 1290 600
