2300 2300
1 513 614
2 1141 1983
3 1293 61
4 460 221
5 2161 1430
6 1539 423
7 2213 1475
8 1668 513
9 1764 1214
10 1515 2082
11 1119 957
12 1316 1181
13 1458 1811
14 1389 1755
15 44 2265
16 1767 1392
17 481 1419
18 952 188
19 1558 940
20 1901 180
21 856 1723
22 2269 1385
23 2009 668
24 2151 1516
25 1392 119
26 256 191
27 41 939
28 1238 2203
29 571 405
30 2286 1538
31 1413 301
32 737 2295
33 503 1705
34 1629 715
35 1835 282
36 1451 1726
37 1904 1280
38 1838 471
39 1706 162
40 1182 1120
41 1274 2000
42 1817 610
43 2283 1618
44 406 871
45 2136 894
46 1373 1453
47 472 766
48 2015 2082
49 1440 1916
50 234 1624
51 1228 2121
52 959 607
53 357 1271
54 1457 504
55 1564 2199
56 789 1945
57 11 283
58 784 1314
59 1380 140
60 1808 1070
61 394 1150
62 1131 2251
63 1396 2162
64 2152 294
65 1363 2256
66 1536 1998
67 907 1311
68 1060 1942
69 1709 2034
70 844 1329
71 1640 976
72 111 2182
73 1478 1326
74 1744 1333
75 1000 1700
76 292 1092
77 596 1673
78 244 2273
79 121 1874
80 2254 1243
81 724 902
82 175 1350
83 1302 1919
84 1776 660
85 1770 1904
86 2249 350
87 649 502
88 1081 1900
89 999 319
90 1484 1852
91 603 37
92 453 1700
93 606 2099
94 2232 1450
95 444 171
96 1075 1916
97 651 1524
98 1959 812
99 904 1128
100 181 1629
101 459 1249
102 693 1758
103 1135 767
104 983 1338
105 310 1949
106 465 1053
107 1178 2113
108 1077 935
109 1832 1797
110 1651 171
111 788 799
112 760 609
113 1217 627
114 1431 807
115 1466 172
116 1368 92
117 105 1900
118 36 405
119 271 1213
120 1653 881
121 1256 2004
122 519 2172
123 1209 1131
124 2034 1608
125 595 2165
126 760 415
127 509 1760
128 1105 959
129 1409 1348
130 1409 2215
131 1071 866
132 1153 665
133 1951 227
134 938 233
135 1924 1294
136 847 517
137 1160 36
138 1442 268
139 1274 51
140 281 940
141 790 1468
142 1488 587
143 1088 501
144 693 2174
145 1487 789
146 1507 1745
147 1659 1038
148 1068 73
149 1017 2125
150 263 1007
151 2290 484
152 1441 2109
153 1459 497
154 2073 58
155 47 741
156 761 2058
157 61 571
158 803 1847
159 1500 1981
160 2094 737
161 1196 2120
162 982 25
163 1503 804
164 1433 380
165 467 1126
166 278 1250
167 1394 1138
168 498 793
169 800 1239
170 382 950
171 1163 457
172 2040 1931
173 1329 1204
174 2241 1778
175 517 1950
176 330 773
177 2119 771
178 489 1006
179 401 2056
180 1355 357
181 1246 858
182 1756 476
183 1951 1055
184 1367 482
185 807 1578
186 847 1643
187 19 1667
188 332 1135
189 125 261
190 1538 124
191 172 1367
192 1310 814
193 1320 512
194 1490 1601
195 280 1506
196 2196 85
197 373 650
198 1701 1553
199 1277 325
200 1016 1228
201 316 562
202 177 157
203 2169 1091
204 1574 417
205 1261 1805
206 1537 551
207 1723 1208
208 2262 131
209 544 837
210 1647 909
211 2261 2214
212 98 1547
213 1849 128
214 193 310
215 1112 1379
216 369 954
217 2276 407
218 455 109
219 304 1229
220 1290 670
221 2190 460
222 1883 1980
223 1629 733
224 2069 1036
225 1642 380
226 1730 1923
227 962 2088
228 897 540
229 1717 953
230 2176 1635
231 693 1469
232 2033 29
233 514 1358
234 1135 1567
235 1301 2297
236 720 1821
237 1579 2053
238 1292 1494
239 1903 382
240 733 250
241 214 2104
242 1605 1759
243 1726 1353
244 1211 1096
245 133 1081
246 1301 2267
247 1351 1327
248 2238 724
249 466 1629
250 767 2158
251 338 2227
252 1596 479
253 1640 1810
254 448 63
255 327 611
256 2208 401
257 1169 101
258 212 288
259 1061 247
260 2179 1058
261 229 473
262 1254 1106
263 211 1133
264 1762 856
265 181 929
266 981 1103
267 2182 1268
268 2165 351
269 661 1586
270 839 847
271 1972 728
272 635 1988
273 861 235
274 1897 1842
275 468 1327
276 292 174
277 1754 2283
278 757 378
279 1660 1652
280 742 713
281 654 971
282 1367 1542
283 1601 1982
284 628 94
285 1611 1237
286 1320 535
287 206 653
288 442 488
289 1493 1798
290 903 1442
291 674 1430
292 31 1234
293 1127 1933
294 503 1028
295 114 794
296 1566 754
297 690 329
298 590 1874
299 1820 1215
300 2009 1431
301 69 351
302 389 303
303 1426 890
304 1977 1316
305 1906 1514
306 2045 2032
307 471 1410
308 92 267
309 1152 877
310 1419 2163
311 149 1656
312 1405 2152
313 1471 1345
314 417 1523
315 94 1561
316 1516 1631
317 1492 1116
318 808 1782
319 2055 824
320 939 1429
321 2190 1575
322 1744 1247
323 1912 2169
324 1395 380
325 1874 2037
326 1775 445
327 1538 2182
328 1957 514
329 827 894
330 2286 938
331 1539 1630
332 1209 434
333 1646 285
334 410 1864
335 46 2125
336 1018 822
337 212 1605
338 120 48
339 1676 1158
340 1375 815
341 1683 596
342 101 1058
343 412 1497
344 2000 1360
345 697 779
346 2103 1023
347 1300 1749
348 203 23
349 982 1808
350 698 199
351 45 775
352 1252 1937
353 252 393
354 1532 1583
355 2003 2176
356 1426 2124
357 218 74
358 306 983
359 167 2175
360 267 1780
361 1398 1374
362 45 1405
363 648 557
364 1031 1619
365 53 170
366 1114 1489
367 1330 1940
368 1202 1647
369 2099 1057
370 242 795
371 1466 2141
372 1158 1000
373 656 2018
374 1962 2284
375 1724 2210
376 1746 140
377 1593 1050
378 1124 1005
379 651 148
380 1549 253
381 1201 1087
382 1332 2234
383 701 470
384 948 2142
385 1588 1254
386 1648 12
387 760 284
388 1300 42
389 1091 1946
390 1981 1120
391 602 1936
392 2177 744
393 1190 1943
394 792 1498
395 1037 357
396 1865 1494
397 569 808
398 1833 1151
399 1624 995
400 521 46
401 399 1269
402 483 259
403 1513 2185
404 204 1428
405 1426 273
406 379 440
407 1913 2247
408 1851 573
409 773 753
410 2232 2121
411 763 1576
412 903 1285
413 685 479
414 465 819
415 493 1861
416 1043 758
417 1457 520
418 319 148
419 577 208
420 773 1767
421 510 1179
422 303 183
423 230 1778
424 1581 783
425 1007 216
426 802 861
427 880 1373
428 2111 2047
429 1886 1550
430 1616 840
431 2127 263
432 1284 55
433 297 1057
434 364 1614
435 2069 561
436 1265 117
437 1302 1108
438 510 1314
439 1988 2049
440 967 1565
441 2067 2232
442 1292 1303
443 2237 768
444 256 1204
445 2287 628
446 1306 103
447 211 313
448 1105 217
449 1167 1195
450 1226 1286
451 700 1376
452 2186 874
453 538 809
454 1724 84
455 1351 1727
456 1861 387
457 206 1533
458 99 19
459 337 797
460 991 355
461 1816 328
462 1526 826
463 2052 970
464 318 798
465 2092 117
466 1420 279
467 207 1993
468 2237 2274
469 770 788
470 1469 1806
471 2075 66
472 2035 1763
473 955 1216
474 187 1504
475 220 1944
476 720 1840
477 509 1324
478 474 1649
479 926 76
480 986 2097
481 11 1937
482 863 138
483 1225 604
484 1830 1560
485 1791 690
486 345 748
487 1949 365
488 2081 1770
489 1890 1211
490 1291 2079
491 1014 1274
492 939 1840
493 1919 527
494 612 504
495 298 1222
496 2231 548
497 36 134
498 275 1727
499 1346 17
500 136 1316
501 1740 1055
502 1515 237
503 1452 772
504 810 1803
505 99 47
506 517 1955
507 2212 437
508 1391 711
509 506 345
510 608 1541
511 1694 1116
512 1987 1364
513 2164 1720
514 44 601
515 1962 757
516 2045 267
517 1733 2128
518 884 622
519 861 20
520 1019 1124
521 247 1721
522 371 1801
523 801 1130
524 610 713
525 1740 50
526 504 143
527 108 2247
528 415 160
529 1329 1371
530 198 808
531 1990 2226
532 2031 1313
533 667 1043
534 925 1542
535 1979 319
536 828 2037
537 1313 1355
538 1866 1008
539 2197 1034
540 514 1948
541 243 1514
542 603 776
543 1856 785
544 1659 1329
545 18 2099
546 2164 522
547 141 2114
548 855 1193
549 981 2110
550 879 1930
551 670 1002
552 41 1823
553 1249 1247
554 514 1725
555 709 1875
556 1840 1827
557 1674 577
558 1416 300
559 385 983
560 615 1938
561 1388 912
562 1275 1832
563 91 423
564 1501 1420
565 1759 1331
566 825 1173
567 630 877
568 1282 234
569 1524 1151
570 666 1928
571 1940 1935
572 648 200
573 842 875
574 1960 1201
575 467 1345
576 734 392
577 1781 1450
578 568 361
579 173 1207
580 601 781
581 1598 776
582 1614 1984
583 212 1041
584 226 61
585 817 1693
586 1744 1212
587 926 104
588 1581 2259
589 697 12
590 1515 1816
591 338 2124
592 822 2138
593 1080 753
594 1012 1382
595 1354 1632
596 2178 1105
597 905 1648
598 2061 1199
599 1567 1468
600 538 209
601 1948 1496
602 1670 1333
603 592 2192
604 1173 1302
605 837 520
606 137 348
607 331 150
608 1933 1297
609 413 761
610 2086 266
611 422 1184
612 1606 927
613 1332 1447
614 55 1845
615 2071 1583
616 70 2081
617 2053 79
618 2069 1637
619 761 1358
620 2238 2266
621 938 604
622 1581 1214
623 601 309
624 2180 765
625 989 279
626 65 1467
627 1997 1094
628 1079 1256
629 12 840
630 24 2238
631 1765 1395
632 90 2030
633 1813 132
634 741 757
635 2217 1142
636 49 1066
637 1350 526
638 73 65
639 504 1763
640 223 1877
641 91 141
642 1796 1265
643 1296 2042
644 2178 376
645 1083 1961
646 1492 555
647 2216 359
648 654 44
649 284 1774
650 2082 656
651 2104 499
652 1330 87
653 1940 1987
654 2111 1635
655 953 230
656 1545 2110
657 1415 2053
658 1700 969
659 1395 1828
660 103 1910
661 704 1505
662 159 28
663 1352 1978
664 606 2018
665 1200 257
666 2063 2016
667 231 1867
668 1257 160
669 349 684
670 92 184
671 2059 1237
672 1220 1979
673 1270 1713
674 1929 1207
675 1728 596
676 2073 1022
677 900 472
678 24 312
679 1498 1710
680 1609 1356
681 343 2065
682 358 1945
683 1966 769
684 125 2283
685 1230 80
686 420 765
687 2026 1695
688 1198 1009
689 75 291
690 1975 1330
691 2097 1942
692 298 518
693 1453 190
694 1292 1520
695 1337 222
696 1276 1971
697 1636 1914
698 905 876
699 403 1405
700 2188 700
701 684 1070
702 2266 1986
703 18 834
704 1624 31
705 1794 417
706 997 551
707 961 1442
708 168 1611
709 1114 1720
710 371 756
711 485 2202
712 579 1047
713 1019 1721
714 953 265
715 1668 496
716 1312 192
717 655 1416
718 440 14
719 732 197
720 862 618
721 704 425
722 693 837
723 608 424
724 696 1120
725 1583 656
726 1969 1883
727 1846 314
728 1606 1675
729 2037 264
730 882 2023
731 180 1108
732 2222 1651
733 1461 1477
734 2052 1270
735 56 208
736 123 1050
737 1524 678
738 1261 13
739 823 1396
740 250 1171
741 1205 391
742 1802 49
743 1761 1578
744 64 1924
745 817 60
746 143 454
747 519 590
748 2126 972
749 1772 1344
750 651 1669
751 4 1875
752 545 2078
753 1018 704
754 1406 1527
755 49 2282
756 614 600
757 1867 17
758 449 1167
759 2157 990
760 1383 1765
761 1632 1085
762 726 88
763 1894 1474
764 2187 1096
765 931 1979
766 1521 1616
767 90 2190
768 1482 1731
769 1199 1467
770 68 1786
771 1127 455
772 627 1880
773 1506 659
774 999 1269
775 1863 434
776 9 1315
777 1960 152
778 821 1874
779 1576 2277
780 87 1698
781 95 69
782 2118 807
783 1921 489
784 1675 508
785 1886 227
786 454 2254
787 1523 1337
788 1382 1863
789 464 871
790 1608 278
791 1829 1838
792 111 2026
793 2231 1271
794 21 323
795 1829 2125
796 328 867
797 2231 70
798 1865 557
799 597 128
800 1520 1354
801 111 876
802 246 1985
803 1967 1766
804 2192 468
805 899 1811
806 668 1443
807 1074 1950
808 45 1461
809 85 152
810 426 733
811 682 1300
812 1631 895
813 51 1570
814 2155 1446
815 1947 2180
816 229 1648
817 454 1842
818 1958 456
819 1251 2028
820 18 628
821 2179 1497
822 1975 1567
823 139 2162
824 1582 224
825 168 1434
826 935 1960
827 586 1828
828 2072 781
829 1311 425
830 2288 507
831 1230 859
832 1537 1783
833 704 745
834 1443 1638
835 857 1861
836 2115 278
837 882 551
838 361 1347
839 530 987
840 684 257
841 310 260
842 686 421
843 325 587
844 1410 833
845 616 1452
846 1828 396
847 431 1870
848 1098 1754
849 1028 1213
850 1121 1888
851 335 2179
852 1886 1531
853 1734 2192
854 93 203
855 1246 983
856 1865 177
857 1286 168
858 1917 484
859 212 1935
860 1063 368
861 1877 537
862 547 164
863 1896 30
864 818 566
865 1702 898
866 752 325
867 1925 452
868 722 338
869 2070 1336
870 1076 310
871 515 1292
872 1558 511
873 545 2097
874 773 1180
875 950 2214
876 97 1174
877 1619 797
878 185 1080
879 2035 2237
880 1990 831
881 187 1757
882 2063 2255
883 1897 495
884 2268 860
885 471 1235
886 554 837
887 2126 1636
888 1883 789
889 782 1551
890 534 862
891 1307 647
892 1565 14
893 1612 1049
894 2149 1376
895 1084 1041
896 1230 1300
897 382 308
898 688 1942
899 381 1540
900 1488 529
901 1928 868
902 1203 1975
903 1598 25
904 880 1283
905 741 666
906 1848 637
907 1012 1642
908 1543 157
909 870 2139
910 20 1471
911 1941 505
912 301 2034
913 2236 272
914 557 1575
915 1872 1699
916 198 952
917 13 1221
918 170 2072
919 607 1977
920 1708 1274
921 2171 1310
922 2135 2042
923 1888 451
924 1255 983
925 1353 617
926 1982 2241
927 432 108
928 2057 1532
929 1203 1666
930 1211 334
931 923 804
932 1302 2178
933 1638 1305
934 1741 502
935 1762 366
936 12 1350
937 2270 1619
938 1918 1901
939 2119 946
940 116 906
941 1663 229
942 1519 2123
943 212 1080
944 1804 1335
945 2021 1341
946 721 722
947 1649 1031
948 1323 2126
949 1132 1001
950 1802 1095
951 2297 743
952 561 2270
953 1813 57
954 254 361
955 1985 1847
956 1527 789
957 2218 453
958 387 1741
959 730 632
960 1135 258
961 2037 2212
962 1401 532
963 494 540
964 1338 1161
965 398 1651
966 510 103
967 411 612
968 36 2070
969 1053 1124
970 1007 894
971 995 754
972 1373 2230
973 78 467
974 577 1578
975 1797 1756
976 1594 1890
977 412 1761
978 629 284
979 30 1511
980 643 2118
981 1421 300
982 1125 539
983 425 2121
984 1380 1260
985 356 2152
986 241 1665
987 184 1587
988 60 1834
989 445 349
990 2018 275
991 1317 1128
992 1213 1927
993 1581 1203
994 55 1548
995 1490 432
996 1354 2242
997 1692 1192
998 1379 1271
999 1861 506
1000 16 2221
1001 1897 1937
1002 1723 1294
1003 2117 1410
1004 1980 2084
1005 2273 2206
1006 1410 959
1007 1590 1772
1008 1411 1404
1009 292 349
1010 1533 2295
1011 1869 679
1012 1507 1816
1013 1083 836
1014 2135 1026
1015 1166 247
1016 1655 612
1017 2196 1308
1018 1395 1724
1019 1684 740
1020 1115 1633
1021 1753 1546
1022 885 855
1023 113 396
1024 693 934
1025 574 1045
1026 283 2111
1027 1423 477
1028 1957 134
1029 114 1802
1030 1598 1884
1031 349 644
1032 462 295
1033 154 1959
1034 627 1324
1035 1639 107
1036 27 1576
1037 326 1077
1038 2215 1107
1039 509 1788
1040 383 1300
1041 1962 1402
1042 1503 1013
1043 1937 960
1044 1214 1257
1045 578 1767
1046 2240 1755
1047 1780 1609
1048 889 110
1049 2246 152
1050 1000 53
1051 1066 1224
1052 69 2018
1053 1243 371
1054 507 1582
1055 2195 1552
1056 593 1727
1057 608 996
1058 1451 68
1059 2122 953
1060 604 195
1061 882 1036
1062 437 1868
1063 758 1906
1064 1008 234
1065 1228 1077
1066 326 628
1067 1739 1220
1068 813 2098
1069 1532 1600
1070 307 2008
1071 2082 1044
1072 819 1582
1073 1404 2003
1074 61 1340
1075 486 1625
1076 244 760
1077 110 1944
1078 269 1614
1079 976 912
1080 7 2123
1081 869 1028
1082 89 1621
1083 64 1242
1084 51 2237
1085 601 1500
1086 1793 2002
1087 314 1665
1088 2213 1570
1089 1259 1164
1090 935 1047
1091 1098 695
1092 201 1739
1093 2027 1930
1094 315 1403
1095 1924 1453
1096 2165 1100
1097 444 60
1098 844 1463
1099 873 1345
1100 695 159
1101 835 1707
1102 782 2204
1103 891 1365
1104 1278 238
1105 1788 117
1106 2178 999
1107 921 2230
1108 1065 361
1109 1871 2228
1110 1665 371
1111 1749 1774
1112 1379 102
1113 2177 1964
1114 1112 1911
1115 160 2143
1116 440 659
1117 665 1857
1118 1930 1381
1119 1278 414
1120 1371 2043
1121 1820 803
1122 965 28
1123 747 548
1124 1074 1494
1125 1297 2041
1126 1069 979
1127 1831 732
1128 698 1668
1129 337 1094
1130 189 1172
1131 1215 1991
1132 940 46
1133 363 751
1134 1524 1086
1135 466 826
1136 36 1277
1137 261 2026
1138 474 1427
1139 29 2048
1140 125 381
1141 2034 333
1142 1820 379
1143 1075 633
1144 1359 447
1145 1934 137
1146 503 1887
1147 221 964
1148 1497 1131
1149 1418 1519
1150 1825 1567
1151 1275 35
1152 1669 2143
1153 1865 23
1154 1787 907
1155 314 510
1156 1530 1638
1157 1324 371
1158 1114 210
1159 480 1503
1160 553 2162
1161 1995 2081
1162 1254 847
1163 1223 1484
1164 1936 1135
1165 1393 1263
1166 730 658
1167 1154 1819
1168 1985 2118
1169 560 528
1170 2221 2078
1171 646 633
1172 489 1990
1173 2222 1721
1174 414 1405
1175 1978 2245
1176 1155 1210
1177 1953 1610
1178 146 469
1179 2296 790
1180 2032 885
1181 1964 845
1182 969 90
1183 1946 776
1184 90 1717
1185 120 379
1186 2196 397
1187 461 1995
1188 758 633
1189 2157 1946
1190 854 155
1191 2157 46
1192 1960 195
1193 2190 1176
1194 314 728
1195 772 1902
1196 351 1950
1197 1452 863
1198 2046 313
1199 1287 717
1200 1370 1033
1201 967 1906
1202 1772 1522
1203 1292 1859
1204 308 2074
1205 908 75
1206 1472 37
1207 270 1312
1208 553 728
1209 297 1827
1210 1071 1489
1211 83 956
1212 7 306
1213 556 2211
1214 267 1668
1215 1777 1438
1216 802 329
1217 1329 1979
1218 1273 661
1219 2166 970
1220 2233 658
1221 95 34
1222 2141 1590
1223 2265 1558
1224 1966 1726
1225 2011 879
1226 1993 1908
1227 1186 1572
1228 605 1300
1229 652 351
1230 1938 2054
1231 77 478
1232 214 1746
1233 1216 93
1234 1798 350
1235 772 1818
1236 2079 1236
1237 282 2020
1238 1805 643
1239 112 888
1240 1359 2248
1241 1078 2280
1242 564 432
1243 800 515
1244 1701 656
1245 329 242
1246 1509 396
1247 1842 535
1248 790 128
1249 182 1779
1250 112 712
1251 1493 12
1252 1678 173
1253 950 225
1254 1943 380
1255 1085 1750
1256 1935 363
1257 2260 511
1258 2000 1730
1259 1774 2003
1260 503 1740
1261 2286 244
1262 22 673
1263 457 912
1264 1961 1394
1265 158 1967
1266 1819 595
1267 473 944
1268 1084 365
1269 1686 74
1270 1973 976
1271 779 276
1272 1060 74
1273 61 1850
1274 224 1697
1275 446 533
1276 475 21
1277 1835 180
1278 2166 990
1279 1765 1469
1280 1352 1841
1281 2021 1620
1282 1259 1576
1283 2284 1987
1284 1436 791
1285 1590 957
1286 2113 1332
1287 1487 82
1288 80 1498
1289 1727 242
1290 925 150
1291 1558 1521
1292 2164 346
1293 133 1908
1294 1960 1042
1295 2206 2111
1296 571 1968
1297 2126 298
1298 2208 1683
1299 363 1663
1300 957 1795
1301 1007 863
1302 520 803
1303 1263 1364
1304 864 891
1305 788 864
1306 1367 200
1307 1638 1796
1308 2039 233
1309 1878 1251
1310 1130 414
1311 2048 456
1312 610 716
1313 373 1893
1314 1777 1103
1315 37 1409
1316 1828 1539
1317 928 1517
1318 186 906
1319 289 302
1320 632 444
1321 1784 2291
1322 1946 1412
1323 1581 2204
1324 2256 1974
1325 353 97
1326 2202 1418
1327 788 445
1328 85 36
1329 1938 1397
1330 183 1049
1331 1830 1514
1332 445 1248
1333 721 370
1334 307 744
1335 1977 1725
1336 2291 1897
1337 161 1098
1338 1562 909
1339 2106 1907
1340 323 538
1341 1011 1799
1342 473 1085
1343 1749 1462
1344 2164 1485
1345 578 1570
1346 178 888
1347 895 577
1348 596 2297
1349 431 1477
1350 2046 1582
1351 362 139
1352 1803 292
1353 649 2227
1354 2218 1441
1355 2000 80
1356 1168 833
1357 190 1943
1358 1243 340
1359 1151 1176
1360 1930 458
1361 1060 333
1362 150 1013
1363 1379 1217
1364 1448 1059
1365 1317 1756
1366 1609 1136
1367 1344 1541
1368 814 1146
1369 1156 1149
1370 1556 1609
1371 436 1082
1372 1038 1606
1373 1801 1614
1374 1984 1698
1375 207 1869
1376 128 560
1377 197 476
1378 1591 1675
1379 922 336
1380 363 1525
1381 147 126
1382 1198 985
1383 1419 2204
1384 357 2118
1385 1996 1103
1386 318 1611
1387 1556 1823
1388 734 46
1389 1204 2196
1390 1567 1232
1391 492 1811
1392 2082 2103
1393 1211 2252
1394 2196 715
1395 2129 1749
1396 415 2117
1397 102 1003
1398 1522 2029
1399 2076 686
1400 820 1006
1401 103 1059
1402 1217 1531
1403 692 1526
1404 2145 2116
1405 768 774
1406 1970 637
1407 510 1612
1408 1540 2106
1409 1104 1018
1410 1063 1597
1411 1094 1819
1412 1737 835
1413 1572 2202
1414 1225 2161
1415 566 193
1416 1975 382
1417 580 1988
1418 1436 148
1419 1574 1163
1420 208 721
1421 1208 2226
1422 1371 2066
1423 2026 1874
1424 1401 1794
1425 1556 1088
1426 958 1908
1427 16 2096
1428 1545 1588
1429 2164 705
1430 322 1461
1431 865 1048
1432 81 1827
1433 548 1158
1434 129 1327
1435 2024 1154
1436 154 436
1437 1616 802
1438 2219 1199
1439 1999 940
1440 1651 802
1441 2025 1884
1442 854 1396
1443 344 707
1444 442 1556
1445 1291 1259
1446 1963 2168
1447 2117 1318
1448 551 761
1449 1238 737
1450 1282 160
1451 1361 1907
1452 262 1382
1453 29 248
1454 2002 2235
1455 649 1173
1456 1628 103
1457 1513 1988
1458 1691 1431
1459 1028 964
1460 1286 362
1461 779 1445
1462 302 1215
1463 2155 1361
1464 686 811
1465 1122 1489
1466 1056 230
1467 1598 2170
1468 1063 414
1469 1462 610
1470 1339 1199
1471 861 951
1472 1193 1380
1473 236 2018
1474 612 938
1475 1379 2163
1476 551 1267
1477 1367 2037
1478 664 1754
1479 311 1008
1480 35 1745
1481 456 2150
1482 447 1573
1483 2241 1815
1484 1878 270
1485 1243 2230
1486 492 874
1487 742 2101
1488 1890 186
1489 816 1752
1490 1899 1036
1491 1670 1345
1492 402 775
1493 1603 1216
1494 1141 1628
1495 907 647
1496 973 609
1497 1337 649
1498 1851 622
1499 2028 758
1500 247 2151
1501 2277 1154
1502 1119 2201
1503 468 731
1504 19 253
1505 1927 1840
1506 866 967
1507 263 1868
1508 1223 728
1509 1848 1522
1510 1196 841
1511 597 142
1512 1791 380
1513 1908 948
1514 972 29
1515 1791 1799
1516 562 1075
1517 647 57
1518 2221 243
1519 1203 2165
1520 463 2048
1521 616 361
1522 534 2163
1523 2192 1941
1524 1645 1413
1525 809 600
1526 2263 1586
1527 428 1077
1528 732 721
1529 1557 2144
1530 1813 5
1531 2185 855
1532 834 294
1533 13 779
1534 166 2021
1535 2176 243
1536 1727 1584
1537 2076 1459
1538 127 1913
1539 1977 1520
1540 1362 1552
1541 1335 1588
1542 812 1911
1543 677 1616
1544 1729 326
1545 349 1334
1546 1715 1219
1547 766 1920
1548 733 2039
1549 1815 1996
1550 190 46
1551 678 889
1552 1671 212
1553 646 946
1554 836 233
1555 1400 578
1556 1180 1746
1557 20 459
1558 1048 2023
1559 846 1671
1560 34 2067
1561 727 540
1562 1690 763
1563 1814 943
1564 2205 111
1565 1838 2144
1566 2000 2223
1567 726 1439
1568 2139 1189
1569 2274 1266
1570 1791 490
1571 311 1401
1572 696 1034
1573 1606 954
1574 1647 855
1575 1969 575
1576 1783 2089
1577 47 1492
1578 686 1352
1579 774 1953
1580 1927 1686
1581 2277 1663
1582 1510 1976
1583 2098 382
1584 327 1014
1585 1488 591
1586 1758 149
1587 682 1127
1588 622 360
1589 1145 1376
1590 1521 95
1591 1438 1734
1592 400 1280
1593 1510 480
1594 1919 394
1595 1517 2092
1596 587 2015
1597 1973 1889
1598 630 56
1599 1505 252
1600 1987 1528
1601 1529 1965
1602 338 25
1603 815 1506
1604 2162 1950
1605 1263 2060
1606 953 1885
1607 2176 1645
1608 1896 699
1609 927 1594
1610 208 2086
1611 1407 1390
1612 1096 1122
1613 1577 426
1614 913 1136
1615 1212 734
1616 1322 1278
1617 2280 1860
1618 1371 1931
1619 1140 276
1620 1303 162
1621 70 1344
1622 1061 1332
1623 1763 285
1624 168 1579
1625 2254 1157
1626 947 716
1627 1041 1622
1628 556 341
1629 1253 374
1630 710 1683
1631 1553 2097
1632 1121 1285
1633 2002 2217
1634 897 666
1635 149 952
1636 887 2164
1637 2085 1895
1638 299 1462
1639 2147 1676
1640 1701 1263
1641 1492 2125
1642 1158 1363
1643 1974 1711
1644 1781 1741
1645 109 1670
1646 2047 1518
1647 383 1755
1648 64 1577
1649 169 1270
1650 1495 687
1651 160 734
1652 1972 901
1653 1005 945
1654 1960 24
1655 1665 1228
1656 1428 732
1657 1620 2017
1658 374 2096
1659 1554 31
1660 1208 1236
1661 230 544
1662 282 320
1663 1658 1174
1664 1411 621
1665 399 992
1666 246 1142
1667 423 301
1668 375 421
1669 373 1194
1670 2103 361
1671 152 695
1672 2276 541
1673 2262 387
1674 1258 842
1675 929 1841
1676 2097 1214
1677 883 2162
1678 1944 1094
1679 1690 669
1680 2013 2198
1681 56 1384
1682 203 2202
1683 2281 1487
1684 496 315
1685 973 473
1686 2194 1106
1687 136 1851
1688 220 255
1689 254 2254
1690 2084 18
1691 1072 2109
1692 1356 1935
1693 308 1054
1694 1133 400
1695 592 1167
1696 1572 519
1697 614 2148
1698 1784 463
1699 3 403
1700 2086 347
1701 205 381
1702 467 778
1703 1641 1315
1704 387 178
1705 577 302
1706 1386 1331
1707 450 2123
1708 2148 934
1709 1994 686
1710 1385 421
1711 600 1882
1712 846 1413
1713 1359 1586
1714 1613 447
1715 856 77
1716 1387 1591
1717 746 511
1718 1160 1762
1719 1052 890
1720 362 785
1721 254 748
1722 777 614
1723 1360 319
1724 1259 2251
1725 1472 816
1726 1872 901
1727 2012 2041
1728 8 2275
1729 2223 1761
1730 1152 795
1731 432 1821
1732 325 1256
1733 1915 760
1734 111 1757
1735 285 1262
1736 1145 397
1737 1558 338
1738 2133 1623
1739 1293 317
1740 1755 1439
1741 686 342
1742 2001 906
1743 2058 888
1744 1454 78
1745 1512 1572
1746 931 1178
1747 1587 660
1748 781 733
1749 1381 1920
1750 1433 1760
1751 2242 1966
1752 1360 2105
1753 1699 1289
1754 70 1669
1755 1569 17
1756 2029 2286
1757 525 1355
1758 253 1657
1759 657 1147
1760 1768 2
1761 2216 1385
1762 15 1718
1763 1238 1968
1764 1151 444
1765 2086 1619
1766 869 1491
1767 965 1418
1768 1882 1110
1769 1408 2113
1770 372 225
1771 1600 1936
1772 1021 1823
1773 819 2215
1774 541 237
1775 962 2094
1776 381 1066
1777 1098 727
1778 2276 1831
1779 128 1938
1780 891 1525
1781 753 682
1782 1273 557
1783 681 918
1784 105 251
1785 2086 2191
1786 1562 1250
1787 1163 1704
1788 2194 1287
1789 2051 445
1790 82 2216
1791 1916 1317
1792 1818 731
1793 171 562
1794 1486 1390
1795 2233 810
1796 4 685
1797 2215 231
1798 1727 1890
1799 218 78
1800 243 809
1801 51 633
1802 129 1097
1803 1561 1302
1804 1498 2057
1805 206 771
1806 367 1554
1807 527 424
1808 219 632
1809 986 2182
1810 1421 695
1811 1018 5
1812 1883 540
1813 1650 1124
1814 1524 1384
1815 529 231
1816 133 772
1817 1494 2049
1818 1970 1173
1819 1026 1563
1820 567 1654
1821 554 748
1822 251 1840
1823 527 1635
1824 12 2010
1825 1711 847
1826 2060 529
1827 1214 361
1828 1809 2145
1829 49 483
1830 788 1716
1831 629 1587
1832 1027 3
1833 1755 981
1834 1146 2179
1835 1051 2197
1836 990 1802
1837 974 1696
1838 2261 1950
1839 1981 854
1840 1545 1080
1841 622 1317
1842 753 373
1843 2209 464
1844 775 397
1845 1380 362
1846 447 829
1847 495 2075
1848 1800 838
1849 1451 339
1850 1728 1239
1851 1191 1798
1852 2007 336
1853 1755 1204
1854 530 1215
1855 1880 334
1856 518 2267
1857 1812 616
1858 250 162
1859 2024 1184
1860 1436 1267
1861 1087 1947
1862 1068 581
1863 465 1939
1864 146 1187
1865 1276 461
1866 2283 532
1867 1394 676
1868 481 1596
1869 2099 1190
1870 1522 560
1871 1640 41
1872 50 966
1873 1444 100
1874 1808 2021
1875 1938 1139
1876 63 1700
1877 431 424
1878 1184 392
1879 1274 872
1880 11 1399
1881 305 1989
1882 1018 962
1883 241 893
1884 1294 299
1885 1320 439
1886 409 768
1887 146 529
1888 318 1350
1889 2067 1425
1890 1750 1033
1891 727 96
1892 2079 1679
1893 780 1044
1894 104 1275
1895 1147 1448
1896 1264 269
1897 2287 126
1898 410 995
1899 167 520
1900 1212 2265
1901 1110 903
1902 1230 1944
1903 1869 660
1904 1478 863
1905 1735 812
1906 1806 775
1907 2160 734
1908 197 1333
1909 1280 1891
1910 266 1262
1911 1573 525
1912 289 790
1913 152 144
1914 2007 1280
1915 2240 1649
1916 988 225
1917 2104 831
1918 1363 1183
1919 1281 1020
1920 714 1124
1921 319 2247
1922 474 1843
1923 600 1123
1924 2045 394
1925 1757 213
1926 314 544
1927 2105 709
1928 294 341
1929 1275 1879
1930 1857 1196
1931 2156 1220
1932 1298 316
1933 2150 1637
1934 718 1774
1935 147 2235
1936 1521 1626
1937 1228 1984
1938 1687 1824
1939 543 2242
1940 1375 469
1941 2114 1026
1942 266 906
1943 955 622
1944 1570 1664
1945 1073 867
1946 1979 1141
1947 1172 1952
1948 2202 781
1949 340 1603
1950 12 2293
1951 26 323
1952 989 1436
1953 1624 1173
1954 2117 467
1955 573 2219
1956 1091 1039
1957 1768 1042
1958 968 583
1959 729 35
1960 898 179
1961 777 440
1962 1762 807
1963 907 819
1964 1979 605
1965 447 1607
1966 765 39
1967 1138 543
1968 756 1527
1969 1073 132
1970 404 1439
1971 207 1498
1972 1748 1727
1973 242 141
1974 1178 1108
1975 1561 2200
1976 179 652
1977 2295 198
1978 1967 911
1979 2238 573
1980 1162 648
1981 18 531
1982 1864 208
1983 1768 107
1984 1279 1282
1985 1526 43
1986 1159 1369
1987 1056 2243
1988 2123 1194
1989 576 235
1990 1618 2168
1991 1050 20
1992 126 2280
1993 147 609
1994 152 2057
1995 1208 1680
1996 1372 209
1997 713 1018
1998 703 1014
1999 591 2006
2000 1774 854
2001 1572 688
2002 1196 1940
2003 525 1494
2004 2080 543
2005 1318 100
2006 380 1040
2007 653 245
2008 218 974
2009 2166 169
2010 985 108
2011 1153 25
2012 715 493
2013 836 275
2014 1808 2230
2015 679 618
2016 869 2243
2017 1049 982
2018 429 1261
2019 413 312
2020 867 1051
2021 1097 1680
2022 2098 1760
2023 2189 410
2024 1642 1983
2025 759 543
2026 768 584
2027 1201 1276
2028 715 1115
2029 1640 1548
2030 1880 87
2031 300 1266
2032 551 748
2033 441 169
2034 147 1331
2035 16 1503
2036 1120 1837
2037 2084 1484
2038 735 187
2039 1538 963
2040 1477 398
2041 2214 257
2042 1771 1399
2043 1981 781
2044 1686 1864
2045 1616 344
2046 751 439
2047 983 658
2048 1057 1582
2049 338 661
2050 1306 7
2051 754 2156
2052 1394 490
2053 1363 918
2054 1394 1270
2055 1844 69
2056 788 649
2057 832 440
2058 1336 350
2059 2212 237
2060 994 967
2061 1041 1103
2062 760 398
2063 1183 1283
2064 247 928
2065 1414 569
2066 498 769
2067 1516 512
2068 767 1046
2069 1863 556
2070 1948 616
2071 2044 1074
2072 1727 440
2073 788 221
2074 2205 2000
2075 1574 190
2076 1157 261
2077 1462 1665
2078 481 2133
2079 885 1611
2080 1697 1447
2081 416 39
2082 2018 1220
2083 2177 589
2084 565 1408
2085 1423 1268
2086 1641 1190
2087 869 1607
2088 1798 2220
2089 1738 190
2090 1594 2163
2091 680 638
2092 13 589
2093 475 198
2094 992 204
2095 435 1295
2096 1439 234
2097 1641 1843
2098 1199 2289
2099 1245 661
2100 337 1357
2101 1427 1928
2102 1116 647
2103 1448 1612
2104 1325 5
2105 2283 1241
2106 421 1711
2107 2265 1023
2108 1118 100
2109 356 310
2110 1338 2262
2111 1739 1139
2112 1789 834
2113 859 2123
2114 1077 1895
2115 1057 1910
2116 150 248
2117 1040 2
2118 91 1700
2119 399 2186
2120 1151 590
2121 2266 1129
2122 973 1945
2123 229 239
2124 1622 2254
2125 622 201
2126 1339 911
2127 137 1396
2128 2118 1822
2129 256 1384
2130 892 147
2131 308 1506
2132 594 1074
2133 669 1296
2134 816 617
2135 1608 435
2136 341 608
2137 1043 209
2138 37 617
2139 1501 629
2140 1519 346
2141 1436 1808
2142 1647 1821
2143 587 1764
2144 1183 1323
2145 960 2134
2146 716 1612
2147 358 1232
2148 475 71
2149 1398 1009
2150 612 425
2151 719 952
2152 212 1434
2153 919 2007
2154 942 1074
2155 736 1684
2156 1327 2185
2157 1907 2197
2158 1418 210
2159 919 1393
2160 1128 1665
2161 1878 878
2162 828 979
2163 92 19
2164 855 1681
2165 360 2109
2166 1607 576
2167 70 878
2168 865 17
2169 869 606
2170 2084 1385
2171 450 1778
2172 1484 1950
2173 1221 1633
2174 611 926
2175 517 581
2176 1181 747
2177 294 182
2178 610 1400
2179 1624 1985
2180 2148 1323
2181 1693 1560
2182 1593 411
2183 95 236
2184 1791 1512
2185 1085 1862
2186 2095 641
2187 656 434
2188 1247 326
2189 408 85
2190 1723 1806
2191 263 810
2192 493 1782
2193 2204 19
2194 812 1342
2195 1133 925
2196 1286 2051
2197 1556 62
2198 2034 294
2199 2158 229
2200 101 884
2201 135 459
2202 1546 663
2203 1161 88
2204 959 1008
2205 2280 1879
2206 1154 1709
2207 299 1843
2208 1634 685
2209 2185 690
2210 123 838
2211 920 419
2212 891 1898
2213 810 943
2214 1165 1017
2215 1681 2079
2216 922 169
2217 1836 13
2218 1275 2023
2219 2165 296
2220 918 965
2221 555 1849
2222 1872 1657
2223 533 23
2224 1358 1581
2225 88 1061
2226 1499 1539
2227 1951 1195
2228 1801 203
2229 2133 2067
2230 923 390
2231 1382 1825
2232 703 410
2233 343 1544
2234 24 552
2235 1932 1794
2236 206 205
2237 1699 2053
2238 749 1419
2239 1859 1480
2240 1542 133
2241 2177 898
2242 67 1522
2243 1521 1697
2244 778 2243
2245 812 462
2246 16 688
2247 876 1315
2248 2148 2228
2249 1393 664
2250 238 1142
2251 1987 734
2252 160 611
2253 756 1957
2254 628 33
2255 1507 289
2256 1714 782
2257 2160 1400
2258 2124 1022
2259 1351 2117
2260 268 205
2261 279 356
2262 852 1201
2263 1904 85
2264 1013 1246
2265 2169 1890
2266 1132 2270
2267 781 1348
2268 336 1939
2269 2048 784
2270 586 2187
2271 1100 310
2272 758 1240
2273 726 63
2274 1539 732
2275 1791 1500
2276 967 818
2277 1179 541
2278 1447 1649
2279 1401 1719
2280 1069 133
2281 1695 2000
2282 2160 1108
2283 1730 388
2284 810 655
2285 1973 926
2286 1071 360
2287 2087 251
2288 405 526
2289 375 2150
2290 478 1799
2291 151 1800
2292 1765 1214
2293 1935 1842
2294 648 2209
2295 699 49
2296 1982 1728
2297 1943 2107
2298 141 2183
2299 607 387
2300 2178 860
