5230 5230
1 4214 4159
2 1102 596
3 4156 386
4 261 50
5 1819 2715
6 3883 878
7 2132 1004
8 857 3734
9 32 687
10 3132 2723
11 2923 2353
12 263 926
13 458 5067
14 3942 3052
15 1150 1234
16 4945 402
17 3445 3489
18 4147 4059
19 1003 5150
20 2803 290
21 4888 1370
22 2537 1161
23 2129 1562
24 974 934
25 637 2478
26 2098 497
27 3686 991
28 1119 3333
29 3663 899
30 1975 3548
31 3002 5072
32 3903 2242
33 2649 5011
34 895 1125
35 3566 2773
36 2294 2619
37 4423 2427
38 849 338
39 3087 3103
40 1171 4909
41 2455 2302
42 3338 4788
43 281 4300
44 1740 3106
45 3459 4939
46 645 2013
47 519 3034
48 401 2346
49 4088 4902
50 550 657
51 4655 3164
52 5061 409
53 4806 1262
54 4876 5185
55 559 686
56 1415 1965
57 4163 3244
58 3653 3390
59 1974 3135
60 3921 4112
61 5178 3088
62 1987 537
63 5016 422
64 2417 669
65 2857 988
66 427 3536
67 2455 2885
68 3139 1730
69 4314 1837
70 3557 2325
71 3479 4626
72 614 1862
73 3891 2035
74 3324 1946
75 3873 1154
76 4559 1549
77 4209 4137
78 5217 1981
79 3191 1039
80 2564 16
81 3958 1072
82 4094 2021
83 4364 3618
84 4903 430
85 3450 4537
86 1155 4237
87 1071 3145
88 3557 453
89 282 153
90 5043 571
91 4751 3293
92 3655 4990
93 2006 1452
94 3956 3356
95 30 897
96 1797 2203
97 5228 308
98 1518 5150
99 849 3093
100 1982 1212
101 4624 3712
102 183 1859
103 847 2495
104 3195 1353
105 4666 2114
106 4841 152
107 3522 75
108 154 2099
109 1930 827
110 3310 2767
111 1729 3578
112 2462 2505
113 2566 4568
114 1092 3203
115 665 2771
116 635 4693
117 1687 914
118 657 2916
119 2779 1137
120 4977 4731
121 2739 2558
122 4682 5119
123 4477 3901
124 1336 4313
125 1562 4801
126 339 2929
127 1714 2097
128 3717 435
129 4232 1101
130 61 1530
131 860 2617
132 2545 2814
133 5019 3508
134 518 4049
135 3886 2329
136 1448 373
137 3343 4392
138 2648 3598
139 4045 3687
140 2962 2223
141 1772 1872
142 806 4874
143 2306 5048
144 887 3589
145 5026 2179
146 2248 5184
147 2471 1419
148 4171 829
149 754 2045
150 4284 4062
151 262 2923
152 105 449
153 146 649
154 294 2949
155 1250 2541
156 2513 1121
157 2884 2042
158 5208 2720
159 2125 1382
160 1474 108
161 4102 2513
162 1717 4298
163 2515 1375
164 2626 1292
165 2014 5060
166 4262 3914
167 3516 3502
168 3225 450
169 4410 2023
170 2659 1162
171 4336 3461
172 4416 3922
173 505 206
174 4279 1816
175 3780 4705
176 395 515
177 4232 3697
178 2949 3015
179 4769 4895
180 582 4702
181 2906 426
182 400 427
183 4481 700
184 821 2559
185 1019 1326
186 433 1909
187 768 263
188 1582 1767
189 1540 917
190 1949 4437
191 2018 971
192 583 2496
193 695 221
194 991 2400
195 5148 2430
196 4882 3626
197 4668 1368
198 287 1332
199 1815 2563
200 5224 1353
201 1201 3480
202 3476 879
203 3983 4796
204 1875 1886
205 499 1306
206 75 4557
207 4641 2177
208 391 2748
209 68 2530
210 4826 2905
211 2168 1079
212 1781 1491
213 4149 3547
214 1756 2536
215 4783 4116
216 2944 554
217 1655 2465
218 365 4993
219 4191 2651
220 1640 2513
221 411 1861
222 4635 3539
223 3909 2065
224 958 3272
225 697 4896
226 4930 2230
227 3558 2922
228 4334 1797
229 102 4274
230 142 1783
231 2940 272
232 674 1832
233 2047 528
234 4395 1020
235 1881 1616
236 7 4735
237 3756 4722
238 5230 2448
239 5136 563
240 2363 3692
241 3895 3241
242 1877 1297
243 1502 535
244 844 1828
245 3963 58
246 1944 686
247 285 139
248 2663 4155
249 2885 502
250 962 196
251 2917 2751
252 4765 4483
253 4458 2155
254 1881 344
255 548 264
256 1497 5096
257 1354 4530
258 1425 4578
259 1242 3462
260 2250 330
261 3991 1227
262 1770 5146
263 961 863
264 1962 1657
265 4123 1639
266 177 1614
267 1459 3164
268 1402 1930
269 4963 2696
270 4703 2610
271 978 2266
272 488 2353
273 3748 4467
274 964 3010
275 2612 4059
276 1679 1353
277 1131 4069
278 481 4013
279 1252 2260
280 4868 2854
281 1005 1321
282 3786 3746
283 4725 2306
284 2207 99
285 3325 5009
286 3917 4937
287 2458 935
288 727 866
289 281 4566
290 4139 150
291 682 1189
292 1659 277
293 4848 226
294 3806 1210
295 1425 1256
296 5092 2356
297 69 5197
298 4419 4773
299 2999 908
300 2723 2090
301 4732 4174
302 1226 3787
303 2873 2378
304 3937 5050
305 2982 310
306 2704 4486
307 3258 2679
308 2593 240
309 361 2843
310 2806 4203
311 4346 1288
312 1907 2531
313 689 2425
314 638 5028
315 1011 4820
316 209 4783
317 586 1087
318 3201 4398
319 2387 2130
320 1709 5092
321 2407 679
322 2350 196
323 3988 555
324 2439 934
325 5110 1955
326 1416 313
327 5019 451
328 145 919
329 298 1209
330 1421 4231
331 859 2704
332 2716 1293
333 1594 6
334 3134 3707
335 2693 4691
336 3044 3104
337 4255 3710
338 2110 3928
339 4348 2423
340 5039 4585
341 438 28
342 3205 1321
343 1368 575
344 2513 363
345 4852 3400
346 3539 1803
347 3398 190
348 2934 3275
349 510 4060
350 1958 2195
351 2853 2599
352 193 208
353 4280 1087
354 3105 4495
355 729 88
356 3778 4742
357 1295 1178
358 3696 2705
359 211 1988
360 4044 4106
361 2679 5136
362 940 712
363 3006 1409
364 1888 1541
365 1389 206
366 244 1115
367 685 2910
368 363 2833
369 2917 4928
370 5028 553
371 5031 4780
372 4547 4104
373 839 3809
374 3276 3808
375 3280 1069
376 421 3617
377 1089 4204
378 4289 533
379 3280 5155
380 934 2992
381 3894 4591
382 2039 2488
383 3224 3172
384 4472 726
385 2824 1466
386 4752 3376
387 697 2853
388 4168 4378
389 3526 1357
390 1970 3034
391 1991 2092
392 3027 1224
393 4388 1754
394 2965 865
395 5185 4878
396 1759 4143
397 1583 1177
398 890 356
399 4410 825
400 3307 4631
401 3015 2601
402 1242 3023
403 3760 1474
404 2571 3506
405 2802 3531
406 1148 1268
407 818 2281
408 2975 1785
409 4162 582
410 4450 368
411 3209 2993
412 1149 2974
413 3158 660
414 4280 1057
415 2172 1207
416 1222 4771
417 2273 3416
418 2491 4623
419 1468 3535
420 2793 2282
421 635 4936
422 105 1551
423 216 4301
424 2170 1485
425 3295 2683
426 174 1571
427 4902 3191
428 1449 4482
429 3854 2471
430 2574 174
431 3654 1536
432 127 4357
433 1285 5133
434 3216 1162
435 3525 1679
436 2648 4353
437 3351 760
438 2260 2466
439 3557 2704
440 69 3201
441 279 2951
442 1053 4995
443 3653 3826
444 428 4344
445 3264 9
446 74 4518
447 2909 2766
448 2579 4545
449 5099 4002
450 223 1021
451 2376 1356
452 3377 2980
453 1358 4919
454 1272 3363
455 2191 3776
456 2013 4658
457 4582 1772
458 4405 406
459 1745 1750
460 2480 24
461 434 1559
462 2105 4915
463 4591 4671
464 2077 3791
465 2842 2090
466 4577 3954
467 4 5126
468 4842 895
469 5113 532
470 2286 3300
471 4686 4302
472 436 3977
473 4203 4279
474 889 4491
475 542 2780
476 1868 4753
477 4317 3072
478 715 2034
479 266 1366
480 450 950
481 3690 2047
482 831 352
483 4835 2528
484 5105 2295
485 3600 1297
486 5173 3491
487 2680 5119
488 5179 1810
489 4732 179
490 1719 4713
491 1227 1096
492 3968 3232
493 1009 767
494 4667 1476
495 5015 1478
496 1251 4023
497 579 1877
498 2098 3678
499 352 3910
500 844 5155
501 947 572
502 1436 688
503 865 339
504 265 1983
505 3528 3459
506 988 1154
507 3740 4748
508 5093 3935
509 4660 1903
510 1439 2995
511 1295 1679
512 3128 491
513 1585 2622
514 209 2020
515 1563 2432
516 1239 4751
517 3182 1374
518 679 423
519 1305 3492
520 359 393
521 3696 3603
522 110 218
523 1547 2466
524 819 4952
525 266 1409
526 1840 820
527 3090 981
528 3673 217
529 2386 4519
530 1254 2699
531 2700 1603
532 2565 4764
533 97 4527
534 4457 5153
535 975 3240
536 604 3793
537 1171 2529
538 2913 3528
539 2560 4855
540 5195 4772
541 3331 1096
542 627 408
543 4671 2453
544 1132 2681
545 564 4549
546 176 3348
547 593 4825
548 2813 2331
549 1850 3754
550 727 3805
551 4679 2433
552 635 3323
553 3186 1353
554 1330 3337
555 2987 1492
556 156 1958
557 4047 582
558 198 303
559 1842 3501
560 4214 3919
561 4999 2730
562 2659 1302
563 3742 4926
564 1694 2672
565 3429 4891
566 4940 1764
567 287 3814
568 2873 4823
569 1803 4225
570 5080 2064
571 246 2764
572 3187 3157
573 1128 4233
574 1198 5049
575 4530 1743
576 2754 1110
577 325 1052
578 1854 2351
579 1259 2311
580 3090 3400
581 657 52
582 3259 2732
583 574 3396
584 5160 2362
585 1767 2968
586 139 3961
587 2359 3254
588 725 787
589 423 2375
590 389 429
591 823 2370
592 2279 5065
593 618 1766
594 5171 4305
595 545 2826
596 3528 3590
597 3109 82
598 3789 3498
599 3838 5091
600 1503 2254
601 3109 126
602 2435 2529
603 415 2671
604 3232 1970
605 932 1607
606 4308 1920
607 4779 2460
608 3744 4365
609 2327 1414
610 2899 4357
611 4978 36
612 5097 5170
613 1347 2107
614 4135 1618
615 4677 849
616 4707 4269
617 3925 4379
618 2449 39
619 1334 610
620 4421 3442
621 3240 1109
622 3759 2397
623 3060 1753
624 3199 900
625 4124 4802
626 3109 4310
627 3781 2022
628 1142 2461
629 3846 4902
630 1214 3428
631 285 657
632 4531 1961
633 3146 973
634 1079 925
635 3855 398
636 4955 947
637 1086 3417
638 4871 4575
639 3395 5112
640 3322 4646
641 5201 4087
642 593 4606
643 623 1065
644 3484 317
645 1132 145
646 1297 4184
647 917 89
648 2592 2193
649 220 821
650 246 2382
651 1953 1412
652 3371 769
653 570 872
654 1885 2868
655 4262 211
656 4990 2279
657 32 15
658 3014 906
659 4222 859
660 5063 3995
661 3035 692
662 3350 4075
663 1281 4003
664 4999 58
665 3439 799
666 1509 4086
667 5112 1530
668 991 4358
669 4470 1021
670 202 3242
671 4283 763
672 3857 1469
673 3787 212
674 1982 1809
675 70 2537
676 2668 3132
677 4211 4618
678 2454 219
679 2525 3588
680 2503 1504
681 3146 2527
682 831 1254
683 656 2362
684 2245 2
685 709 2604
686 5183 3040
687 4679 4684
688 3912 5058
689 769 3815
690 4434 4837
691 4857 1890
692 1747 682
693 155 3641
694 2400 964
695 4554 708
696 1873 4875
697 979 1272
698 1819 4173
699 4654 4341
700 41 87
701 2810 4941
702 2292 2083
703 194 3158
704 4246 4113
705 1947 1153
706 186 599
707 2653 5062
708 2527 1060
709 3953 1911
710 317 3903
711 3572 955
712 1138 1971
713 1871 4731
714 30 1915
715 4715 2241
716 2243 3837
717 2507 5163
718 1390 4805
719 22 498
720 3212 4403
721 987 1604
722 4839 1392
723 1365 4847
724 3110 1074
725 606 2774
726 656 779
727 2227 1808
728 3886 679
729 4974 268
730 1119 2788
731 1187 3958
732 2422 2866
733 4217 3760
734 4292 2109
735 261 3360
736 561 4087
737 1140 3282
738 2252 3528
739 717 550
740 4703 385
741 715 2475
742 2594 2572
743 4373 956
744 3574 5121
745 885 1977
746 5146 4023
747 3953 1591
748 1418 1038
749 3802 2872
750 921 4132
751 2387 1212
752 4378 2789
753 2654 721
754 1002 2701
755 1965 3213
756 839 116
757 1092 5207
758 2170 1501
759 2486 3343
760 3385 3805
761 1956 843
762 280 1165
763 1799 1429
764 78 3356
765 1804 5223
766 1435 862
767 3852 1877
768 2160 1598
769 2451 2275
770 4074 3382
771 1278 72
772 4 401
773 779 1766
774 610 3789
775 1775 1207
776 2666 1328
777 139 1348
778 4319 2379
779 3187 4424
780 2356 4763
781 669 5048
782 4426 1524
783 2256 2611
784 199 610
785 745 3645
786 3627 1738
787 1268 4402
788 1619 63
789 3172 2742
790 2617 740
791 5139 660
792 3872 3749
793 2522 874
794 865 3684
795 1033 955
796 1012 3051
797 2293 3464
798 2566 420
799 4412 1622
800 2340 1
801 1042 1118
802 4694 2714
803 3301 766
804 528 4939
805 661 1165
806 3459 118
807 1000 1404
808 2102 126
809 1345 1229
810 689 482
811 1311 2211
812 4499 2711
813 1404 2171
814 2789 3409
815 1266 1175
816 1234 2797
817 4910 4478
818 4259 1563
819 2267 4675
820 2366 1089
821 2160 4950
822 818 320
823 229 4100
824 471 3611
825 3663 640
826 5132 3569
827 2133 2195
828 1008 3074
829 2640 3453
830 140 2490
831 3762 647
832 4162 573
833 4295 4561
834 1395 2315
835 887 469
836 3703 3898
837 2801 2744
838 2467 4353
839 3060 3001
840 5199 3737
841 1679 2084
842 864 4980
843 3143 1417
844 3817 32
845 3472 2172
846 4667 2607
847 358 4538
848 3047 2059
849 2120 1859
850 365 3152
851 2025 4826
852 3148 2675
853 4847 2243
854 2907 3082
855 3253 3779
856 527 4736
857 4127 3569
858 343 2748
859 2419 276
860 1774 2464
861 3272 1779
862 3001 77
863 1964 2932
864 1988 371
865 2143 5131
866 3678 1961
867 4525 4324
868 708 2496
869 2328 5109
870 112 3830
871 1330 4308
872 5184 1842
873 1788 5075
874 4138 2296
875 960 1518
876 4978 3958
877 865 2148
878 4784 2771
879 5010 3951
880 2962 3326
881 958 4190
882 567 173
883 3534 1117
884 882 4993
885 4092 352
886 2476 1777
887 4253 967
888 1617 4993
889 906 548
890 4447 2130
891 972 91
892 2937 4797
893 4986 3733
894 4994 1183
895 2228 2689
896 1657 4513
897 901 3734
898 2207 2444
899 4478 4936
900 1883 3869
901 293 5103
902 952 879
903 663 4326
904 3985 4668
905 4077 4049
906 2497 4306
907 967 5138
908 2566 108
909 3963 957
910 2404 3338
911 1862 1816
912 3162 1762
913 1308 2427
914 3721 221
915 3859 3415
916 3640 2295
917 3909 2924
918 430 4475
919 262 83
920 3401 1884
921 4597 233
922 541 5030
923 1729 1995
924 3428 2495
925 4044 3127
926 659 4045
927 3228 3894
928 2759 4828
929 3415 3359
930 4031 1087
931 773 2222
932 1184 3842
933 5060 4107
934 3303 3758
935 2439 5205
936 4224 1895
937 1186 166
938 1854 2664
939 670 972
940 2638 2331
941 2918 1993
942 3035 4118
943 1623 3687
944 2357 1232
945 2682 4973
946 2760 2192
947 2148 297
948 1723 2761
949 3776 2453
950 2208 2541
951 5017 2396
952 3457 3740
953 343 130
954 4119 1896
955 1316 420
956 419 3299
957 178 3865
958 3374 3750
959 2945 2149
960 3128 1202
961 312 3522
962 2266 1135
963 4593 3087
964 2334 1708
965 1991 1417
966 4040 2950
967 4894 4560
968 5053 3752
969 2140 4353
970 2199 176
971 1045 1037
972 1164 87
973 2876 272
974 4549 385
975 4 2896
976 5186 4583
977 4964 3849
978 381 3223
979 2085 1630
980 426 639
981 1090 1199
982 2096 4043
983 1247 3252
984 58 55
985 3970 2278
986 1055 5116
987 896 953
988 3302 3471
989 1499 2536
990 1062 5152
991 52 43
992 5131 4997
993 4896 1983
994 3962 1298
995 1662 3606
996 3130 5139
997 1905 5033
998 2865 4258
999 2791 697
1000 2477 5148
1001 966 691
1002 1441 4182
1003 4829 645
1004 2815 608
1005 3063 577
1006 3062 5186
1007 29 4993
1008 5128 5219
1009 1049 5003
1010 5206 2209
1011 43 2286
1012 4673 1335
1013 558 4892
1014 304 1735
1015 3759 3921
1016 4017 549
1017 2010 340
1018 2680 2685
1019 936 1867
1020 2632 2747
1021 3574 1655
1022 3258 4405
1023 536 3636
1024 5213 3186
1025 2565 4878
1026 1170 2047
1027 1776 4065
1028 998 1581
1029 623 3792
1030 2951 3394
1031 2370 3080
1032 2265 3075
1033 2524 3948
1034 957 412
1035 1149 1032
1036 2172 1361
1037 942 3153
1038 1999 3334
1039 5094 536
1040 2978 2146
1041 2668 1845
1042 4243 2904
1043 4935 607
1044 2682 4328
1045 964 103
1046 1579 3686
1047 3286 4980
1048 370 5177
1049 5060 1585
1050 97 372
1051 144 4906
1052 3958 167
1053 211 1652
1054 4502 1133
1055 4135 1216
1056 511 4354
1057 2782 1957
1058 617 1024
1059 4962 1928
1060 1421 95
1061 1279 463
1062 1544 1998
1063 2238 2011
1064 421 1837
1065 3618 982
1066 2497 1437
1067 747 1675
1068 63 2959
1069 3421 934
1070 1316 2645
1071 2534 628
1072 4067 3070
1073 1327 2778
1074 2272 2816
1075 2673 3313
1076 3220 720
1077 1786 245
1078 2287 1261
1079 4174 4922
1080 3773 4126
1081 3492 4905
1082 2182 1861
1083 376 3114
1084 288 693
1085 4056 1201
1086 1094 4727
1087 2535 2686
1088 704 3479
1089 16 2134
1090 2360 2543
1091 2870 2712
1092 436 2428
1093 4926 3415
1094 1818 5177
1095 3404 3108
1096 262 2268
1097 1424 5174
1098 2209 3445
1099 1823 3809
1100 2918 2868
1101 4123 785
1102 3052 3623
1103 3750 2121
1104 2570 3156
1105 1075 2599
1106 604 4311
1107 4947 3195
1108 2510 451
1109 1809 5125
1110 4401 2528
1111 4842 481
1112 3427 1192
1113 4063 492
1114 39 1074
1115 1406 3466
1116 1336 3367
1117 2300 2121
1118 4653 4350
1119 2093 175
1120 157 2530
1121 2341 1778
1122 4053 1471
1123 4601 1104
1124 1071 1950
1125 1460 1113
1126 1020 2721
1127 4474 3293
1128 4087 2055
1129 4273 3381
1130 4619 4706
1131 3272 292
1132 3559 1702
1133 4725 4710
1134 1932 2237
1135 5148 430
1136 2430 3491
1137 1101 4480
1138 2630 2444
1139 1512 4518
1140 5154 5084
1141 4351 617
1142 444 1629
1143 1950 3387
1144 2139 2253
1145 986 4316
1146 4999 1696
1147 1249 4234
1148 3953 1304
1149 3746 1697
1150 1018 2774
1151 3565 1131
1152 1929 325
1153 1773 407
1154 1590 1055
1155 1804 1554
1156 3206 1797
1157 3783 1930
1158 935 4969
1159 5070 179
1160 4752 3419
1161 4110 3753
1162 3100 21
1163 839 2820
1164 733 2158
1165 2691 43
1166 5224 377
1167 1052 412
1168 4439 4470
1169 1611 3219
1170 3365 3422
1171 1281 1460
1172 4922 3638
1173 2968 2219
1174 4236 2470
1175 536 2369
1176 4799 2034
1177 1017 1340
1178 4323 423
1179 1066 546
1180 3228 162
1181 3268 1747
1182 1807 4854
1183 2850 1526
1184 3160 222
1185 1157 1010
1186 2019 3845
1187 4967 2592
1188 797 3024
1189 3181 3401
1190 198 1710
1191 1345 3922
1192 2103 2658
1193 1581 3608
1194 789 3349
1195 1102 410
1196 175 4849
1197 2475 4480
1198 3812 632
1199 4947 3777
1200 2081 3337
1201 1795 3377
1202 3423 3688
1203 3402 742
1204 2575 2905
1205 2368 3812
1206 1683 577
1207 4945 3926
1208 979 3636
1209 3600 4757
1210 4111 942
1211 2713 3912
1212 1563 2130
1213 1987 4787
1214 3321 4289
1215 702 3579
1216 1681 1041
1217 192 650
1218 5077 4017
1219 2964 2051
1220 2797 1081
1221 704 984
1222 593 1894
1223 1992 4131
1224 3298 3383
1225 2935 2025
1226 452 1806
1227 5037 3369
1228 2019 623
1229 153 2575
1230 4965 727
1231 696 3857
1232 1379 4330
1233 4314 2205
1234 3050 1442
1235 3554 4546
1236 4796 978
1237 1333 1038
1238 2763 2634
1239 3136 3404
1240 3576 3171
1241 1190 3693
1242 2085 1014
1243 3511 1450
1244 3120 3793
1245 5 788
1246 98 3157
1247 4869 807
1248 3702 906
1249 4499 3381
1250 733 2734
1251 3829 3689
1252 1773 2255
1253 1942 5130
1254 4598 3317
1255 3163 1888
1256 4342 1891
1257 2198 162
1258 3840 5189
1259 2467 713
1260 2930 4719
1261 4022 4342
1262 3407 796
1263 395 975
1264 4887 852
1265 2060 4263
1266 2861 4976
1267 2271 2516
1268 1885 806
1269 3185 3470
1270 1068 2780
1271 2229 2073
1272 2161 1287
1273 5078 4725
1274 4346 3259
1275 3927 830
1276 3684 721
1277 898 271
1278 1676 3164
1279 4259 1724
1280 437 27
1281 1927 3813
1282 571 789
1283 279 1499
1284 4223 4449
1285 4104 2223
1286 4925 4470
1287 3092 2493
1288 544 1792
1289 3166 2329
1290 1870 2000
1291 663 4139
1292 265 5207
1293 1085 4796
1294 1178 3795
1295 4986 2764
1296 4328 2369
1297 2925 2961
1298 3101 3419
1299 463 2066
1300 1914 481
1301 2865 453
1302 2730 4921
1303 2033 2964
1304 3012 393
1305 3554 819
1306 3385 4051
1307 1281 4861
1308 3574 1348
1309 3703 2278
1310 1206 5000
1311 2774 5079
1312 2261 4213
1313 3331 4612
1314 5022 4574
1315 4189 4468
1316 2716 1035
1317 3706 2715
1318 4053 371
1319 3162 1800
1320 2210 3226
1321 2321 4456
1322 1522 4813
1323 5137 1273
1324 2536 4091
1325 4868 3489
1326 4852 3241
1327 416 474
1328 3643 4740
1329 869 4248
1330 1930 2285
1331 1119 3296
1332 1802 1565
1333 3694 4013
1334 1343 743
1335 273 4892
1336 3707 1136
1337 4068 5171
1338 1460 4623
1339 2659 291
1340 1028 1245
1341 2601 253
1342 2995 5142
1343 2238 1240
1344 2841 3212
1345 1788 389
1346 4748 3035
1347 592 5200
1348 2360 377
1349 1800 3451
1350 3765 5202
1351 217 1263
1352 809 732
1353 4843 389
1354 332 3198
1355 5017 3813
1356 1871 224
1357 988 4510
1358 4617 1023
1359 3316 351
1360 3626 4516
1361 5168 145
1362 660 3941
1363 4082 3162
1364 1613 4926
1365 3066 3496
1366 4428 3225
1367 4762 427
1368 2519 4858
1369 1529 4130
1370 135 2736
1371 3993 391
1372 4373 838
1373 3246 2633
1374 4035 437
1375 2712 4647
1376 2091 380
1377 2922 1815
1378 181 111
1379 5204 2223
1380 955 3532
1381 133 3034
1382 2697 4911
1383 3648 3034
1384 1416 4908
1385 3374 1750
1386 50 2041
1387 4428 4616
1388 2941 1905
1389 516 3567
1390 1819 795
1391 3474 264
1392 1601 1397
1393 2100 442
1394 4070 2051
1395 493 3153
1396 3498 279
1397 3237 469
1398 348 210
1399 2769 2687
1400 2255 4201
1401 3386 431
1402 281 4852
1403 3298 980
1404 2773 5093
1405 2596 3926
1406 4792 275
1407 2176 4282
1408 298 4998
1409 1200 4566
1410 128 1503
1411 4447 1378
1412 2222 719
1413 4986 4926
1414 2634 4604
1415 5068 2272
1416 2117 2288
1417 319 3774
1418 667 1374
1419 1568 2465
1420 326 4144
1421 1982 3362
1422 3725 605
1423 4608 1227
1424 3593 3783
1425 4784 3779
1426 556 4213
1427 3108 2677
1428 3678 2793
1429 4056 1354
1430 4307 4676
1431 4559 401
1432 2575 4350
1433 3159 4119
1434 4849 3503
1435 347 1026
1436 392 1202
1437 2142 2111
1438 2259 439
1439 693 4121
1440 1216 4731
1441 2244 1171
1442 3954 3465
1443 802 3646
1444 1506 2065
1445 2415 2501
1446 823 691
1447 630 4969
1448 2758 2406
1449 1554 1004
1450 2866 1920
1451 1952 3130
1452 86 2327
1453 2156 4835
1454 1219 3042
1455 4191 1110
1456 4470 915
1457 3338 4257
1458 1195 4093
1459 615 4612
1460 4303 2182
1461 2547 1101
1462 827 1691
1463 1564 68
1464 1057 722
1465 3068 850
1466 407 5152
1467 3614 2967
1468 3473 4587
1469 1617 4931
1470 2131 924
1471 84 3608
1472 1291 3629
1473 2976 1607
1474 4776 1239
1475 2997 565
1476 3916 3023
1477 3933 4452
1478 435 733
1479 2871 1056
1480 3879 2252
1481 1479 4364
1482 19 4031
1483 3777 4007
1484 3421 1603
1485 4798 1612
1486 4024 1989
1487 710 929
1488 2252 3646
1489 423 515
1490 4842 4055
1491 1928 4525
1492 1595 703
1493 1337 904
1494 5113 3168
1495 2663 2264
1496 5046 2343
1497 3252 4512
1498 2821 2329
1499 3802 2995
1500 3265 5218
1501 1123 3746
1502 2789 4130
1503 4253 2878
1504 1502 5049
1505 3789 5020
1506 3023 153
1507 601 2189
1508 632 804
1509 824 4152
1510 3951 1138
1511 258 1753
1512 97 1968
1513 2129 1780
1514 495 1813
1515 2097 3183
1516 1763 133
1517 1449 5095
1518 569 3876
1519 4873 1004
1520 5045 150
1521 4622 3731
1522 587 2997
1523 4808 3905
1524 2934 3758
1525 5133 939
1526 1686 1858
1527 1740 1641
1528 593 789
1529 4542 2149
1530 48 111
1531 2765 3549
1532 3234 52
1533 394 1070
1534 1921 2369
1535 2108 3827
1536 4912 1191
1537 538 4310
1538 5052 2063
1539 3407 57
1540 1994 2387
1541 760 2287
1542 4080 397
1543 3940 2222
1544 1345 1321
1545 3133 1723
1546 441 4691
1547 1728 1895
1548 478 4454
1549 1098 2293
1550 576 1521
1551 1933 1287
1552 4247 3735
1553 1517 4539
1554 200 4672
1555 4932 2160
1556 3156 4211
1557 871 3790
1558 3296 4443
1559 5221 4006
1560 4114 3699
1561 1846 1032
1562 269 4263
1563 1667 3596
1564 5090 5207
1565 921 112
1566 4527 4337
1567 1395 2749
1568 4815 2031
1569 1299 3854
1570 2218 1839
1571 983 1768
1572 1958 1140
1573 2710 1626
1574 526 2923
1575 2383 3225
1576 4693 451
1577 1295 2577
1578 2995 1540
1579 179 4848
1580 1459 877
1581 4357 4606
1582 1547 1355
1583 3984 711
1584 5190 1188
1585 2146 3659
1586 4620 1358
1587 1448 2169
1588 565 3624
1589 5107 4404
1590 761 1222
1591 373 168
1592 273 1260
1593 4002 52
1594 1578 1394
1595 3752 4187
1596 3228 3340
1597 1049 609
1598 1677 2347
1599 2871 4317
1600 1499 1158
1601 540 3168
1602 3331 1337
1603 669 1314
1604 4247 201
1605 43 1465
1606 624 3042
1607 1507 5150
1608 1610 1581
1609 2864 4809
1610 2917 396
1611 2265 1429
1612 2064 1173
1613 685 1821
1614 4133 2491
1615 1510 3068
1616 3437 4749
1617 1486 3569
1618 3308 652
1619 3270 885
1620 459 4251
1621 4778 1199
1622 1602 5171
1623 239 5005
1624 257 2498
1625 3143 1249
1626 4473 3891
1627 4950 2900
1628 3199 3950
1629 2268 539
1630 1148 4028
1631 2433 660
1632 3950 541
1633 42 12
1634 4978 3112
1635 1106 2453
1636 4204 2011
1637 3576 4574
1638 2688 5168
1639 239 3531
1640 5177 3783
1641 479 4348
1642 891 918
1643 1652 1577
1644 346 723
1645 1153 2560
1646 4446 3675
1647 1376 3451
1648 2931 3661
1649 3955 1149
1650 1044 2837
1651 2929 2252
1652 4985 3492
1653 4590 5136
1654 800 2748
1655 3933 255
1656 577 4219
1657 1487 2127
1658 4595 4979
1659 1889 2175
1660 4627 1541
1661 2924 2416
1662 3081 4146
1663 837 4456
1664 3380 387
1665 568 522
1666 3053 1335
1667 560 3020
1668 321 4477
1669 3900 3632
1670 819 1174
1671 4498 2599
1672 4086 4051
1673 4551 4114
1674 3204 358
1675 4544 2683
1676 4122 3613
1677 1837 1841
1678 3138 4021
1679 4525 421
1680 4464 4933
1681 1755 2719
1682 526 3661
1683 2720 4612
1684 5138 3602
1685 3330 1396
1686 3099 4476
1687 4646 797
1688 3347 4990
1689 563 885
1690 3507 2421
1691 960 979
1692 150 383
1693 666 4219
1694 3404 5102
1695 4442 1217
1696 771 4051
1697 56 1066
1698 3216 5178
1699 1515 1542
1700 857 967
1701 2764 2796
1702 2723 4544
1703 2750 4504
1704 4801 2525
1705 1105 2813
1706 1467 4994
1707 3220 61
1708 984 5226
1709 573 4445
1710 1553 888
1711 4585 3372
1712 1520 4424
1713 2082 3772
1714 5147 3408
1715 1791 1449
1716 3064 4755
1717 4315 939
1718 3481 654
1719 2879 1282
1720 915 228
1721 1200 4098
1722 2079 4065
1723 4019 2816
1724 2307 4053
1725 4299 455
1726 1193 3049
1727 4931 2234
1728 572 3738
1729 2046 2552
1730 5204 808
1731 851 2471
1732 460 3691
1733 2605 1363
1734 4956 1923
1735 915 4407
1736 4020 4201
1737 550 3366
1738 4743 4396
1739 2495 1564
1740 3980 252
1741 2509 4001
1742 1727 1395
1743 1434 1794
1744 3964 2529
1745 3752 1555
1746 3301 3056
1747 1051 1566
1748 219 1202
1749 1100 795
1750 73 4259
1751 3669 3674
1752 2014 2801
1753 2150 892
1754 4652 1057
1755 1769 4201
1756 2347 2517
1757 4853 950
1758 2515 1453
1759 2044 1024
1760 3763 4189
1761 4155 2737
1762 374 2625
1763 3824 493
1764 2160 788
1765 5171 4554
1766 924 1564
1767 3150 3068
1768 1590 3991
1769 4600 314
1770 1866 4516
1771 1265 1438
1772 702 3929
1773 574 60
1774 5006 1511
1775 3003 1240
1776 2824 1723
1777 2115 2020
1778 2224 4278
1779 1034 3676
1780 2592 4963
1781 5012 3919
1782 1092 1746
1783 903 2625
1784 1767 4285
1785 401 3074
1786 246 5088
1787 4070 953
1788 1283 3195
1789 4516 212
1790 2603 2020
1791 1767 2259
1792 2946 2838
1793 3626 2527
1794 4152 3415
1795 4540 1127
1796 1995 625
1797 4895 3986
1798 2869 570
1799 1071 879
1800 4668 274
1801 1358 741
1802 3288 478
1803 4346 919
1804 4199 488
1805 981 4716
1806 1579 1741
1807 2551 2725
1808 5191 2401
1809 3672 3804
1810 772 45
1811 2650 891
1812 2566 5060
1813 2986 4885
1814 3276 3642
1815 2392 100
1816 2288 4635
1817 2711 4998
1818 3663 4849
1819 4080 4954
1820 3276 2673
1821 2325 2838
1822 1227 1598
1823 2775 846
1824 4332 4428
1825 3305 2135
1826 1279 501
1827 572 1833
1828 1603 412
1829 3523 4878
1830 4199 580
1831 1291 3832
1832 2640 1196
1833 542 4419
1834 1686 689
1835 174 1938
1836 2062 2390
1837 3276 4285
1838 3250 4670
1839 4166 2729
1840 2092 4261
1841 1317 4851
1842 2335 36
1843 5046 5162
1844 899 3054
1845 3573 1419
1846 4383 4084
1847 4476 3664
1848 1155 1722
1849 3294 1394
1850 3924 4024
1851 5043 4340
1852 271 3137
1853 467 4723
1854 1305 4348
1855 3046 67
1856 522 1161
1857 2891 11
1858 3337 5134
1859 1714 2902
1860 2254 3287
1861 3495 4076
1862 79 83
1863 655 4309
1864 2665 2362
1865 3171 1355
1866 2280 271
1867 2639 3276
1868 2110 483
1869 4602 401
1870 1598 4185
1871 1108 1202
1872 4781 3857
1873 2941 5187
1874 541 1063
1875 59 4047
1876 4277 2268
1877 325 1011
1878 2540 3138
1879 4508 2367
1880 4647 2118
1881 3674 3696
1882 140 3153
1883 4277 533
1884 269 3629
1885 1820 3845
1886 1220 3275
1887 1256 60
1888 502 3011
1889 1386 1599
1890 298 1400
1891 4153 405
1892 3133 2619
1893 5170 1571
1894 4835 3494
1895 3321 3396
1896 745 1456
1897 817 1779
1898 525 5178
1899 2949 245
1900 2393 3387
1901 340 3077
1902 3196 4258
1903 2696 921
1904 122 3664
1905 3891 1369
1906 1235 958
1907 1137 1814
1908 545 421
1909 4570 2771
1910 4575 1561
1911 214 3775
1912 2335 5083
1913 3297 1400
1914 3639 2079
1915 2252 2590
1916 444 3882
1917 4730 5172
1918 3889 3927
1919 615 4109
1920 3171 2181
1921 5108 3963
1922 5134 551
1923 604 1249
1924 5186 156
1925 527 4667
1926 4561 5137
1927 905 1160
1928 2652 702
1929 3572 930
1930 4093 1139
1931 3148 3475
1932 271 4405
1933 868 4552
1934 2076 4007
1935 801 446
1936 3212 2688
1937 1597 40
1938 3274 4540
1939 1506 4488
1940 4071 2223
1941 3243 1277
1942 3387 3259
1943 3250 781
1944 497 3954
1945 5076 3166
1946 4139 3794
1947 1517 1472
1948 1115 4324
1949 4070 1453
1950 10 3153
1951 1183 1888
1952 3211 2026
1953 2600 2083
1954 5037 3752
1955 4331 121
1956 1303 3571
1957 384 2896
1958 3124 4198
1959 20 2527
1960 3002 3016
1961 1622 3807
1962 3210 725
1963 3517 1661
1964 2867 3084
1965 1568 1924
1966 2358 2175
1967 2287 2877
1968 1235 3406
1969 4643 532
1970 976 3021
1971 4156 324
1972 2702 2618
1973 1052 3324
1974 4415 5148
1975 883 2338
1976 1941 766
1977 3226 2655
1978 1443 2913
1979 2540 4847
1980 520 526
1981 4803 1819
1982 2962 1269
1983 4784 3301
1984 2298 1366
1985 2633 3485
1986 2521 1334
1987 4208 84
1988 1503 3085
1989 3340 787
1990 2307 3008
1991 2741 3724
1992 3721 158
1993 2601 417
1994 320 124
1995 3645 4044
1996 5085 4574
1997 3746 3124
1998 3305 3109
1999 1480 2612
2000 1283 981
2001 2454 95
2002 2271 1222
2003 2309 4741
2004 3121 1086
2005 2012 2100
2006 4721 675
2007 926 3792
2008 4940 3157
2009 4501 1907
2010 958 5203
2011 4030 1224
2012 1755 921
2013 4577 1472
2014 4507 1743
2015 4861 477
2016 1411 4946
2017 367 696
2018 1857 4921
2019 1652 1055
2020 3905 3594
2021 1745 2495
2022 746 4593
2023 2766 603
2024 815 4118
2025 4381 993
2026 4111 2837
2027 1036 3482
2028 3590 418
2029 9 2473
2030 1029 2775
2031 16 4135
2032 4844 3119
2033 3612 1904
2034 3932 813
2035 2799 763
2036 858 578
2037 2824 560
2038 351 1057
2039 2493 1183
2040 1841 2703
2041 4505 3656
2042 4940 2502
2043 1223 724
2044 3059 2467
2045 350 2926
2046 1269 3505
2047 782 864
2048 3613 4966
2049 732 2306
2050 327 2069
2051 1226 866
2052 383 550
2053 817 700
2054 4068 826
2055 2171 2306
2056 1441 2815
2057 295 770
2058 3793 1208
2059 1898 1211
2060 4810 3770
2061 2122 1605
2062 2801 4455
2063 223 458
2064 4704 2208
2065 319 2142
2066 4815 2774
2067 4079 4876
2068 3985 4415
2069 1206 5127
2070 216 4970
2071 4005 1706
2072 2764 3201
2073 3375 871
2074 653 1966
2075 1901 3703
2076 4751 2816
2077 4073 4160
2078 4543 3401
2079 1682 1822
2080 810 942
2081 2731 2232
2082 2203 1949
2083 4346 1889
2084 4426 238
2085 913 3400
2086 448 3804
2087 3727 845
2088 4057 3007
2089 3903 909
2090 2825 5035
2091 5124 550
2092 4345 4786
2093 237 2526
2094 890 4116
2095 963 1296
2096 965 2113
2097 3613 3983
2098 4471 2159
2099 67 4268
2100 2803 2311
2101 1544 289
2102 1749 4101
2103 2121 3854
2104 57 68
2105 1944 127
2106 3268 2052
2107 1302 4593
2108 4003 4479
2109 5019 4911
2110 4334 3139
2111 309 4182
2112 1296 4608
2113 833 1379
2114 4768 3964
2115 5116 4733
2116 1610 563
2117 1698 822
2118 3518 2945
2119 2890 1516
2120 132 1687
2121 4697 1874
2122 3651 1434
2123 2297 2734
2124 2007 931
2125 4733 1640
2126 3631 875
2127 722 3824
2128 4880 4615
2129 462 835
2130 2821 3786
2131 2131 4966
2132 3995 1753
2133 1557 1542
2134 2012 966
2135 4332 2973
2136 2453 942
2137 1736 1010
2138 1436 1909
2139 1974 3751
2140 3589 3718
2141 4678 4545
2142 2864 954
2143 569 73
2144 821 1174
2145 4501 1347
2146 1833 4048
2147 1110 1309
2148 195 125
2149 1075 3417
2150 3908 3729
2151 2433 4017
2152 1358 382
2153 3002 2051
2154 338 4363
2155 1703 2009
2156 2464 1892
2157 4373 3730
2158 4685 3934
2159 3593 1744
2160 4701 2796
2161 4682 2491
2162 803 257
2163 4190 1841
2164 4479 1525
2165 4564 1381
2166 3669 4331
2167 3459 333
2168 2299 4017
2169 2197 4867
2170 1255 1381
2171 545 837
2172 682 269
2173 8 346
2174 1987 3460
2175 442 4627
2176 2445 2376
2177 2972 3042
2178 4982 1605
2179 735 2685
2180 3903 672
2181 96 1411
2182 4790 4647
2183 587 4573
2184 4435 4090
2185 157 1905
2186 3334 4782
2187 3998 4842
2188 3076 2679
2189 463 2423
2190 3313 1951
2191 1443 238
2192 5065 3668
2193 1854 2358
2194 4957 233
2195 4697 3695
2196 479 3885
2197 1343 3452
2198 3783 1023
2199 373 1741
2200 643 1242
2201 4852 4664
2202 4291 1006
2203 3406 51
2204 4673 5020
2205 1894 1819
2206 2539 1210
2207 3830 2291
2208 1920 3885
2209 1871 4222
2210 4186 576
2211 176 773
2212 2846 805
2213 507 1415
2214 4801 3493
2215 123 2880
2216 3979 2491
2217 1716 2597
2218 89 3414
2219 391 2701
2220 1894 1132
2221 2687 2501
2222 2247 2741
2223 4982 3469
2224 2229 4478
2225 3016 4998
2226 4374 156
2227 24 4013
2228 3216 2389
2229 4608 1640
2230 1175 2261
2231 4972 1848
2232 4135 2336
2233 1462 3137
2234 2341 1695
2235 1953 2443
2236 886 625
2237 4517 3793
2238 3594 3592
2239 4873 1577
2240 3695 3133
2241 4735 4406
2242 567 2818
2243 156 3866
2244 4590 5047
2245 3360 271
2246 4336 2601
2247 1730 395
2248 528 4425
2249 3790 4591
2250 3829 4453
2251 4773 4830
2252 1506 2722
2253 503 4211
2254 2138 2967
2255 849 4769
2256 3283 388
2257 3145 3819
2258 1751 2393
2259 4315 4977
2260 1229 1745
2261 1295 3432
2262 591 4265
2263 2439 2618
2264 588 4799
2265 1235 2326
2266 3588 1531
2267 124 3137
2268 101 428
2269 1683 1470
2270 4924 3614
2271 2244 4011
2272 3520 3476
2273 1498 5193
2274 3629 423
2275 701 1421
2276 4478 3992
2277 3784 3203
2278 2031 4997
2279 4335 2043
2280 548 961
2281 1471 2431
2282 4454 2005
2283 346 1310
2284 5195 58
2285 1142 485
2286 4329 3825
2287 1140 619
2288 4485 1560
2289 42 1996
2290 4322 609
2291 4871 1461
2292 2962 4905
2293 5185 2711
2294 2241 5019
2295 5124 2545
2296 4657 5115
2297 5005 2509
2298 3670 2812
2299 842 409
2300 1945 320
2301 810 3982
2302 374 4048
2303 2995 1028
2304 3069 2347
2305 2317 5035
2306 1581 4643
2307 1147 1730
2308 1002 776
2309 376 4278
2310 1059 2551
2311 4785 4050
2312 736 4780
2313 1331 1812
2314 3344 265
2315 2390 1384
2316 3700 3841
2317 3133 2031
2318 398 4433
2319 179 1106
2320 1400 704
2321 531 4784
2322 1871 1012
2323 145 2267
2324 2185 888
2325 759 1738
2326 1800 745
2327 987 4982
2328 312 785
2329 5225 2952
2330 4153 846
2331 360 5074
2332 2895 3183
2333 4777 1302
2334 2628 674
2335 1959 3225
2336 4711 647
2337 4808 4145
2338 2538 953
2339 455 3323
2340 3808 3072
2341 3954 2423
2342 2508 2133
2343 4460 882
2344 938 3108
2345 3694 2506
2346 1182 1344
2347 4568 1750
2348 1691 2836
2349 1858 4559
2350 761 4922
2351 3445 1644
2352 1811 2748
2353 2414 1055
2354 1633 3886
2355 2199 2265
2356 4889 4170
2357 1798 1012
2358 4707 1271
2359 2379 1804
2360 3275 3982
2361 5181 3934
2362 3452 708
2363 1600 2492
2364 2577 3522
2365 1469 1173
2366 302 108
2367 2345 970
2368 2435 1038
2369 4827 3428
2370 2393 4446
2371 413 191
2372 929 4943
2373 5110 776
2374 480 3620
2375 1596 4455
2376 3083 3398
2377 3280 4980
2378 4254 42
2379 1239 1192
2380 1756 3584
2381 2466 307
2382 3615 3021
2383 4195 473
2384 1282 2858
2385 667 5137
2386 1074 4979
2387 416 2253
2388 2066 1318
2389 3242 1406
2390 3860 1433
2391 2489 1593
2392 293 1746
2393 2558 2265
2394 1744 158
2395 1883 2092
2396 1311 376
2397 4224 185
2398 3627 4749
2399 2827 697
2400 1063 259
2401 1379 642
2402 2964 1984
2403 3826 2710
2404 2010 3601
2405 361 719
2406 5137 2032
2407 4192 4006
2408 1785 3335
2409 3191 3775
2410 331 1248
2411 1755 251
2412 1948 4242
2413 338 677
2414 2296 1314
2415 2677 2080
2416 3755 4897
2417 1099 4515
2418 4976 734
2419 1626 3720
2420 1096 1576
2421 1795 3418
2422 857 1988
2423 1819 4231
2424 1857 2409
2425 3417 679
2426 2673 430
2427 4452 3535
2428 2566 2551
2429 3382 2240
2430 5060 4133
2431 2773 782
2432 3657 3746
2433 779 535
2434 3987 3432
2435 4797 709
2436 313 2182
2437 2606 4326
2438 1505 1090
2439 2477 990
2440 4204 3753
2441 1990 4587
2442 928 3603
2443 476 1552
2444 4853 890
2445 4464 684
2446 233 1695
2447 3675 861
2448 4795 1254
2449 4981 3056
2450 347 1200
2451 443 2232
2452 3433 1972
2453 1470 4080
2454 445 1612
2455 4020 3677
2456 3785 696
2457 1278 1217
2458 1187 4516
2459 9 1947
2460 365 15
2461 3210 3929
2462 4371 4503
2463 4699 1037
2464 3514 4397
2465 4485 866
2466 662 4722
2467 3354 721
2468 1643 3129
2469 355 1127
2470 4978 3819
2471 607 333
2472 4956 2338
2473 2777 1958
2474 1499 146
2475 1525 3181
2476 1907 759
2477 1154 2334
2478 1221 131
2479 4984 5146
2480 4500 1021
2481 5208 1480
2482 4879 2820
2483 2310 4509
2484 763 2680
2485 4521 2503
2486 1445 2451
2487 520 1200
2488 2267 2484
2489 3591 4158
2490 4773 1798
2491 870 2220
2492 2018 1575
2493 665 1146
2494 3090 3399
2495 1356 3682
2496 919 1031
2497 4511 3927
2498 4574 30
2499 1607 580
2500 3103 505
2501 2667 3658
2502 4425 2091
2503 4502 3492
2504 2125 2700
2505 2729 2973
2506 646 304
2507 4491 2534
2508 3704 3769
2509 786 2032
2510 4845 3745
2511 2315 261
2512 890 3206
2513 4438 3655
2514 1740 1340
2515 1840 888
2516 3614 3178
2517 339 947
2518 919 3182
2519 201 3994
2520 2194 1109
2521 35 3536
2522 694 1888
2523 2967 4711
2524 4004 1039
2525 13 944
2526 2376 1835
2527 3265 2234
2528 4858 2235
2529 3704 4702
2530 462 2367
2531 4815 4044
2532 37 4436
2533 826 1450
2534 936 4162
2535 2629 3544
2536 4631 1138
2537 2490 785
2538 441 2022
2539 1648 1540
2540 288 2850
2541 3973 4558
2542 602 1885
2543 1146 4992
2544 4525 3666
2545 3251 2296
2546 4781 888
2547 633 4706
2548 3673 3642
2549 249 3755
2550 1531 3174
2551 2177 1481
2552 2531 2449
2553 3289 4862
2554 278 787
2555 4315 3850
2556 717 3373
2557 2054 604
2558 1304 1195
2559 3177 1365
2560 5158 210
2561 3149 4097
2562 1298 678
2563 1850 5106
2564 1397 1302
2565 3570 4261
2566 4302 517
2567 2294 4721
2568 2553 3715
2569 3080 2478
2570 1941 424
2571 4434 2824
2572 867 4541
2573 4014 3542
2574 3443 3063
2575 2419 825
2576 507 341
2577 4306 1270
2578 2399 3829
2579 3763 4911
2580 3783 4939
2581 4423 2726
2582 344 3879
2583 3800 3310
2584 162 1229
2585 3031 3556
2586 1249 1488
2587 4687 5225
2588 4327 999
2589 595 4724
2590 710 1101
2591 3606 3665
2592 343 4929
2593 462 5098
2594 3349 2743
2595 4590 905
2596 4981 1230
2597 4961 557
2598 5151 2187
2599 4880 3943
2600 5131 4275
2601 3756 2594
2602 599 1463
2603 5124 4473
2604 2104 383
2605 1521 5154
2606 1799 470
2607 2541 2383
2608 3240 2004
2609 4339 1297
2610 1826 3829
2611 2372 2994
2612 4702 2013
2613 2945 3590
2614 21 825
2615 1410 290
2616 3125 550
2617 3935 5130
2618 634 3833
2619 709 1880
2620 2611 4109
2621 1665 1192
2622 1058 1873
2623 80 893
2624 3937 4755
2625 1959 4771
2626 1441 1350
2627 1909 2511
2628 210 3513
2629 4661 3939
2630 39 3498
2631 4778 212
2632 1058 5041
2633 1695 212
2634 1635 1327
2635 4695 2492
2636 2745 756
2637 3031 1632
2638 1548 4005
2639 3841 2999
2640 1669 1364
2641 781 4857
2642 532 4643
2643 142 1138
2644 1268 962
2645 2606 3377
2646 4242 1761
2647 2820 3457
2648 2009 1754
2649 2298 5006
2650 3840 1744
2651 1550 787
2652 2508 2673
2653 4300 1224
2654 2119 4200
2655 344 4710
2656 1230 1653
2657 27 1939
2658 3690 438
2659 1839 446
2660 3347 133
2661 576 1484
2662 4680 3634
2663 594 4751
2664 638 2310
2665 1384 1720
2666 4346 2128
2667 651 202
2668 843 5208
2669 1149 4378
2670 2648 3016
2671 5179 539
2672 1124 4739
2673 827 823
2674 3296 3777
2675 65 4675
2676 3634 573
2677 2883 5041
2678 3823 3602
2679 526 3621
2680 4851 259
2681 339 686
2682 2664 294
2683 1059 222
2684 5030 4108
2685 1616 3170
2686 192 4558
2687 2378 1644
2688 4354 1063
2689 2369 284
2690 759 1866
2691 2328 1939
2692 1036 4686
2693 2829 4338
2694 3778 4927
2695 3798 2259
2696 1959 4922
2697 1387 968
2698 2103 1443
2699 4430 4066
2700 4215 1812
2701 3799 1789
2702 1906 4627
2703 3655 3705
2704 1012 675
2705 1907 3522
2706 2356 3599
2707 4436 3941
2708 19 4489
2709 5014 3159
2710 1057 1182
2711 2342 1359
2712 3305 3704
2713 3426 2218
2714 1445 3864
2715 4562 540
2716 2493 3612
2717 4176 1164
2718 277 1184
2719 1015 4746
2720 1377 4952
2721 5213 19
2722 4927 500
2723 949 2741
2724 2924 83
2725 4094 2033
2726 1201 5174
2727 3925 116
2728 3479 2557
2729 3416 504
2730 4662 1383
2731 3077 3102
2732 4295 575
2733 4975 35
2734 666 4805
2735 906 2680
2736 2820 2109
2737 4599 1826
2738 1105 551
2739 1943 1814
2740 4417 4878
2741 4635 4526
2742 1382 4332
2743 4607 1782
2744 1567 3664
2745 543 487
2746 3510 448
2747 4521 4179
2748 3916 4762
2749 1253 2952
2750 2839 2078
2751 3305 4384
2752 4432 3068
2753 574 3436
2754 239 3430
2755 878 3462
2756 2271 3760
2757 4035 486
2758 2574 88
2759 4438 2555
2760 3282 213
2761 2193 4634
2762 165 3366
2763 2799 3775
2764 5059 29
2765 4596 3204
2766 967 4055
2767 1715 2322
2768 3178 361
2769 1103 992
2770 2240 3293
2771 112 4321
2772 1206 2609
2773 4373 3719
2774 2929 2654
2775 4674 4078
2776 3140 3935
2777 3677 4151
2778 4124 2434
2779 4874 2102
2780 1614 2755
2781 955 3735
2782 3482 1636
2783 4082 3150
2784 197 2609
2785 1756 1677
2786 2814 4135
2787 3532 1242
2788 4883 3860
2789 557 1076
2790 2691 702
2791 2877 1265
2792 1216 3261
2793 819 1284
2794 1144 2887
2795 4942 4173
2796 4559 3564
2797 3272 4231
2798 2764 4961
2799 3876 4342
2800 3574 4206
2801 4 2804
2802 81 3039
2803 1934 1103
2804 2993 631
2805 5092 3690
2806 2063 750
2807 1657 1833
2808 3147 3778
2809 3199 254
2810 2771 1659
2811 2248 588
2812 1829 5009
2813 4082 2186
2814 2672 4018
2815 1326 1873
2816 806 3784
2817 3229 878
2818 4707 632
2819 560 534
2820 4021 2128
2821 3783 647
2822 3336 1340
2823 5160 4320
2824 3050 3462
2825 1699 4155
2826 3426 297
2827 1412 302
2828 154 2029
2829 4765 4749
2830 2865 2799
2831 1713 683
2832 2027 2509
2833 1185 2060
2834 5010 2154
2835 632 962
2836 2160 878
2837 4190 1471
2838 3532 1459
2839 4437 1920
2840 2314 4533
2841 635 1297
2842 2401 3891
2843 4422 1381
2844 1041 2880
2845 599 3965
2846 4020 2228
2847 2781 3144
2848 3398 3330
2849 3996 2637
2850 3569 702
2851 1062 5094
2852 2714 3783
2853 1157 4422
2854 1758 1188
2855 4986 4798
2856 946 1278
2857 2703 1172
2858 3852 4004
2859 174 711
2860 4197 4043
2861 615 2922
2862 2614 3996
2863 3481 4903
2864 24 4043
2865 2770 3321
2866 3664 4764
2867 4426 1225
2868 4698 1070
2869 4987 2791
2870 926 1376
2871 4442 3154
2872 4837 4074
2873 2047 941
2874 3887 2357
2875 16 1367
2876 4106 2398
2877 377 2516
2878 1373 428
2879 3975 3949
2880 574 67
2881 5144 4020
2882 1914 3748
2883 530 2299
2884 841 3956
2885 4192 1237
2886 4970 2577
2887 4429 313
2888 4517 5228
2889 3784 4647
2890 1024 3900
2891 817 1405
2892 3586 2908
2893 1198 4227
2894 2661 1373
2895 2115 940
2896 2201 131
2897 2190 5226
2898 1194 1388
2899 1310 1620
2900 212 4529
2901 3811 838
2902 1770 3340
2903 94 4723
2904 5147 3742
2905 956 1226
2906 1106 2824
2907 3429 3678
2908 4724 150
2909 2452 4888
2910 2184 2083
2911 2193 262
2912 5162 3970
2913 4287 1396
2914 4013 3253
2915 381 3910
2916 4206 2634
2917 4172 480
2918 1148 1915
2919 4874 1022
2920 4535 83
2921 2810 1118
2922 3311 4551
2923 2233 1860
2924 4380 3403
2925 510 2985
2926 509 3810
2927 639 2353
2928 3428 3708
2929 1410 1875
2930 992 2769
2931 1959 863
2932 4086 3746
2933 1208 1021
2934 4883 102
2935 2355 1279
2936 821 1410
2937 968 4887
2938 2614 3748
2939 826 5201
2940 3911 4941
2941 5170 1748
2942 1686 893
2943 645 4761
2944 3146 2009
2945 2513 901
2946 3306 4914
2947 5177 4987
2948 3295 2954
2949 763 60
2950 2537 4311
2951 710 3150
2952 2930 979
2953 2189 4286
2954 1630 4922
2955 4012 3312
2956 1160 216
2957 3698 4672
2958 649 287
2959 1383 4926
2960 1723 3321
2961 1702 2368
2962 3302 813
2963 2372 1138
2964 4538 3430
2965 125 4533
2966 3164 3577
2967 4413 17
2968 591 5036
2969 836 4890
2970 3677 437
2971 2441 2449
2972 3373 122
2973 950 1532
2974 3494 3101
2975 4624 2956
2976 737 4160
2977 4055 4136
2978 1289 3601
2979 647 214
2980 70 738
2981 2328 1358
2982 1154 4784
2983 2392 5005
2984 4778 1760
2985 5021 3463
2986 4349 4348
2987 5047 2462
2988 2438 4423
2989 2302 2222
2990 584 4915
2991 3208 1299
2992 2417 56
2993 1190 4648
2994 4899 1034
2995 4151 3933
2996 3717 2367
2997 1107 3868
2998 4830 2672
2999 2930 818
3000 2035 646
3001 1389 3971
3002 5168 420
3003 2446 314
3004 1351 1115
3005 1051 138
3006 63 3471
3007 261 2297
3008 3772 1236
3009 3382 1546
3010 3251 2559
3011 1812 663
3012 2096 512
3013 848 1216
3014 171 3212
3015 1537 4202
3016 157 806
3017 796 2958
3018 998 3181
3019 4926 3321
3020 3118 575
3021 83 1111
3022 962 55
3023 1825 2948
3024 4915 2315
3025 4989 3512
3026 4637 3022
3027 521 4816
3028 4464 4202
3029 2936 2674
3030 4166 2683
3031 1555 2870
3032 4814 1429
3033 312 4170
3034 2030 392
3035 615 4383
3036 4780 344
3037 4509 773
3038 1625 4405
3039 4696 143
3040 5225 4600
3041 4727 1349
3042 227 498
3043 4859 698
3044 3328 3329
3045 4363 4858
3046 2066 5075
3047 3690 4278
3048 3539 2100
3049 1688 3930
3050 1334 4600
3051 1156 2589
3052 3707 2201
3053 2881 892
3054 3129 1205
3055 258 2509
3056 246 3179
3057 761 3520
3058 3134 1832
3059 3542 46
3060 2309 1101
3061 2638 2518
3062 3837 4367
3063 790 3601
3064 1275 3870
3065 892 4377
3066 3141 197
3067 4035 2469
3068 2828 2772
3069 3052 722
3070 637 2056
3071 2673 2554
3072 4317 1223
3073 2557 4451
3074 1347 4506
3075 3893 3703
3076 5034 4642
3077 2401 3898
3078 4781 2246
3079 2922 2847
3080 2227 179
3081 1030 1615
3082 3957 3725
3083 1330 2890
3084 1561 1535
3085 156 422
3086 2504 5029
3087 4680 4842
3088 2116 588
3089 1628 1924
3090 2022 1217
3091 2598 879
3092 3936 4394
3093 1450 4592
3094 2291 1170
3095 443 3588
3096 1538 237
3097 812 1404
3098 4834 1439
3099 4795 158
3100 1044 2209
3101 4789 415
3102 2099 1279
3103 4714 3048
3104 3414 4921
3105 1109 604
3106 424 1446
3107 329 4044
3108 2237 273
3109 550 2168
3110 4177 525
3111 3389 3447
3112 2685 1802
3113 3310 4857
3114 2935 1282
3115 1566 925
3116 1352 1969
3117 2980 641
3118 1819 3652
3119 4877 2584
3120 167 861
3121 4326 3285
3122 1915 3916
3123 4520 3575
3124 1034 1341
3125 4080 4
3126 806 468
3127 4859 1324
3128 1793 4094
3129 4747 3214
3130 4137 121
3131 4751 3730
3132 442 3620
3133 1447 5144
3134 5087 2391
3135 3570 4910
3136 4192 4054
3137 78 3951
3138 2422 2569
3139 1508 3718
3140 2821 3820
3141 5090 3132
3142 3425 858
3143 1939 3692
3144 3000 3959
3145 475 1209
3146 4876 3918
3147 1452 4547
3148 438 4811
3149 809 408
3150 3113 2809
3151 1793 3370
3152 4264 3003
3153 1053 3788
3154 1671 445
3155 2533 3701
3156 286 4334
3157 4083 2862
3158 3061 938
3159 4773 4003
3160 1701 4934
3161 2373 2775
3162 2614 2009
3163 5066 1694
3164 5184 4656
3165 2522 2104
3166 1366 852
3167 3144 3045
3168 3788 3366
3169 5088 401
3170 89 5197
3171 4680 3708
3172 3198 3422
3173 2079 163
3174 5003 4883
3175 1341 1891
3176 1628 4338
3177 853 3356
3178 2456 3286
3179 1271 1384
3180 711 4055
3181 4717 3116
3182 4953 3696
3183 905 2290
3184 4047 418
3185 1461 3829
3186 4681 4326
3187 4855 2746
3188 2452 635
3189 4778 1816
3190 1261 1949
3191 3141 1047
3192 227 3406
3193 2530 2821
3194 2524 4174
3195 976 328
3196 1983 1209
3197 4972 3204
3198 471 3598
3199 2804 2125
3200 35 4132
3201 3988 3774
3202 3621 728
3203 1497 4622
3204 4636 828
3205 3028 1953
3206 1624 628
3207 2284 2275
3208 499 3772
3209 4398 2692
3210 4739 2191
3211 610 3133
3212 919 3787
3213 4161 1327
3214 4147 2977
3215 702 3138
3216 4153 1184
3217 525 4824
3218 3184 4688
3219 4712 1506
3220 5144 183
3221 1107 4358
3222 1538 4953
3223 1160 4881
3224 4715 3304
3225 3967 163
3226 200 1921
3227 3039 2444
3228 230 1391
3229 1216 2256
3230 784 3635
3231 5067 899
3232 2984 635
3233 1012 4145
3234 1598 4951
3235 2446 4990
3236 4931 1254
3237 4453 488
3238 2382 1581
3239 3694 376
3240 847 1335
3241 973 377
3242 560 1357
3243 2205 2650
3244 2955 4620
3245 3595 2277
3246 3427 461
3247 1430 1005
3248 3293 3936
3249 4053 4716
3250 570 427
3251 3706 2860
3252 3893 3152
3253 3008 527
3254 4104 4091
3255 4560 4926
3256 3671 48
3257 2287 2764
3258 1742 326
3259 5105 20
3260 4781 3548
3261 2513 3164
3262 2769 3736
3263 4070 4037
3264 2783 3543
3265 3864 1031
3266 376 4033
3267 4407 1257
3268 2577 5062
3269 2176 619
3270 1057 3455
3271 2419 427
3272 3210 4480
3273 2379 720
3274 1757 4978
3275 414 1173
3276 335 4020
3277 2938 982
3278 3443 4659
3279 2645 4913
3280 2261 3837
3281 4246 3532
3282 927 528
3283 1677 984
3284 1539 5180
3285 2648 1655
3286 1856 4655
3287 1303 370
3288 598 4051
3289 4244 4980
3290 1030 3767
3291 4492 1094
3292 1654 4267
3293 4057 2517
3294 3421 3524
3295 3717 5059
3296 412 2977
3297 3543 5104
3298 3160 526
3299 4633 5188
3300 1989 391
3301 3174 949
3302 4291 1593
3303 1228 735
3304 3594 4273
3305 5097 3491
3306 1009 1930
3307 750 4795
3308 184 2601
3309 4188 2225
3310 4152 1077
3311 2140 3337
3312 1157 587
3313 3069 3056
3314 2416 3885
3315 229 2600
3316 4075 1212
3317 3345 1625
3318 3011 2175
3319 2351 2943
3320 4921 4114
3321 212 2928
3322 2777 242
3323 1670 1488
3324 936 4347
3325 1418 2830
3326 1815 541
3327 1988 4794
3328 1387 4373
3329 1134 4356
3330 1680 452
3331 1391 4155
3332 3047 2226
3333 4656 2164
3334 630 779
3335 2197 302
3336 3926 2938
3337 2461 3929
3338 2146 1638
3339 1412 1517
3340 1247 3060
3341 2035 1021
3342 3749 681
3343 4700 68
3344 4618 2586
3345 1794 4704
3346 1117 4860
3347 1657 4662
3348 2492 1187
3349 44 242
3350 465 556
3351 892 4150
3352 3064 4031
3353 788 3876
3354 862 749
3355 576 2945
3356 2946 375
3357 2705 4533
3358 1563 1030
3359 1400 603
3360 393 629
3361 871 387
3362 4372 4976
3363 3781 530
3364 4937 1159
3365 362 414
3366 560 199
3367 1479 5120
3368 2664 2003
3369 4189 3191
3370 624 983
3371 1294 1273
3372 1576 780
3373 4775 764
3374 2191 4668
3375 1499 2046
3376 895 4305
3377 3775 1189
3378 1811 1283
3379 1267 2040
3380 2781 2825
3381 2680 2914
3382 1048 1945
3383 206 3872
3384 611 610
3385 1575 1488
3386 1385 5130
3387 3066 2351
3388 3468 1155
3389 1033 1070
3390 1742 1144
3391 2707 3774
3392 2945 1024
3393 2452 4564
3394 513 3041
3395 3453 3994
3396 4764 1716
3397 739 3004
3398 4476 2184
3399 2537 3731
3400 1737 1234
3401 839 356
3402 275 5225
3403 1372 71
3404 2371 3687
3405 4640 1701
3406 126 4471
3407 99 1215
3408 5084 906
3409 5055 1610
3410 3353 4590
3411 5197 2150
3412 3943 4219
3413 3420 1763
3414 1499 3628
3415 1166 1297
3416 4907 2876
3417 2709 4421
3418 680 689
3419 3685 63
3420 1434 499
3421 4510 4720
3422 2120 1895
3423 3197 2597
3424 2339 3685
3425 4882 1408
3426 992 2429
3427 4278 4003
3428 3101 4950
3429 3367 4695
3430 1942 4530
3431 2911 4904
3432 3765 773
3433 2130 1815
3434 393 2175
3435 2995 1228
3436 1684 3323
3437 856 4770
3438 288 1286
3439 747 1740
3440 2983 97
3441 2368 67
3442 1129 1831
3443 2136 5093
3444 119 312
3445 1743 2198
3446 4805 2523
3447 432 2925
3448 3069 4860
3449 1182 3562
3450 1006 2959
3451 4287 2360
3452 3089 1982
3453 4864 2308
3454 4229 2213
3455 2238 356
3456 4091 812
3457 2628 5062
3458 1703 1156
3459 1746 2234
3460 3670 1083
3461 1616 4785
3462 3815 2952
3463 4677 4864
3464 2672 2841
3465 2783 2803
3466 970 3709
3467 3296 2139
3468 3492 4839
3469 3800 2213
3470 4714 2237
3471 4386 4957
3472 3070 2272
3473 3606 1818
3474 613 1989
3475 4839 2593
3476 3224 3820
3477 1662 2635
3478 20 3924
3479 4430 261
3480 1375 1284
3481 3749 2338
3482 3926 2019
3483 3582 4368
3484 4910 802
3485 4974 882
3486 3996 2788
3487 2344 2415
3488 2886 3769
3489 1312 46
3490 3077 3163
3491 3893 5220
3492 428 242
3493 1073 813
3494 2111 1863
3495 146 4695
3496 4922 1282
3497 3122 1705
3498 5143 1481
3499 5011 890
3500 4458 1164
3501 3624 200
3502 1512 3291
3503 802 3184
3504 216 3287
3505 275 3419
3506 3810 118
3507 606 5213
3508 1102 3069
3509 1268 3576
3510 270 1969
3511 4269 2258
3512 1245 1870
3513 3236 3483
3514 1238 165
3515 2038 4361
3516 3747 4378
3517 3185 1570
3518 2952 1485
3519 2885 2988
3520 2851 1982
3521 4474 2958
3522 1006 5077
3523 3435 4177
3524 3713 3108
3525 4179 3923
3526 1392 4983
3527 465 4466
3528 1981 2161
3529 3100 373
3530 3830 3526
3531 1110 2561
3532 3328 2678
3533 4089 2817
3534 4569 1110
3535 2787 213
3536 444 4926
3537 263 4894
3538 4345 1039
3539 3581 4675
3540 4281 315
3541 731 663
3542 4004 1954
3543 2532 420
3544 952 2729
3545 2558 5195
3546 4966 713
3547 815 4084
3548 4084 4065
3549 987 3737
3550 865 4223
3551 2534 2210
3552 3900 2969
3553 2047 2483
3554 4994 1766
3555 398 2863
3556 4707 275
3557 831 3649
3558 2748 714
3559 720 30
3560 4157 3162
3561 1973 3811
3562 170 109
3563 2336 2786
3564 1997 2311
3565 1963 546
3566 3380 4577
3567 1516 2982
3568 1079 1658
3569 4150 4189
3570 380 1193
3571 1065 2471
3572 4448 4805
3573 3373 4854
3574 4814 4636
3575 3563 5089
3576 849 3122
3577 1158 3590
3578 1679 4572
3579 3159 421
3580 2772 2051
3581 568 1891
3582 3431 860
3583 4501 1977
3584 2478 2776
3585 4188 1981
3586 1862 1706
3587 3512 501
3588 4678 109
3589 3928 2064
3590 4119 783
3591 211 1915
3592 2917 1279
3593 761 2024
3594 4612 4495
3595 4434 23
3596 4440 1372
3597 2396 1316
3598 5213 2669
3599 1774 3437
3600 4301 496
3601 293 2716
3602 3685 170
3603 583 3238
3604 3058 328
3605 2747 2721
3606 829 3461
3607 1941 1152
3608 1662 1613
3609 1950 3485
3610 4788 1820
3611 3613 1736
3612 1518 2606
3613 965 4471
3614 1025 3935
3615 843 3813
3616 4793 916
3617 3283 599
3618 1113 832
3619 4798 2236
3620 2810 2599
3621 3371 4391
3622 1367 208
3623 3097 3199
3624 3337 3270
3625 3952 14
3626 4604 3106
3627 3522 368
3628 2091 474
3629 770 4679
3630 952 1814
3631 1354 3287
3632 2206 2526
3633 4960 2264
3634 4739 4872
3635 1283 4625
3636 2257 294
3637 2173 3835
3638 4106 4417
3639 2008 338
3640 5133 4082
3641 2990 995
3642 4703 4150
3643 191 1073
3644 1336 1622
3645 4365 3530
3646 3184 4693
3647 4162 543
3648 2061 51
3649 419 3083
3650 28 3777
3651 1136 4514
3652 1439 2874
3653 1597 2242
3654 439 4099
3655 992 4272
3656 2116 2283
3657 4878 3478
3658 1524 3978
3659 4418 5055
3660 4156 3701
3661 843 1810
3662 1707 1128
3663 5039 3549
3664 2205 2914
3665 5122 2856
3666 4850 587
3667 4074 2197
3668 2113 2796
3669 3212 5226
3670 3701 3727
3671 4962 1835
3672 1529 22
3673 1963 936
3674 2988 2705
3675 674 4016
3676 2547 1982
3677 4575 888
3678 605 5212
3679 3740 2762
3680 4655 1083
3681 5058 575
3682 2879 4021
3683 4403 2021
3684 1138 4764
3685 4196 4683
3686 4879 858
3687 1899 667
3688 4328 5078
3689 1411 1727
3690 3740 1217
3691 3563 4169
3692 2070 5050
3693 3229 1331
3694 4981 4586
3695 4008 701
3696 1622 4135
3697 2744 2438
3698 2182 1902
3699 4260 2674
3700 931 322
3701 1177 777
3702 5054 4602
3703 4687 3071
3704 275 4384
3705 3542 3267
3706 3290 3947
3707 298 4999
3708 3387 2031
3709 1004 4289
3710 47 580
3711 333 4682
3712 2402 3899
3713 1210 1987
3714 330 4811
3715 2084 3052
3716 399 945
3717 3147 4715
3718 4945 2209
3719 2661 1845
3720 1443 3416
3721 2574 1845
3722 783 406
3723 1610 3107
3724 3649 1985
3725 4003 3490
3726 4805 843
3727 4430 2379
3728 1252 1353
3729 486 2423
3730 821 722
3731 4139 1622
3732 165 38
3733 2858 4595
3734 3840 1876
3735 989 1847
3736 4873 1430
3737 4023 2342
3738 4396 1796
3739 227 4377
3740 336 2198
3741 4541 5094
3742 1283 3335
3743 1685 3664
3744 4287 4170
3745 4956 911
3746 3271 3467
3747 2213 904
3748 3638 4320
3749 196 943
3750 3116 4562
3751 819 884
3752 5155 213
3753 4849 2216
3754 2408 4722
3755 1617 3801
3756 3105 1740
3757 1001 2609
3758 3912 2945
3759 1325 1220
3760 5036 4729
3761 4156 3209
3762 4157 3950
3763 82 531
3764 4418 1052
3765 1115 3944
3766 2722 2925
3767 3444 820
3768 5217 882
3769 4238 4739
3770 880 1327
3771 3704 424
3772 4867 2215
3773 1679 586
3774 3386 1948
3775 3324 536
3776 135 4558
3777 2759 1031
3778 2367 3237
3779 4124 29
3780 4118 3722
3781 1625 670
3782 5017 3630
3783 2292 629
3784 312 4310
3785 4347 3307
3786 1987 4057
3787 396 2256
3788 1638 392
3789 2148 2774
3790 2950 936
3791 3640 2082
3792 3308 354
3793 2113 980
3794 3042 4556
3795 2392 198
3796 2229 1454
3797 3805 2472
3798 3992 1196
3799 1399 4408
3800 2034 2693
3801 4326 4813
3802 4766 301
3803 1432 115
3804 223 3578
3805 4372 3045
3806 3352 1272
3807 1147 4508
3808 2777 4578
3809 1627 2558
3810 1889 2830
3811 2616 4185
3812 2412 1593
3813 2563 46
3814 4054 3827
3815 777 3229
3816 3840 155
3817 1390 1047
3818 205 4366
3819 2072 1790
3820 2528 3786
3821 1436 3539
3822 4653 2633
3823 5005 2834
3824 10 1164
3825 1551 299
3826 2255 372
3827 2210 724
3828 4818 1420
3829 1333 3134
3830 1242 1288
3831 1974 4809
3832 907 894
3833 5118 3911
3834 5077 5180
3835 496 3111
3836 3106 3566
3837 502 4525
3838 256 237
3839 4982 719
3840 970 1660
3841 1260 2556
3842 507 263
3843 3639 747
3844 4696 4911
3845 219 3599
3846 2012 2256
3847 4969 2456
3848 4430 432
3849 5004 1132
3850 4735 1835
3851 2390 1185
3852 4523 314
3853 4015 5149
3854 3052 3309
3855 2520 4491
3856 1167 935
3857 2356 3645
3858 653 59
3859 3219 451
3860 1791 1817
3861 1555 504
3862 607 4653
3863 2201 5054
3864 3950 2055
3865 2910 230
3866 922 4654
3867 2058 4538
3868 3378 3673
3869 3412 229
3870 486 2310
3871 3044 832
3872 4768 550
3873 4503 1238
3874 1106 3316
3875 3381 90
3876 2473 1817
3877 1569 3637
3878 2756 554
3879 4400 460
3880 862 4215
3881 144 1946
3882 571 5196
3883 4086 4826
3884 444 1052
3885 37 1926
3886 4721 320
3887 1664 4921
3888 1647 2144
3889 4040 5120
3890 4080 1447
3891 3182 4712
3892 1915 4207
3893 3949 1381
3894 908 202
3895 3971 2570
3896 4899 208
3897 3764 3122
3898 5019 2410
3899 2744 2670
3900 664 3634
3901 983 676
3902 4184 1190
3903 5160 1834
3904 2930 2521
3905 595 897
3906 966 935
3907 2564 3890
3908 4694 676
3909 2436 4689
3910 4228 3829
3911 2536 1473
3912 1361 1876
3913 3519 3956
3914 3393 4019
3915 1518 1034
3916 563 2078
3917 3720 4576
3918 1239 3242
3919 3378 5140
3920 3313 5184
3921 1255 4750
3922 2322 4127
3923 4392 5229
3924 1413 2841
3925 2069 338
3926 4437 3687
3927 473 1775
3928 3415 2990
3929 3977 1391
3930 1854 4215
3931 1262 3093
3932 1903 3876
3933 5169 1068
3934 2049 343
3935 3386 1084
3936 1666 4634
3937 1775 4521
3938 4361 901
3939 5056 2991
3940 85 88
3941 4564 2904
3942 900 1871
3943 2146 3804
3944 4705 1563
3945 3926 4479
3946 2037 1802
3947 199 4975
3948 479 4004
3949 1376 4646
3950 567 4202
3951 226 3017
3952 3808 683
3953 2587 480
3954 4000 3151
3955 769 718
3956 1045 3121
3957 624 330
3958 2010 4020
3959 4057 3939
3960 917 3366
3961 1604 1935
3962 4146 3295
3963 1923 240
3964 1489 2745
3965 2464 3919
3966 2228 3929
3967 932 3257
3968 4038 1544
3969 4964 1168
3970 1954 1231
3971 1121 4300
3972 1440 1801
3973 3777 356
3974 3950 3631
3975 77 3678
3976 4818 267
3977 3771 1205
3978 4178 1353
3979 2170 807
3980 1391 456
3981 3382 5157
3982 1967 1249
3983 834 3408
3984 1151 883
3985 235 1407
3986 5194 887
3987 1226 5211
3988 3653 4529
3989 2239 3618
3990 2538 4040
3991 1296 4409
3992 907 3742
3993 4789 4019
3994 4386 4030
3995 2046 1084
3996 4974 4511
3997 3757 590
3998 4491 1112
3999 3090 4644
4000 1955 3225
4001 97 4286
4002 4636 633
4003 4022 2501
4004 4103 3028
4005 1821 879
4006 2621 285
4007 4327 791
4008 2934 904
4009 2312 1912
4010 1427 2007
4011 3871 921
4012 2739 2507
4013 3732 2885
4014 1553 1877
4015 4385 4184
4016 673 255
4017 7 1633
4018 225 1461
4019 2135 3118
4020 4768 4784
4021 1163 241
4022 3454 342
4023 4538 3066
4024 5127 926
4025 3904 2692
4026 3444 1035
4027 4875 3900
4028 136 2290
4029 3225 4054
4030 1296 1283
4031 2611 1913
4032 932 4655
4033 3947 2934
4034 4458 2355
4035 1246 660
4036 1337 3062
4037 4976 1318
4038 1472 2174
4039 1284 1830
4040 4821 4309
4041 3343 4291
4042 1458 2728
4043 3502 256
4044 493 1005
4045 3733 4695
4046 1363 1682
4047 3814 2516
4048 1779 579
4049 722 1184
4050 2250 619
4051 562 1855
4052 4455 1979
4053 1408 2920
4054 1820 4837
4055 3133 1874
4056 2456 2555
4057 4318 5224
4058 4272 76
4059 4955 3812
4060 1917 353
4061 5138 1829
4062 1486 1289
4063 3398 429
4064 883 2572
4065 2284 1487
4066 461 3718
4067 4667 3923
4068 2787 4345
4069 3142 3052
4070 1593 4315
4071 4177 1260
4072 1255 4325
4073 3347 428
4074 3568 4240
4075 5188 4584
4076 3165 4570
4077 2607 3520
4078 2742 4317
4079 2145 115
4080 3182 2945
4081 2957 1847
4082 4201 1423
4083 2274 135
4084 2408 2905
4085 2454 305
4086 300 2592
4087 37 715
4088 3707 4048
4089 243 3889
4090 2511 4842
4091 4141 484
4092 1939 5051
4093 1220 4113
4094 294 1448
4095 3431 3476
4096 2095 1027
4097 2811 3305
4098 2844 2739
4099 4549 3504
4100 3103 4783
4101 146 1537
4102 2315 5199
4103 4622 1925
4104 4623 1786
4105 887 5093
4106 3904 4120
4107 1898 839
4108 2884 1275
4109 274 4836
4110 1109 1213
4111 320 3228
4112 1832 3905
4113 2754 3647
4114 4934 686
4115 2948 2918
4116 2535 1812
4117 3084 5118
4118 1187 4134
4119 1674 4008
4120 1922 128
4121 1214 728
4122 1112 4020
4123 1141 3343
4124 1908 2189
4125 972 3655
4126 5174 5227
4127 1385 2118
4128 3092 3375
4129 3144 2305
4130 2962 4745
4131 919 3163
4132 84 1589
4133 2964 1995
4134 4726 2623
4135 4002 745
4136 469 4838
4137 451 2368
4138 374 4479
4139 532 2800
4140 4319 1127
4141 2576 2965
4142 3039 4028
4143 2430 3104
4144 285 3157
4145 4855 686
4146 5066 2856
4147 1732 3688
4148 3143 262
4149 1388 780
4150 3302 2212
4151 3318 3950
4152 1297 1902
4153 54 5092
4154 945 1297
4155 265 4367
4156 1453 3347
4157 5189 4356
4158 3355 4937
4159 1857 4870
4160 4162 3206
4161 4369 4622
4162 1941 4975
4163 4959 4897
4164 4068 3127
4165 4642 1271
4166 1540 2760
4167 1938 564
4168 2248 13
4169 604 3177
4170 2040 1505
4171 3132 2630
4172 3441 4046
4173 357 3383
4174 108 352
4175 3120 2148
4176 722 1097
4177 3914 3450
4178 998 906
4179 922 3242
4180 454 2965
4181 1381 11
4182 2319 4898
4183 4776 4959
4184 3947 2709
4185 3521 3331
4186 4962 3830
4187 221 1137
4188 2279 2337
4189 2451 1418
4190 1223 1590
4191 745 19
4192 3830 3877
4193 4103 1396
4194 210 3530
4195 1008 3071
4196 2395 2770
4197 4473 4586
4198 465 4795
4199 5042 1079
4200 3508 688
4201 3056 3452
4202 4357 3929
4203 4751 871
4204 3530 1574
4205 1915 4255
4206 2734 4298
4207 5092 3456
4208 4309 1588
4209 3286 3266
4210 3806 1737
4211 3509 4457
4212 461 4866
4213 2540 3312
4214 902 4943
4215 3774 1687
4216 4994 1806
4217 1985 3410
4218 4962 4844
4219 1478 5161
4220 2626 2734
4221 172 1197
4222 1698 4576
4223 193 4085
4224 3771 4206
4225 2043 2605
4226 2735 2265
4227 247 4911
4228 174 3651
4229 732 2166
4230 3283 598
4231 3542 3745
4232 4791 2466
4233 1143 2270
4234 695 1319
4235 4976 2924
4236 3334 1638
4237 3325 596
4238 3882 3455
4239 1604 1428
4240 4157 3637
4241 4242 159
4242 1886 1097
4243 2716 2899
4244 4615 1602
4245 3649 1094
4246 2732 3799
4247 2896 2717
4248 5167 537
4249 2204 3526
4250 1120 2102
4251 5197 1107
4252 359 3578
4253 1235 4448
4254 3161 283
4255 1330 3969
4256 1121 2321
4257 5199 2165
4258 4716 1280
4259 4092 941
4260 434 1595
4261 4559 622
4262 3402 3657
4263 2985 3028
4264 713 4421
4265 4583 792
4266 2200 1019
4267 1313 4099
4268 3358 4851
4269 5199 2418
4270 3508 4251
4271 1977 4391
4272 1431 3100
4273 4907 2533
4274 3861 3112
4275 145 3901
4276 4606 5195
4277 2798 4317
4278 3854 4678
4279 5099 1312
4280 4817 2002
4281 3622 1182
4282 2312 2064
4283 320 2939
4284 2788 4604
4285 2593 4290
4286 4689 3332
4287 3522 499
4288 4174 2271
4289 33 4825
4290 3436 2432
4291 29 2230
4292 4442 1127
4293 2382 638
4294 2605 4455
4295 4058 385
4296 5048 3546
4297 90 3324
4298 856 1993
4299 5198 1792
4300 3736 2061
4301 2226 3350
4302 2263 1960
4303 4698 4289
4304 4931 373
4305 5163 1342
4306 1967 1076
4307 2257 4415
4308 1886 3278
4309 160 4781
4310 2718 5191
4311 1118 1890
4312 2218 2316
4313 1145 5039
4314 4873 3882
4315 924 551
4316 2549 3463
4317 1898 3931
4318 4662 2886
4319 215 1497
4320 3450 2183
4321 4016 3112
4322 1778 4431
4323 2710 689
4324 4766 4688
4325 3954 4984
4326 3370 2176
4327 2913 741
4328 4408 5210
4329 2614 1956
4330 2575 4963
4331 5066 3162
4332 1133 1888
4333 4089 4331
4334 2878 4399
4335 3397 1445
4336 133 4549
4337 4524 3603
4338 986 4346
4339 2646 703
4340 3835 2641
4341 2896 1598
4342 1988 4707
4343 4369 3267
4344 176 736
4345 3613 750
4346 4441 781
4347 1180 225
4348 4499 1277
4349 2722 2043
4350 770 1717
4351 5079 2562
4352 2009 4717
4353 3609 3162
4354 3642 3905
4355 3464 2156
4356 5128 4955
4357 3708 1109
4358 3640 4383
4359 4402 322
4360 3496 3951
4361 4100 4837
4362 731 889
4363 4346 3150
4364 4753 4253
4365 1634 4218
4366 4615 1611
4367 404 3492
4368 4910 2786
4369 2873 2723
4370 840 2051
4371 2544 4021
4372 1447 4154
4373 2106 2259
4374 2569 514
4375 1747 3244
4376 3584 2448
4377 4545 2205
4378 3970 3760
4379 862 928
4380 2339 4770
4381 2718 4289
4382 4631 838
4383 2484 2443
4384 2221 317
4385 592 5188
4386 2841 953
4387 1252 3773
4388 4714 526
4389 4778 854
4390 661 3641
4391 3290 2666
4392 770 5139
4393 2418 1279
4394 1237 2342
4395 1932 908
4396 4645 2085
4397 703 2566
4398 1134 24
4399 1198 1680
4400 2282 4179
4401 3564 4652
4402 3853 2481
4403 3552 4009
4404 710 1373
4405 4952 2033
4406 4670 1377
4407 1436 4478
4408 4787 92
4409 932 3065
4410 4329 813
4411 1826 2322
4412 3701 762
4413 2681 2722
4414 2083 3019
4415 3326 581
4416 529 717
4417 2347 2411
4418 497 4050
4419 3093 3373
4420 2017 3611
4421 1599 1062
4422 2837 894
4423 4427 1545
4424 3389 1924
4425 1362 4985
4426 1307 1668
4427 4030 450
4428 940 534
4429 3668 4848
4430 770 1530
4431 1490 5031
4432 2117 2503
4433 2640 2798
4434 4719 5227
4435 2737 4241
4436 4468 1782
4437 4989 1793
4438 2577 740
4439 4634 927
4440 671 1631
4441 1982 3982
4442 4629 2940
4443 1392 922
4444 2287 1208
4445 3039 4392
4446 3358 1268
4447 5212 2341
4448 689 199
4449 1583 273
4450 884 58
4451 2717 2260
4452 4228 2349
4453 2533 3112
4454 798 556
4455 2580 4340
4456 2125 1065
4457 191 3878
4458 1626 979
4459 2917 5093
4460 763 2991
4461 3458 4000
4462 3799 2098
4463 4304 2020
4464 4515 234
4465 3454 336
4466 2987 1500
4467 634 3430
4468 3020 327
4469 3081 649
4470 1730 4593
4471 5225 2933
4472 2048 4934
4473 4687 3848
4474 4350 3366
4475 2805 4073
4476 2954 1999
4477 3201 2741
4478 2301 4975
4479 1958 4392
4480 1599 2815
4481 4293 1068
4482 1284 1295
4483 3302 723
4484 445 5107
4485 2016 1075
4486 2944 4960
4487 2598 3434
4488 2750 941
4489 1310 3654
4490 2182 306
4491 3409 384
4492 1473 4144
4493 3832 267
4494 1479 3619
4495 3964 1667
4496 3650 2996
4497 2048 2521
4498 1356 1350
4499 1992 5148
4500 3051 1717
4501 1856 2251
4502 3034 1151
4503 3015 2001
4504 575 4727
4505 112 862
4506 1216 1241
4507 4450 3059
4508 3567 788
4509 3593 3432
4510 1136 1914
4511 1633 3025
4512 4562 72
4513 1797 1167
4514 2125 4018
4515 1033 65
4516 4479 3865
4517 3182 170
4518 2683 52
4519 634 2365
4520 1267 4468
4521 2589 4085
4522 885 4536
4523 4403 99
4524 1121 2155
4525 172 5049
4526 4548 673
4527 2107 455
4528 4854 30
4529 388 2067
4530 4604 5061
4531 2120 2880
4532 1477 896
4533 792 480
4534 3921 1633
4535 3738 3242
4536 1833 269
4537 2004 1599
4538 2714 3028
4539 499 2772
4540 976 3925
4541 1171 3748
4542 327 2865
4543 828 1526
4544 3245 2638
4545 4254 1474
4546 3145 3466
4547 1862 3350
4548 2972 1761
4549 463 19
4550 1798 1402
4551 2607 136
4552 4835 633
4553 2593 408
4554 1567 4627
4555 1642 246
4556 3683 2173
4557 4245 127
4558 1806 1770
4559 4904 4627
4560 2302 1122
4561 1134 2842
4562 2195 3152
4563 3311 196
4564 4984 3963
4565 2513 2826
4566 1456 871
4567 583 2002
4568 2708 3362
4569 2815 4257
4570 5179 1258
4571 1187 3569
4572 3507 2446
4573 2658 279
4574 3487 833
4575 2059 30
4576 1404 3409
4577 206 3591
4578 4773 4967
4579 588 2488
4580 4184 1236
4581 3613 3067
4582 1379 4030
4583 3602 4126
4584 1451 4199
4585 579 4242
4586 1068 1304
4587 1706 301
4588 4436 2359
4589 3426 741
4590 5059 2879
4591 2143 204
4592 1325 3199
4593 1023 4179
4594 296 2523
4595 3327 1042
4596 29 630
4597 1269 3172
4598 4918 4855
4599 670 3393
4600 776 2806
4601 3379 2499
4602 4249 4847
4603 4526 5110
4604 4169 1314
4605 1167 2157
4606 3073 3820
4607 852 3209
4608 714 5048
4609 3655 3194
4610 4291 3761
4611 1774 4708
4612 4153 1585
4613 447 928
4614 756 1194
4615 4308 2877
4616 4891 1698
4617 2795 4205
4618 1834 1213
4619 1727 110
4620 3513 4019
4621 4251 3297
4622 4496 4503
4623 2773 1439
4624 5169 356
4625 1326 873
4626 1605 4154
4627 621 3759
4628 2369 3615
4629 2461 3777
4630 4753 1801
4631 1031 4150
4632 2318 1010
4633 5221 2205
4634 4266 31
4635 1220 1135
4636 827 957
4637 3420 743
4638 4085 2379
4639 4953 3193
4640 4929 450
4641 690 3269
4642 741 1335
4643 2994 4373
4644 675 3860
4645 3171 212
4646 2408 4994
4647 2263 2381
4648 3153 5118
4649 4657 1457
4650 4548 4014
4651 3056 4381
4652 1420 2539
4653 714 729
4654 2849 1222
4655 422 3423
4656 4864 1366
4657 4010 1328
4658 4285 1711
4659 2025 3220
4660 5078 5085
4661 4180 5141
4662 5011 4313
4663 3557 312
4664 2133 1397
4665 1168 2269
4666 4711 957
4667 3585 3154
4668 791 4952
4669 3919 1003
4670 4211 3122
4671 1883 813
4672 3877 1671
4673 3924 4724
4674 4320 4776
4675 3582 3481
4676 2704 2127
4677 5153 218
4678 2888 3459
4679 4775 3028
4680 4783 2379
4681 1953 307
4682 1194 3119
4683 2824 3889
4684 3521 614
4685 739 2353
4686 769 2934
4687 1264 1943
4688 5045 4170
4689 2661 4183
4690 4415 2788
4691 763 1608
4692 2994 2067
4693 3820 2906
4694 1368 4451
4695 2825 139
4696 1271 1145
4697 4592 4731
4698 3307 156
4699 2321 4903
4700 539 1878
4701 4157 2306
4702 3222 1833
4703 2163 46
4704 1313 2674
4705 4675 3928
4706 2543 946
4707 4955 4402
4708 4195 215
4709 134 3713
4710 4674 4845
4711 2765 1739
4712 556 240
4713 560 525
4714 4305 3414
4715 2381 564
4716 1251 247
4717 775 39
4718 4829 4220
4719 1704 95
4720 3036 1849
4721 3089 3538
4722 2933 2441
4723 1214 2867
4724 4882 5194
4725 2249 2803
4726 4494 4360
4727 3179 4901
4728 2538 2290
4729 4479 3251
4730 3698 248
4731 674 816
4732 1086 1929
4733 2477 545
4734 4035 5126
4735 2385 334
4736 2754 1211
4737 1255 1787
4738 4218 4939
4739 5057 4971
4740 1186 3715
4741 1013 4765
4742 479 1025
4743 1086 1357
4744 83 922
4745 2883 126
4746 633 1089
4747 2701 5036
4748 2426 2745
4749 4903 328
4750 1377 353
4751 4073 285
4752 2408 4192
4753 2723 3263
4754 4991 1647
4755 443 109
4756 4190 3486
4757 2092 1860
4758 3443 2716
4759 4428 873
4760 4209 2011
4761 3742 5101
4762 4674 2837
4763 3647 3096
4764 2751 2757
4765 371 4160
4766 5032 4939
4767 4000 1814
4768 2882 1706
4769 3127 1290
4770 2092 3618
4771 1464 5103
4772 547 765
4773 4306 912
4774 3240 4096
4775 1118 190
4776 4598 3499
4777 174 1333
4778 1324 709
4779 2680 770
4780 1258 4879
4781 4341 318
4782 829 537
4783 3387 2834
4784 4326 4279
4785 3529 2689
4786 1068 4532
4787 1440 54
4788 4455 3735
4789 4215 3033
4790 2269 1665
4791 454 5014
4792 17 955
4793 437 2554
4794 4650 3926
4795 182 4787
4796 5160 254
4797 1413 3815
4798 1447 1270
4799 2211 1150
4800 1985 524
4801 4760 1953
4802 3583 228
4803 3970 4020
4804 771 1121
4805 606 1913
4806 4281 2088
4807 1097 2471
4808 340 2188
4809 4234 771
4810 4980 2626
4811 518 3625
4812 2789 1342
4813 1784 2710
4814 3836 2500
4815 590 1074
4816 512 52
4817 2938 455
4818 4321 4391
4819 1271 2111
4820 3288 191
4821 4627 898
4822 3263 3726
4823 4303 4664
4824 2538 464
4825 2709 4268
4826 5191 1276
4827 4356 1016
4828 3404 1145
4829 3254 1332
4830 735 360
4831 2310 1256
4832 2431 4864
4833 2703 1536
4834 2827 3939
4835 3529 2704
4836 3819 606
4837 729 3917
4838 2238 1869
4839 1016 3731
4840 2844 5134
4841 1083 3443
4842 4277 2334
4843 1725 2295
4844 1227 751
4845 3073 3212
4846 4056 4987
4847 1159 4400
4848 138 282
4849 1526 1121
4850 1064 3961
4851 4315 2539
4852 3903 3489
4853 4193 3637
4854 18 584
4855 1853 1093
4856 276 2252
4857 929 1129
4858 4711 1349
4859 5109 3292
4860 3725 2709
4861 4237 613
4862 1971 1139
4863 3665 2639
4864 2050 4473
4865 2949 945
4866 2014 2307
4867 865 3154
4868 1565 3744
4869 3275 2380
4870 4125 3318
4871 4339 4360
4872 3578 257
4873 3589 4584
4874 1983 1252
4875 661 3568
4876 4392 4416
4877 120 2072
4878 753 4659
4879 2195 2301
4880 3999 4297
4881 3344 3327
4882 613 1766
4883 1019 3522
4884 1458 194
4885 309 3052
4886 2508 1375
4887 916 1496
4888 3354 3820
4889 465 3184
4890 2000 3295
4891 2217 3965
4892 5057 1211
4893 4466 3476
4894 4925 1844
4895 3563 2982
4896 3212 1319
4897 3439 3166
4898 506 4503
4899 5077 1121
4900 2268 2518
4901 3371 3913
4902 3349 1454
4903 4765 1278
4904 2388 933
4905 550 3967
4906 5077 2879
4907 61 1369
4908 1263 3878
4909 155 1295
4910 501 5168
4911 102 4171
4912 4187 5180
4913 2349 5016
4914 1131 544
4915 3767 5163
4916 556 4782
4917 4301 4872
4918 485 3015
4919 4450 524
4920 2729 4427
4921 761 2706
4922 703 341
4923 4154 4085
4924 4571 1613
4925 3673 589
4926 668 1403
4927 5212 4180
4928 2360 4682
4929 1092 1101
4930 495 536
4931 1197 2445
4932 3352 63
4933 2070 2582
4934 305 5227
4935 1593 1171
4936 2590 1379
4937 988 3444
4938 3089 2015
4939 902 3551
4940 2112 445
4941 4484 3904
4942 3948 4564
4943 4896 4730
4944 1498 3324
4945 3978 2373
4946 84 4049
4947 232 572
4948 2650 2432
4949 3106 897
4950 3924 2793
4951 3190 2595
4952 3293 2639
4953 4732 347
4954 3773 2095
4955 1620 4008
4956 5042 4345
4957 3351 4231
4958 816 3284
4959 3446 1138
4960 474 2228
4961 2920 513
4962 3798 2352
4963 2490 4266
4964 5071 4051
4965 1117 2545
4966 247 585
4967 369 5124
4968 2643 2055
4969 4163 13
4970 546 2161
4971 688 4360
4972 1150 1349
4973 484 1444
4974 4756 204
4975 3910 1525
4976 1262 2593
4977 3580 1024
4978 866 718
4979 2796 2767
4980 4658 2389
4981 42 4542
4982 3964 2854
4983 1480 5137
4984 2622 2946
4985 1361 1618
4986 230 4561
4987 315 3397
4988 3640 1134
4989 1843 2615
4990 1671 2575
4991 1475 2373
4992 3392 4626
4993 614 4762
4994 1079 1350
4995 1671 1965
4996 3463 1928
4997 2951 323
4998 3572 3096
4999 393 4132
5000 4474 2409
5001 4474 2145
5002 4055 4733
5003 4239 3644
5004 2352 4057
5005 5150 779
5006 798 1663
5007 1929 1122
5008 2883 3381
5009 3814 3773
5010 2333 1988
5011 1909 1018
5012 2804 3066
5013 514 3764
5014 119 3262
5015 4358 2109
5016 379 2849
5017 2634 1939
5018 4876 271
5019 4176 1219
5020 687 2868
5021 2029 1401
5022 4390 5194
5023 1813 4176
5024 4089 1995
5025 1184 1147
5026 4616 80
5027 156 1752
5028 2942 2755
5029 1315 1461
5030 2296 1163
5031 1982 1733
5032 2699 1515
5033 3955 2994
5034 3518 1385
5035 1376 880
5036 994 2564
5037 2016 73
5038 1424 4909
5039 587 1070
5040 1233 4001
5041 28 1945
5042 1257 4301
5043 1948 4497
5044 4467 1864
5045 3997 2905
5046 285 2000
5047 1867 10
5048 4599 4061
5049 4153 204
5050 2890 4757
5051 4599 3755
5052 4880 4052
5053 865 4493
5054 1432 2389
5055 5218 4603
5056 1784 1161
5057 2940 2421
5058 910 4566
5059 3897 4240
5060 614 3049
5061 34 2479
5062 981 1281
5063 593 772
5064 635 1593
5065 3624 4415
5066 1701 3995
5067 4602 3921
5068 2440 4796
5069 4237 3414
5070 667 2762
5071 828 1316
5072 4789 3780
5073 113 797
5074 338 2018
5075 5210 4930
5076 640 1036
5077 1270 383
5078 2911 1906
5079 2886 4646
5080 1708 2694
5081 827 3683
5082 1067 1481
5083 1359 4741
5084 3626 2337
5085 2620 1862
5086 250 2855
5087 3745 3789
5088 4075 4093
5089 4887 3566
5090 5014 4123
5091 2463 1336
5092 2282 1410
5093 4698 2305
5094 717 3701
5095 4226 3398
5096 3357 4173
5097 4128 4791
5098 3130 371
5099 5125 2849
5100 1966 2295
5101 3030 2671
5102 5100 1651
5103 2899 2183
5104 4579 2418
5105 3580 3501
5106 513 2040
5107 4224 3806
5108 2543 758
5109 5048 2995
5110 1590 964
5111 4075 209
5112 3906 3238
5113 105 806
5114 3051 746
5115 2928 5229
5116 391 2687
5117 2861 2641
5118 2695 292
5119 604 3630
5120 2176 4379
5121 2880 1646
5122 4816 4774
5123 1805 4111
5124 1208 974
5125 668 237
5126 4674 1681
5127 655 4771
5128 4787 1016
5129 5096 746
5130 5020 2393
5131 1147 1676
5132 4937 2988
5133 2477 543
5134 2459 2079
5135 59 4688
5136 3852 309
5137 3695 4855
5138 3093 3957
5139 1286 1921
5140 2558 509
5141 878 85
5142 4908 625
5143 3855 4354
5144 74 418
5145 737 2687
5146 2402 3091
5147 10 4186
5148 2115 4142
5149 4468 2030
5150 4376 2009
5151 4930 420
5152 3686 147
5153 4995 2103
5154 2135 3839
5155 3339 4476
5156 1808 4184
5157 150 2883
5158 4872 3479
5159 335 1811
5160 3705 268
5161 3332 2512
5162 2824 324
5163 2021 2333
5164 1398 870
5165 4256 1812
5166 1772 14
5167 1627 2856
5168 4095 3772
5169 3812 1414
5170 4850 4211
5171 2162 765
5172 1446 463
5173 87 1227
5174 4005 4102
5175 2726 5114
5176 3799 3953
5177 4943 4375
5178 4153 352
5179 4921 1274
5180 3194 5048
5181 555 3933
5182 524 3092
5183 399 4062
5184 1206 676
5185 1858 3390
5186 1935 3178
5187 1169 1652
5188 3963 5103
5189 354 4313
5190 3094 966
5191 2886 1204
5192 4493 310
5193 5085 3938
5194 374 3588
5195 2106 2213
5196 555 25
5197 601 1495
5198 1236 1190
5199 4702 1546
5200 3326 4127
5201 1362 1211
5202 800 2393
5203 1142 1135
5204 659 1489
5205 69 3451
5206 5014 3774
5207 4340 4453
5208 3961 3337
5209 3790 1292
5210 3251 3529
5211 3131 3468
5212 3946 604
5213 4463 4939
5214 5213 3167
5215 5219 2843
5216 946 4093
5217 1546 488
5218 806 4276
5219 553 4628
5220 240 4785
5221 3027 3452
5222 3206 1010
5223 3075 4035
5224 3156 5122
5225 4382 953
5226 3585 1061
5227 294 3246
5228 461 1068
5229 1197 4373
5230 805 4352
