4530 4530
1 3299 4424
2 474 3245
3 2861 3771
4 217 1330
5 715 2928
6 1491 1108
7 1808 2428
8 2251 4071
9 3601 1743
10 2018 866
11 2119 256
12 3948 519
13 1992 3626
14 760 1335
15 2618 1812
16 4407 1159
17 300 2641
18 1605 3764
19 68 4268
20 347 817
21 2147 1149
22 1159 1687
23 2087 3810
24 1814 2084
25 3346 1079
26 3913 3789
27 4147 4090
28 1688 3201
29 932 572
30 1209 4478
31 263 760
32 4402 380
33 2803 2796
34 2005 289
35 3368 2348
36 4399 186
37 989 2671
38 851 3829
39 1537 334
40 401 1211
41 3384 1459
42 2801 1788
43 735 4105
44 471 1
45 1609 3790
46 2450 2594
47 409 1101
48 1291 400
49 1582 3755
50 3154 1854
51 192 2077
52 360 2902
53 4103 3108
54 623 1209
55 3916 1444
56 2635 2413
57 2083 3436
58 673 247
59 3101 664
60 3632 1040
61 4506 2205
62 900 3147
63 630 1249
64 1082 452
65 482 4292
66 4384 75
67 1836 112
68 2684 4148
69 3178 1458
70 3670 2250
71 4082 2526
72 2315 4255
73 3174 1893
74 2964 3890
75 2382 2721
76 3976 1511
77 1579 3832
78 4418 114
79 4240 3682
80 6 2666
81 710 3394
82 167 2373
83 2988 3057
84 346 3658
85 3270 102
86 4095 3542
87 1576 3027
88 525 2612
89 1867 979
90 124 3957
91 4522 1700
92 1299 4332
93 568 4361
94 2410 1460
95 1421 2404
96 4004 2547
97 832 1017
98 4114 1923
99 1666 3159
100 788 4063
101 911 2692
102 1553 720
103 625 572
104 2169 3495
105 90 3399
106 691 2203
107 970 1088
108 570 670
109 685 3926
110 251 4077
111 330 1073
112 1237 4082
113 1310 799
114 511 1358
115 1930 1260
116 624 1067
117 2527 2670
118 1255 993
119 27 1378
120 1323 106
121 1363 4366
122 4110 4257
123 1452 137
124 3633 1946
125 3038 1815
126 1928 4200
127 1577 2875
128 3926 4335
129 4495 404
130 490 2356
131 2110 3318
132 2695 2632
133 1788 337
134 374 795
135 2205 2130
136 406 3489
137 3397 2178
138 2847 1199
139 3319 2455
140 3917 3598
141 506 399
142 3390 1635
143 340 114
144 3637 3565
145 3156 3591
146 501 3523
147 4462 2294
148 3250 436
149 1961 2849
150 1639 134
151 3853 109
152 1131 703
153 4438 4403
154 509 2634
155 1959 769
156 3198 3961
157 3566 3615
158 554 1123
159 4187 632
160 4518 2809
161 3431 2559
162 3604 2808
163 3098 3212
164 1591 4296
165 498 211
166 3214 2593
167 2119 4358
168 2377 119
169 3566 2815
170 2026 1499
171 921 4101
172 125 2446
173 882 368
174 3949 1913
175 606 1384
176 3360 711
177 815 892
178 298 2790
179 1644 1270
180 2956 804
181 4450 3175
182 1872 977
183 4425 3216
184 2317 772
185 696 1631
186 524 3370
187 2553 4240
188 937 3775
189 69 2422
190 3538 2601
191 1247 3387
192 771 2284
193 2814 3442
194 221 4333
195 3883 3729
196 3870 2694
197 3582 2925
198 2356 727
199 229 1320
200 3995 1416
201 806 2866
202 1623 4102
203 1656 214
204 743 1216
205 219 2274
206 2838 4296
207 556 3720
208 2532 3498
209 706 325
210 3920 402
211 2277 3794
212 443 4005
213 2080 2332
214 3487 2094
215 2853 1780
216 983 531
217 4124 3916
218 793 1009
219 2244 697
220 1944 3466
221 1258 3810
222 2920 507
223 2493 3523
224 3298 4282
225 3665 3160
226 432 2778
227 922 1906
228 2720 3324
229 140 706
230 1938 4374
231 4482 3766
232 2906 4319
233 234 3445
234 1175 4040
235 3961 3780
236 4111 2178
237 3946 4178
238 3762 3260
239 2114 2112
240 2896 3521
241 4339 2186
242 2469 2811
243 3008 1506
244 1916 19
245 1202 4213
246 3108 3791
247 3042 94
248 2970 2996
249 3266 1385
250 3460 892
251 2073 2257
252 2633 3377
253 519 441
254 2893 979
255 220 1806
256 1501 3001
257 3154 1143
258 61 254
259 411 3159
260 2122 2241
261 1244 2166
262 2246 2558
263 1148 173
264 1670 2210
265 2058 2109
266 603 1255
267 2124 4457
268 3660 276
269 3523 3461
270 984 1664
271 2295 986
272 989 3169
273 3486 3981
274 2378 3260
275 105 2428
276 3545 4271
277 2961 2971
278 2269 3286
279 1571 414
280 4379 2798
281 1992 4317
282 932 3448
283 1048 1182
284 3569 4229
285 977 1362
286 26 2537
287 1748 3153
288 3581 2079
289 3659 972
290 3612 4081
291 3338 4526
292 3264 1469
293 1582 592
294 3947 985
295 1647 3406
296 3522 1089
297 1279 3443
298 1564 3014
299 171 4056
300 3615 1248
301 2265 2714
302 2738 3042
303 906 4393
304 4141 3096
305 2832 3892
306 336 198
307 3807 2726
308 62 1151
309 1175 3556
310 2125 4358
311 3402 90
312 1990 1894
313 23 2838
314 642 2543
315 1270 530
316 2223 4248
317 2662 292
318 627 3319
319 1489 2740
320 1353 3717
321 995 3134
322 2380 3840
323 4426 3422
324 1069 2652
325 4225 65
326 1737 2270
327 3426 4355
328 4374 985
329 220 3647
330 1861 1553
331 393 2352
332 4052 1098
333 1749 3847
334 874 1194
335 4021 1052
336 3302 1162
337 1092 1537
338 3833 3929
339 263 3480
340 2584 1555
341 1520 1180
342 3151 4223
343 4057 3794
344 965 503
345 1228 3756
346 1940 3137
347 688 1624
348 2631 3098
349 3112 1747
350 3681 783
351 3591 3071
352 603 376
353 1011 4265
354 1925 4435
355 3604 1414
356 1254 1169
357 2802 815
358 4286 4116
359 2198 2296
360 3991 192
361 825 3075
362 2093 668
363 4401 2213
364 137 2093
365 4231 392
366 3627 714
367 2389 1659
368 2331 2552
369 4008 688
370 3971 2785
371 4241 4329
372 3428 4523
373 229 4266
374 4087 4248
375 2910 3284
376 201 580
377 3211 669
378 1085 2569
379 344 1932
380 1208 2180
381 2358 3977
382 2963 2129
383 2462 2796
384 2207 902
385 4051 1679
386 2603 2392
387 124 2860
388 3271 4251
389 3855 4510
390 406 1433
391 4469 2768
392 2814 857
393 888 44
394 2178 1657
395 3309 1300
396 1007 2649
397 2229 4378
398 2846 4458
399 4198 3994
400 1237 595
401 178 2320
402 2653 3599
403 2949 763
404 120 2827
405 4035 3495
406 4352 3003
407 3188 820
408 2743 2348
409 2898 1444
410 599 2326
411 304 3837
412 633 2513
413 3525 2439
414 928 3758
415 3310 3357
416 775 3346
417 2376 1073
418 4388 2617
419 2976 1326
420 3778 3804
421 2073 3378
422 2235 3101
423 3539 515
424 607 215
425 4470 495
426 1658 3782
427 3259 65
428 1827 504
429 116 275
430 3591 3432
431 2612 4106
432 3878 475
433 4405 3259
434 40 3762
435 1037 2541
436 2040 3511
437 2226 2759
438 1626 2914
439 2148 693
440 1899 4288
441 1366 3150
442 214 4276
443 553 3748
444 3206 3083
445 4528 3384
446 1473 336
447 1602 992
448 2772 847
449 4331 2934
450 3102 2690
451 237 2229
452 1169 1472
453 3997 1502
454 2059 4031
455 327 1078
456 2342 412
457 2717 628
458 1510 1399
459 954 3114
460 1615 721
461 1883 1470
462 886 2907
463 1290 832
464 146 2169
465 1814 1009
466 1208 1046
467 3834 4094
468 2185 406
469 2892 742
470 1975 2553
471 1958 4103
472 2832 4506
473 3542 1121
474 1396 847
475 1155 4047
476 3605 3852
477 489 2268
478 3579 2914
479 1487 4088
480 3865 515
481 4292 1782
482 4309 1931
483 4069 3664
484 3279 1694
485 4315 3641
486 2957 4042
487 4136 3730
488 2196 800
489 4221 3971
490 216 3129
491 2535 3957
492 67 4509
493 2842 1194
494 4322 533
495 41 2752
496 2960 3155
497 1619 2813
498 732 1903
499 3457 3706
500 1932 554
501 910 4511
502 964 870
503 3051 396
504 3378 1485
505 3558 3902
506 401 852
507 3155 3260
508 1716 3807
509 2914 2930
510 3438 4041
511 2961 879
512 3872 1078
513 487 1577
514 3832 2451
515 2551 929
516 2913 3699
517 3981 2403
518 1743 2574
519 938 3893
520 1667 1410
521 2246 79
522 3285 1970
523 174 2666
524 2848 2282
525 3513 1657
526 1218 1582
527 3880 4174
528 3269 3411
529 3594 3760
530 512 3048
531 704 3811
532 2279 202
533 1955 515
534 1186 969
535 4420 2247
536 3113 1033
537 1812 4412
538 3227 3364
539 4500 2711
540 2634 494
541 3453 824
542 1091 3293
543 1114 812
544 4050 586
545 882 3486
546 2703 96
547 1198 2238
548 3375 1807
549 3271 3607
550 1498 2919
551 3509 841
552 3994 535
553 4322 1539
554 138 957
555 3486 3169
556 4065 4311
557 3738 621
558 866 2647
559 83 1147
560 401 3590
561 2306 3090
562 1770 2929
563 3698 2694
564 1132 3977
565 2259 350
566 3793 4215
567 3025 3531
568 4404 2990
569 439 2135
570 543 133
571 2761 3342
572 2772 2260
573 2437 1146
574 3904 1222
575 3945 3593
576 744 1240
577 2648 291
578 3691 450
579 2736 775
580 2002 4309
581 4198 2273
582 1151 1046
583 2352 1173
584 2672 1379
585 1599 21
586 1871 1089
587 111 4183
588 2736 3125
589 2980 1354
590 2060 997
591 312 1568
592 2368 1553
593 2057 1780
594 2935 3851
595 703 1729
596 4020 123
597 4026 1642
598 203 1178
599 4506 3332
600 3354 4105
601 4366 2523
602 461 1707
603 419 4059
604 3752 764
605 1633 1467
606 1802 877
607 4128 2666
608 3212 2147
609 1218 4337
610 882 2832
611 3621 1278
612 1039 993
613 391 4221
614 1666 3718
615 124 3103
616 3352 120
617 3724 3583
618 2436 4044
619 723 4046
620 673 4464
621 2138 4033
622 503 1226
623 3317 427
624 497 2482
625 3004 1184
626 3112 2145
627 1959 260
628 3260 3684
629 1075 1340
630 1688 2285
631 2650 57
632 1272 1803
633 2137 1588
634 1653 4367
635 1689 1276
636 4403 880
637 3487 2452
638 1091 395
639 4076 153
640 3270 2035
641 2822 403
642 1576 2409
643 2050 3579
644 4468 3623
645 2922 4473
646 915 4489
647 917 2055
648 4063 4492
649 2903 1780
650 696 4176
651 3081 1476
652 367 2214
653 675 451
654 4048 604
655 2641 1092
656 2799 3181
657 388 2280
658 2845 1172
659 2676 4193
660 4380 491
661 1495 2657
662 4192 3692
663 4153 2906
664 3319 4306
665 3211 2667
666 2114 540
667 1348 1902
668 3931 154
669 2063 614
670 1815 708
671 992 4142
672 1116 2427
673 3953 1130
674 4391 1971
675 2480 183
676 4417 632
677 1950 843
678 3037 5
679 445 3949
680 3510 2672
681 2139 1611
682 3894 2105
683 2152 400
684 2571 3173
685 1903 4375
686 3867 254
687 2621 670
688 4072 1889
689 2366 1893
690 1240 1797
691 4030 3808
692 4229 1056
693 162 425
694 869 2237
695 2803 3641
696 2806 2097
697 660 3887
698 1573 2212
699 138 4466
700 1166 3460
701 4338 3262
702 164 1012
703 1818 4225
704 2157 2050
705 721 1419
706 1975 3631
707 4165 2096
708 3811 609
709 544 1945
710 314 4355
711 1743 3147
712 2136 1335
713 2697 1393
714 774 2304
715 224 3007
716 1773 4402
717 2872 951
718 4342 3033
719 1329 3884
720 4326 4469
721 711 1000
722 198 2849
723 2291 483
724 1389 3743
725 2752 2388
726 196 2080
727 1826 4519
728 3834 2338
729 472 4055
730 1496 754
731 1897 170
732 3317 2460
733 1961 1325
734 1766 3297
735 2700 1845
736 2060 2426
737 1094 3493
738 2008 3233
739 3561 1824
740 1422 1046
741 1394 6
742 3830 3768
743 3996 3455
744 4233 2248
745 635 1477
746 4466 1920
747 1325 3105
748 3257 464
749 2365 1533
750 3590 2359
751 2046 4368
752 1832 2513
753 2520 3370
754 1998 663
755 2108 1561
756 4184 2004
757 968 965
758 1971 55
759 4066 1831
760 4243 3515
761 3722 239
762 3730 2562
763 2838 76
764 3625 966
765 850 1052
766 2813 1172
767 3637 1240
768 2759 4399
769 886 1195
770 2727 2891
771 2337 3728
772 3648 117
773 924 166
774 2397 1156
775 1179 2410
776 2243 4083
777 4163 3656
778 2359 4367
779 801 3943
780 1512 2009
781 1960 328
782 3577 2149
783 2842 4432
784 2187 2943
785 4096 3035
786 2952 2069
787 4279 416
788 2137 2201
789 1543 3898
790 24 3796
791 2633 248
792 3606 260
793 2807 307
794 4151 3538
795 3325 3091
796 2355 1058
797 1716 3489
798 4404 98
799 774 3855
800 2337 3904
801 357 3691
802 2750 865
803 2536 2429
804 3675 2259
805 468 3714
806 151 1927
807 3651 3817
808 2873 606
809 280 277
810 4109 2264
811 1618 385
812 762 1188
813 442 984
814 1364 1407
815 3527 3597
816 3661 2940
817 3475 293
818 810 4461
819 4395 4393
820 99 3376
821 2825 1492
822 2156 3194
823 3844 1647
824 1877 1173
825 3331 2386
826 2491 2077
827 1987 1098
828 749 663
829 1415 239
830 1671 330
831 4525 336
832 3785 4197
833 911 295
834 3788 1381
835 1295 1229
836 953 57
837 981 82
838 1910 992
839 4333 2038
840 4151 4378
841 3840 2192
842 2993 3554
843 1538 3683
844 27 2003
845 1802 1942
846 3446 4051
847 2172 1758
848 1734 365
849 3607 650
850 945 1080
851 4310 3393
852 124 2832
853 3844 2546
854 4312 1351
855 2923 2701
856 1044 3302
857 2222 752
858 2331 3140
859 1303 4477
860 3603 2918
861 659 2464
862 244 682
863 620 1189
864 1713 4388
865 3867 3348
866 985 1643
867 661 3810
868 1202 3536
869 622 1736
870 1693 1642
871 3464 1937
872 3726 3277
873 4257 2807
874 664 855
875 1114 4173
876 1119 3252
877 2410 203
878 2353 3498
879 2058 2965
880 265 3872
881 413 4405
882 48 3967
883 4146 2644
884 2534 3081
885 4007 2952
886 3116 692
887 601 4227
888 4 2716
889 1614 478
890 2344 4063
891 4431 3756
892 685 2575
893 1894 2826
894 1902 2468
895 2946 1592
896 2585 2147
897 2923 47
898 4055 2406
899 2299 2001
900 2815 749
901 2461 3698
902 1902 3317
903 4082 4523
904 3097 806
905 3855 1799
906 515 2111
907 3694 4043
908 1996 2293
909 2786 3267
910 51 193
911 1256 1526
912 2735 3321
913 314 1
914 2135 4246
915 171 1108
916 2440 1428
917 3401 334
918 102 4317
919 1161 2897
920 2860 2049
921 1903 2484
922 523 1806
923 1617 2670
924 1620 3830
925 3712 1312
926 1098 2089
927 704 2987
928 1011 52
929 2573 1674
930 3614 872
931 2668 839
932 3508 1725
933 129 1666
934 2146 1307
935 1898 10
936 970 1904
937 1104 1633
938 3145 4471
939 3186 2691
940 3414 2450
941 657 134
942 3719 85
943 632 2550
944 470 2837
945 2404 268
946 1782 1427
947 1563 1599
948 2577 2500
949 374 703
950 2013 4
951 2919 588
952 3978 3257
953 695 2784
954 2186 2766
955 3724 805
956 3879 2494
957 559 701
958 668 1155
959 1894 554
960 3456 305
961 4518 1015
962 2428 3683
963 1018 2270
964 2734 103
965 1225 782
966 1652 4113
967 4478 1941
968 4433 2071
969 1802 4101
970 2885 3345
971 1881 2306
972 4390 2141
973 3188 719
974 674 3617
975 4144 3816
976 1482 2397
977 1929 297
978 890 225
979 1120 964
980 1527 427
981 602 1682
982 3736 3088
983 2455 914
984 1875 3089
985 2916 184
986 3211 2844
987 996 4014
988 3496 1704
989 1146 4451
990 3069 2715
991 1604 266
992 4529 3071
993 4191 1351
994 2589 3214
995 753 4388
996 1680 323
997 3909 3391
998 2144 2494
999 1946 529
1000 2075 659
1001 948 1552
1002 1392 3885
1003 1390 3342
1004 91 161
1005 3575 666
1006 2623 738
1007 126 2430
1008 570 537
1009 2514 2798
1010 1738 3620
1011 2433 3074
1012 670 1953
1013 1376 221
1014 2953 288
1015 3673 3339
1016 4505 3500
1017 1643 1870
1018 4386 434
1019 2181 706
1020 358 2858
1021 2331 2810
1022 3134 376
1023 4363 1831
1024 1634 432
1025 3292 4526
1026 2334 518
1027 2182 1436
1028 3270 556
1029 2191 3457
1030 1792 420
1031 2927 2372
1032 3396 3287
1033 3280 3778
1034 998 445
1035 4003 1344
1036 4181 514
1037 3396 831
1038 1417 2305
1039 241 4174
1040 2273 1765
1041 1520 747
1042 1696 325
1043 2828 1304
1044 1004 2267
1045 3841 4062
1046 1199 3765
1047 3154 2418
1048 1326 2594
1049 2859 2120
1050 3706 498
1051 4171 2321
1052 1673 2448
1053 1352 3767
1054 3319 4130
1055 727 1106
1056 2972 2971
1057 728 2647
1058 281 3973
1059 706 1625
1060 1748 710
1061 3292 4385
1062 2321 125
1063 2074 1156
1064 160 3718
1065 327 715
1066 3361 289
1067 3628 2352
1068 3826 938
1069 378 332
1070 4231 382
1071 2180 567
1072 1389 1146
1073 3927 29
1074 1986 263
1075 2426 880
1076 433 407
1077 1815 37
1078 684 3411
1079 1329 28
1080 1351 972
1081 3112 3591
1082 900 3845
1083 4 741
1084 1741 3989
1085 3070 2099
1086 1930 641
1087 3228 4443
1088 1416 3528
1089 314 3145
1090 3729 3160
1091 3577 255
1092 2452 2429
1093 162 3609
1094 4015 4224
1095 2423 2422
1096 811 3040
1097 2414 40
1098 1754 2303
1099 3614 1912
1100 1515 3322
1101 2743 21
1102 2916 1298
1103 543 564
1104 1400 1071
1105 3625 563
1106 3451 2264
1107 2023 2882
1108 3429 1681
1109 4446 3892
1110 828 2328
1111 3838 841
1112 3097 208
1113 3857 2973
1114 1964 490
1115 2280 2877
1116 4300 3972
1117 3664 1264
1118 3539 2316
1119 10 3170
1120 1694 1511
1121 4428 3714
1122 119 867
1123 2725 4480
1124 685 3208
1125 23 5
1126 896 302
1127 4216 4384
1128 581 4077
1129 3483 1806
1130 3421 2576
1131 4514 2593
1132 2533 2989
1133 1573 2490
1134 1174 587
1135 4199 213
1136 1635 2192
1137 3181 3704
1138 3840 3720
1139 1741 2419
1140 3366 2715
1141 4495 3513
1142 3842 1882
1143 4468 2206
1144 928 4376
1145 2698 3983
1146 2098 2715
1147 2980 1668
1148 1530 3795
1149 1050 571
1150 4337 1405
1151 3601 467
1152 152 1236
1153 2238 1668
1154 4453 1324
1155 873 1599
1156 2842 3632
1157 2473 1126
1158 3368 33
1159 1430 53
1160 972 974
1161 270 1157
1162 579 1050
1163 4088 3412
1164 1366 2885
1165 562 1648
1166 3389 1107
1167 42 766
1168 2103 3429
1169 3427 2426
1170 523 288
1171 4494 4041
1172 2303 2167
1173 693 1058
1174 2201 2762
1175 856 791
1176 2422 3577
1177 3505 896
1178 355 1594
1179 1112 4024
1180 2759 2066
1181 469 2418
1182 4365 3372
1183 31 3364
1184 460 751
1185 2768 2704
1186 3115 1733
1187 3540 2237
1188 2110 1195
1189 1140 1317
1190 3035 3535
1191 4424 2290
1192 4161 3497
1193 1366 561
1194 471 2876
1195 775 1350
1196 3300 749
1197 1964 1143
1198 4204 1865
1199 3588 2802
1200 2132 905
1201 2402 499
1202 2724 1593
1203 2696 3917
1204 4029 1195
1205 1804 3592
1206 1587 745
1207 1436 3006
1208 887 4298
1209 411 4372
1210 994 351
1211 3307 2885
1212 2284 3656
1213 2249 1585
1214 871 767
1215 1829 2511
1216 1081 2258
1217 3189 1721
1218 4461 1790
1219 3330 2752
1220 2469 1013
1221 1510 2543
1222 3657 4363
1223 4000 1988
1224 3647 205
1225 3505 751
1226 901 3465
1227 3509 3127
1228 2822 584
1229 1771 772
1230 3472 1188
1231 1732 1686
1232 1732 483
1233 937 4487
1234 4342 3291
1235 321 2065
1236 3658 574
1237 2030 3154
1238 2478 2107
1239 2788 4462
1240 2541 3286
1241 2873 3099
1242 4423 2588
1243 1926 4104
1244 1727 2641
1245 2572 2587
1246 2958 1166
1247 1670 3881
1248 96 334
1249 2406 3357
1250 1522 815
1251 2291 1239
1252 4051 581
1253 386 3678
1254 311 220
1255 3574 4010
1256 2664 4037
1257 631 3136
1258 3525 4495
1259 2728 2551
1260 4158 128
1261 4354 710
1262 365 3670
1263 4401 410
1264 3704 3873
1265 2658 2157
1266 2068 2774
1267 960 244
1268 451 3874
1269 2134 1220
1270 2555 1569
1271 4287 1450
1272 4166 380
1273 3965 793
1274 2371 3529
1275 127 1678
1276 974 422
1277 3883 3675
1278 2284 1651
1279 3022 2652
1280 497 1709
1281 3177 2512
1282 2653 4391
1283 3146 2056
1284 2835 484
1285 1136 4274
1286 4459 1722
1287 4067 2719
1288 598 2492
1289 656 1504
1290 1618 320
1291 721 1812
1292 2855 2327
1293 2232 753
1294 325 3109
1295 4078 4458
1296 3527 3349
1297 3867 2486
1298 2332 2345
1299 881 885
1300 994 2812
1301 3261 1006
1302 2295 4348
1303 3569 4229
1304 805 2449
1305 4085 791
1306 2948 1188
1307 390 401
1308 2706 134
1309 2363 3775
1310 4481 1797
1311 975 269
1312 1425 4434
1313 937 353
1314 4356 3834
1315 2354 4357
1316 9 2746
1317 1623 1089
1318 4 985
1319 1190 2978
1320 3858 1867
1321 4464 737
1322 2423 1678
1323 1515 1365
1324 4196 1447
1325 1131 2135
1326 409 3042
1327 571 3233
1328 1587 1680
1329 2603 2300
1330 768 3925
1331 1262 1215
1332 2135 2015
1333 3759 2931
1334 437 3808
1335 10 1086
1336 414 1328
1337 838 162
1338 3770 908
1339 286 3331
1340 1220 1061
1341 2870 2197
1342 2267 2156
1343 56 4440
1344 3754 2705
1345 856 4310
1346 1398 1256
1347 1579 1325
1348 3028 4481
1349 683 2736
1350 2937 624
1351 3567 1265
1352 1710 4307
1353 1849 2626
1354 2686 2924
1355 2869 3399
1356 553 1493
1357 3689 123
1358 2586 1796
1359 4484 102
1360 308 3671
1361 4227 3634
1362 1393 756
1363 1844 197
1364 2459 1201
1365 244 92
1366 4400 1993
1367 2722 2284
1368 1509 1769
1369 209 1184
1370 3889 702
1371 2293 3789
1372 3726 3925
1373 2644 2399
1374 2626 189
1375 4413 4079
1376 2096 2576
1377 3958 903
1378 1456 506
1379 1811 3289
1380 546 1068
1381 4182 1442
1382 2748 1814
1383 1322 1386
1384 4037 105
1385 342 578
1386 4063 1205
1387 1864 1722
1388 3856 3674
1389 4159 2893
1390 1498 493
1391 3093 173
1392 77 3030
1393 3305 1196
1394 3312 348
1395 332 4116
1396 169 1526
1397 3597 3025
1398 395 2385
1399 2017 4110
1400 2987 1197
1401 4332 1986
1402 1975 324
1403 511 2716
1404 4523 2423
1405 3073 3687
1406 394 679
1407 455 2366
1408 501 361
1409 2883 4210
1410 2768 223
1411 3359 3431
1412 19 4268
1413 4014 3405
1414 781 1581
1415 2022 4350
1416 1162 2879
1417 151 4385
1418 1945 4465
1419 4265 641
1420 1948 3992
1421 4119 2241
1422 471 4406
1423 3531 1226
1424 4375 1091
1425 669 1552
1426 1481 2888
1427 4468 3932
1428 495 2708
1429 1373 1356
1430 369 85
1431 1123 2178
1432 949 890
1433 2430 2431
1434 1612 3377
1435 3306 2492
1436 1759 1806
1437 3807 3933
1438 2556 3500
1439 1389 2859
1440 521 4524
1441 1065 747
1442 1836 3197
1443 4038 905
1444 221 1457
1445 453 3268
1446 117 2159
1447 1378 2785
1448 2967 1865
1449 2923 1867
1450 400 793
1451 1563 906
1452 2228 3658
1453 238 2873
1454 4266 7
1455 3489 368
1456 4528 3037
1457 2360 469
1458 4066 3352
1459 2899 3816
1460 1641 316
1461 4452 34
1462 4122 4460
1463 2885 2895
1464 177 688
1465 4339 3061
1466 2529 553
1467 3418 1645
1468 910 1358
1469 3822 3502
1470 2888 3318
1471 2683 3152
1472 620 2321
1473 1264 1420
1474 2486 3539
1475 4156 70
1476 1958 3340
1477 2457 2698
1478 4214 575
1479 1368 4348
1480 834 266
1481 3277 3875
1482 2823 3720
1483 4052 3353
1484 1598 2144
1485 739 1111
1486 3676 274
1487 2097 4438
1488 4018 3257
1489 2265 4512
1490 436 1929
1491 952 3787
1492 2192 4185
1493 1448 2274
1494 953 2608
1495 3883 3989
1496 2362 1870
1497 3813 268
1498 1662 3458
1499 155 440
1500 1482 743
1501 1711 1322
1502 375 2124
1503 483 158
1504 4467 4333
1505 2385 450
1506 3337 566
1507 3645 3551
1508 534 763
1509 2299 1925
1510 448 3591
1511 4350 2724
1512 1472 4378
1513 1801 2758
1514 2865 276
1515 4283 1790
1516 1870 1720
1517 2290 4077
1518 1345 3155
1519 3694 424
1520 1116 287
1521 1894 388
1522 872 1596
1523 1161 1071
1524 2467 3238
1525 2184 3964
1526 3192 426
1527 3492 692
1528 4282 1861
1529 4043 1538
1530 3271 2785
1531 3320 875
1532 4417 304
1533 4450 3645
1534 2381 1527
1535 674 231
1536 406 228
1537 2656 740
1538 1568 919
1539 698 3174
1540 1286 960
1541 4405 1559
1542 3753 2648
1543 1127 3453
1544 3965 642
1545 3233 306
1546 1803 2935
1547 3488 1877
1548 1005 2918
1549 2997 92
1550 3773 3504
1551 762 754
1552 1419 4223
1553 3137 2662
1554 3802 3598
1555 2968 3690
1556 1050 1423
1557 4333 3790
1558 2255 2073
1559 3878 2207
1560 2041 4353
1561 898 850
1562 821 2137
1563 3159 1860
1564 3337 2118
1565 3689 2456
1566 3362 45
1567 2575 2700
1568 1168 589
1569 983 1338
1570 328 447
1571 1892 507
1572 4046 366
1573 4522 2888
1574 2261 1035
1575 4174 1279
1576 375 4115
1577 2573 2459
1578 1294 844
1579 3279 598
1580 814 1358
1581 1645 2922
1582 3487 329
1583 1113 3891
1584 4255 12
1585 4033 3633
1586 3802 1856
1587 905 3283
1588 2791 196
1589 1713 1113
1590 355 4385
1591 3359 3467
1592 2536 4359
1593 1040 1159
1594 3101 2324
1595 3889 865
1596 1599 4113
1597 817 534
1598 566 346
1599 3010 2741
1600 4155 1728
1601 3597 2734
1602 3441 201
1603 3303 2026
1604 1621 626
1605 130 1993
1606 3204 3782
1607 4293 685
1608 2320 179
1609 1088 890
1610 199 887
1611 3831 2556
1612 2729 2104
1613 2224 2246
1614 2456 2075
1615 404 1728
1616 4046 163
1617 883 4274
1618 3831 3201
1619 1359 4398
1620 4159 1390
1621 2414 1264
1622 1439 2462
1623 4103 2498
1624 812 1039
1625 339 3388
1626 3575 304
1627 2401 1624
1628 1883 2779
1629 1073 1337
1630 2035 4420
1631 3713 3916
1632 3979 4112
1633 2459 1563
1634 2881 559
1635 3507 3707
1636 4258 1646
1637 2981 3633
1638 2717 589
1639 3842 2001
1640 2916 2834
1641 2837 3654
1642 175 1272
1643 2225 203
1644 560 1835
1645 1107 3827
1646 3324 3218
1647 858 2845
1648 121 798
1649 785 355
1650 580 3968
1651 2333 4263
1652 3059 573
1653 255 2545
1654 4247 3258
1655 4424 3295
1656 3765 4353
1657 1986 75
1658 1974 1418
1659 2911 1311
1660 4075 575
1661 2373 4173
1662 2605 288
1663 2567 2759
1664 2574 1936
1665 3799 4199
1666 2473 2574
1667 4169 1910
1668 3407 2658
1669 2555 3888
1670 2144 4489
1671 270 652
1672 193 1993
1673 27 1365
1674 2496 4355
1675 751 2673
1676 1328 1083
1677 2283 3989
1678 1415 1028
1679 1604 492
1680 1549 4309
1681 1099 1911
1682 1537 2985
1683 3269 4254
1684 489 1994
1685 1969 170
1686 195 816
1687 3020 410
1688 2969 1989
1689 792 3618
1690 820 3681
1691 195 2603
1692 4210 636
1693 3312 2383
1694 201 57
1695 1305 3886
1696 136 2311
1697 936 3807
1698 4307 3150
1699 690 316
1700 256 2512
1701 1540 4047
1702 1094 1709
1703 2878 1497
1704 1916 2595
1705 1246 2079
1706 1876 3810
1707 3435 2419
1708 197 2117
1709 1065 792
1710 432 100
1711 334 4308
1712 2070 1231
1713 4394 1238
1714 1279 1118
1715 2172 3711
1716 2357 2278
1717 316 146
1718 4028 2089
1719 2736 1311
1720 4264 431
1721 3419 968
1722 3317 2315
1723 4058 557
1724 3231 2246
1725 1804 862
1726 1131 1866
1727 3397 361
1728 1015 494
1729 2215 2230
1730 2092 3342
1731 2438 2227
1732 2260 436
1733 3008 188
1734 3324 751
1735 1112 3431
1736 3997 1198
1737 2174 4413
1738 4120 3053
1739 3508 572
1740 1775 3351
1741 2504 679
1742 1285 4349
1743 1766 598
1744 3810 601
1745 1382 370
1746 3820 668
1747 897 1598
1748 1660 85
1749 4444 3572
1750 3689 1119
1751 152 4023
1752 3750 3373
1753 2265 3165
1754 2929 924
1755 1273 4495
1756 2760 539
1757 3091 3068
1758 907 2115
1759 3931 2687
1760 1936 1478
1761 3070 1692
1762 3504 3524
1763 3757 1207
1764 2603 870
1765 588 1603
1766 440 1433
1767 3217 3315
1768 613 4098
1769 2340 3890
1770 1824 3761
1771 2581 1058
1772 2286 3583
1773 853 2766
1774 2091 2663
1775 3592 1414
1776 2924 2014
1777 1280 3078
1778 3738 86
1779 622 2084
1780 3247 1101
1781 3642 3922
1782 1390 1389
1783 3703 9
1784 3797 238
1785 2936 4106
1786 442 3791
1787 586 415
1788 2684 388
1789 558 2722
1790 2366 2
1791 2906 2570
1792 303 519
1793 3085 1623
1794 1195 222
1795 3898 3733
1796 4211 927
1797 822 4372
1798 1788 2140
1799 4225 42
1800 2323 910
1801 3010 184
1802 3969 3760
1803 828 1538
1804 4218 1228
1805 3279 3380
1806 3759 16
1807 3885 1064
1808 479 4387
1809 3859 2335
1810 518 4086
1811 1087 1717
1812 1172 1572
1813 3585 2296
1814 1080 412
1815 1966 884
1816 506 306
1817 2356 1239
1818 2912 4401
1819 2361 3228
1820 1152 398
1821 2918 4338
1822 3433 988
1823 996 397
1824 3259 3670
1825 4340 1074
1826 3901 2871
1827 3850 1252
1828 270 515
1829 3987 1779
1830 3505 3747
1831 4380 3005
1832 4361 1400
1833 243 3765
1834 4506 2315
1835 4392 2465
1836 3797 2027
1837 860 1636
1838 933 2359
1839 2452 1185
1840 1391 1731
1841 3687 2969
1842 3385 4176
1843 2412 138
1844 3758 4011
1845 1563 171
1846 439 612
1847 3375 523
1848 3189 4475
1849 3719 3110
1850 3422 3564
1851 696 287
1852 464 911
1853 2498 580
1854 2414 797
1855 615 1462
1856 3676 1656
1857 2948 4004
1858 4270 4524
1859 747 240
1860 2762 3394
1861 917 1380
1862 287 108
1863 71 4152
1864 1581 772
1865 2248 3892
1866 4413 723
1867 913 440
1868 40 3039
1869 2880 2919
1870 1467 1075
1871 1895 3028
1872 3554 3079
1873 1594 2485
1874 1705 2955
1875 2982 2954
1876 527 2249
1877 4310 1819
1878 1003 2677
1879 3452 2543
1880 4476 434
1881 776 1581
1882 2082 3826
1883 3660 3030
1884 886 1591
1885 7 2609
1886 2824 3834
1887 2439 2681
1888 1754 529
1889 4460 3577
1890 922 4498
1891 1167 2263
1892 3817 413
1893 950 4462
1894 1862 1159
1895 3775 643
1896 3866 4264
1897 553 1974
1898 3230 1720
1899 1065 3922
1900 2762 944
1901 418 2876
1902 1064 3172
1903 2023 227
1904 1767 27
1905 150 121
1906 3646 989
1907 800 745
1908 1919 4387
1909 57 1015
1910 3925 2385
1911 2629 1875
1912 2206 2670
1913 1249 1722
1914 1036 410
1915 2176 927
1916 188 1723
1917 2424 972
1918 2968 234
1919 2992 1646
1920 2899 3547
1921 3930 579
1922 1154 1433
1923 3303 2622
1924 3944 2275
1925 1568 3633
1926 514 755
1927 1762 133
1928 2597 3902
1929 4426 2215
1930 4350 718
1931 1549 2566
1932 1919 4276
1933 1698 2360
1934 4105 35
1935 4378 2036
1936 1627 4023
1937 187 3501
1938 4163 4053
1939 3310 2591
1940 4401 1081
1941 2481 3088
1942 622 425
1943 2017 2135
1944 3954 3401
1945 1006 2341
1946 395 1449
1947 841 3301
1948 4523 969
1949 338 2299
1950 772 4519
1951 836 2973
1952 2777 3172
1953 3439 2823
1954 1468 2649
1955 2555 468
1956 4331 886
1957 1987 3654
1958 2793 2185
1959 4394 1896
1960 1010 98
1961 865 140
1962 1426 2867
1963 2920 3772
1964 2797 655
1965 3389 3961
1966 704 2142
1967 4240 2090
1968 1404 1076
1969 799 2805
1970 3421 478
1971 3987 1188
1972 3764 2549
1973 870 2870
1974 3422 1634
1975 989 670
1976 614 3526
1977 2182 1565
1978 2302 2165
1979 695 4150
1980 1244 732
1981 727 3784
1982 130 3353
1983 3970 3198
1984 3324 249
1985 3627 3091
1986 3277 2256
1987 1648 161
1988 3373 3478
1989 3163 4075
1990 2043 1418
1991 1116 297
1992 4077 2999
1993 3669 3423
1994 264 2522
1995 2937 1727
1996 3355 732
1997 3596 532
1998 831 879
1999 4210 1640
2000 1108 3691
2001 2820 65
2002 4376 568
2003 2271 3501
2004 3120 3978
2005 900 2517
2006 2685 2170
2007 1713 2152
2008 4292 3263
2009 1702 3788
2010 221 4046
2011 748 1325
2012 2091 971
2013 3242 883
2014 26 83
2015 1597 1350
2016 3679 4301
2017 3402 3610
2018 2023 4103
2019 2627 4325
2020 2257 900
2021 841 3772
2022 1343 2805
2023 1231 197
2024 2503 782
2025 3307 2002
2026 3578 1360
2027 1095 3829
2028 4348 3600
2029 1103 250
2030 1545 3253
2031 3039 2322
2032 3540 3464
2033 4287 111
2034 1606 2773
2035 698 3283
2036 2791 936
2037 4392 36
2038 623 3400
2039 2506 457
2040 3767 1098
2041 642 3965
2042 529 959
2043 2041 297
2044 305 1732
2045 211 1962
2046 1181 549
2047 4129 1667
2048 188 1524
2049 2050 1691
2050 1534 1241
2051 3686 3731
2052 1493 3855
2053 1563 181
2054 3095 1255
2055 3243 1548
2056 2316 121
2057 1045 1138
2058 3585 3853
2059 745 4267
2060 1320 1789
2061 960 497
2062 283 649
2063 4386 2974
2064 707 2783
2065 1503 446
2066 3656 336
2067 2182 2969
2068 1360 2202
2069 4489 2112
2070 2240 3895
2071 4477 3730
2072 4200 1780
2073 458 3016
2074 3632 2393
2075 2524 2388
2076 3094 2975
2077 2462 363
2078 164 98
2079 3184 3478
2080 2110 2501
2081 3005 4089
2082 3900 2048
2083 3697 1002
2084 1211 777
2085 3490 1234
2086 262 61
2087 1808 152
2088 1166 3842
2089 944 2242
2090 2997 504
2091 322 2435
2092 3029 2098
2093 894 3863
2094 4221 3546
2095 2471 2059
2096 997 2305
2097 1564 1368
2098 2689 4238
2099 195 841
2100 2620 4401
2101 1954 105
2102 1748 2607
2103 3528 1316
2104 2371 620
2105 3285 1486
2106 202 98
2107 826 3712
2108 2344 2630
2109 2324 4453
2110 2225 2453
2111 4347 4075
2112 2317 1429
2113 4497 3589
2114 3885 635
2115 2971 1556
2116 1921 254
2117 4102 897
2118 4305 4249
2119 1019 1550
2120 1611 3972
2121 3211 2572
2122 679 2430
2123 4234 525
2124 3962 2941
2125 68 2143
2126 679 3327
2127 4426 4002
2128 2304 4417
2129 1832 2795
2130 4075 1075
2131 2183 2807
2132 1681 3779
2133 3518 2817
2134 2036 2638
2135 769 1359
2136 4501 4483
2137 3932 3766
2138 1822 2209
2139 3956 2418
2140 3148 3833
2141 3978 628
2142 2877 4017
2143 1648 374
2144 4481 888
2145 4373 2414
2146 3581 4320
2147 379 2429
2148 3754 839
2149 2619 1515
2150 184 3523
2151 3533 3956
2152 1297 3335
2153 3904 68
2154 698 133
2155 2916 1404
2156 343 1000
2157 4210 3514
2158 306 2473
2159 999 321
2160 485 715
2161 344 2612
2162 4508 473
2163 3735 3678
2164 1279 2848
2165 888 4023
2166 2902 1882
2167 105 3324
2168 1780 1734
2169 1061 2397
2170 221 2888
2171 3896 2621
2172 863 2394
2173 810 4200
2174 424 515
2175 3088 3557
2176 1476 4136
2177 861 3467
2178 1225 3743
2179 761 4510
2180 1631 4175
2181 2111 2640
2182 2833 1852
2183 910 2795
2184 2784 4078
2185 3231 2405
2186 2975 2615
2187 3188 3791
2188 251 3453
2189 1308 1886
2190 1597 367
2191 1737 2386
2192 1137 234
2193 3521 1794
2194 1357 2619
2195 61 2416
2196 4528 4500
2197 1851 4522
2198 2706 3442
2199 2644 705
2200 430 4070
2201 4130 716
2202 336 2269
2203 4184 1113
2204 3756 393
2205 1533 2624
2206 1854 880
2207 2398 3592
2208 1500 3635
2209 2985 3382
2210 3437 635
2211 4047 2420
2212 2328 1110
2213 736 2088
2214 2801 2529
2215 1396 3984
2216 3719 4494
2217 723 1636
2218 2521 1437
2219 16 2551
2220 3381 332
2221 3736 3321
2222 1610 1605
2223 4033 1716
2224 414 454
2225 2753 639
2226 1433 374
2227 1400 3192
2228 3744 2188
2229 2643 3676
2230 1247 4153
2231 3232 2028
2232 1761 1970
2233 1684 322
2234 4013 3575
2235 2391 952
2236 537 287
2237 4061 2151
2238 943 3251
2239 932 189
2240 1959 3702
2241 3386 533
2242 454 3755
2243 3902 2933
2244 4240 3407
2245 3980 2884
2246 372 2578
2247 3496 2946
2248 1072 1141
2249 3232 905
2250 313 1069
2251 221 3346
2252 749 173
2253 541 671
2254 2313 2398
2255 371 620
2256 442 1351
2257 2048 1182
2258 2104 570
2259 4018 1495
2260 985 1217
2261 4406 169
2262 1414 173
2263 2979 788
2264 1873 2600
2265 3180 1079
2266 2600 293
2267 995 1345
2268 1888 4155
2269 46 3825
2270 1203 1614
2271 424 1735
2272 3050 1328
2273 969 4087
2274 3425 2302
2275 1313 1730
2276 552 854
2277 3058 2843
2278 4217 4235
2279 2923 2428
2280 3668 2431
2281 3644 2682
2282 422 2133
2283 884 3158
2284 1111 2829
2285 1980 3173
2286 4237 396
2287 4150 734
2288 4022 3580
2289 1857 2661
2290 3536 1657
2291 35 3611
2292 1099 2744
2293 963 3482
2294 1947 1929
2295 2315 980
2296 3136 971
2297 1692 58
2298 2473 3349
2299 2098 2935
2300 751 3277
2301 4465 3780
2302 942 3169
2303 3287 994
2304 61 4301
2305 4080 942
2306 1528 3976
2307 3534 2111
2308 3248 2801
2309 1040 1517
2310 2087 4525
2311 2712 4497
2312 1830 3865
2313 4283 3168
2314 2766 1099
2315 2179 3119
2316 3486 2186
2317 572 1562
2318 1347 871
2319 3322 4368
2320 2103 3942
2321 4071 2582
2322 3098 350
2323 2781 3972
2324 1615 897
2325 1457 3238
2326 3322 4519
2327 1294 2745
2328 593 775
2329 3207 594
2330 2983 643
2331 3650 1456
2332 2221 1849
2333 3381 4119
2334 3673 845
2335 2194 2883
2336 3309 1612
2337 2566 267
2338 1383 2507
2339 1435 3230
2340 4456 3567
2341 3031 1253
2342 1593 95
2343 2046 2840
2344 910 264
2345 147 1360
2346 2357 2057
2347 1188 1568
2348 625 3985
2349 687 4017
2350 819 3888
2351 2227 3041
2352 3073 677
2353 2196 1243
2354 3071 3099
2355 4372 3276
2356 3908 1364
2357 768 915
2358 3222 251
2359 347 2372
2360 1142 3968
2361 4269 4287
2362 2503 986
2363 3219 4496
2364 1653 212
2365 297 2033
2366 1056 782
2367 615 2578
2368 78 1048
2369 1598 1491
2370 3344 2123
2371 4387 386
2372 3629 1325
2373 625 544
2374 608 1559
2375 3964 2995
2376 292 718
2377 506 1460
2378 2586 1479
2379 202 2810
2380 3020 3168
2381 2847 2330
2382 2505 4302
2383 3466 120
2384 1354 3119
2385 2654 1734
2386 823 2090
2387 1078 1544
2388 976 390
2389 2452 3199
2390 2122 3403
2391 584 6
2392 4357 1711
2393 1806 883
2394 383 4511
2395 3287 3260
2396 669 445
2397 2867 980
2398 4310 1499
2399 3756 1525
2400 4158 659
2401 2197 3664
2402 2856 27
2403 2201 734
2404 3011 511
2405 4516 1736
2406 1153 3151
2407 703 766
2408 799 1107
2409 359 1408
2410 1637 3456
2411 3246 653
2412 3423 3063
2413 247 2267
2414 1050 61
2415 2318 4185
2416 1863 3921
2417 3482 2239
2418 1050 2419
2419 1020 531
2420 1140 1545
2421 1390 1451
2422 1176 4163
2423 1380 3110
2424 75 489
2425 1423 2100
2426 3000 4322
2427 2481 1863
2428 214 474
2429 4477 269
2430 563 1133
2431 440 3962
2432 2835 3703
2433 1536 3802
2434 3744 446
2435 2131 4102
2436 998 3829
2437 3126 909
2438 1100 4310
2439 3303 4106
2440 1814 2519
2441 2030 1935
2442 787 4458
2443 78 1818
2444 853 2086
2445 1111 2565
2446 1893 4142
2447 326 484
2448 3551 2000
2449 4454 1319
2450 2179 2154
2451 3640 2671
2452 4042 2134
2453 1137 4472
2454 1918 4279
2455 3844 2768
2456 401 522
2457 47 2215
2458 2758 553
2459 2223 569
2460 850 2379
2461 1307 4414
2462 1333 616
2463 2517 3329
2464 4307 1584
2465 4106 4428
2466 96 2698
2467 2751 584
2468 4366 2127
2469 1259 2823
2470 3530 327
2471 4002 4287
2472 3101 2191
2473 2934 980
2474 2749 4048
2475 2727 1169
2476 4065 3561
2477 2108 3400
2478 3150 1959
2479 1828 3186
2480 158 424
2481 1195 3802
2482 4375 1863
2483 1355 1719
2484 4414 138
2485 2161 2564
2486 973 586
2487 2820 857
2488 759 3767
2489 4340 1769
2490 447 3073
2491 84 1378
2492 3523 1971
2493 3806 1549
2494 2512 3674
2495 2284 1750
2496 2508 4207
2497 1491 1499
2498 3741 3308
2499 3612 2541
2500 1389 3693
2501 4401 3559
2502 1784 4230
2503 3723 2320
2504 572 1210
2505 1922 331
2506 4269 3225
2507 2007 1956
2508 3017 318
2509 285 1097
2510 143 1960
2511 366 1010
2512 2870 3699
2513 2538 546
2514 1534 1731
2515 2665 108
2516 841 1921
2517 2430 3471
2518 4404 716
2519 476 2049
2520 3137 324
2521 1112 1684
2522 1004 3253
2523 4131 2141
2524 4267 3445
2525 3623 719
2526 966 2180
2527 414 2784
2528 1107 4033
2529 3772 711
2530 3178 3708
2531 4345 3538
2532 4433 1791
2533 2709 4404
2534 2414 1193
2535 3763 950
2536 4109 4517
2537 938 342
2538 3531 2609
2539 888 1459
2540 4051 1270
2541 3486 361
2542 2165 2092
2543 278 122
2544 4370 3420
2545 3049 3026
2546 3940 209
2547 1046 4124
2548 2702 1993
2549 2413 4142
2550 833 2564
2551 4188 3692
2552 2960 3327
2553 1556 2503
2554 688 1902
2555 2874 1384
2556 552 1553
2557 3204 1233
2558 4063 4388
2559 2494 551
2560 980 4321
2561 3589 436
2562 1175 3896
2563 4500 990
2564 3889 1238
2565 2725 380
2566 3292 773
2567 2630 2245
2568 2979 3080
2569 1248 2802
2570 3928 2142
2571 1659 510
2572 598 303
2573 3171 988
2574 6 1742
2575 4167 1774
2576 137 918
2577 3560 3157
2578 4432 4127
2579 2884 3669
2580 2993 1130
2581 2193 1144
2582 3269 1228
2583 2535 1399
2584 3273 1820
2585 1541 4089
2586 2022 3681
2587 1207 3904
2588 946 1549
2589 1143 2017
2590 3842 3230
2591 2555 1026
2592 2326 2061
2593 907 783
2594 880 775
2595 2651 992
2596 3359 884
2597 3668 1836
2598 1911 2791
2599 4037 4421
2600 2533 783
2601 3441 1120
2602 469 1386
2603 1403 4393
2604 2470 3157
2605 241 2096
2606 845 4444
2607 664 4131
2608 4147 1377
2609 1052 1237
2610 2117 761
2611 295 500
2612 2034 489
2613 3594 2601
2614 1390 3664
2615 2892 2635
2616 1914 4403
2617 4257 3512
2618 205 1699
2619 4405 224
2620 2920 1658
2621 945 1323
2622 4495 1374
2623 594 3915
2624 1489 1571
2625 896 1181
2626 531 4460
2627 465 3377
2628 4412 4489
2629 3018 321
2630 1729 1097
2631 3018 3959
2632 4272 2185
2633 3193 557
2634 2134 2400
2635 1351 3823
2636 4158 1305
2637 2159 1067
2638 1059 3998
2639 3547 3914
2640 704 3715
2641 3002 2773
2642 2068 1472
2643 2081 2637
2644 3998 3259
2645 2170 4023
2646 3676 2856
2647 3955 1954
2648 574 122
2649 3458 3050
2650 1236 615
2651 3771 3141
2652 2508 1544
2653 1203 3666
2654 1534 4280
2655 1818 1604
2656 4257 900
2657 3522 2796
2658 2219 678
2659 4517 1706
2660 2647 1844
2661 4526 2711
2662 241 43
2663 4345 131
2664 1312 3166
2665 36 2522
2666 1519 3687
2667 2056 1668
2668 1883 1544
2669 765 1550
2670 3296 468
2671 1449 1701
2672 3785 4057
2673 2918 3531
2674 4448 1238
2675 359 3836
2676 2558 479
2677 2920 3417
2678 3278 2284
2679 2983 1235
2680 4033 4522
2681 3394 1890
2682 1370 183
2683 3521 3182
2684 4126 2608
2685 891 2767
2686 2326 1028
2687 4107 2861
2688 1388 2248
2689 3540 528
2690 709 2717
2691 2883 1399
2692 2046 180
2693 1141 2970
2694 4376 3598
2695 4409 3010
2696 4215 2699
2697 4296 806
2698 4431 2775
2699 1281 1176
2700 2666 2290
2701 1109 4398
2702 462 1240
2703 2558 860
2704 4339 262
2705 574 2075
2706 1042 3718
2707 3929 943
2708 828 4099
2709 339 2938
2710 1731 522
2711 3201 2734
2712 393 761
2713 4461 2308
2714 2075 2948
2715 2961 610
2716 337 2397
2717 720 2083
2718 1324 253
2719 1195 68
2720 2138 2608
2721 2271 2488
2722 1563 4307
2723 23 4021
2724 325 463
2725 84 2386
2726 2567 2523
2727 1037 2807
2728 2626 1193
2729 1911 288
2730 3465 3757
2731 4107 1744
2732 3790 2340
2733 918 4200
2734 4265 792
2735 1096 1970
2736 636 986
2737 655 2175
2738 3187 3889
2739 1437 242
2740 186 927
2741 1839 4064
2742 187 4523
2743 1867 1685
2744 23 913
2745 3207 2434
2746 4138 4132
2747 3893 3014
2748 1144 2311
2749 4490 922
2750 306 2507
2751 3495 1995
2752 441 2822
2753 58 3574
2754 4078 1972
2755 778 2458
2756 3880 4337
2757 4426 1570
2758 2805 786
2759 737 4005
2760 2575 3208
2761 3209 1702
2762 3071 986
2763 2708 4503
2764 3214 109
2765 2826 1808
2766 967 1981
2767 4194 2810
2768 2804 1675
2769 1876 1333
2770 3725 2995
2771 1684 2813
2772 1631 500
2773 4032 4421
2774 3654 3799
2775 3265 3817
2776 2498 2025
2777 1087 16
2778 3437 1751
2779 36 3712
2780 3639 4428
2781 1439 2742
2782 2787 721
2783 3682 1025
2784 2380 4414
2785 3809 1482
2786 1283 2735
2787 547 1748
2788 2426 2651
2789 3266 2867
2790 1523 1681
2791 2693 1349
2792 2769 3566
2793 1073 4042
2794 3847 1728
2795 2167 847
2796 1693 2395
2797 1089 1930
2798 3330 341
2799 1543 3958
2800 3526 1926
2801 4391 4379
2802 3876 4016
2803 259 3765
2804 2010 3214
2805 4213 958
2806 754 775
2807 3595 1949
2808 2183 3638
2809 235 2240
2810 1818 2204
2811 2251 176
2812 3179 1089
2813 957 2321
2814 3600 4208
2815 4166 1396
2816 1887 524
2817 1634 2586
2818 1534 1003
2819 2054 3838
2820 3416 3694
2821 4204 3713
2822 2182 2233
2823 2998 1436
2824 177 3356
2825 4473 3513
2826 3597 1395
2827 244 969
2828 2773 670
2829 4229 4361
2830 3206 2202
2831 2390 4252
2832 3869 4128
2833 3444 3228
2834 1013 2609
2835 3548 2060
2836 3379 2902
2837 3523 360
2838 2079 4139
2839 2612 752
2840 3182 1442
2841 1049 4442
2842 748 2448
2843 785 1729
2844 1384 1017
2845 280 3118
2846 671 3782
2847 3211 23
2848 2633 3848
2849 3615 3520
2850 2391 3798
2851 1757 1233
2852 3509 2844
2853 871 4041
2854 3330 3619
2855 4307 1425
2856 2565 871
2857 706 1522
2858 3978 4080
2859 2023 792
2860 2680 674
2861 3026 3689
2862 2182 4157
2863 3369 4271
2864 3161 933
2865 3720 2708
2866 4357 1753
2867 1554 513
2868 2586 4191
2869 314 4105
2870 4255 1669
2871 2103 2104
2872 2275 866
2873 76 2633
2874 3428 3293
2875 3324 2370
2876 1614 2438
2877 4270 3382
2878 308 2111
2879 2170 84
2880 3078 2998
2881 1335 3716
2882 2093 3115
2883 2381 3881
2884 3213 1745
2885 4338 1285
2886 725 2863
2887 1654 4440
2888 2373 2787
2889 2213 4391
2890 3851 663
2891 735 2506
2892 431 824
2893 3590 2885
2894 3285 3475
2895 138 1794
2896 354 2733
2897 3934 1381
2898 4336 3750
2899 1720 2615
2900 630 1211
2901 3731 759
2902 3227 3113
2903 4237 2675
2904 1152 3186
2905 4359 1207
2906 908 1697
2907 4348 4477
2908 3077 1544
2909 46 4157
2910 3611 2244
2911 3835 611
2912 248 553
2913 3817 4339
2914 2728 1742
2915 3855 4288
2916 1602 1364
2917 233 3381
2918 3034 3259
2919 3283 4169
2920 2838 1810
2921 1878 4469
2922 3815 826
2923 405 977
2924 253 973
2925 174 3480
2926 2513 3692
2927 3979 2987
2928 3837 1123
2929 4240 3018
2930 55 2520
2931 3108 3476
2932 3418 4178
2933 3064 4333
2934 149 3189
2935 3856 3285
2936 2182 242
2937 2442 707
2938 4393 4059
2939 368 992
2940 69 3208
2941 172 1577
2942 1183 2318
2943 501 254
2944 2723 4301
2945 229 2704
2946 3594 3909
2947 901 4401
2948 243 3344
2949 4158 3235
2950 3599 4246
2951 3171 563
2952 4401 1145
2953 2025 2488
2954 3788 1039
2955 3323 2925
2956 2220 3009
2957 1301 3914
2958 2894 4194
2959 433 42
2960 29 4080
2961 4412 4064
2962 3532 2780
2963 1986 4174
2964 474 278
2965 3987 977
2966 2143 3645
2967 3130 605
2968 3880 2371
2969 1667 995
2970 2815 2806
2971 2924 2296
2972 3274 447
2973 2184 1217
2974 4241 4323
2975 1903 3927
2976 581 3233
2977 3068 1033
2978 1193 4404
2979 3567 197
2980 3796 4121
2981 1741 777
2982 4443 1115
2983 2617 3014
2984 1238 1498
2985 2185 916
2986 3312 1920
2987 2042 3217
2988 2558 1199
2989 3339 1189
2990 1485 516
2991 1839 2598
2992 1848 3198
2993 3547 1345
2994 2399 2979
2995 4062 877
2996 3593 2142
2997 3793 174
2998 1304 1316
2999 3846 4514
3000 4084 1412
3001 1755 201
3002 1494 3278
3003 2643 1330
3004 45 3721
3005 1585 268
3006 3387 809
3007 37 3338
3008 2702 605
3009 1500 1172
3010 407 4279
3011 988 2682
3012 2654 810
3013 4055 3563
3014 2379 2364
3015 3599 2415
3016 1495 1546
3017 2564 1544
3018 1248 3413
3019 2322 2984
3020 2698 4075
3021 1222 2806
3022 3727 2459
3023 1739 1490
3024 244 4339
3025 2475 1426
3026 4145 889
3027 1075 1608
3028 3355 1485
3029 3625 4077
3030 2637 3834
3031 1228 2622
3032 4484 2114
3033 2045 603
3034 1896 3491
3035 3360 472
3036 1064 2576
3037 440 832
3038 4252 2826
3039 3581 4460
3040 2339 2471
3041 3493 1872
3042 2270 3912
3043 2153 4362
3044 2533 4493
3045 1257 2762
3046 2603 2227
3047 1829 2569
3048 704 3052
3049 2694 1251
3050 311 549
3051 3661 3738
3052 980 3789
3053 3851 2293
3054 3204 3143
3055 4472 768
3056 2548 156
3057 295 3545
3058 3345 1904
3059 1146 3592
3060 82 2936
3061 1833 576
3062 3824 34
3063 537 1337
3064 803 2960
3065 2257 3799
3066 277 3198
3067 231 1724
3068 629 1885
3069 3311 2515
3070 3024 1569
3071 1358 2471
3072 2782 3029
3073 1687 3919
3074 2605 884
3075 726 1596
3076 2887 2168
3077 4419 1100
3078 4343 1201
3079 3816 1014
3080 2482 3633
3081 369 769
3082 1775 3388
3083 346 2082
3084 4425 4345
3085 3744 1564
3086 1886 3311
3087 2520 2742
3088 4239 3156
3089 250 1736
3090 2957 325
3091 2659 204
3092 359 2739
3093 3033 885
3094 4283 3134
3095 1525 4274
3096 3790 2057
3097 4145 1653
3098 2635 1472
3099 266 1877
3100 1421 253
3101 4263 2890
3102 4277 383
3103 4161 3346
3104 758 1385
3105 574 1536
3106 328 101
3107 3283 479
3108 374 3860
3109 2642 2280
3110 3735 3637
3111 1799 3968
3112 1004 1584
3113 2061 2566
3114 2768 3491
3115 934 882
3116 3668 7
3117 2100 4267
3118 2418 3025
3119 1281 4519
3120 115 2817
3121 3553 3240
3122 4203 2602
3123 147 4374
3124 4507 4466
3125 1046 897
3126 2755 912
3127 1452 1836
3128 1165 2
3129 3958 2708
3130 4169 3653
3131 1036 3989
3132 3325 3610
3133 2268 206
3134 729 581
3135 1870 1203
3136 2729 4271
3137 2914 38
3138 2440 1559
3139 3489 2957
3140 32 2154
3141 2467 2380
3142 1066 3385
3143 3344 4440
3144 185 2522
3145 1036 3903
3146 2151 4271
3147 4241 4446
3148 3315 2783
3149 2612 2194
3150 123 615
3151 1240 406
3152 3776 3645
3153 4391 2090
3154 982 4394
3155 4525 3890
3156 2048 4362
3157 487 1409
3158 4245 2058
3159 3544 2167
3160 2621 2903
3161 1035 2298
3162 1815 1111
3163 3961 3795
3164 3433 444
3165 3924 1393
3166 1480 2035
3167 749 3076
3168 2249 4148
3169 3082 2707
3170 3325 3221
3171 215 479
3172 935 2544
3173 4170 2690
3174 473 3739
3175 4163 1703
3176 845 212
3177 1353 601
3178 1580 3934
3179 705 3110
3180 4120 1350
3181 1948 2467
3182 3233 674
3183 4322 2455
3184 961 4179
3185 2917 3113
3186 1459 1734
3187 1265 1565
3188 1306 2525
3189 764 727
3190 1905 4464
3191 527 3674
3192 1464 1241
3193 982 3082
3194 1949 1303
3195 4199 880
3196 1632 2274
3197 202 2288
3198 3780 3943
3199 1095 4143
3200 2310 1860
3201 2778 2327
3202 4397 552
3203 2831 4049
3204 120 4262
3205 4175 3820
3206 2243 1724
3207 647 239
3208 2370 1328
3209 4278 3510
3210 3390 1364
3211 1676 1476
3212 4044 4242
3213 2744 3525
3214 2542 1531
3215 1952 444
3216 4211 922
3217 2378 2755
3218 590 2811
3219 2341 891
3220 1922 790
3221 1963 2063
3222 4214 2174
3223 159 4381
3224 1800 2180
3225 1784 3865
3226 450 128
3227 2114 38
3228 601 1059
3229 3287 759
3230 2082 2706
3231 2226 1316
3232 2050 1344
3233 1967 65
3234 1100 4046
3235 2207 1645
3236 1189 569
3237 2758 2526
3238 2510 633
3239 4213 380
3240 1051 4166
3241 2696 1508
3242 176 1711
3243 2118 1058
3244 368 137
3245 2727 3428
3246 2811 2191
3247 4056 1598
3248 3794 414
3249 3984 2372
3250 2011 3662
3251 1227 1509
3252 3159 610
3253 2435 3425
3254 850 1083
3255 755 282
3256 408 732
3257 4515 659
3258 2635 3984
3259 1920 855
3260 3698 2729
3261 3092 646
3262 3752 2050
3263 2027 2307
3264 3405 4500
3265 2347 4410
3266 2846 110
3267 2126 3214
3268 1181 4286
3269 4346 1834
3270 1562 4434
3271 3249 2078
3272 1860 753
3273 1046 4388
3274 3332 3860
3275 851 2987
3276 112 2100
3277 3473 4089
3278 2835 981
3279 2060 1580
3280 4250 2631
3281 1923 1882
3282 679 2356
3283 838 1024
3284 2541 347
3285 1207 323
3286 1351 1879
3287 3425 1934
3288 37 590
3289 515 2388
3290 910 769
3291 3983 1480
3292 3485 1360
3293 2740 1934
3294 2187 3966
3295 113 557
3296 4456 1676
3297 3884 1880
3298 2667 3766
3299 1459 2321
3300 225 672
3301 1212 1675
3302 3536 2831
3303 3586 78
3304 2446 2973
3305 214 4499
3306 1982 2544
3307 1900 2129
3308 2972 3338
3309 3769 3567
3310 2844 2498
3311 1360 2026
3312 378 3698
3313 4350 3700
3314 1287 518
3315 235 2548
3316 1448 99
3317 3275 879
3318 2340 1398
3319 4072 800
3320 4410 3709
3321 2035 2650
3322 594 354
3323 3458 3614
3324 906 2883
3325 1208 2874
3326 1279 1003
3327 2071 304
3328 193 2776
3329 275 965
3330 2272 2480
3331 516 2266
3332 1245 3604
3333 2312 2957
3334 4188 851
3335 554 4449
3336 836 3913
3337 2524 159
3338 1933 3591
3339 3025 1732
3340 1023 2267
3341 660 2716
3342 1634 4009
3343 29 1774
3344 1247 416
3345 3038 3213
3346 2263 1804
3347 1274 2629
3348 1936 3056
3349 3137 1663
3350 822 3801
3351 3805 3965
3352 1626 1249
3353 3886 3724
3354 3151 1812
3355 709 1933
3356 2114 314
3357 1617 2393
3358 14 739
3359 1932 1935
3360 1231 3732
3361 2959 1774
3362 1337 1158
3363 2699 3261
3364 3015 2875
3365 4451 1082
3366 3127 729
3367 2101 876
3368 266 808
3369 1918 780
3370 1368 678
3371 250 135
3372 1962 2214
3373 933 2770
3374 3966 1050
3375 2404 345
3376 597 3557
3377 1611 1777
3378 2713 1194
3379 4076 1965
3380 4323 257
3381 202 4152
3382 2479 335
3383 1998 1833
3384 4174 4227
3385 198 2679
3386 311 3837
3387 1011 4025
3388 2464 4116
3389 1885 3270
3390 3642 254
3391 4223 1684
3392 1500 860
3393 1103 3735
3394 1573 1910
3395 3789 4077
3396 3929 1184
3397 2994 3605
3398 2754 547
3399 1144 3957
3400 2236 334
3401 1779 2565
3402 2621 1748
3403 1454 585
3404 1335 1594
3405 1637 3526
3406 632 2066
3407 4441 1106
3408 2968 1921
3409 903 1427
3410 2124 3403
3411 378 4049
3412 2665 3653
3413 3615 1443
3414 4317 1806
3415 4291 1490
3416 449 3801
3417 431 437
3418 1541 974
3419 3669 2153
3420 3578 3832
3421 3779 964
3422 4201 2597
3423 1619 997
3424 1200 3683
3425 259 3487
3426 538 584
3427 2656 3867
3428 646 2971
3429 2747 2753
3430 561 1483
3431 1398 2850
3432 4395 785
3433 4050 1037
3434 2818 3949
3435 4016 1420
3436 4426 3733
3437 2613 3042
3438 4397 475
3439 2476 105
3440 3159 693
3441 2423 343
3442 659 3410
3443 418 1576
3444 753 1109
3445 1608 600
3446 2959 3993
3447 998 2400
3448 2939 1929
3449 1130 1013
3450 3100 2033
3451 367 2846
3452 813 4336
3453 2041 3840
3454 2413 1374
3455 2 3054
3456 149 1869
3457 11 3929
3458 3119 1705
3459 4143 1401
3460 619 1877
3461 134 2608
3462 2422 562
3463 1367 3094
3464 239 4308
3465 938 3872
3466 4293 1635
3467 3282 1359
3468 3608 1459
3469 3324 818
3470 1522 193
3471 3642 710
3472 2237 2262
3473 60 2677
3474 218 341
3475 3936 2568
3476 1701 45
3477 4385 2723
3478 3412 3053
3479 2290 2590
3480 3215 3361
3481 280 798
3482 4039 502
3483 4001 482
3484 319 4232
3485 4027 1768
3486 3907 2049
3487 1108 237
3488 4131 3587
3489 1381 640
3490 1285 2177
3491 1531 363
3492 2623 2340
3493 1019 2045
3494 3415 19
3495 2353 491
3496 1009 3608
3497 1031 4478
3498 4173 1015
3499 4336 4326
3500 1749 3686
3501 3610 1858
3502 241 1285
3503 3216 2442
3504 886 2752
3505 4382 3138
3506 2023 352
3507 1992 4252
3508 1299 2975
3509 1237 229
3510 4415 3824
3511 4068 1523
3512 2587 4463
3513 2427 3806
3514 1972 2778
3515 1726 4005
3516 1984 3864
3517 1008 999
3518 3815 3818
3519 3876 3432
3520 434 1976
3521 2598 3169
3522 2335 3054
3523 720 582
3524 520 2532
3525 4241 4087
3526 355 1408
3527 745 4054
3528 3672 831
3529 1067 116
3530 261 971
3531 2823 2395
3532 1342 829
3533 3993 70
3534 406 4492
3535 1684 3080
3536 2290 1081
3537 2633 2703
3538 4503 1512
3539 973 1
3540 2662 2672
3541 2367 4335
3542 855 2464
3543 1854 3871
3544 1687 3043
3545 1027 2957
3546 481 232
3547 1906 3264
3548 3957 2896
3549 2753 3635
3550 4295 3081
3551 4453 2906
3552 1787 4146
3553 1509 1505
3554 358 1241
3555 580 153
3556 3502 2362
3557 2073 962
3558 851 2435
3559 3432 3996
3560 3463 3331
3561 1633 1255
3562 860 3183
3563 354 550
3564 3138 1041
3565 4314 3634
3566 1192 1876
3567 4443 788
3568 2604 318
3569 4026 2727
3570 3291 3329
3571 2056 1689
3572 521 3764
3573 537 2927
3574 4007 3811
3575 611 1394
3576 2884 3470
3577 1686 2266
3578 2768 3790
3579 758 257
3580 1595 610
3581 1590 1280
3582 480 3566
3583 719 2897
3584 1064 3237
3585 872 667
3586 2651 1263
3587 366 3435
3588 4076 1059
3589 4529 2340
3590 2776 2539
3591 3330 269
3592 825 4195
3593 1879 4097
3594 1656 2005
3595 3749 979
3596 1627 2440
3597 4035 3285
3598 2450 4298
3599 504 1348
3600 3952 1496
3601 2747 4186
3602 1345 3576
3603 451 3748
3604 3578 382
3605 1421 3751
3606 754 4024
3607 1448 4353
3608 2279 2492
3609 270 2653
3610 3356 1352
3611 3173 4311
3612 4521 1202
3613 3818 4039
3614 1471 1674
3615 4528 1378
3616 2994 3945
3617 652 761
3618 3302 24
3619 1063 519
3620 2372 2003
3621 1768 449
3622 3620 2599
3623 683 3323
3624 3523 4129
3625 1336 3108
3626 4307 171
3627 4503 2022
3628 2091 1707
3629 4057 257
3630 4412 3818
3631 2206 809
3632 3549 2095
3633 3481 3906
3634 3359 3116
3635 809 2347
3636 977 2741
3637 3370 2696
3638 2370 996
3639 3739 1035
3640 124 1007
3641 3445 3604
3642 916 3845
3643 4308 1419
3644 89 483
3645 705 43
3646 1044 2189
3647 171 1527
3648 449 2883
3649 1489 1219
3650 4022 3109
3651 4339 298
3652 1315 3366
3653 1389 430
3654 1257 995
3655 1998 1935
3656 3998 1809
3657 2327 2493
3658 4202 39
3659 3846 3454
3660 2492 1786
3661 2783 2349
3662 2400 2238
3663 4152 2538
3664 2460 3149
3665 1471 1805
3666 3232 779
3667 454 2034
3668 1421 3615
3669 1939 2977
3670 1328 1301
3671 4064 4114
3672 2640 1352
3673 3606 1511
3674 3560 3698
3675 4528 1965
3676 3511 1590
3677 2023 3926
3678 2714 3928
3679 1914 1318
3680 573 2630
3681 935 1090
3682 3428 1832
3683 2120 4335
3684 4207 527
3685 494 1454
3686 3296 2079
3687 4046 3082
3688 954 1117
3689 3324 1247
3690 1940 4344
3691 2334 2555
3692 3584 1475
3693 2171 1734
3694 2533 4151
3695 4031 1525
3696 3487 3197
3697 343 298
3698 69 1959
3699 2980 3509
3700 4171 4458
3701 8 3954
3702 3312 3892
3703 1798 3995
3704 2075 3366
3705 2887 2502
3706 901 661
3707 2460 2359
3708 25 333
3709 1157 2762
3710 256 3672
3711 4168 3931
3712 770 1914
3713 3104 1920
3714 4288 1779
3715 2721 4460
3716 3857 1775
3717 2153 1717
3718 2021 760
3719 4273 70
3720 423 1023
3721 1063 2516
3722 911 1852
3723 2256 2573
3724 911 248
3725 625 2738
3726 3306 2298
3727 975 2196
3728 3166 1156
3729 4401 3832
3730 3474 4429
3731 2241 1204
3732 4339 3632
3733 2193 841
3734 3210 2810
3735 2579 3232
3736 121 2739
3737 628 4327
3738 3463 3928
3739 585 1511
3740 2430 908
3741 3348 3184
3742 656 237
3743 2020 2806
3744 1236 3316
3745 4486 1702
3746 4162 4384
3747 1539 4354
3748 2508 1430
3749 2112 392
3750 1571 1388
3751 3981 3349
3752 1110 881
3753 662 1824
3754 657 4360
3755 3109 3963
3756 3231 3843
3757 2518 1007
3758 1777 1271
3759 3851 600
3760 4300 1152
3761 210 3645
3762 2435 2108
3763 1827 2461
3764 129 178
3765 2315 4175
3766 821 479
3767 2311 1291
3768 1559 3544
3769 1080 1641
3770 4034 3132
3771 2059 363
3772 1551 2598
3773 4395 2383
3774 1162 3995
3775 1056 1125
3776 2849 2091
3777 1195 1981
3778 3404 581
3779 2357 2789
3780 4143 2195
3781 3740 3676
3782 2231 3404
3783 617 2753
3784 3457 2836
3785 1272 2318
3786 2155 632
3787 237 2268
3788 501 2676
3789 367 868
3790 3386 458
3791 4085 2518
3792 1308 3161
3793 2191 2830
3794 2027 770
3795 2538 4128
3796 244 3931
3797 2575 1465
3798 3564 1
3799 1046 1785
3800 2492 2825
3801 2524 194
3802 4079 820
3803 2718 235
3804 1424 538
3805 478 345
3806 3932 1231
3807 894 331
3808 2334 3233
3809 3312 1807
3810 931 866
3811 4048 2389
3812 891 504
3813 368 3797
3814 3609 1039
3815 3484 3145
3816 2699 653
3817 2422 4051
3818 415 2467
3819 82 3530
3820 1478 3544
3821 958 2496
3822 2778 2337
3823 3601 3998
3824 166 2250
3825 2794 625
3826 297 2337
3827 1021 1016
3828 3945 341
3829 3737 3247
3830 2177 3800
3831 3744 3121
3832 1814 1184
3833 3622 231
3834 2271 3389
3835 2247 715
3836 4052 4128
3837 3103 4381
3838 3041 200
3839 3947 1190
3840 4039 940
3841 3477 610
3842 3742 2820
3843 2391 4043
3844 1263 2533
3845 952 3779
3846 2519 3851
3847 2027 1004
3848 335 4478
3849 2965 1109
3850 3360 4216
3851 2520 3294
3852 2764 1391
3853 2397 2215
3854 4334 704
3855 2886 406
3856 2238 808
3857 2851 124
3858 2319 3524
3859 2604 3561
3860 756 303
3861 2415 2619
3862 4080 2447
3863 2457 4382
3864 3631 196
3865 242 1912
3866 2191 2208
3867 2068 2066
3868 1995 1858
3869 2862 4357
3870 646 776
3871 3946 617
3872 2575 3380
3873 1655 3029
3874 2751 173
3875 1847 1314
3876 1917 3659
3877 181 1438
3878 3099 1542
3879 1017 135
3880 4131 3547
3881 3785 2607
3882 3585 3028
3883 2515 3071
3884 2999 4074
3885 1352 201
3886 2698 1213
3887 2805 323
3888 4441 4019
3889 2517 4038
3890 2669 366
3891 2878 2046
3892 57 1798
3893 1490 2116
3894 3484 779
3895 1088 3974
3896 193 462
3897 107 953
3898 3568 3678
3899 810 2817
3900 4201 715
3901 2202 4113
3902 1997 4271
3903 3303 732
3904 1990 222
3905 3016 491
3906 727 625
3907 608 3092
3908 2306 3113
3909 1124 1915
3910 1106 3671
3911 2435 488
3912 939 3477
3913 3736 2629
3914 3424 1260
3915 2359 3993
3916 1200 4419
3917 1518 4252
3918 2252 1133
3919 372 2586
3920 1194 1741
3921 1565 812
3922 3248 4523
3923 2639 2376
3924 3905 3188
3925 1047 3895
3926 864 542
3927 747 981
3928 132 3557
3929 2556 3104
3930 3341 1282
3931 4424 4288
3932 2174 2778
3933 1832 2576
3934 2607 1499
3935 1636 567
3936 368 989
3937 4054 1106
3938 1875 3495
3939 3136 2941
3940 2559 801
3941 2999 909
3942 677 3411
3943 3048 1339
3944 3056 3620
3945 1289 173
3946 3 1647
3947 2605 926
3948 3710 1224
3949 4092 2013
3950 2171 528
3951 3398 2185
3952 887 2631
3953 3621 861
3954 1805 2971
3955 2009 2835
3956 87 3513
3957 494 2786
3958 2962 3103
3959 1867 3927
3960 3404 1020
3961 663 3019
3962 1237 3834
3963 1420 3951
3964 1386 385
3965 3140 3585
3966 3194 717
3967 2 3302
3968 3114 937
3969 880 832
3970 3375 1834
3971 680 692
3972 3186 2899
3973 1172 3560
3974 2099 2318
3975 1364 3697
3976 2920 4007
3977 2240 500
3978 2303 4131
3979 4485 1648
3980 3957 3022
3981 2651 2339
3982 3364 1198
3983 3010 2488
3984 3528 18
3985 3929 1688
3986 240 427
3987 2844 1327
3988 4249 2492
3989 3389 4121
3990 137 1445
3991 3441 1779
3992 522 3490
3993 414 2978
3994 840 289
3995 4396 3127
3996 3461 146
3997 1248 1536
3998 330 3914
3999 2547 2377
4000 2425 2647
4001 3577 4308
4002 2787 548
4003 2231 26
4004 1903 1312
4005 449 2097
4006 1506 2626
4007 1095 3364
4008 297 517
4009 532 1549
4010 4275 3745
4011 551 4498
4012 3755 3022
4013 2921 877
4014 3947 4266
4015 1429 602
4016 2860 144
4017 1586 1478
4018 3247 927
4019 732 667
4020 3122 221
4021 81 1673
4022 187 3580
4023 3487 3060
4024 798 1446
4025 2886 1108
4026 821 1575
4027 2920 1403
4028 282 3460
4029 3133 3741
4030 323 3641
4031 2626 974
4032 2648 316
4033 3726 845
4034 465 1750
4035 393 773
4036 577 2215
4037 3901 1658
4038 3716 1362
4039 750 3765
4040 159 2240
4041 3017 2992
4042 2367 430
4043 38 2605
4044 5 4169
4045 4068 1951
4046 300 1413
4047 1260 2308
4048 3420 870
4049 3011 4378
4050 195 129
4051 4475 4345
4052 3290 2009
4053 773 4244
4054 2532 78
4055 999 1266
4056 1392 3112
4057 474 745
4058 3704 3592
4059 829 2513
4060 1473 4403
4061 444 1126
4062 1097 1886
4063 3028 536
4064 509 4526
4065 2349 669
4066 914 3698
4067 1744 4499
4068 394 2043
4069 627 2475
4070 2748 4231
4071 1626 4173
4072 2268 2940
4073 168 3827
4074 649 1452
4075 1085 953
4076 2521 4201
4077 3817 2267
4078 4130 2821
4079 2308 182
4080 1066 2848
4081 654 4042
4082 1365 1013
4083 2718 4001
4084 545 3421
4085 1699 4253
4086 1381 307
4087 4411 391
4088 143 1383
4089 4372 3490
4090 159 3679
4091 3396 1515
4092 2390 3318
4093 2571 999
4094 2018 2377
4095 1636 771
4096 1414 415
4097 88 3210
4098 4487 504
4099 4477 4091
4100 2924 3497
4101 641 628
4102 2062 257
4103 115 3184
4104 1480 234
4105 1250 255
4106 3571 107
4107 3866 1733
4108 3378 3650
4109 2688 562
4110 1698 2288
4111 2647 7
4112 2750 3940
4113 4407 3561
4114 4127 3763
4115 4261 3127
4116 2530 704
4117 4003 2797
4118 1741 426
4119 3360 578
4120 1154 1009
4121 1389 3618
4122 713 3323
4123 1926 3202
4124 126 3340
4125 3281 3348
4126 1011 2573
4127 3657 4182
4128 4503 681
4129 2495 4047
4130 3157 1604
4131 521 1114
4132 2709 900
4133 4220 2991
4134 2623 4206
4135 3104 1428
4136 2088 1475
4137 1264 2747
4138 1614 2604
4139 933 3281
4140 1213 3726
4141 3996 2600
4142 3354 3351
4143 2084 4475
4144 4331 3741
4145 835 2175
4146 4115 4417
4147 1223 5
4148 506 1959
4149 2564 2412
4150 234 1800
4151 4163 2646
4152 2263 474
4153 2717 2729
4154 1623 3334
4155 4105 2630
4156 1212 1339
4157 2902 1892
4158 1970 4084
4159 3500 357
4160 2651 1937
4161 1153 2608
4162 1806 3520
4163 600 4458
4164 257 2539
4165 4315 3530
4166 2302 4045
4167 2453 2032
4168 1063 3221
4169 1477 2973
4170 3757 4353
4171 3637 3259
4172 4104 3904
4173 1316 3648
4174 2304 4337
4175 1105 1250
4176 1286 2228
4177 2242 1918
4178 4288 3160
4179 3460 543
4180 2115 4489
4181 939 4196
4182 2926 587
4183 986 2207
4184 4103 3471
4185 4226 687
4186 883 2786
4187 3355 64
4188 624 3923
4189 1088 89
4190 1764 899
4191 1842 4332
4192 585 3290
4193 1613 3533
4194 410 1042
4195 1174 3158
4196 1288 3794
4197 3616 60
4198 707 3065
4199 3992 3211
4200 1639 3766
4201 1418 4461
4202 2597 388
4203 1355 2121
4204 273 2979
4205 376 3881
4206 3311 4252
4207 1634 1027
4208 4419 3525
4209 4255 4147
4210 279 1915
4211 976 4082
4212 1033 1746
4213 4124 568
4214 1911 568
4215 1206 2198
4216 2394 2895
4217 3519 3622
4218 2754 374
4219 2833 2033
4220 3837 3433
4221 1343 1777
4222 813 3687
4223 2151 2225
4224 3711 3468
4225 4517 1722
4226 380 1869
4227 1494 3688
4228 723 1778
4229 663 135
4230 2654 706
4231 640 1445
4232 788 726
4233 2353 2354
4234 3938 1827
4235 3023 2055
4236 1271 2839
4237 340 3095
4238 1695 2483
4239 4158 1587
4240 2264 964
4241 2115 4249
4242 634 4040
4243 156 3996
4244 2489 95
4245 1029 329
4246 2193 3488
4247 2460 2759
4248 4416 3496
4249 2053 1281
4250 4170 4231
4251 2903 2915
4252 3411 1946
4253 2259 1355
4254 517 1906
4255 575 8
4256 3168 522
4257 770 2869
4258 632 789
4259 2549 2028
4260 3222 3045
4261 2676 2630
4262 3221 1318
4263 2756 538
4264 687 1456
4265 2755 179
4266 1436 3700
4267 3608 1401
4268 2263 2281
4269 1349 408
4270 1163 3622
4271 482 2448
4272 2154 786
4273 3980 108
4274 4460 1341
4275 2179 984
4276 158 3105
4277 123 2841
4278 2514 595
4279 3064 1240
4280 1360 2701
4281 902 4323
4282 333 1577
4283 4310 2594
4284 3764 1920
4285 2812 1602
4286 3711 1696
4287 583 1921
4288 4361 1181
4289 1130 818
4290 2579 972
4291 1473 3595
4292 236 3651
4293 3666 1507
4294 3753 3284
4295 3258 1500
4296 3894 1455
4297 3889 2138
4298 1954 363
4299 4340 4464
4300 4383 777
4301 2566 3320
4302 2622 3883
4303 1210 36
4304 4096 4324
4305 1620 4175
4306 2181 4121
4307 3312 653
4308 2740 3550
4309 1491 1200
4310 2291 1637
4311 4128 2312
4312 3977 728
4313 466 2494
4314 2827 2960
4315 771 4509
4316 1988 903
4317 1595 2504
4318 2436 1576
4319 3910 1405
4320 1900 2437
4321 2091 206
4322 2721 4151
4323 3786 3012
4324 2012 33
4325 1792 172
4326 3857 2951
4327 3446 2548
4328 56 1134
4329 1813 1641
4330 2619 3611
4331 2303 3994
4332 1739 4069
4333 1717 832
4334 3132 4387
4335 2679 814
4336 774 3170
4337 2135 742
4338 907 3886
4339 2617 2643
4340 439 470
4341 11 2473
4342 3736 3450
4343 2612 4382
4344 3457 4065
4345 3936 2983
4346 3378 131
4347 3148 1599
4348 3555 3768
4349 3170 2311
4350 883 4212
4351 2848 582
4352 4365 1662
4353 4295 1522
4354 356 963
4355 3151 3579
4356 3472 3952
4357 3597 591
4358 2762 4289
4359 4241 161
4360 2146 521
4361 1265 3949
4362 1233 3268
4363 3258 3239
4364 3468 3629
4365 380 2857
4366 129 3463
4367 844 149
4368 4430 774
4369 2885 905
4370 2239 3237
4371 1950 2444
4372 898 3702
4373 3771 4285
4374 2795 77
4375 2041 945
4376 1492 3872
4377 2651 65
4378 2396 165
4379 2745 4246
4380 4501 60
4381 543 2068
4382 3624 1479
4383 3663 3013
4384 3192 1735
4385 3174 3814
4386 2104 4316
4387 1615 3392
4388 216 1726
4389 3767 578
4390 1132 472
4391 3470 3732
4392 2984 3500
4393 1776 2471
4394 512 1013
4395 4288 1596
4396 205 1723
4397 1870 3984
4398 1850 3588
4399 42 4205
4400 2161 2319
4401 848 2846
4402 3168 3797
4403 1431 754
4404 3380 3224
4405 3120 2526
4406 2739 4059
4407 3904 525
4408 3922 2103
4409 3273 928
4410 1726 2814
4411 1663 860
4412 181 1297
4413 691 2438
4414 4435 572
4415 1822 2816
4416 3490 26
4417 1488 3042
4418 1671 1675
4419 4314 4396
4420 1814 587
4421 4316 745
4422 313 3175
4423 2053 4151
4424 896 2098
4425 80 3525
4426 1731 3730
4427 1035 196
4428 1086 1299
4429 2175 1593
4430 2556 675
4431 3936 646
4432 620 1136
4433 2446 1653
4434 4236 3636
4435 1859 2124
4436 2996 873
4437 2673 410
4438 1927 3850
4439 3724 2206
4440 2317 3510
4441 614 2262
4442 1776 3680
4443 3438 2882
4444 3393 3969
4445 851 4465
4446 2300 10
4447 1473 1437
4448 2282 1531
4449 1614 3843
4450 91 3533
4451 764 2570
4452 395 3916
4453 4461 2379
4454 4442 4513
4455 1290 4166
4456 1235 3669
4457 3711 2935
4458 3074 568
4459 4173 551
4460 1277 94
4461 81 2806
4462 1422 2793
4463 2213 3639
4464 493 1349
4465 2244 40
4466 1079 3320
4467 4411 2721
4468 3537 216
4469 780 2888
4470 157 2933
4471 873 4394
4472 3577 988
4473 3454 3253
4474 3334 400
4475 1112 3251
4476 2847 417
4477 1353 812
4478 3528 2462
4479 499 3114
4480 2560 1506
4481 2838 59
4482 3305 1883
4483 1690 3330
4484 3412 2940
4485 626 502
4486 3687 454
4487 3160 2372
4488 969 242
4489 1403 3548
4490 2346 526
4491 2402 3794
4492 4327 3170
4493 2754 474
4494 3889 1621
4495 949 1905
4496 432 2936
4497 3489 40
4498 126 3036
4499 825 2566
4500 2532 2030
4501 2057 641
4502 1377 4408
4503 2051 2702
4504 3803 2759
4505 2071 1650
4506 3337 2165
4507 637 3289
4508 1224 2836
4509 2908 1581
4510 3630 4329
4511 1691 229
4512 3465 413
4513 4066 1917
4514 3285 576
4515 3551 242
4516 579 1039
4517 3206 932
4518 3245 4408
4519 960 457
4520 1220 3700
4521 686 1187
4522 144 3167
4523 4276 259
4524 870 1620
4525 2330 1717
4526 70 399
4527 2067 2666
4528 2182 962
4529 1803 3009
4530 1542 2291
