3110 3110
1 2609 707
2 2452 2535
3 732 2509
4 16 993
5 2734 1307
6 384 232
7 648 2331
8 1997 2258
9 2447 563
10 289 685
11 484 2539
12 2814 727
13 2045 280
14 2797 2528
15 2844 1661
16 2845 2309
17 2393 90
18 422 301
19 2118 95
20 1330 1170
21 2728 497
22 120 1196
23 1323 1110
24 2387 1402
25 1786 1833
26 1174 1970
27 2387 2445
28 2996 2055
29 2127 2603
30 616 2882
31 2201 720
32 76 3110
33 2234 862
34 1978 2809
35 2094 2901
36 235 2263
37 155 2197
38 461 595
39 624 682
40 1593 2644
41 778 1079
42 2765 2681
43 2371 2581
44 722 2245
45 3008 147
46 348 1014
47 29 1643
48 2006 499
49 139 205
50 554 403
51 1717 2833
52 989 2124
53 1092 696
54 2077 2947
55 621 376
56 259 2005
57 218 2442
58 828 500
59 483 675
60 230 792
61 2173 1217
62 1047 1728
63 654 860
64 537 2306
65 2800 3002
66 468 987
67 1242 331
68 908 1671
69 425 1094
70 2184 901
71 1901 1836
72 1647 242
73 2150 773
74 346 2781
75 1287 1774
76 1244 2925
77 1240 1488
78 1431 1066
79 2597 2119
80 2174 322
81 940 290
82 1147 2034
83 664 44
84 1138 3001
85 58 868
86 1224 112
87 2137 3027
88 1622 1949
89 2969 1956
90 1407 1669
91 2102 2013
92 2770 2831
93 2624 10
94 1768 1632
95 2902 485
96 1473 3063
97 416 138
98 1675 3030
99 2061 819
100 3093 1498
101 1701 641
102 963 360
103 854 1116
104 1321 1130
105 547 919
106 878 877
107 1878 1736
108 1421 2093
109 661 2092
110 2442 377
111 1914 1449
112 3043 1787
113 1435 2988
114 1478 2357
115 1480 1161
116 2914 1610
117 1421 849
118 1615 321
119 2551 137
120 2604 178
121 1217 1956
122 1732 1123
123 2864 492
124 1967 1804
125 1259 639
126 1600 2259
127 393 1820
128 1440 2809
129 1130 1662
130 854 1852
131 2821 218
132 2011 2966
133 2750 2418
134 2825 458
135 2582 670
136 160 1445
137 1563 67
138 379 2251
139 65 1584
140 2235 1348
141 2467 2477
142 837 586
143 730 2160
144 819 1183
145 314 2674
146 217 809
147 2739 2566
148 2291 3038
149 1142 2751
150 2909 2027
151 2713 2048
152 1839 571
153 860 2960
154 1233 3005
155 2557 84
156 2217 2727
157 28 2257
158 2853 999
159 956 1023
160 58 1249
161 2720 586
162 1531 305
163 962 1211
164 1603 2138
165 286 1182
166 69 1848
167 1792 148
168 435 1044
169 2293 935
170 2145 2470
171 2387 1266
172 954 1456
173 2918 659
174 2569 2495
175 2627 943
176 1643 1854
177 1880 548
178 3088 2214
179 2411 1027
180 1849 315
181 2462 1633
182 2938 1861
183 746 2493
184 234 2297
185 965 1772
186 2068 76
187 3017 2937
188 2760 2116
189 2931 1742
190 1013 2296
191 2483 1988
192 2556 362
193 463 83
194 405 634
195 2643 1318
196 2093 460
197 965 1848
198 1605 1237
199 2139 1926
200 1690 2283
201 2109 627
202 1964 595
203 212 1342
204 1672 908
205 1764 41
206 1983 1524
207 2689 324
208 1719 2974
209 270 1532
210 2542 1232
211 740 590
212 2115 1639
213 1566 1274
214 3031 1385
215 2277 2709
216 2641 3014
217 2876 579
218 2226 1256
219 924 2252
220 1774 1878
221 921 1358
222 1501 204
223 2033 2543
224 438 78
225 2908 1052
226 2894 2354
227 525 113
228 977 3100
229 2944 2281
230 3069 946
231 2886 2540
232 1645 1910
233 1217 1637
234 1692 1297
235 1296 1761
236 1427 2136
237 1261 306
238 1696 1812
239 3058 1773
240 743 1668
241 2896 2501
242 965 1245
243 244 1581
244 2784 1709
245 252 1284
246 2235 341
247 2545 1206
248 2307 225
249 884 736
250 528 523
251 2667 1392
252 3047 1864
253 3000 1093
254 1470 836
255 2049 1574
256 377 709
257 2221 446
258 920 47
259 2434 1337
260 1590 2176
261 438 2396
262 2373 791
263 1466 2700
264 1287 2282
265 432 2738
266 454 752
267 1787 1866
268 1431 522
269 2828 78
270 830 1662
271 261 3039
272 1140 445
273 2228 2155
274 1807 24
275 2611 3044
276 2715 833
277 701 666
278 662 519
279 504 2106
280 2188 2585
281 1110 1545
282 2850 804
283 373 3
284 207 2312
285 3006 102
286 121 3023
287 2473 247
288 548 744
289 732 2272
290 2787 2785
291 1032 1679
292 3095 3078
293 2375 282
294 3042 1426
295 477 611
296 1445 146
297 185 428
298 1320 1964
299 1775 2822
300 165 3052
301 831 2151
302 561 2102
303 2658 2481
304 1389 981
305 1126 255
306 2904 950
307 1256 2196
308 1602 3041
309 1600 2364
310 1912 2873
311 950 1036
312 1979 2818
313 2396 2694
314 126 854
315 430 2891
316 1595 1407
317 613 1482
318 599 211
319 2865 2227
320 951 1936
321 1606 1819
322 2307 1815
323 2478 2985
324 938 810
325 87 2074
326 2987 2894
327 1680 1533
328 1663 968
329 2732 918
330 1975 1109
331 1962 2529
332 1949 326
333 1468 2266
334 1454 1662
335 2225 957
336 2020 1009
337 1391 278
338 1256 351
339 975 1415
340 2857 755
341 577 2272
342 1320 1533
343 2838 449
344 83 1918
345 92 1818
346 3011 263
347 1186 373
348 2505 1053
349 2095 1277
350 893 2231
351 1726 790
352 3098 2773
353 726 1424
354 1340 3098
355 1101 1945
356 503 763
357 835 2750
358 954 1069
359 1677 2231
360 2545 54
361 617 2372
362 935 1192
363 997 2153
364 713 2668
365 2216 2990
366 1573 1145
367 2545 1605
368 71 2203
369 1104 1984
370 921 1384
371 1179 804
372 1622 1337
373 872 226
374 1043 2231
375 190 2191
376 2187 271
377 702 272
378 996 2565
379 1368 2031
380 508 2546
381 908 1144
382 2478 1085
383 1499 2486
384 770 457
385 1482 1379
386 1361 2658
387 1391 2300
388 2015 1275
389 502 784
390 2518 548
391 2230 76
392 2420 1203
393 875 1898
394 439 56
395 1022 2704
396 552 2347
397 3052 1731
398 2927 747
399 1813 506
400 851 2523
401 623 2631
402 2236 2044
403 668 2740
404 2978 321
405 339 1220
406 1193 2208
407 2735 2497
408 704 2208
409 2687 242
410 1399 2572
411 538 1293
412 1 129
413 443 1678
414 1674 385
415 2352 2486
416 1472 2580
417 1200 2355
418 1570 1679
419 1014 513
420 85 1292
421 354 1701
422 429 313
423 1384 2830
424 1665 2604
425 2269 1988
426 670 2147
427 687 2239
428 173 1571
429 1452 2500
430 695 2715
431 501 796
432 1171 1976
433 2583 1980
434 3038 935
435 1738 2773
436 398 1734
437 325 540
438 592 2417
439 1157 101
440 2535 3110
441 1778 1642
442 3043 709
443 761 2965
444 1664 1091
445 1591 2867
446 1626 1239
447 1951 2561
448 878 351
449 161 1306
450 2991 964
451 2567 1766
452 2373 2263
453 827 1090
454 1931 2078
455 900 1645
456 50 619
457 1061 1414
458 529 2199
459 693 99
460 786 499
461 1947 2703
462 1437 2466
463 1584 226
464 345 3073
465 2788 397
466 1995 379
467 1749 171
468 404 2777
469 351 297
470 1021 1540
471 2528 569
472 318 2755
473 988 439
474 2472 3011
475 156 471
476 2233 1342
477 80 2423
478 94 1035
479 2133 2433
480 48 2803
481 1910 2240
482 273 28
483 831 2749
484 381 1691
485 79 3033
486 992 1717
487 490 2616
488 1290 2768
489 2010 2670
490 1871 107
491 2573 786
492 2315 1564
493 2237 358
494 2001 2698
495 754 263
496 2848 1269
497 764 754
498 1497 874
499 1551 2924
500 2691 2924
501 547 1769
502 2969 758
503 418 968
504 1182 2972
505 825 2766
506 1620 1789
507 561 287
508 2389 1952
509 1580 1777
510 1892 1109
511 2231 991
512 2545 2813
513 507 2112
514 885 2783
515 1512 2426
516 554 1024
517 1652 1452
518 300 2156
519 1916 1671
520 2043 2078
521 3044 3087
522 711 2818
523 1033 1974
524 1419 1588
525 408 534
526 1060 45
527 2429 1767
528 104 2183
529 1647 309
530 213 1633
531 3058 2413
532 123 819
533 3094 848
534 101 419
535 227 869
536 422 201
537 1193 1479
538 142 1409
539 1764 390
540 1976 1942
541 152 1749
542 1671 1960
543 2187 840
544 97 1525
545 1166 151
546 2359 2751
547 834 367
548 2054 877
549 596 430
550 1713 1165
551 1555 1796
552 1247 74
553 2703 379
554 1787 2564
555 2385 1946
556 2799 1337
557 381 2690
558 12 316
559 2529 1654
560 3035 2716
561 1849 1930
562 2425 1259
563 901 2075
564 1500 2157
565 459 481
566 2466 2921
567 305 448
568 614 1050
569 2375 1044
570 1413 2297
571 1052 2703
572 8 2381
573 22 661
574 1134 1586
575 1561 868
576 820 1147
577 2500 1199
578 1394 509
579 1620 316
580 330 1028
581 453 1549
582 32 1445
583 3062 1805
584 1781 1996
585 2026 1208
586 2558 1742
587 2552 2927
588 2887 969
589 467 2564
590 867 370
591 2358 2227
592 1399 2491
593 62 2877
594 358 858
595 102 2620
596 2572 2470
597 2710 2553
598 2285 2393
599 2943 719
600 2058 293
601 2831 2206
602 535 932
603 2537 424
604 1109 621
605 2915 2445
606 925 2155
607 1964 797
608 2664 2824
609 392 2819
610 72 350
611 1309 401
612 763 2093
613 2494 2674
614 1891 764
615 2587 1796
616 1140 1708
617 2662 1847
618 99 1912
619 183 1757
620 391 1251
621 2919 2726
622 1689 1011
623 2390 401
624 3004 1292
625 813 2909
626 1177 477
627 1514 2709
628 1589 1235
629 2315 906
630 1719 16
631 269 191
632 2326 1424
633 3072 100
634 2552 2290
635 2291 1697
636 2621 1068
637 2058 867
638 2974 224
639 1061 957
640 2969 1100
641 1116 521
642 1313 1634
643 2949 2699
644 1910 968
645 930 2502
646 425 609
647 676 2253
648 1976 3009
649 871 1069
650 1424 2136
651 2198 663
652 2516 672
653 1269 2251
654 1600 767
655 2262 146
656 720 1854
657 2566 953
658 2110 1221
659 827 167
660 523 1871
661 12 537
662 2318 2132
663 2464 2987
664 1719 887
665 1331 22
666 2341 1410
667 2760 1389
668 1508 849
669 2511 1303
670 264 2512
671 2356 1071
672 2797 1674
673 2450 1425
674 981 2209
675 2538 559
676 1494 1149
677 1809 339
678 2266 3073
679 3036 1381
680 2011 1203
681 1639 1366
682 273 2533
683 802 1261
684 307 1666
685 2549 2040
686 1776 669
687 2672 2930
688 2356 2743
689 2187 2761
690 993 26
691 2005 1090
692 509 518
693 484 1280
694 1466 2261
695 3097 180
696 1144 509
697 1228 1886
698 393 1825
699 2896 1422
700 3001 2927
701 612 630
702 718 797
703 1847 2910
704 931 2199
705 1113 816
706 2218 1436
707 1231 2503
708 1180 1202
709 2227 1103
710 2218 312
711 2098 2998
712 2456 1533
713 1001 1513
714 1992 722
715 1697 2443
716 2410 1056
717 291 941
718 1114 686
719 148 284
720 780 23
721 1251 1041
722 2717 1108
723 740 420
724 407 822
725 1584 697
726 714 1968
727 2792 1885
728 675 68
729 2665 217
730 2356 2899
731 2489 1217
732 726 2986
733 2864 2554
734 2096 358
735 2813 3086
736 100 711
737 2543 2703
738 664 498
739 1471 439
740 133 1514
741 571 991
742 695 866
743 2126 2201
744 580 970
745 2500 2559
746 1990 1374
747 1641 1275
748 1314 1275
749 1528 1750
750 1014 180
751 1383 3005
752 692 1817
753 1175 1772
754 339 1403
755 2660 2811
756 1580 366
757 333 1508
758 2449 2434
759 123 621
760 2889 1167
761 1374 922
762 1060 2172
763 266 1027
764 3026 654
765 1052 1070
766 1325 2527
767 34 488
768 2196 858
769 2019 2370
770 2572 3081
771 1302 2438
772 1685 423
773 156 142
774 159 1444
775 330 1139
776 2597 204
777 2397 3052
778 2728 665
779 1334 1423
780 1111 813
781 1233 3090
782 149 789
783 20 1181
784 2849 2746
785 2091 770
786 417 350
787 1791 1312
788 1218 1127
789 2019 2713
790 107 897
791 1934 507
792 1639 472
793 368 3077
794 712 2119
795 2009 2166
796 2084 2614
797 1452 1325
798 2383 1360
799 1342 2498
800 393 903
801 426 2385
802 696 2707
803 2942 633
804 224 211
805 2478 2640
806 2468 1028
807 2643 1128
808 2667 759
809 671 1158
810 2499 3041
811 2534 1171
812 737 436
813 1886 94
814 1586 208
815 1083 832
816 952 2818
817 640 680
818 787 1330
819 652 2470
820 685 2581
821 780 2708
822 854 2865
823 354 55
824 943 1255
825 156 602
826 1577 1721
827 2121 110
828 22 605
829 628 423
830 756 1301
831 2961 118
832 1588 1382
833 2372 1144
834 2506 1621
835 110 210
836 2193 659
837 82 2405
838 981 1332
839 1270 2876
840 559 1658
841 1475 1645
842 2095 126
843 1391 2970
844 949 1744
845 1571 2157
846 1113 74
847 1327 1377
848 309 1659
849 289 427
850 1562 2113
851 929 2217
852 282 260
853 1905 268
854 1237 2693
855 784 502
856 1101 3068
857 2083 10
858 1867 568
859 1605 2168
860 1464 1535
861 305 2070
862 2091 1406
863 1947 2400
864 395 2001
865 2297 1211
866 983 1232
867 1243 739
868 537 2380
869 2124 2080
870 2332 1340
871 701 38
872 3098 2982
873 460 2454
874 36 1145
875 880 324
876 2124 952
877 2769 2968
878 3014 2859
879 1223 2841
880 2511 720
881 562 2881
882 2245 1304
883 2259 882
884 2814 1303
885 2414 1449
886 533 2778
887 1573 1800
888 1353 1743
889 2105 1440
890 1848 526
891 2525 930
892 644 254
893 155 34
894 1647 1117
895 2188 342
896 1819 1630
897 257 758
898 1928 1890
899 1275 2855
900 30 2044
901 2592 1578
902 1098 868
903 2699 756
904 722 869
905 2994 690
906 1667 831
907 485 1905
908 466 1101
909 453 2596
910 1636 871
911 409 2748
912 424 2510
913 1817 748
914 2948 1450
915 106 2510
916 2588 2908
917 162 701
918 66 2026
919 1901 409
920 332 1386
921 1568 858
922 2843 2854
923 3001 2039
924 745 1777
925 236 1358
926 1961 1159
927 967 2998
928 2593 197
929 1692 2576
930 3099 453
931 982 3017
932 2948 1934
933 2981 431
934 2469 2238
935 2196 2022
936 1699 2837
937 178 739
938 954 1962
939 1514 1218
940 1131 73
941 3097 2390
942 1261 2803
943 2693 1124
944 418 1043
945 2136 2893
946 1733 2823
947 1544 757
948 2182 1444
949 2939 745
950 2224 2836
951 1786 1286
952 2055 2382
953 2423 1062
954 565 86
955 1762 2862
956 2220 1179
957 1664 2693
958 3068 2640
959 503 1367
960 2717 2794
961 1876 1725
962 969 608
963 77 417
964 184 386
965 2056 1889
966 2691 715
967 956 2650
968 2688 247
969 488 924
970 1576 940
971 1784 2156
972 324 911
973 3018 976
974 2458 2403
975 1493 498
976 1580 272
977 436 578
978 155 83
979 823 1337
980 682 328
981 2155 2250
982 670 1002
983 183 2106
984 2044 2615
985 1462 2797
986 662 1144
987 1705 2820
988 364 2032
989 1609 309
990 2731 2951
991 962 2833
992 2035 1462
993 31 771
994 956 2096
995 2445 2288
996 1901 2568
997 2753 2149
998 735 1503
999 132 1070
1000 2626 1068
1001 2688 1078
1002 2049 2212
1003 1386 1559
1004 2974 1270
1005 574 1147
1006 1846 703
1007 392 2337
1008 2165 1871
1009 792 2669
1010 2268 2832
1011 1903 1242
1012 892 1921
1013 2718 274
1014 2343 592
1015 218 1605
1016 1208 1029
1017 864 2865
1018 516 1674
1019 1558 2168
1020 407 854
1021 1189 415
1022 2651 314
1023 1680 64
1024 774 1291
1025 2204 1447
1026 1202 715
1027 1578 1600
1028 207 2039
1029 728 3017
1030 508 1537
1031 45 2318
1032 2949 1212
1033 3041 1191
1034 1727 511
1035 2688 1654
1036 733 2750
1037 523 85
1038 1434 2225
1039 695 1055
1040 44 2132
1041 452 1872
1042 750 953
1043 478 2851
1044 1447 314
1045 2254 40
1046 2347 1953
1047 1074 795
1048 2730 1729
1049 304 345
1050 1451 1490
1051 2551 551
1052 2197 2660
1053 459 496
1054 590 1225
1055 1382 445
1056 3102 544
1057 1622 2756
1058 2349 1211
1059 2804 2477
1060 714 2750
1061 360 2359
1062 2423 2910
1063 1847 273
1064 927 535
1065 1752 2539
1066 344 283
1067 2446 721
1068 199 123
1069 2009 584
1070 955 1777
1071 1432 1682
1072 1132 1288
1073 2277 1055
1074 2541 2605
1075 1951 1713
1076 2266 2870
1077 2563 2825
1078 1402 2932
1079 1097 1523
1080 2966 322
1081 1960 2810
1082 2061 792
1083 528 1334
1084 1861 857
1085 762 2208
1086 1361 1023
1087 845 2863
1088 144 1200
1089 2889 1878
1090 2535 2267
1091 2726 1000
1092 309 1370
1093 2082 1757
1094 2950 2556
1095 1082 1637
1096 1107 3064
1097 1303 560
1098 586 2483
1099 1587 2656
1100 2356 984
1101 4 2937
1102 748 999
1103 800 1517
1104 194 1624
1105 1846 2256
1106 1757 2448
1107 572 206
1108 541 344
1109 2714 1410
1110 1059 2433
1111 1140 1464
1112 548 1138
1113 956 8
1114 562 2279
1115 1272 2493
1116 2129 2353
1117 710 1595
1118 1056 1425
1119 1677 2262
1120 619 79
1121 1891 2595
1122 962 2408
1123 677 1518
1124 2934 3065
1125 2610 741
1126 2277 901
1127 571 1507
1128 2426 766
1129 232 2525
1130 2189 783
1131 202 1188
1132 2574 103
1133 1542 381
1134 772 694
1135 711 2478
1136 33 262
1137 350 1898
1138 788 2197
1139 1972 1543
1140 2187 1540
1141 1395 412
1142 369 1414
1143 2432 1022
1144 936 1454
1145 912 2849
1146 1994 1823
1147 626 2842
1148 798 1772
1149 1195 88
1150 3047 2322
1151 1772 2083
1152 2096 2271
1153 349 2088
1154 1989 542
1155 2363 2769
1156 926 3063
1157 2378 895
1158 3094 2767
1159 409 2032
1160 1542 777
1161 2690 2429
1162 2836 691
1163 2101 3096
1164 623 524
1165 380 2764
1166 1365 1059
1167 1031 424
1168 1633 1156
1169 1260 2017
1170 1639 1289
1171 1615 439
1172 2952 550
1173 2455 1714
1174 2324 1664
1175 2714 2652
1176 2763 2263
1177 63 2524
1178 1238 457
1179 2705 132
1180 597 2913
1181 1056 1617
1182 1759 1104
1183 1297 2047
1184 632 1261
1185 594 2470
1186 38 2631
1187 898 1667
1188 1336 536
1189 2429 1750
1190 1038 919
1191 306 1644
1192 503 1285
1193 994 2990
1194 2713 2101
1195 2599 667
1196 1204 3013
1197 1656 1882
1198 2261 1228
1199 2231 156
1200 137 1430
1201 2655 2374
1202 1921 1438
1203 2023 106
1204 2532 1401
1205 2912 2044
1206 3092 2698
1207 335 310
1208 2384 2283
1209 586 2054
1210 223 1714
1211 1909 2731
1212 764 2293
1213 1409 3062
1214 2231 1989
1215 1028 1042
1216 14 695
1217 2452 921
1218 2579 3032
1219 2215 1503
1220 1052 2927
1221 1980 1779
1222 240 3062
1223 584 2267
1224 746 1539
1225 962 1315
1226 2389 2629
1227 2620 2347
1228 2417 64
1229 2238 1138
1230 915 1399
1231 2508 868
1232 2521 482
1233 1785 1894
1234 1970 640
1235 1998 2922
1236 2897 1294
1237 2064 403
1238 888 1752
1239 696 1230
1240 2983 1292
1241 2158 517
1242 275 2074
1243 2354 730
1244 2587 148
1245 869 1909
1246 1997 925
1247 1134 1674
1248 2745 1947
1249 2035 2892
1250 2593 1712
1251 643 2300
1252 2348 77
1253 405 1954
1254 2556 519
1255 2170 2334
1256 1208 1620
1257 907 3005
1258 2049 955
1259 2032 198
1260 2744 1549
1261 2713 215
1262 3053 933
1263 891 1142
1264 2487 2874
1265 2725 111
1266 1066 383
1267 948 1328
1268 629 2813
1269 41 1179
1270 983 1452
1271 2145 2479
1272 2359 892
1273 2403 935
1274 1657 1961
1275 2993 602
1276 526 2553
1277 1993 1480
1278 1319 2131
1279 2616 2831
1280 1387 777
1281 1064 557
1282 2997 2131
1283 898 2796
1284 897 1322
1285 32 2417
1286 1347 994
1287 2501 883
1288 3099 1992
1289 425 614
1290 819 690
1291 318 2666
1292 286 1405
1293 3058 847
1294 138 2911
1295 1570 1614
1296 2460 2011
1297 1507 2171
1298 1214 332
1299 561 810
1300 810 2934
1301 689 490
1302 375 478
1303 755 518
1304 585 862
1305 999 719
1306 915 966
1307 1946 325
1308 648 2080
1309 511 2373
1310 2510 1554
1311 864 2568
1312 1780 223
1313 1644 2704
1314 1097 1147
1315 194 2789
1316 414 2273
1317 1904 1031
1318 3020 363
1319 2504 674
1320 805 2737
1321 2834 3080
1322 1769 512
1323 455 2040
1324 2854 2066
1325 749 2718
1326 2447 473
1327 2133 868
1328 693 1011
1329 540 1615
1330 24 1974
1331 1914 1472
1332 23 2800
1333 2698 831
1334 1226 1452
1335 1093 75
1336 1905 3029
1337 1565 1448
1338 1423 2396
1339 2720 1821
1340 2190 27
1341 2091 1465
1342 2721 1970
1343 2874 1440
1344 2707 599
1345 2385 1508
1346 1480 779
1347 138 2912
1348 2565 1492
1349 234 2715
1350 935 337
1351 2498 973
1352 315 3104
1353 2727 1063
1354 2583 923
1355 1700 545
1356 2328 2023
1357 1985 3011
1358 2884 1479
1359 2218 2646
1360 1052 2384
1361 1848 478
1362 945 1863
1363 2141 2808
1364 238 1053
1365 2027 3097
1366 309 1614
1367 2341 2164
1368 173 725
1369 2335 2200
1370 3064 1515
1371 1766 1401
1372 1662 2849
1373 796 1020
1374 2596 770
1375 1153 385
1376 2118 1834
1377 2283 978
1378 8 2436
1379 1279 1068
1380 294 1037
1381 1068 1995
1382 1726 1342
1383 2198 1426
1384 566 1280
1385 1979 2060
1386 338 602
1387 1035 1015
1388 526 372
1389 1130 1409
1390 1181 2180
1391 856 2424
1392 2018 1587
1393 1847 1404
1394 1812 46
1395 2095 1582
1396 1150 1948
1397 474 678
1398 1453 1919
1399 1179 2410
1400 2517 1999
1401 936 2661
1402 1323 3073
1403 1148 2654
1404 1413 1071
1405 625 1027
1406 956 728
1407 1254 1628
1408 466 1130
1409 1391 1177
1410 1269 474
1411 219 999
1412 1714 2355
1413 62 681
1414 1637 1755
1415 1695 1301
1416 2994 1291
1417 1402 1508
1418 1821 1718
1419 828 1350
1420 1317 383
1421 2716 1314
1422 2457 1104
1423 2462 1061
1424 2677 2571
1425 1121 209
1426 2737 512
1427 2244 1842
1428 1617 790
1429 446 1907
1430 2872 1047
1431 126 158
1432 2792 182
1433 1595 2136
1434 2076 667
1435 2096 1890
1436 2730 1147
1437 2086 639
1438 1553 678
1439 235 2995
1440 1920 1528
1441 598 1334
1442 2569 855
1443 844 2503
1444 1210 2951
1445 1821 2856
1446 2525 784
1447 703 1687
1448 1759 1325
1449 1204 2125
1450 2440 2723
1451 945 2717
1452 2192 2822
1453 2777 742
1454 1664 498
1455 1288 1468
1456 2953 1018
1457 2076 2873
1458 114 2091
1459 1774 2247
1460 1335 1833
1461 404 399
1462 734 1848
1463 412 1805
1464 463 438
1465 1938 1978
1466 1261 713
1467 229 1031
1468 1741 2933
1469 1517 1512
1470 2983 512
1471 1982 1934
1472 486 455
1473 1172 1516
1474 830 1046
1475 1425 2877
1476 1890 2604
1477 1774 2440
1478 859 1360
1479 983 1850
1480 1408 2299
1481 757 2460
1482 2990 2903
1483 871 1347
1484 799 1625
1485 1063 3096
1486 2480 2225
1487 1751 3061
1488 2159 654
1489 2188 435
1490 502 2553
1491 1155 623
1492 605 2277
1493 1312 2818
1494 1142 2777
1495 2889 700
1496 1824 2093
1497 1641 1265
1498 2861 1361
1499 2996 2608
1500 1176 444
1501 643 1132
1502 1563 502
1503 444 2719
1504 2228 2167
1505 1119 2618
1506 2690 2456
1507 2511 1918
1508 1702 486
1509 3083 1850
1510 1605 1022
1511 2247 1439
1512 878 2400
1513 1933 2120
1514 320 711
1515 471 1742
1516 624 2112
1517 56 397
1518 1527 869
1519 2653 1090
1520 218 272
1521 980 1984
1522 1510 502
1523 2679 3067
1524 790 3041
1525 3074 1338
1526 1705 463
1527 1353 1576
1528 1564 981
1529 2882 1351
1530 1145 3035
1531 1463 879
1532 1942 2865
1533 2020 1155
1534 440 1984
1535 1174 2568
1536 2595 2650
1537 40 1596
1538 1736 2551
1539 704 32
1540 2087 2597
1541 2846 1451
1542 1008 2925
1543 1479 1161
1544 3047 2544
1545 2438 1321
1546 2 1426
1547 2113 3019
1548 2652 1330
1549 949 599
1550 811 1178
1551 2418 2634
1552 2437 2381
1553 1920 1669
1554 1808 3039
1555 598 1409
1556 2417 2766
1557 434 955
1558 637 1248
1559 978 890
1560 3092 1207
1561 786 2983
1562 547 545
1563 1638 2928
1564 2215 1100
1565 3048 2178
1566 483 905
1567 1230 1205
1568 1204 1609
1569 491 789
1570 1720 1073
1571 1558 1569
1572 766 1889
1573 890 323
1574 1149 2944
1575 2944 890
1576 633 2587
1577 2477 1113
1578 328 2058
1579 2779 574
1580 2480 45
1581 1444 1718
1582 66 847
1583 1518 1500
1584 1076 2211
1585 3090 2358
1586 2568 2773
1587 315 305
1588 176 2596
1589 1185 1506
1590 326 94
1591 114 1932
1592 2538 46
1593 2082 2962
1594 2773 537
1595 2249 3015
1596 1009 2667
1597 2949 1078
1598 1728 2925
1599 3056 401
1600 3059 2690
1601 859 1929
1602 2450 267
1603 8 2610
1604 1073 2695
1605 2200 1942
1606 3050 896
1607 2409 1108
1608 2735 110
1609 1422 1712
1610 2093 226
1611 1728 2629
1612 1092 1526
1613 1293 2605
1614 1299 71
1615 1031 3098
1616 1443 2499
1617 71 1311
1618 2235 2026
1619 2300 2133
1620 1041 2615
1621 1512 550
1622 2097 234
1623 1278 935
1624 202 160
1625 227 1808
1626 2928 1158
1627 1417 558
1628 1506 139
1629 561 345
1630 2161 2550
1631 2043 104
1632 1558 2489
1633 1805 2578
1634 2901 1316
1635 3049 1058
1636 1946 1076
1637 2050 1063
1638 679 769
1639 2470 22
1640 628 1414
1641 2589 1059
1642 703 600
1643 1935 30
1644 307 92
1645 1309 1275
1646 1132 1096
1647 215 1236
1648 2018 1583
1649 1942 1397
1650 312 1071
1651 1186 773
1652 1370 858
1653 1545 2475
1654 448 2849
1655 1150 1187
1656 2986 268
1657 733 2543
1658 2943 1164
1659 2647 591
1660 2490 1033
1661 112 2852
1662 1592 889
1663 2301 418
1664 1705 1544
1665 273 1359
1666 1438 244
1667 1063 655
1668 726 1590
1669 648 2377
1670 2946 2382
1671 337 6
1672 300 743
1673 2241 1037
1674 64 2468
1675 2884 2663
1676 1107 2347
1677 1243 1130
1678 132 2676
1679 149 2993
1680 448 2201
1681 1173 2984
1682 1689 2455
1683 1993 499
1684 250 2185
1685 581 1506
1686 42 399
1687 355 2258
1688 1861 1588
1689 1610 1136
1690 2474 146
1691 950 1091
1692 925 2699
1693 215 1532
1694 1118 1551
1695 891 1066
1696 1451 1225
1697 1703 611
1698 1587 1345
1699 820 2641
1700 2569 74
1701 931 638
1702 2378 1608
1703 1717 710
1704 689 2957
1705 583 1028
1706 136 946
1707 1332 1150
1708 760 2611
1709 1681 1855
1710 2582 838
1711 1305 1950
1712 1206 2692
1713 399 2723
1714 1092 1672
1715 2465 2628
1716 1700 1296
1717 1859 587
1718 1596 1728
1719 2018 1217
1720 844 2840
1721 1925 2276
1722 1785 3079
1723 2940 871
1724 2042 1657
1725 1987 2819
1726 774 1092
1727 1696 2603
1728 1247 2072
1729 1372 2066
1730 273 870
1731 817 2871
1732 1482 1084
1733 1664 764
1734 3106 1601
1735 709 2842
1736 3006 2301
1737 97 2917
1738 1711 96
1739 1313 826
1740 249 1042
1741 2828 630
1742 1160 1997
1743 2105 2301
1744 496 2457
1745 203 981
1746 302 1270
1747 2846 434
1748 254 1611
1749 1339 390
1750 1658 965
1751 2211 2185
1752 1677 466
1753 3022 1705
1754 533 1891
1755 1961 791
1756 2577 2920
1757 930 2531
1758 2872 1681
1759 1775 2857
1760 486 2120
1761 1609 177
1762 2462 2886
1763 3045 2584
1764 1404 2126
1765 1231 394
1766 2434 3013
1767 1577 1496
1768 194 523
1769 989 1532
1770 1641 1482
1771 1253 1641
1772 2835 1517
1773 264 251
1774 1818 737
1775 1354 738
1776 1350 286
1777 109 2070
1778 1705 2963
1779 1102 1908
1780 3043 1162
1781 2487 524
1782 1172 2175
1783 724 562
1784 2159 1070
1785 860 1003
1786 2317 116
1787 1744 3001
1788 1543 3007
1789 1272 883
1790 12 1315
1791 463 2385
1792 2728 465
1793 800 2894
1794 528 533
1795 1222 2412
1796 2335 1537
1797 2950 3002
1798 2827 2553
1799 1531 266
1800 2793 1426
1801 2632 201
1802 2387 1053
1803 1851 2711
1804 170 2525
1805 415 2451
1806 571 1806
1807 357 1230
1808 1415 3017
1809 1917 364
1810 1089 1412
1811 2031 1538
1812 1489 1477
1813 2931 3102
1814 1465 2596
1815 75 2138
1816 2363 2538
1817 1334 691
1818 347 1897
1819 1625 2142
1820 2121 936
1821 184 3021
1822 501 2161
1823 2479 2350
1824 1373 1590
1825 1275 119
1826 2549 2657
1827 2118 1927
1828 1995 3042
1829 428 1677
1830 1587 2539
1831 1726 2361
1832 411 85
1833 453 1416
1834 2241 2039
1835 90 2319
1836 520 1948
1837 756 695
1838 1475 1457
1839 2696 693
1840 612 112
1841 2267 1618
1842 2284 3108
1843 490 2538
1844 1282 589
1845 1134 1739
1846 1586 1742
1847 1497 872
1848 1755 2145
1849 1844 906
1850 3001 1437
1851 785 1804
1852 1655 2557
1853 224 1273
1854 48 2220
1855 1164 3082
1856 2866 2696
1857 1421 2913
1858 669 2173
1859 894 94
1860 2052 200
1861 1986 2776
1862 2848 1349
1863 813 1817
1864 2373 528
1865 270 2507
1866 556 390
1867 1447 2916
1868 1532 1161
1869 1040 1493
1870 2214 2769
1871 348 1430
1872 2807 1741
1873 1292 204
1874 2516 1269
1875 1275 1292
1876 2950 251
1877 2611 1657
1878 1645 1404
1879 2729 885
1880 409 2553
1881 850 1942
1882 380 1436
1883 227 1408
1884 3101 1885
1885 233 2681
1886 2633 1989
1887 2678 1193
1888 605 603
1889 2125 2619
1890 1752 490
1891 2877 2930
1892 1670 1512
1893 2446 1054
1894 2246 2519
1895 1388 1845
1896 1170 2609
1897 2063 1190
1898 1842 1005
1899 2903 2784
1900 2141 2597
1901 2078 1421
1902 2294 552
1903 1671 2024
1904 1703 1920
1905 409 1878
1906 2733 720
1907 2355 1010
1908 1407 1605
1909 2940 1024
1910 692 1095
1911 2119 687
1912 901 1039
1913 305 827
1914 2303 2318
1915 347 1207
1916 2588 1885
1917 1100 2453
1918 405 1362
1919 1805 123
1920 2705 401
1921 105 967
1922 827 1294
1923 1559 69
1924 2513 541
1925 800 2872
1926 2469 1539
1927 887 1484
1928 1348 801
1929 653 2684
1930 2344 1275
1931 609 2482
1932 3103 1636
1933 512 770
1934 2279 2664
1935 85 3109
1936 1164 2932
1937 1418 1014
1938 1604 2340
1939 862 2404
1940 1735 1627
1941 1192 1952
1942 1722 2605
1943 292 2958
1944 196 1705
1945 1551 1192
1946 2206 564
1947 933 847
1948 1402 1349
1949 3107 2855
1950 2120 2054
1951 154 1037
1952 2563 353
1953 2469 299
1954 1646 1217
1955 826 413
1956 863 1008
1957 1427 1315
1958 597 505
1959 1681 1824
1960 1845 1403
1961 797 3035
1962 577 2988
1963 648 516
1964 244 2154
1965 264 667
1966 235 2022
1967 2508 159
1968 1114 1901
1969 2402 254
1970 76 181
1971 2428 2691
1972 2185 2902
1973 2274 1168
1974 2342 897
1975 373 1657
1976 2311 1829
1977 548 1280
1978 354 1148
1979 714 582
1980 1667 1575
1981 1150 764
1982 1596 2515
1983 170 1380
1984 2073 2438
1985 2826 2347
1986 907 2278
1987 391 1485
1988 1269 1253
1989 1650 1302
1990 2429 902
1991 1205 689
1992 988 328
1993 425 1244
1994 220 2094
1995 838 2224
1996 2210 2868
1997 2528 3070
1998 1505 488
1999 688 1697
2000 641 2779
2001 2049 194
2002 3037 3011
2003 2519 2581
2004 1617 962
2005 2372 2225
2006 768 869
2007 1544 905
2008 2769 2631
2009 82 395
2010 1179 2220
2011 918 1501
2012 345 2799
2013 1732 1554
2014 1370 3020
2015 2019 2090
2016 627 1808
2017 2063 1561
2018 695 1334
2019 2471 1414
2020 1454 1889
2021 1069 695
2022 491 272
2023 2055 838
2024 2266 2211
2025 2854 1243
2026 1460 156
2027 1270 1335
2028 1487 1206
2029 455 1219
2030 2485 311
2031 2987 2970
2032 1559 1249
2033 1553 367
2034 437 104
2035 2211 735
2036 1167 1730
2037 3058 1849
2038 2496 2037
2039 485 2548
2040 2476 1159
2041 2329 1333
2042 1837 2536
2043 502 2415
2044 998 1763
2045 2858 662
2046 1479 123
2047 485 2282
2048 346 669
2049 1676 2785
2050 2485 2071
2051 784 2274
2052 3082 2696
2053 345 2746
2054 2026 102
2055 2884 1309
2056 2337 1521
2057 2676 1808
2058 1754 2679
2059 976 1518
2060 729 438
2061 16 1851
2062 2300 16
2063 1380 286
2064 2732 1036
2065 2940 2809
2066 501 1671
2067 308 2639
2068 2806 1953
2069 519 2153
2070 1191 1412
2071 2825 1153
2072 66 1745
2073 973 289
2074 1983 242
2075 467 2744
2076 364 1815
2077 1474 351
2078 2791 772
2079 1729 1450
2080 2289 1609
2081 885 696
2082 2141 1121
2083 1874 753
2084 2435 1178
2085 2186 540
2086 2668 1043
2087 292 1978
2088 365 1451
2089 1767 879
2090 2956 227
2091 1716 1280
2092 85 1330
2093 355 1315
2094 2123 634
2095 2559 1333
2096 2639 2600
2097 2622 1061
2098 839 95
2099 2213 735
2100 1675 3001
2101 2545 1303
2102 680 1845
2103 464 1674
2104 998 3106
2105 1075 1500
2106 440 1758
2107 1436 1300
2108 790 2807
2109 1806 2051
2110 792 1296
2111 1975 3036
2112 462 2283
2113 2629 1352
2114 914 503
2115 1128 1810
2116 2394 452
2117 808 438
2118 1999 2913
2119 2263 217
2120 2113 1021
2121 940 1780
2122 2525 1417
2123 2749 2847
2124 765 2370
2125 1224 1570
2126 852 468
2127 1610 752
2128 594 337
2129 959 268
2130 1790 1260
2131 508 511
2132 1186 180
2133 772 3081
2134 2289 2014
2135 1916 2015
2136 1020 1684
2137 2537 1160
2138 3082 679
2139 1304 2282
2140 454 426
2141 2695 364
2142 2572 2422
2143 1618 542
2144 2371 726
2145 133 1099
2146 2780 184
2147 763 2132
2148 908 905
2149 2256 1970
2150 207 370
2151 620 2344
2152 524 315
2153 402 2453
2154 2088 3031
2155 830 1391
2156 1251 1442
2157 1994 2073
2158 1329 2215
2159 674 10
2160 1071 2370
2161 584 1406
2162 2857 435
2163 2492 2067
2164 1034 855
2165 2992 876
2166 516 2877
2167 977 2353
2168 815 975
2169 1092 623
2170 2513 313
2171 2134 1390
2172 37 1959
2173 477 2940
2174 1945 479
2175 1207 2184
2176 2023 2255
2177 887 2
2178 1103 2182
2179 1933 2351
2180 1083 2543
2181 519 2168
2182 1648 2336
2183 236 2397
2184 1360 1464
2185 1191 3
2186 2439 2915
2187 1663 806
2188 2528 3029
2189 748 1903
2190 1011 1068
2191 1056 3077
2192 1717 210
2193 2081 517
2194 2484 167
2195 1961 121
2196 78 557
2197 837 1579
2198 1692 3
2199 3047 591
2200 681 532
2201 1419 2078
2202 2940 251
2203 2047 1156
2204 2494 208
2205 3098 1272
2206 2893 745
2207 1136 1240
2208 476 1794
2209 1227 2068
2210 1077 245
2211 862 597
2212 643 2871
2213 1641 1779
2214 1734 2028
2215 821 1917
2216 2343 2883
2217 1847 258
2218 428 2405
2219 337 1043
2220 419 235
2221 2850 289
2222 1071 1165
2223 1560 649
2224 1011 85
2225 1639 1914
2226 175 728
2227 1663 2436
2228 2790 1872
2229 433 247
2230 1530 2463
2231 256 15
2232 2970 2182
2233 692 2326
2234 1744 1142
2235 1437 1834
2236 2285 2688
2237 2344 1567
2238 2567 2886
2239 2181 1375
2240 2962 109
2241 982 915
2242 2734 944
2243 1815 387
2244 2695 225
2245 1506 1169
2246 1712 705
2247 2471 1612
2248 1348 708
2249 300 325
2250 3069 2453
2251 2554 2659
2252 460 881
2253 2059 2529
2254 407 2478
2255 383 1249
2256 2593 1622
2257 2950 2854
2258 821 1556
2259 174 2286
2260 142 332
2261 2743 660
2262 140 1048
2263 2557 197
2264 94 2367
2265 481 445
2266 1689 682
2267 2978 1626
2268 698 1747
2269 1605 1311
2270 1611 1182
2271 1401 2085
2272 1211 2897
2273 1039 2219
2274 272 2578
2275 789 2960
2276 1851 1215
2277 2823 2755
2278 328 2130
2279 345 1131
2280 2316 1017
2281 2748 1252
2282 993 2955
2283 520 2494
2284 1359 1179
2285 2069 1860
2286 419 2700
2287 1332 1792
2288 2060 49
2289 2430 3097
2290 2257 2697
2291 12 1216
2292 1158 1634
2293 9 760
2294 2792 1491
2295 636 1089
2296 847 1474
2297 1297 2567
2298 1373 2631
2299 2513 562
2300 82 2017
2301 1999 719
2302 287 78
2303 1239 2259
2304 3109 3034
2305 1226 2935
2306 1386 1171
2307 832 1286
2308 2888 1295
2309 2917 456
2310 47 1567
2311 758 2623
2312 237 3057
2313 2571 1589
2314 2881 1528
2315 1154 1332
2316 2659 1063
2317 1192 242
2318 5 586
2319 935 1470
2320 3050 2656
2321 437 1343
2322 43 2148
2323 3091 1829
2324 147 1308
2325 858 2885
2326 41 2475
2327 1338 817
2328 2195 496
2329 1372 2993
2330 677 1802
2331 2714 3065
2332 1723 625
2333 471 1828
2334 2576 2957
2335 195 3059
2336 2282 1893
2337 763 850
2338 1940 1017
2339 2494 2599
2340 417 2519
2341 3054 1466
2342 1281 1338
2343 1752 2852
2344 1711 465
2345 1416 944
2346 2474 1402
2347 1439 566
2348 1399 2967
2349 1682 1911
2350 340 1490
2351 1106 1977
2352 2377 120
2353 2713 688
2354 1345 3064
2355 932 2559
2356 2796 501
2357 2308 426
2358 492 2069
2359 1568 1003
2360 1935 1487
2361 1218 192
2362 2976 1728
2363 2536 60
2364 83 1976
2365 1474 1742
2366 2293 381
2367 939 1933
2368 2065 1453
2369 2815 2022
2370 1742 2919
2371 2378 1312
2372 656 1559
2373 560 2815
2374 1944 1260
2375 2207 2526
2376 513 1817
2377 1765 2641
2378 2006 1637
2379 632 979
2380 1673 2269
2381 405 940
2382 1989 2500
2383 267 2506
2384 2464 2840
2385 1956 1275
2386 1724 331
2387 1667 2674
2388 1971 2404
2389 547 1940
2390 693 2065
2391 508 1216
2392 1809 2331
2393 2179 904
2394 1704 331
2395 1540 295
2396 1228 1754
2397 284 2499
2398 1976 513
2399 1746 2928
2400 2077 1418
2401 380 2798
2402 2877 172
2403 2926 1774
2404 1327 696
2405 1480 2368
2406 782 1985
2407 3051 1293
2408 132 751
2409 714 70
2410 3107 2354
2411 1934 2295
2412 747 2847
2413 2501 1564
2414 1575 1309
2415 333 3082
2416 1566 1492
2417 2467 3089
2418 2125 216
2419 3039 834
2420 1919 274
2421 257 2259
2422 1588 308
2423 1058 3076
2424 1284 304
2425 1653 1931
2426 1905 1371
2427 1790 1142
2428 2726 1255
2429 1355 1204
2430 3103 3017
2431 2175 381
2432 2542 884
2433 1177 130
2434 600 2908
2435 2185 2949
2436 987 1378
2437 1471 1706
2438 483 222
2439 50 1304
2440 2004 2734
2441 2414 1108
2442 1792 2612
2443 2938 2415
2444 1048 1748
2445 1727 1191
2446 2546 997
2447 1167 1229
2448 2105 256
2449 2936 53
2450 2660 2156
2451 2180 1086
2452 1498 642
2453 2400 612
2454 1394 1924
2455 958 1375
2456 206 1179
2457 1212 910
2458 1566 2545
2459 1180 352
2460 1315 2384
2461 1632 1561
2462 1993 2175
2463 726 1675
2464 3080 2665
2465 2755 2580
2466 105 1539
2467 2370 1525
2468 467 2551
2469 1799 2029
2470 2905 3068
2471 2022 990
2472 1957 1403
2473 624 585
2474 1357 2531
2475 2065 2503
2476 1509 1180
2477 1779 721
2478 1752 1153
2479 1573 309
2480 895 581
2481 1445 2923
2482 1391 203
2483 1838 421
2484 404 2983
2485 2330 2827
2486 2270 1649
2487 3109 2512
2488 1379 563
2489 1139 636
2490 1178 1391
2491 333 1515
2492 2226 216
2493 789 450
2494 349 2431
2495 1511 2588
2496 1032 1080
2497 2060 2549
2498 1201 1194
2499 1753 2461
2500 1207 886
2501 1458 141
2502 1181 2453
2503 3065 834
2504 2870 556
2505 2604 386
2506 929 1397
2507 243 1903
2508 2888 1302
2509 1193 673
2510 2642 78
2511 1416 957
2512 134 426
2513 1463 2739
2514 1541 15
2515 2031 2659
2516 607 1162
2517 784 246
2518 1216 2942
2519 2140 2946
2520 1767 2786
2521 1336 1855
2522 395 2053
2523 251 2610
2524 2195 2875
2525 1993 1803
2526 2151 2615
2527 1363 2616
2528 2010 2052
2529 3088 710
2530 2860 1840
2531 2550 2670
2532 1155 332
2533 1489 1795
2534 503 2365
2535 1226 708
2536 2012 277
2537 2340 3001
2538 2134 547
2539 2115 339
2540 2452 1437
2541 330 2172
2542 170 1912
2543 1166 87
2544 3078 1466
2545 2513 2370
2546 944 1638
2547 2167 1909
2548 131 2541
2549 2670 367
2550 1834 538
2551 2620 1187
2552 608 1789
2553 872 1369
2554 2593 403
2555 1558 2222
2556 461 2327
2557 1807 2270
2558 2658 953
2559 2724 2315
2560 247 1568
2561 892 236
2562 340 2385
2563 3034 2332
2564 1752 2111
2565 1111 2352
2566 1667 2396
2567 1374 1096
2568 2487 1255
2569 2315 2654
2570 990 934
2571 2387 1929
2572 2851 2959
2573 835 2400
2574 2791 1847
2575 463 230
2576 2371 3100
2577 401 2184
2578 2824 1401
2579 2718 1990
2580 1174 2654
2581 2507 522
2582 2567 1005
2583 2061 1357
2584 2756 1900
2585 2532 1367
2586 1208 2023
2587 706 1665
2588 1421 1919
2589 513 2901
2590 2964 2496
2591 2881 1182
2592 1580 2214
2593 1135 582
2594 503 2571
2595 642 2913
2596 2387 2286
2597 2806 1344
2598 536 1983
2599 1555 429
2600 1565 237
2601 2734 169
2602 2235 784
2603 2367 1621
2604 2569 640
2605 184 1041
2606 2348 2582
2607 4 2625
2608 2938 787
2609 2540 1942
2610 2133 1017
2611 2867 120
2612 1761 2418
2613 424 2217
2614 1022 747
2615 1923 751
2616 1456 397
2617 606 92
2618 1280 2787
2619 2641 2635
2620 977 1504
2621 2111 347
2622 3107 2358
2623 939 1214
2624 15 1646
2625 536 1815
2626 2929 1533
2627 1534 268
2628 1390 2303
2629 1016 2021
2630 1241 2385
2631 646 2299
2632 683 2689
2633 1301 538
2634 1883 2720
2635 1540 198
2636 2815 632
2637 1466 2940
2638 2517 976
2639 2538 2140
2640 2199 3028
2641 1399 2011
2642 2091 1592
2643 1416 119
2644 752 702
2645 495 2785
2646 1635 1555
2647 3055 1596
2648 3002 1384
2649 2884 2842
2650 2467 616
2651 933 1
2652 2311 2986
2653 2332 3092
2654 2288 2481
2655 177 2133
2656 2832 2677
2657 1426 1494
2658 600 680
2659 38 188
2660 2929 2552
2661 118 2022
2662 2528 1144
2663 2685 361
2664 1888 807
2665 1559 261
2666 1564 188
2667 1439 720
2668 630 818
2669 487 1560
2670 2804 2385
2671 2316 241
2672 302 955
2673 1280 483
2674 536 63
2675 885 2089
2676 951 1532
2677 956 394
2678 572 2942
2679 695 1186
2680 641 2135
2681 1989 199
2682 479 712
2683 2197 1903
2684 2767 2883
2685 623 353
2686 770 1090
2687 1598 2602
2688 2822 1067
2689 748 2795
2690 985 362
2691 2089 1863
2692 2225 1597
2693 1989 1711
2694 642 1415
2695 1772 2984
2696 170 2942
2697 2652 995
2698 2071 2032
2699 1322 861
2700 1774 2571
2701 2005 303
2702 2334 1011
2703 644 2342
2704 888 1403
2705 2541 1062
2706 2357 645
2707 77 2415
2708 2661 1884
2709 2997 492
2710 828 2146
2711 1688 533
2712 2107 536
2713 931 2240
2714 1195 2666
2715 1444 102
2716 750 1658
2717 376 612
2718 2531 1794
2719 591 900
2720 2485 2967
2721 2275 2063
2722 1616 547
2723 798 87
2724 1777 2934
2725 1675 2065
2726 774 513
2727 730 2154
2728 913 2957
2729 1678 680
2730 1922 258
2731 1056 346
2732 179 2105
2733 1828 1963
2734 837 543
2735 2772 2249
2736 2436 54
2737 1596 173
2738 613 274
2739 1285 2640
2740 2691 1459
2741 1745 1022
2742 1452 123
2743 1270 1258
2744 2316 308
2745 1664 2430
2746 324 455
2747 510 2737
2748 1491 606
2749 1039 2192
2750 1389 2591
2751 1043 466
2752 2276 2468
2753 2949 804
2754 859 1812
2755 1873 1713
2756 3025 351
2757 1280 2995
2758 2278 150
2759 1320 21
2760 550 2982
2761 1344 1201
2762 1686 370
2763 123 3068
2764 1606 2689
2765 3042 613
2766 1765 2844
2767 2118 820
2768 2592 860
2769 2140 1518
2770 418 1498
2771 201 590
2772 2785 2009
2773 1273 2653
2774 886 332
2775 293 2930
2776 2784 2219
2777 2422 73
2778 2076 115
2779 627 1341
2780 1727 3073
2781 1453 1360
2782 1324 2540
2783 236 799
2784 142 2610
2785 1992 3026
2786 2241 2230
2787 94 318
2788 2249 681
2789 2071 2592
2790 2458 2420
2791 3028 1237
2792 1354 3101
2793 3073 496
2794 106 2264
2795 1501 1315
2796 1654 1978
2797 1683 2156
2798 298 830
2799 823 1193
2800 2947 2388
2801 360 1524
2802 1052 2921
2803 1014 2588
2804 1196 2785
2805 1711 2111
2806 1290 844
2807 215 2617
2808 1533 662
2809 829 2517
2810 2162 402
2811 748 1173
2812 2136 1025
2813 2506 989
2814 2370 1306
2815 390 2452
2816 1088 2263
2817 2341 906
2818 1017 2603
2819 1170 860
2820 1116 594
2821 2815 771
2822 2336 2590
2823 1622 1507
2824 3093 893
2825 1909 225
2826 2302 673
2827 3005 198
2828 1305 3014
2829 612 2106
2830 1552 2359
2831 192 2559
2832 919 2369
2833 3060 2224
2834 1184 872
2835 631 239
2836 3003 2654
2837 2356 2951
2838 2549 113
2839 1658 2774
2840 81 2849
2841 2783 1405
2842 1906 2349
2843 2103 3094
2844 2566 1145
2845 3040 1902
2846 847 2499
2847 230 371
2848 3065 1132
2849 1775 119
2850 2381 1005
2851 2764 1696
2852 1899 704
2853 1668 1841
2854 2101 1310
2855 1141 2372
2856 3037 2434
2857 944 3105
2858 2240 1711
2859 3060 1333
2860 711 569
2861 2083 1589
2862 483 2242
2863 697 167
2864 1210 2705
2865 435 269
2866 1760 1842
2867 1798 1307
2868 12 1092
2869 1669 1897
2870 828 990
2871 2972 2135
2872 1003 1280
2873 2573 2642
2874 1572 1827
2875 1753 2807
2876 586 3060
2877 835 976
2878 1568 2675
2879 533 1105
2880 304 1421
2881 346 2171
2882 3032 2791
2883 38 1788
2884 44 2460
2885 2402 1165
2886 3000 68
2887 2130 2873
2888 2623 753
2889 2659 1691
2890 714 2996
2891 2364 728
2892 1082 2237
2893 2964 2792
2894 766 448
2895 535 2763
2896 1465 2570
2897 2171 2248
2898 1451 491
2899 3091 508
2900 2081 1293
2901 2056 2505
2902 2005 485
2903 1896 1714
2904 2931 285
2905 101 2196
2906 817 1536
2907 1153 1398
2908 594 2454
2909 2617 475
2910 625 2334
2911 1465 2708
2912 1754 2836
2913 160 73
2914 1942 1482
2915 2870 2152
2916 935 1697
2917 1280 1157
2918 2111 2626
2919 2407 1214
2920 788 1925
2921 2709 3026
2922 795 1539
2923 1011 2884
2924 2566 1349
2925 732 1836
2926 2133 2559
2927 176 2487
2928 165 531
2929 132 32
2930 1202 1644
2931 2478 2722
2932 2684 1292
2933 1979 59
2934 804 2892
2935 1330 20
2936 1996 22
2937 2098 1647
2938 1572 1674
2939 2141 791
2940 1829 2291
2941 1390 388
2942 2832 2585
2943 920 2627
2944 2861 2805
2945 1270 1775
2946 589 2206
2947 1871 535
2948 1687 89
2949 631 517
2950 2125 2580
2951 850 989
2952 411 646
2953 1907 1332
2954 166 2619
2955 3037 924
2956 3039 720
2957 1584 907
2958 373 883
2959 928 1640
2960 2617 765
2961 2338 436
2962 1351 1628
2963 1646 998
2964 682 1172
2965 2402 2663
2966 1662 2112
2967 2125 2844
2968 1606 271
2969 577 2958
2970 1825 2058
2971 2837 2073
2972 2468 1140
2973 771 1536
2974 1398 1043
2975 507 356
2976 361 1030
2977 1455 1957
2978 2725 379
2979 698 1062
2980 1462 1135
2981 1495 218
2982 119 2252
2983 56 629
2984 2095 1324
2985 458 769
2986 1897 1578
2987 2086 791
2988 2876 3011
2989 1328 906
2990 1437 2445
2991 1821 1917
2992 2523 170
2993 2317 2992
2994 2618 715
2995 4 3099
2996 320 635
2997 346 1051
2998 2186 996
2999 960 2700
3000 1003 1191
3001 2268 1488
3002 2066 1442
3003 1970 720
3004 81 522
3005 209 571
3006 2352 1926
3007 1002 1005
3008 2141 2603
3009 541 456
3010 1710 904
3011 733 1253
3012 1929 61
3013 1198 401
3014 1893 1459
3015 344 2284
3016 835 98
3017 2515 2995
3018 2231 2481
3019 2196 159
3020 1393 264
3021 3053 2349
3022 1113 1219
3023 2491 2508
3024 639 2925
3025 1871 2076
3026 2232 1227
3027 2574 857
3028 2126 1207
3029 2768 1660
3030 2260 2774
3031 127 1818
3032 1929 892
3033 2295 1093
3034 1952 2528
3035 994 1157
3036 734 673
3037 2868 1651
3038 2238 2625
3039 2800 1186
3040 157 2901
3041 860 1507
3042 1524 2306
3043 1082 682
3044 2249 593
3045 1234 370
3046 1641 2521
3047 1200 2719
3048 342 1601
3049 393 2841
3050 2569 442
3051 1790 420
3052 408 2803
3053 2791 144
3054 2243 2564
3055 1970 331
3056 1665 1148
3057 2191 331
3058 2806 1995
3059 2547 369
3060 2685 923
3061 1910 1442
3062 2602 742
3063 2752 2270
3064 2180 1203
3065 1395 2901
3066 304 2630
3067 1749 1969
3068 1997 2889
3069 762 2871
3070 2534 2804
3071 1898 2669
3072 856 568
3073 2465 1836
3074 80 1825
3075 1460 1648
3076 2647 1069
3077 1809 1935
3078 1827 2147
3079 2944 747
3080 1830 1745
3081 1354 2190
3082 595 969
3083 1568 916
3084 1132 2897
3085 1964 802
3086 2284 2121
3087 3005 797
3088 1580 2129
3089 525 2903
3090 2784 787
3091 1608 2570
3092 2297 1533
3093 1847 2283
3094 3097 2909
3095 130 288
3096 2058 1674
3097 684 1665
3098 2772 1336
3099 687 1134
3100 607 2855
3101 166 499
3102 1001 2965
3103 1574 2068
3104 745 1755
3105 2909 2343
3106 1356 2539
3107 972 2056
3108 620 659
3109 2751 1291
3110 1198 2656
