3810 3810
1 2281 3541
2 2761 1996
3 101 583
4 2125 1623
5 2224 3435
6 2394 2079
7 700 1349
8 2794 1512
9 1851 102
10 514 952
11 753 2075
12 2392 833
13 718 1391
14 2045 2036
15 922 2292
16 857 2681
17 2139 3763
18 3703 1295
19 3199 2014
20 3045 2933
21 2398 1068
22 2688 3801
23 2338 770
24 1843 2023
25 2703 480
26 2243 210
27 1584 2998
28 3123 208
29 482 1365
30 3406 659
31 1632 122
32 1047 3057
33 1153 2645
34 2751 393
35 927 132
36 2059 1296
37 2372 1283
38 706 2796
39 3471 333
40 10 465
41 1047 982
42 2925 62
43 2941 735
44 721 1365
45 2525 2109
46 2503 2148
47 1731 987
48 2242 560
49 3039 1037
50 971 474
51 214 1394
52 2467 327
53 2528 1994
54 2512 2026
55 1119 1938
56 1306 621
57 2114 1735
58 2755 1255
59 3169 2346
60 1998 2724
61 3784 1190
62 3383 1783
63 2986 2445
64 2442 2525
65 63 3673
66 739 313
67 2249 516
68 2406 2393
69 2452 3477
70 995 1288
71 2557 3368
72 1521 1965
73 3488 2171
74 1714 1360
75 205 106
76 3267 674
77 1932 2351
78 3786 1590
79 2186 1741
80 2856 2842
81 1224 1644
82 1931 1621
83 196 3337
84 3222 3250
85 1716 3028
86 1030 3304
87 948 2859
88 431 3462
89 3491 3321
90 1862 884
91 2255 2748
92 1009 1015
93 1480 2539
94 2758 422
95 1051 1145
96 1817 233
97 2552 3630
98 3444 2933
99 1298 143
100 3382 1212
101 1383 3349
102 3459 2302
103 1999 2143
104 2544 2824
105 1950 1714
106 1223 1735
107 1114 1926
108 2534 1431
109 1577 1067
110 658 1586
111 1658 1095
112 3155 3586
113 805 1627
114 2443 388
115 3238 722
116 3810 184
117 2499 1118
118 3580 1527
119 3392 1126
120 1869 2598
121 2472 1570
122 666 2656
123 1887 3468
124 1610 3669
125 589 1887
126 2964 1417
127 1869 1721
128 202 718
129 1110 2175
130 3490 2956
131 3304 840
132 3304 2050
133 751 708
134 289 2588
135 881 2444
136 1725 1012
137 261 323
138 837 3794
139 132 1454
140 1313 1364
141 664 639
142 2745 2983
143 1429 2077
144 930 277
145 2466 462
146 2559 1958
147 1422 2047
148 3119 3619
149 2470 1221
150 2168 3159
151 2011 809
152 2553 1137
153 2690 1575
154 648 3652
155 910 3382
156 308 600
157 123 2946
158 481 89
159 1196 909
160 1290 3560
161 1567 1644
162 1500 792
163 1689 1013
164 865 1204
165 243 314
166 3112 796
167 1723 527
168 380 3250
169 1106 3664
170 1842 2903
171 3542 2715
172 1249 2389
173 3355 18
174 1002 906
175 871 2751
176 2734 691
177 412 291
178 428 1215
179 174 193
180 1938 516
181 2642 284
182 606 3610
183 1418 3312
184 2079 1041
185 3591 3477
186 2143 3620
187 2368 3276
188 1610 3436
189 1770 3715
190 2075 2809
191 2787 1922
192 778 3389
193 1745 2464
194 1527 2575
195 161 969
196 1236 2204
197 3731 3499
198 2596 3585
199 2088 657
200 2489 1409
201 3736 1019
202 581 3192
203 475 2489
204 3610 2991
205 1235 3107
206 3532 11
207 500 2336
208 259 3071
209 1423 3634
210 3721 1055
211 1485 3656
212 676 3363
213 3652 209
214 44 2492
215 2035 1276
216 3479 2370
217 3478 1704
218 2065 1931
219 1298 2793
220 491 2093
221 733 1050
222 1183 322
223 109 2261
224 836 2074
225 1377 2393
226 383 1862
227 2807 635
228 1587 3636
229 229 3595
230 461 1984
231 3729 3665
232 222 3731
233 3215 343
234 2149 28
235 257 992
236 2422 3563
237 3796 1236
238 1289 1523
239 1977 1183
240 59 717
241 1227 1970
242 678 940
243 2393 1508
244 887 644
245 1180 2520
246 2007 2836
247 2378 3724
248 2540 990
249 3317 208
250 3794 1376
251 742 430
252 1457 580
253 221 2093
254 2282 520
255 2249 562
256 2494 3385
257 2860 1859
258 2122 210
259 382 1083
260 236 2177
261 1996 408
262 1094 363
263 1164 1619
264 1371 566
265 3371 2347
266 2888 2116
267 2694 2625
268 1242 2589
269 1868 2120
270 1612 2476
271 3529 1554
272 3734 3303
273 1273 3150
274 1259 1474
275 3369 2246
276 694 3326
277 3484 2266
278 2311 1198
279 2105 3296
280 770 6
281 3700 1794
282 435 1325
283 1836 1161
284 1016 2529
285 1534 2935
286 1852 247
287 3439 425
288 1825 1573
289 3639 909
290 2034 2605
291 782 1475
292 1208 2499
293 3377 224
294 2404 3470
295 3767 2971
296 3439 2445
297 791 1267
298 2562 246
299 3395 2271
300 3237 1985
301 368 898
302 1551 1808
303 3772 757
304 311 320
305 1098 175
306 2847 2121
307 3738 2561
308 3171 1414
309 2435 1726
310 2483 3665
311 2782 1397
312 3100 3668
313 1018 3558
314 1465 1526
315 3047 1963
316 620 2043
317 262 53
318 1327 3586
319 3625 487
320 3668 407
321 2300 1492
322 3408 3751
323 96 1362
324 531 525
325 1390 1328
326 2679 436
327 3003 3600
328 1264 2761
329 3111 1626
330 2080 837
331 1398 520
332 3577 1002
333 3077 1474
334 826 1886
335 2456 289
336 2819 1441
337 3672 139
338 161 1964
339 160 1808
340 1110 542
341 2479 3568
342 2147 1459
343 1781 2096
344 3417 3653
345 438 2975
346 3032 2872
347 1700 2477
348 2110 1231
349 1516 3255
350 3285 1281
351 1606 3580
352 1051 235
353 99 2133
354 1533 2537
355 887 1426
356 2998 2448
357 2577 2384
358 1351 1340
359 3679 527
360 3780 1380
361 3110 3756
362 1970 1541
363 2987 2920
364 3152 789
365 2725 3564
366 2586 2413
367 2008 2033
368 1051 1488
369 3201 610
370 2779 1987
371 1103 3530
372 1396 625
373 1587 3218
374 2831 2946
375 2191 2987
376 2841 1922
377 2161 2472
378 140 1299
379 3125 435
380 2371 3337
381 2407 2921
382 3063 1993
383 1902 3776
384 336 1017
385 1721 3257
386 2751 519
387 3052 1220
388 2348 379
389 3192 3200
390 3573 2932
391 3358 1826
392 3538 838
393 37 2273
394 1620 392
395 2626 920
396 177 1362
397 41 398
398 452 1946
399 2177 2153
400 3459 994
401 2656 3351
402 3133 2796
403 3228 1754
404 2152 432
405 3438 1057
406 351 116
407 3670 520
408 2880 59
409 1445 1045
410 368 1511
411 72 55
412 955 2851
413 2713 2762
414 2472 1797
415 1026 1621
416 2172 48
417 34 2627
418 1587 3452
419 1538 3713
420 3373 1281
421 2153 2441
422 2678 818
423 3791 2231
424 329 1002
425 1153 2843
426 3082 2663
427 2785 833
428 873 1584
429 3760 1601
430 3671 186
431 813 1001
432 1359 2399
433 1574 596
434 2416 810
435 2050 787
436 1120 643
437 670 129
438 41 3619
439 3211 1431
440 3133 1548
441 2302 3410
442 241 3256
443 916 3645
444 1603 3784
445 3356 777
446 1425 3255
447 3497 2613
448 1490 341
449 2013 666
450 2093 2983
451 1572 2358
452 2101 3351
453 1814 2202
454 3052 125
455 2545 1431
456 1943 597
457 1901 3132
458 1164 3343
459 218 961
460 410 703
461 892 1168
462 3575 2548
463 3009 3128
464 160 905
465 2925 3252
466 1444 3488
467 1083 743
468 2522 28
469 773 817
470 1529 3159
471 2759 649
472 531 2641
473 3800 944
474 3527 3614
475 3748 2462
476 822 3668
477 305 1442
478 210 921
479 2783 1202
480 461 1478
481 1290 2756
482 3371 2578
483 388 894
484 3325 2888
485 1094 1147
486 2605 1033
487 2135 256
488 2075 1011
489 1154 2710
490 974 840
491 1206 1520
492 2722 2925
493 173 3382
494 1026 3399
495 2037 2031
496 318 3520
497 3203 3552
498 1412 1150
499 1941 2887
500 1048 789
501 196 2354
502 1008 1767
503 3116 1865
504 3058 3013
505 3098 2172
506 2943 2335
507 937 1101
508 2352 417
509 3623 1991
510 1785 1168
511 350 2887
512 112 1897
513 3309 180
514 3377 3793
515 1693 1914
516 2305 2664
517 1579 1373
518 1914 1817
519 1649 685
520 3181 1736
521 453 2288
522 1131 2340
523 213 1579
524 692 635
525 43 1481
526 318 2821
527 703 3016
528 390 2398
529 803 2494
530 3135 2023
531 1285 477
532 1682 2463
533 1095 1311
534 1148 2097
535 2418 2285
536 1548 437
537 19 2280
538 733 310
539 3524 3014
540 413 3761
541 136 1569
542 2629 2358
543 1863 594
544 1096 2703
545 948 606
546 2731 187
547 431 771
548 2313 3545
549 2955 776
550 410 2646
551 2081 3547
552 479 1873
553 192 2200
554 3687 2442
555 2000 2875
556 541 326
557 97 2037
558 26 2803
559 2189 1870
560 64 3027
561 3648 698
562 1709 1758
563 3772 867
564 3692 2675
565 2964 2257
566 1954 2616
567 2989 2558
568 176 2207
569 107 3696
570 2567 1097
571 838 2890
572 1033 180
573 2196 1219
574 366 3245
575 1167 3634
576 2150 810
577 3457 2172
578 157 1701
579 1833 2345
580 3187 2972
581 2999 3742
582 2479 1038
583 232 911
584 2525 2435
585 2679 871
586 409 3755
587 1030 2954
588 3537 480
589 296 567
590 3677 1137
591 155 87
592 3230 606
593 3278 2973
594 1760 960
595 2252 370
596 2911 961
597 2629 2527
598 762 2922
599 1444 2176
600 1204 766
601 899 2373
602 1548 3301
603 1630 370
604 3765 928
605 1196 1607
606 1385 2193
607 3160 1122
608 3160 3422
609 662 1117
610 86 1127
611 841 2756
612 1331 288
613 2918 1315
614 2221 973
615 905 1230
616 723 1766
617 2211 921
618 968 121
619 1297 3554
620 1418 727
621 1756 597
622 2991 3623
623 829 3363
624 2724 2909
625 3041 1551
626 2961 1382
627 1383 2529
628 893 1046
629 3390 2880
630 2154 3771
631 106 1023
632 1188 3407
633 317 2260
634 1057 3625
635 2848 3094
636 1684 106
637 2632 2255
638 2543 3284
639 2454 2368
640 2108 1357
641 1058 1676
642 474 3075
643 1165 2309
644 2683 3597
645 2776 3209
646 213 1492
647 900 1147
648 3631 1636
649 329 2298
650 940 1004
651 1841 1456
652 785 2604
653 2162 2222
654 3018 434
655 1682 1763
656 2432 2848
657 2098 2008
658 1551 1339
659 1636 602
660 1858 2464
661 2075 3694
662 414 3241
663 921 3169
664 870 284
665 1997 831
666 3338 2195
667 3337 1562
668 1962 3634
669 1709 2308
670 2608 3362
671 138 1820
672 2691 293
673 2089 87
674 421 338
675 1559 3220
676 2126 1579
677 3781 1992
678 3506 3530
679 1211 729
680 366 391
681 2003 4
682 855 247
683 2847 685
684 2527 3452
685 2619 580
686 811 3467
687 564 1738
688 524 1344
689 2274 3432
690 1012 2583
691 814 1188
692 1263 1321
693 1985 397
694 120 1318
695 882 108
696 3656 979
697 1574 514
698 3397 1047
699 809 3414
700 3008 1805
701 112 521
702 726 2700
703 3774 3457
704 2124 2480
705 2344 2108
706 1694 2857
707 397 1986
708 1020 2339
709 1422 1281
710 1246 3073
711 2449 1950
712 1772 2851
713 1155 81
714 3143 1981
715 3353 2597
716 3336 2520
717 1577 3387
718 2185 2894
719 3323 216
720 887 1972
721 2729 2253
722 3682 1909
723 143 1353
724 1039 963
725 3756 2510
726 134 658
727 3456 2010
728 3436 978
729 1161 2594
730 2713 1073
731 1730 2961
732 562 2060
733 665 3658
734 3286 1951
735 1501 3247
736 293 1401
737 788 2456
738 1870 1902
739 3289 56
740 1114 1410
741 1482 2028
742 2773 1823
743 275 1834
744 777 2788
745 1990 2865
746 715 1571
747 1257 2832
748 1048 1723
749 908 1973
750 382 2228
751 190 2127
752 2455 1842
753 3001 2137
754 3136 301
755 1237 3121
756 452 2824
757 1549 2416
758 2747 2770
759 303 370
760 1329 722
761 1725 1878
762 2389 2022
763 759 222
764 2942 2311
765 2766 1333
766 1813 1387
767 2402 3648
768 513 1593
769 585 3078
770 427 1317
771 990 790
772 3001 1564
773 1737 2519
774 2566 1865
775 631 2356
776 3650 446
777 2238 1447
778 2098 1624
779 1697 459
780 3030 3358
781 3628 240
782 2741 25
783 1588 1346
784 2253 3775
785 729 271
786 189 2942
787 3045 515
788 2200 344
789 2853 2015
790 721 2688
791 989 24
792 2654 1028
793 46 3460
794 3137 975
795 3605 2459
796 3602 2380
797 98 311
798 407 1662
799 2234 2918
800 1146 2636
801 2223 212
802 276 759
803 3684 1062
804 2331 2145
805 2630 2941
806 822 1846
807 701 2061
808 2562 272
809 3062 1493
810 202 1319
811 279 1025
812 1019 2484
813 946 3238
814 2502 1321
815 1557 2802
816 1501 1825
817 3070 2607
818 3655 906
819 1838 2412
820 1740 300
821 1828 545
822 925 1922
823 218 3132
824 909 814
825 136 2148
826 729 1491
827 2638 2839
828 1714 2468
829 3488 113
830 502 3049
831 942 457
832 3220 2970
833 1246 1905
834 3181 1782
835 1361 423
836 2752 594
837 3467 1579
838 1161 806
839 1862 1401
840 1493 2509
841 3713 3716
842 2034 2495
843 2143 554
844 2381 2919
845 1209 1152
846 3195 3151
847 3658 1136
848 3324 2624
849 1564 2524
850 2920 3187
851 2662 1313
852 2525 696
853 1398 2195
854 1451 3127
855 3747 3101
856 1414 899
857 3351 3037
858 455 2172
859 3568 237
860 2164 107
861 2808 2927
862 2388 102
863 3423 1389
864 2810 2176
865 431 2105
866 2912 1757
867 1162 322
868 671 1586
869 2404 2429
870 3782 1203
871 531 444
872 1758 3217
873 3065 828
874 3547 1286
875 3662 18
876 2664 2768
877 3245 2840
878 1871 642
879 2695 2797
880 1321 2515
881 1848 641
882 701 3148
883 267 762
884 2299 691
885 290 2391
886 3071 192
887 947 1334
888 2244 1722
889 2274 2456
890 1127 1246
891 1054 3059
892 1837 75
893 2788 656
894 1402 3004
895 480 539
896 1709 980
897 3697 3528
898 2757 2237
899 3740 3353
900 2022 2561
901 1792 2256
902 1639 2078
903 3416 1931
904 3525 3406
905 2658 2685
906 2605 3343
907 1588 3062
908 1615 1281
909 163 2299
910 2059 2258
911 708 908
912 137 509
913 792 1000
914 1622 1396
915 1222 2403
916 3761 2863
917 3715 1514
918 2357 3391
919 2906 3423
920 3375 291
921 1304 167
922 417 3414
923 39 3327
924 285 662
925 3209 1584
926 2409 976
927 2341 3029
928 2845 487
929 1634 123
930 292 2879
931 995 3346
932 169 575
933 552 3532
934 1786 3600
935 1604 3641
936 2778 2181
937 1367 2001
938 2782 2510
939 3726 1515
940 2400 374
941 2220 3054
942 810 1605
943 1644 3438
944 995 2091
945 2512 2699
946 3070 3490
947 275 2160
948 1599 1796
949 1257 2609
950 2365 1283
951 3573 3153
952 3650 3144
953 3697 2408
954 947 804
955 1279 3349
956 3537 1310
957 1180 2947
958 3790 3434
959 3620 642
960 392 1422
961 451 3747
962 2617 3718
963 1968 2896
964 1804 689
965 1035 3779
966 988 2521
967 279 694
968 1975 2839
969 3019 1774
970 3465 2917
971 3783 2065
972 958 2342
973 1002 623
974 2418 1051
975 1444 1221
976 918 3227
977 69 2927
978 2048 2416
979 187 3200
980 2323 70
981 2694 2246
982 1191 3375
983 1839 3071
984 3810 3480
985 3180 556
986 390 3451
987 577 2768
988 3523 1077
989 291 2366
990 2789 3410
991 72 1543
992 333 3367
993 635 3017
994 3499 3643
995 1602 407
996 2575 724
997 2161 139
998 2488 543
999 1959 778
1000 140 2962
1001 1912 3096
1002 2894 2219
1003 2699 1118
1004 454 1480
1005 2957 2342
1006 881 296
1007 2533 1472
1008 3416 3305
1009 1388 1536
1010 3562 2968
1011 281 2212
1012 2910 2173
1013 664 3471
1014 1126 513
1015 1560 2293
1016 3453 3259
1017 3773 3136
1018 3655 437
1019 1731 1603
1020 941 162
1021 2984 2408
1022 2364 3467
1023 2305 3612
1024 1407 950
1025 1540 646
1026 894 2689
1027 3605 3807
1028 34 398
1029 1706 38
1030 1528 2795
1031 3443 536
1032 3543 1273
1033 1874 3634
1034 2745 3779
1035 2568 3075
1036 2158 848
1037 2715 2207
1038 2781 944
1039 3139 1877
1040 182 1335
1041 1051 1815
1042 40 420
1043 262 74
1044 2249 1545
1045 1136 2855
1046 1796 2971
1047 1628 3367
1048 1799 2545
1049 3014 1524
1050 2316 3320
1051 1311 1784
1052 2963 2197
1053 3708 2215
1054 516 1967
1055 3032 1297
1056 1976 1374
1057 610 1251
1058 3045 510
1059 2921 3116
1060 2782 2109
1061 3166 620
1062 2874 3358
1063 1916 800
1064 2067 3738
1065 3302 1434
1066 494 2207
1067 521 531
1068 860 2362
1069 1393 2979
1070 595 3462
1071 2634 1266
1072 813 3570
1073 886 3615
1074 1064 1855
1075 1745 1096
1076 1126 3431
1077 3601 1921
1078 918 63
1079 1323 1599
1080 2257 1012
1081 348 436
1082 3572 2706
1083 828 3332
1084 2663 1285
1085 1094 2833
1086 3255 2996
1087 1430 864
1088 1546 3076
1089 1766 2211
1090 2574 186
1091 3258 3214
1092 749 2532
1093 508 1692
1094 247 506
1095 274 2781
1096 3502 2983
1097 881 2540
1098 1623 867
1099 172 2462
1100 875 2219
1101 2006 3229
1102 2426 1832
1103 2300 2668
1104 55 1399
1105 818 2603
1106 1352 258
1107 2911 825
1108 2241 2035
1109 1076 283
1110 3448 1308
1111 2592 1060
1112 2524 242
1113 1698 2679
1114 517 1007
1115 2183 2078
1116 1117 3345
1117 2542 3405
1118 2486 3396
1119 875 3616
1120 2 306
1121 2450 1288
1122 2393 1372
1123 3371 1743
1124 1016 1009
1125 2559 1918
1126 2222 507
1127 1035 1978
1128 20 2687
1129 339 3477
1130 566 3512
1131 941 2220
1132 36 3100
1133 328 1907
1134 750 1854
1135 1510 2624
1136 3696 1830
1137 3430 922
1138 2096 1189
1139 1565 2804
1140 283 2603
1141 671 3275
1142 1772 3639
1143 2426 3153
1144 3720 3721
1145 411 1538
1146 351 2549
1147 1554 2618
1148 542 2479
1149 1352 1166
1150 1930 1917
1151 1311 578
1152 2181 644
1153 2018 2717
1154 1979 293
1155 3157 1296
1156 2654 315
1157 1763 1106
1158 231 2402
1159 3286 367
1160 1700 51
1161 1694 3434
1162 518 553
1163 346 3450
1164 1900 1967
1165 2430 630
1166 3671 1321
1167 779 1108
1168 384 830
1169 1026 3379
1170 1826 2967
1171 2741 1057
1172 239 862
1173 3024 2136
1174 848 2090
1175 484 2806
1176 3543 1602
1177 887 1341
1178 2267 3647
1179 3131 2306
1180 1256 31
1181 3402 590
1182 1877 2257
1183 17 1439
1184 1113 629
1185 958 2736
1186 1199 1935
1187 2892 1801
1188 1313 2079
1189 850 1731
1190 2850 1028
1191 1924 1824
1192 3757 275
1193 1533 1979
1194 3531 2596
1195 91 269
1196 494 3781
1197 275 2923
1198 3666 2222
1199 1767 4
1200 2006 1595
1201 2288 687
1202 1735 1242
1203 2723 2939
1204 608 2823
1205 6 2954
1206 2966 460
1207 3664 2946
1208 3114 1945
1209 284 1472
1210 3556 239
1211 3093 3451
1212 3189 12
1213 1228 2723
1214 2995 3167
1215 1512 267
1216 870 1741
1217 1666 1771
1218 1052 236
1219 2475 2043
1220 2163 2977
1221 2173 556
1222 3800 757
1223 3655 1472
1224 1029 561
1225 1394 2113
1226 2894 3107
1227 3028 887
1228 2417 170
1229 1455 494
1230 1218 827
1231 1180 2331
1232 253 93
1233 3331 2984
1234 2640 2720
1235 3502 2472
1236 277 3446
1237 3683 3068
1238 890 1402
1239 196 21
1240 129 1759
1241 2236 928
1242 3410 1604
1243 2575 1883
1244 562 720
1245 704 1376
1246 2531 1489
1247 20 2942
1248 581 2042
1249 2354 1393
1250 2926 183
1251 2946 3471
1252 89 829
1253 2363 3099
1254 226 2525
1255 3377 3186
1256 163 12
1257 2442 3403
1258 658 497
1259 1720 1710
1260 174 2960
1261 1744 679
1262 999 2936
1263 679 64
1264 157 3331
1265 1406 1750
1266 401 765
1267 2117 1680
1268 803 3412
1269 2118 3233
1270 721 2616
1271 2311 3057
1272 3331 1482
1273 858 2136
1274 2931 2913
1275 809 3722
1276 924 69
1277 466 2926
1278 1152 1308
1279 827 489
1280 507 3780
1281 843 2027
1282 967 288
1283 1917 1059
1284 1025 3742
1285 2250 27
1286 322 3085
1287 943 3610
1288 571 405
1289 2404 1229
1290 2307 3471
1291 2827 285
1292 363 3014
1293 1114 1285
1294 440 2532
1295 2301 797
1296 1031 1178
1297 3291 3314
1298 2690 2079
1299 1324 3729
1300 3349 3012
1301 3566 20
1302 2085 658
1303 525 3172
1304 1273 2700
1305 3593 2570
1306 2078 3536
1307 453 2512
1308 2305 925
1309 2579 2705
1310 3724 987
1311 1968 308
1312 3586 2725
1313 2963 2199
1314 373 964
1315 430 833
1316 3668 1915
1317 3799 2198
1318 2000 1084
1319 3436 1288
1320 515 842
1321 3199 3545
1322 2273 3585
1323 2724 1393
1324 1588 3771
1325 1438 3548
1326 2689 3126
1327 852 1838
1328 286 1407
1329 3194 2198
1330 1558 794
1331 3495 3019
1332 329 2926
1333 3709 286
1334 411 3136
1335 3261 1002
1336 408 1277
1337 3789 848
1338 2708 933
1339 741 2847
1340 1592 2730
1341 1868 237
1342 3295 3088
1343 341 280
1344 938 1893
1345 2727 1570
1346 2145 3010
1347 1425 812
1348 1755 3454
1349 218 1036
1350 3547 3182
1351 3088 3529
1352 1696 47
1353 3324 1155
1354 2987 2681
1355 3494 1058
1356 2062 2957
1357 399 1466
1358 3656 3276
1359 3703 3162
1360 278 739
1361 2563 3211
1362 866 559
1363 3767 430
1364 1294 402
1365 3183 600
1366 1421 1275
1367 2555 1385
1368 2245 317
1369 2037 2065
1370 1735 2095
1371 517 561
1372 2146 2254
1373 1919 1519
1374 155 643
1375 2368 950
1376 68 1621
1377 2154 2474
1378 50 3028
1379 614 923
1380 2367 847
1381 1859 1303
1382 1352 407
1383 2417 2022
1384 2375 177
1385 3174 3536
1386 3455 702
1387 2277 2540
1388 2676 202
1389 3679 87
1390 1914 2685
1391 3370 554
1392 707 3141
1393 2456 3162
1394 1050 3124
1395 2989 271
1396 178 1452
1397 3769 199
1398 545 394
1399 1499 3436
1400 2571 262
1401 825 1028
1402 2539 2958
1403 2827 1771
1404 87 1984
1405 2134 2264
1406 1837 3069
1407 1139 198
1408 481 3402
1409 2876 1529
1410 1952 3340
1411 938 716
1412 767 3723
1413 1165 2805
1414 3609 2464
1415 2032 265
1416 3487 1477
1417 480 2257
1418 777 3299
1419 1157 3386
1420 120 1610
1421 1343 1025
1422 1758 3719
1423 371 3130
1424 886 2288
1425 513 761
1426 1396 3763
1427 1629 376
1428 2723 1037
1429 1525 1749
1430 1219 3147
1431 1273 3605
1432 607 2695
1433 3033 543
1434 2035 606
1435 1184 21
1436 3353 976
1437 1524 3136
1438 1010 3397
1439 3072 858
1440 539 2240
1441 3103 304
1442 854 2837
1443 1917 875
1444 224 2281
1445 867 2686
1446 3654 3434
1447 1406 2900
1448 1014 2293
1449 1734 1462
1450 815 2028
1451 2606 1523
1452 2140 2241
1453 2881 188
1454 1761 1506
1455 1698 2867
1456 3557 3668
1457 80 438
1458 2341 3461
1459 537 2001
1460 576 1358
1461 2043 3722
1462 1923 1903
1463 3443 1008
1464 2047 3480
1465 1243 3804
1466 2080 119
1467 1676 1430
1468 444 2485
1469 1778 3659
1470 2153 379
1471 493 44
1472 1270 2673
1473 2945 3036
1474 2330 30
1475 395 2473
1476 2099 3105
1477 1027 753
1478 540 3113
1479 2669 474
1480 1980 1349
1481 858 1098
1482 2953 3308
1483 1855 1351
1484 2383 2103
1485 647 3001
1486 1641 702
1487 2533 1259
1488 414 2480
1489 320 904
1490 125 2823
1491 182 1459
1492 3288 3473
1493 2149 3453
1494 3041 2359
1495 49 482
1496 1537 392
1497 2141 3710
1498 2632 2387
1499 105 1828
1500 2343 990
1501 1906 689
1502 222 3809
1503 2109 591
1504 1037 2760
1505 2135 629
1506 1672 1429
1507 1991 1626
1508 3562 205
1509 2855 3290
1510 1320 2437
1511 3007 1438
1512 3133 36
1513 535 1498
1514 1625 981
1515 2131 1564
1516 208 1589
1517 1845 794
1518 2260 2529
1519 728 1714
1520 299 2688
1521 1534 2777
1522 3563 3599
1523 3701 5
1524 3271 1965
1525 3621 1701
1526 3054 693
1527 3322 1142
1528 1728 3011
1529 2887 2688
1530 984 306
1531 1038 2003
1532 603 3555
1533 2832 1366
1534 463 2532
1535 1011 1900
1536 2389 2461
1537 2304 365
1538 2934 3258
1539 2026 930
1540 643 3210
1541 2605 2485
1542 2758 1969
1543 3795 3192
1544 68 887
1545 2306 330
1546 1548 2223
1547 3241 1231
1548 1457 1471
1549 2635 1282
1550 1814 215
1551 2130 395
1552 234 3302
1553 2118 959
1554 518 2586
1555 132 1571
1556 169 1700
1557 2521 2654
1558 3110 1847
1559 1490 3248
1560 2597 3016
1561 3304 500
1562 136 1621
1563 1798 3119
1564 1630 3138
1565 2811 260
1566 3165 1008
1567 1329 708
1568 3688 1359
1569 140 769
1570 2926 598
1571 1542 3357
1572 1177 797
1573 1483 3101
1574 2766 1122
1575 1452 1236
1576 2484 726
1577 2755 206
1578 1730 3165
1579 791 1323
1580 3202 3665
1581 1081 369
1582 2688 315
1583 3067 3753
1584 2965 2189
1585 2375 3690
1586 2848 766
1587 3277 3604
1588 3157 1072
1589 628 1740
1590 3214 1233
1591 1454 585
1592 696 844
1593 1316 3384
1594 1192 2270
1595 853 3672
1596 3077 706
1597 478 2989
1598 2142 3323
1599 3775 991
1600 2918 179
1601 2608 3790
1602 1894 1868
1603 3482 835
1604 3480 3360
1605 2599 2657
1606 1919 3502
1607 2684 1357
1608 2931 1321
1609 1902 1082
1610 2314 318
1611 1443 152
1612 2900 2846
1613 2486 2718
1614 3077 3675
1615 1767 1096
1616 949 646
1617 2987 536
1618 2227 3323
1619 2941 2414
1620 2736 373
1621 866 1626
1622 702 1506
1623 2870 2554
1624 579 3412
1625 2079 2717
1626 3343 1624
1627 1625 1018
1628 1441 645
1629 1707 314
1630 729 987
1631 3338 2531
1632 3008 2313
1633 297 1855
1634 459 2148
1635 3555 2436
1636 915 333
1637 306 583
1638 3460 903
1639 2389 575
1640 436 2541
1641 2430 2527
1642 785 476
1643 48 2500
1644 2964 3217
1645 1102 2710
1646 1555 89
1647 2179 2686
1648 2262 2637
1649 448 1261
1650 1372 1333
1651 3016 1547
1652 1982 2569
1653 1962 782
1654 3200 2653
1655 1210 3704
1656 321 1253
1657 1230 926
1658 72 3240
1659 2583 2040
1660 1994 2402
1661 2846 1662
1662 1125 2648
1663 2250 163
1664 419 2389
1665 3225 1488
1666 2675 2994
1667 1659 3133
1668 173 2111
1669 1522 2020
1670 343 3030
1671 420 103
1672 3553 65
1673 3591 1442
1674 3383 151
1675 978 2104
1676 84 3262
1677 2234 3484
1678 2416 1068
1679 2530 876
1680 2407 1075
1681 3061 3052
1682 1098 3786
1683 929 358
1684 3594 1100
1685 3029 355
1686 1948 1230
1687 1464 3532
1688 2952 1282
1689 3168 1583
1690 2765 1912
1691 1816 1804
1692 478 2742
1693 628 1603
1694 3620 584
1695 3122 1287
1696 1889 3800
1697 1216 449
1698 1544 1775
1699 3402 2089
1700 714 2703
1701 2123 298
1702 3432 3198
1703 50 3058
1704 2168 615
1705 2738 1971
1706 730 806
1707 608 701
1708 484 3375
1709 132 947
1710 425 981
1711 2958 595
1712 316 2210
1713 2743 431
1714 1077 238
1715 2859 3158
1716 738 2733
1717 2037 1102
1718 3046 1036
1719 2910 1917
1720 451 129
1721 1241 1018
1722 330 3486
1723 1602 1097
1724 2155 344
1725 2830 3468
1726 1262 400
1727 2853 2262
1728 1593 1173
1729 2001 686
1730 1121 811
1731 3350 1140
1732 88 1073
1733 3696 2847
1734 350 1969
1735 3419 3798
1736 260 1393
1737 2932 1017
1738 3642 474
1739 3309 3457
1740 855 2041
1741 2390 2046
1742 631 2196
1743 1692 294
1744 3689 2766
1745 3230 2017
1746 1359 1202
1747 134 3204
1748 1446 150
1749 2666 3403
1750 24 2436
1751 3686 2931
1752 1179 901
1753 2894 2804
1754 1866 2756
1755 787 3369
1756 2012 363
1757 86 303
1758 440 460
1759 243 1344
1760 3223 188
1761 1500 726
1762 2027 2805
1763 258 972
1764 1565 373
1765 3638 2233
1766 438 279
1767 849 2387
1768 2954 2268
1769 1525 1957
1770 1220 2905
1771 123 2202
1772 1322 3463
1773 972 2687
1774 852 3649
1775 390 2612
1776 3074 2897
1777 1772 2331
1778 95 42
1779 1222 2517
1780 1173 2408
1781 1365 2684
1782 505 1608
1783 2305 357
1784 3212 1749
1785 2239 981
1786 856 1759
1787 894 1022
1788 1500 2998
1789 2462 772
1790 299 3327
1791 2856 226
1792 2477 805
1793 2113 994
1794 2984 168
1795 1643 2656
1796 1930 1090
1797 3535 1316
1798 3504 212
1799 1335 1569
1800 2799 3485
1801 3101 170
1802 1991 35
1803 3042 2103
1804 863 793
1805 3468 677
1806 2329 89
1807 1858 2194
1808 2357 1611
1809 1340 849
1810 2666 1174
1811 496 2744
1812 1852 1421
1813 1813 1614
1814 1827 2728
1815 3001 3597
1816 1960 447
1817 2912 1412
1818 300 2908
1819 2290 1318
1820 937 451
1821 593 2498
1822 1895 2032
1823 1117 1739
1824 3048 2607
1825 1284 772
1826 39 1700
1827 161 22
1828 2930 3331
1829 3073 3328
1830 2128 1184
1831 3584 3698
1832 1875 3390
1833 3491 3613
1834 388 1714
1835 820 2609
1836 1892 2801
1837 322 1063
1838 590 1125
1839 1657 1677
1840 1996 2874
1841 3759 2757
1842 3412 1017
1843 3379 3616
1844 3514 915
1845 1980 2472
1846 1707 1974
1847 479 1104
1848 3120 479
1849 2071 1946
1850 3590 619
1851 2687 1231
1852 2542 543
1853 734 426
1854 3608 3703
1855 1823 2998
1856 2155 986
1857 1409 1252
1858 1820 1335
1859 1809 1763
1860 2116 3772
1861 29 3510
1862 695 1465
1863 2872 2362
1864 1874 2995
1865 424 3087
1866 3415 1396
1867 1640 3554
1868 1100 3406
1869 647 129
1870 687 739
1871 2592 1803
1872 3590 3407
1873 569 678
1874 2383 3220
1875 1955 2969
1876 1992 1948
1877 980 2594
1878 3579 2001
1879 493 756
1880 1335 1907
1881 1826 825
1882 2298 3405
1883 2454 1927
1884 3577 807
1885 1139 2842
1886 2685 616
1887 730 3028
1888 3490 2380
1889 3744 1717
1890 1331 2541
1891 1529 186
1892 1990 1755
1893 3230 2048
1894 160 1995
1895 1717 2971
1896 300 1403
1897 3438 450
1898 1696 1313
1899 353 2100
1900 900 713
1901 2505 2157
1902 3482 922
1903 1746 2923
1904 3785 320
1905 1216 1318
1906 1540 1913
1907 1648 536
1908 365 622
1909 1350 1216
1910 3639 2030
1911 37 1671
1912 779 2118
1913 103 3519
1914 2856 1105
1915 3111 1903
1916 930 3731
1917 1966 126
1918 2080 1422
1919 70 3518
1920 1229 2183
1921 3066 1070
1922 1860 1542
1923 743 929
1924 2392 55
1925 1310 2560
1926 1863 1045
1927 1494 1402
1928 1900 1147
1929 1121 989
1930 2236 3305
1931 1332 1892
1932 1792 2348
1933 1293 387
1934 1837 230
1935 401 3489
1936 372 3287
1937 1051 2633
1938 932 1513
1939 2929 1771
1940 1328 2573
1941 680 1763
1942 747 1671
1943 2579 1064
1944 2194 3461
1945 2057 651
1946 2936 2231
1947 3506 801
1948 251 2273
1949 1470 3609
1950 2085 3728
1951 931 2726
1952 2875 1497
1953 629 3169
1954 3271 1036
1955 2015 2398
1956 493 1822
1957 810 2189
1958 662 320
1959 144 10
1960 1889 2861
1961 2256 462
1962 989 2741
1963 3237 857
1964 2380 3374
1965 1935 624
1966 3470 1411
1967 1739 3097
1968 2192 1033
1969 3421 2955
1970 231 3769
1971 547 2598
1972 1861 1616
1973 1508 425
1974 1003 1669
1975 3587 1096
1976 3657 3322
1977 1802 1500
1978 2117 1199
1979 2106 930
1980 1468 1210
1981 574 2148
1982 324 1710
1983 970 821
1984 1837 2572
1985 2642 2343
1986 2756 1059
1987 1431 1090
1988 3751 691
1989 270 742
1990 186 1134
1991 3617 3057
1992 437 2981
1993 3806 3392
1994 3440 2226
1995 534 1107
1996 3165 2273
1997 2873 3727
1998 2766 1500
1999 2466 956
2000 171 953
2001 3676 992
2002 3297 3188
2003 1070 852
2004 2373 1097
2005 2948 629
2006 1747 1633
2007 1199 1270
2008 2098 3286
2009 684 2020
2010 1113 424
2011 812 1930
2012 1091 1885
2013 2864 1741
2014 2417 3640
2015 3562 3680
2016 285 3467
2017 1216 160
2018 180 2788
2019 1557 3029
2020 953 3621
2021 134 693
2022 2912 1383
2023 3757 1469
2024 3434 1376
2025 3123 203
2026 209 938
2027 1026 3624
2028 461 963
2029 1413 2549
2030 587 1722
2031 433 2759
2032 107 147
2033 3642 1176
2034 661 3045
2035 1536 76
2036 2130 2452
2037 2968 852
2038 694 2307
2039 1548 2224
2040 3215 3792
2041 2726 827
2042 2548 1940
2043 1900 2301
2044 571 688
2045 3166 1910
2046 658 2172
2047 3320 1563
2048 3059 333
2049 271 1624
2050 353 2448
2051 768 904
2052 1844 1192
2053 2753 329
2054 2560 3148
2055 2705 2553
2056 2665 2101
2057 1747 1517
2058 3637 3006
2059 709 1379
2060 3157 215
2061 3613 3280
2062 2749 2156
2063 3775 2382
2064 546 3724
2065 2480 694
2066 3801 2421
2067 2416 392
2068 1542 3696
2069 1440 2231
2070 1280 1013
2071 482 408
2072 130 1848
2073 1653 729
2074 3337 543
2075 1174 3207
2076 226 1251
2077 3545 3322
2078 2956 1769
2079 2852 348
2080 900 1136
2081 1061 684
2082 3142 1215
2083 862 2260
2084 1308 3418
2085 3238 3644
2086 1608 3558
2087 2212 1810
2088 209 1980
2089 75 3092
2090 2821 2274
2091 524 1441
2092 3756 424
2093 2971 2584
2094 207 3270
2095 2722 3231
2096 2711 2694
2097 2015 3210
2098 961 2302
2099 3035 3057
2100 1398 932
2101 143 959
2102 3510 1549
2103 3380 3324
2104 2347 182
2105 721 2632
2106 3049 2079
2107 2434 1622
2108 3797 1486
2109 2636 3210
2110 2359 416
2111 582 2492
2112 169 3550
2113 652 3099
2114 403 2935
2115 216 3594
2116 1471 879
2117 130 1306
2118 1397 883
2119 3652 2736
2120 2334 2781
2121 411 2594
2122 2480 2106
2123 1798 3644
2124 2760 1595
2125 214 2842
2126 298 2856
2127 78 1471
2128 2103 1401
2129 2929 2869
2130 577 249
2131 1575 3615
2132 2873 550
2133 2001 459
2134 2432 472
2135 2279 3613
2136 2990 1134
2137 3565 198
2138 120 1340
2139 2246 2522
2140 170 2738
2141 215 718
2142 3734 3342
2143 2929 153
2144 1514 1824
2145 1821 3583
2146 2668 2687
2147 1392 3313
2148 262 1303
2149 1491 3409
2150 1360 3683
2151 3445 2355
2152 1969 1329
2153 2387 3403
2154 857 923
2155 905 3628
2156 293 311
2157 1790 3004
2158 74 2138
2159 548 3551
2160 3754 1520
2161 3239 1046
2162 3075 2578
2163 2694 1046
2164 657 3231
2165 1931 3022
2166 1862 3101
2167 3313 1912
2168 2422 3623
2169 2775 1189
2170 2506 1886
2171 2124 2882
2172 707 2162
2173 1016 700
2174 2416 2433
2175 2983 1121
2176 2155 494
2177 1633 276
2178 272 2794
2179 2002 1722
2180 571 2886
2181 531 617
2182 2071 3375
2183 1444 354
2184 49 1679
2185 2977 2420
2186 1147 566
2187 695 2751
2188 1434 1157
2189 808 877
2190 1541 441
2191 3125 303
2192 879 540
2193 2103 3315
2194 2419 754
2195 1531 1559
2196 2780 2412
2197 2856 2162
2198 3714 660
2199 3096 1535
2200 2908 3134
2201 1221 3078
2202 1024 3086
2203 1679 2344
2204 1150 337
2205 1006 13
2206 217 631
2207 3355 1366
2208 1975 665
2209 1342 2368
2210 3746 2144
2211 3087 2560
2212 1850 3450
2213 3024 3026
2214 1442 2420
2215 1688 3663
2216 1697 1411
2217 287 3789
2218 70 2499
2219 586 2747
2220 2496 2236
2221 2192 2273
2222 1752 2032
2223 1849 1987
2224 2319 2424
2225 3637 3432
2226 2846 335
2227 1221 323
2228 3177 3339
2229 458 1693
2230 1126 758
2231 142 3121
2232 1000 1630
2233 637 2962
2234 1341 878
2235 145 2451
2236 2193 2037
2237 1108 1988
2238 3147 2019
2239 2466 3342
2240 481 3062
2241 1059 3429
2242 1903 773
2243 736 3087
2244 3181 1958
2245 2181 535
2246 3092 2898
2247 3263 541
2248 3276 16
2249 3479 603
2250 57 2466
2251 385 400
2252 171 512
2253 574 424
2254 424 2425
2255 1047 1724
2256 3576 2372
2257 136 3162
2258 3651 1163
2259 1468 3547
2260 3779 216
2261 1471 3516
2262 2112 3760
2263 208 3118
2264 2774 2215
2265 3133 3645
2266 1893 3009
2267 178 3609
2268 1102 2510
2269 1098 1959
2270 823 1151
2271 1404 1499
2272 1365 3457
2273 515 2743
2274 1463 3668
2275 556 179
2276 2490 41
2277 2253 194
2278 3410 417
2279 1067 3249
2280 765 2692
2281 3806 2336
2282 115 2698
2283 1797 2020
2284 681 1710
2285 2402 378
2286 3751 556
2287 89 2153
2288 3584 2060
2289 291 2358
2290 3738 3465
2291 1598 301
2292 42 2099
2293 812 3058
2294 3621 3556
2295 285 2932
2296 973 3043
2297 2059 2225
2298 3016 2372
2299 1013 2030
2300 3148 433
2301 3422 2492
2302 1542 2112
2303 1635 1336
2304 325 1810
2305 2108 3023
2306 3426 955
2307 3211 1005
2308 1905 3515
2309 260 3333
2310 1448 3156
2311 285 2333
2312 3478 545
2313 1287 2082
2314 2674 1226
2315 1575 582
2316 719 504
2317 3070 705
2318 788 1082
2319 259 3248
2320 134 2786
2321 206 496
2322 115 228
2323 560 1371
2324 2285 3193
2325 1403 2985
2326 3757 1278
2327 2319 1301
2328 1671 365
2329 3336 3029
2330 2381 3669
2331 1495 2688
2332 1019 960
2333 237 2732
2334 2540 221
2335 1204 3399
2336 1054 3802
2337 3282 2029
2338 38 2199
2339 1357 1683
2340 2407 1060
2341 1976 3285
2342 3494 2146
2343 1146 1669
2344 2064 3350
2345 126 1697
2346 644 1036
2347 2189 1629
2348 2696 1098
2349 1408 357
2350 1537 2938
2351 2451 796
2352 1300 129
2353 2475 2762
2354 73 55
2355 722 1159
2356 1386 1123
2357 2739 247
2358 2525 3768
2359 3303 1149
2360 3711 2997
2361 2600 1632
2362 1089 550
2363 858 1035
2364 3797 482
2365 2374 2200
2366 2207 1084
2367 1576 3281
2368 3059 2538
2369 2626 2475
2370 686 2857
2371 2512 232
2372 1546 3069
2373 612 3667
2374 3269 3277
2375 1214 190
2376 2025 1446
2377 1865 1891
2378 1032 926
2379 393 423
2380 3304 455
2381 1953 3237
2382 1908 3160
2383 1847 101
2384 1064 1484
2385 159 1778
2386 1375 3552
2387 1035 2832
2388 1567 757
2389 1643 2843
2390 2593 729
2391 2894 1216
2392 3258 3382
2393 3485 838
2394 620 1527
2395 1758 3569
2396 2649 342
2397 1223 1562
2398 68 21
2399 2317 1527
2400 2413 2932
2401 2914 3644
2402 2181 2585
2403 1621 2677
2404 1827 2787
2405 2707 3143
2406 1728 635
2407 719 1771
2408 1631 3085
2409 1567 1478
2410 2078 1595
2411 180 3274
2412 1145 490
2413 1245 675
2414 2763 1451
2415 109 2283
2416 2170 907
2417 417 443
2418 647 3327
2419 2344 3079
2420 2859 488
2421 1418 2389
2422 2445 1290
2423 372 617
2424 676 3480
2425 1628 3077
2426 3598 2539
2427 1142 1933
2428 558 3028
2429 2284 1863
2430 2131 351
2431 3371 2115
2432 143 3422
2433 3502 629
2434 957 2939
2435 2391 182
2436 3087 2986
2437 705 3810
2438 1733 1633
2439 1036 3056
2440 287 895
2441 3060 403
2442 2404 1840
2443 2112 869
2444 2820 3497
2445 779 1908
2446 8 1699
2447 3084 1983
2448 118 1219
2449 885 2808
2450 1751 1508
2451 2833 490
2452 1097 3660
2453 2701 1554
2454 2463 2007
2455 727 3422
2456 2805 301
2457 662 2012
2458 74 2955
2459 909 335
2460 886 2264
2461 3046 3767
2462 302 3491
2463 3539 3303
2464 712 2069
2465 3356 2620
2466 3735 1288
2467 1288 1817
2468 976 1488
2469 2669 2042
2470 2718 1878
2471 2394 2589
2472 72 2363
2473 643 1288
2474 3306 3125
2475 1042 1039
2476 832 3772
2477 903 2841
2478 2893 1320
2479 3290 320
2480 3752 2572
2481 3391 2630
2482 2070 2890
2483 304 1663
2484 1643 2569
2485 1173 1095
2486 1893 1347
2487 1717 3416
2488 3146 383
2489 2321 1594
2490 2579 235
2491 1049 328
2492 3564 2060
2493 2144 2988
2494 2113 3617
2495 3529 684
2496 569 2641
2497 1062 901
2498 2371 1475
2499 2787 2557
2500 2186 1066
2501 1807 2225
2502 3736 1162
2503 835 2347
2504 2678 2404
2505 1953 2558
2506 3402 3482
2507 3629 1334
2508 3303 2854
2509 825 1280
2510 2749 1159
2511 2765 2598
2512 2475 1690
2513 2518 3193
2514 132 1224
2515 561 3667
2516 2621 3605
2517 1281 3680
2518 2641 1197
2519 3001 857
2520 3206 732
2521 2620 61
2522 2685 1370
2523 2696 786
2524 1289 3761
2525 1642 191
2526 1754 2903
2527 622 3188
2528 2654 1678
2529 164 853
2530 2065 868
2531 2586 2329
2532 80 1063
2533 851 2257
2534 1932 1191
2535 1921 873
2536 2566 3172
2537 2054 2257
2538 936 566
2539 1671 1200
2540 1215 3414
2541 2416 2273
2542 438 2441
2543 1648 795
2544 1319 3302
2545 2381 543
2546 1708 1304
2547 2930 903
2548 3297 3636
2549 2515 2447
2550 1666 3067
2551 3092 3249
2552 295 1790
2553 1003 1365
2554 1495 1531
2555 1275 209
2556 3133 3756
2557 2464 997
2558 661 101
2559 91 311
2560 1895 662
2561 2293 2901
2562 773 3311
2563 3639 3727
2564 592 441
2565 3674 1188
2566 168 236
2567 1695 2431
2568 3714 1105
2569 198 3387
2570 2913 2316
2571 306 3520
2572 2691 3180
2573 1839 3626
2574 254 3723
2575 454 983
2576 3407 3365
2577 616 253
2578 3037 3737
2579 1781 347
2580 269 1434
2581 1703 1587
2582 116 2757
2583 2414 2465
2584 2019 2852
2585 1106 691
2586 2009 2376
2587 1729 2049
2588 272 1868
2589 2099 1494
2590 2933 1962
2591 1503 2507
2592 467 3749
2593 1849 3283
2594 2925 75
2595 1646 581
2596 1652 2354
2597 1577 728
2598 1688 758
2599 386 1755
2600 1340 3690
2601 1358 183
2602 2243 288
2603 3528 885
2604 2522 259
2605 965 2768
2606 772 2418
2607 2365 3512
2608 1573 1276
2609 3617 3699
2610 1503 2651
2611 252 2500
2612 425 3010
2613 2146 335
2614 1040 3299
2615 1770 676
2616 3401 2070
2617 2375 2756
2618 3809 3653
2619 2526 3280
2620 1778 2105
2621 1470 3494
2622 862 373
2623 3281 1556
2624 3205 3281
2625 1231 2426
2626 3435 1101
2627 1079 1584
2628 54 3477
2629 2242 2972
2630 3257 1793
2631 890 822
2632 1712 510
2633 3263 3266
2634 1357 901
2635 2758 3797
2636 3498 753
2637 1288 1314
2638 3231 897
2639 2566 1504
2640 1995 610
2641 2168 1216
2642 210 2464
2643 2622 618
2644 364 280
2645 670 1359
2646 2540 1250
2647 2339 3473
2648 2137 1029
2649 3110 2744
2650 2276 1679
2651 1757 1258
2652 350 3525
2653 353 1564
2654 1593 3607
2655 414 1816
2656 2375 1127
2657 3214 1898
2658 636 3757
2659 2216 2086
2660 2110 2397
2661 781 2774
2662 2786 1993
2663 394 1985
2664 810 573
2665 977 2295
2666 3072 1041
2667 1223 2560
2668 1933 2770
2669 870 2790
2670 1639 2669
2671 427 1407
2672 2841 2290
2673 2659 1799
2674 3397 350
2675 2120 2823
2676 1640 2301
2677 2100 85
2678 2334 2695
2679 1879 830
2680 116 3211
2681 471 1563
2682 35 776
2683 3220 2100
2684 3537 3283
2685 1960 1325
2686 1227 2794
2687 467 1166
2688 3580 1058
2689 2576 2127
2690 2392 1979
2691 1144 1639
2692 1562 2642
2693 1834 2230
2694 2371 1917
2695 3314 3410
2696 328 1083
2697 1372 2558
2698 2198 3318
2699 2540 57
2700 2140 3271
2701 2727 1193
2702 1046 196
2703 276 3198
2704 1899 3035
2705 2730 3402
2706 2737 1489
2707 3024 2373
2708 1609 3275
2709 217 3748
2710 48 380
2711 48 627
2712 3409 1060
2713 2667 496
2714 852 3360
2715 2719 3160
2716 3271 2723
2717 1492 1153
2718 54 2398
2719 3004 152
2720 606 1132
2721 1337 1638
2722 2471 2278
2723 427 3215
2724 3201 512
2725 2031 5
2726 3734 2504
2727 740 2119
2728 2345 1141
2729 3323 2101
2730 1553 1575
2731 2315 1831
2732 2720 2651
2733 356 3092
2734 793 3087
2735 2250 2660
2736 1915 3001
2737 2683 2069
2738 3234 769
2739 852 1288
2740 304 2352
2741 3655 918
2742 2538 3436
2743 2980 458
2744 951 1870
2745 758 3494
2746 1255 37
2747 2531 3703
2748 2537 3568
2749 2160 2860
2750 2552 404
2751 2639 465
2752 2867 3599
2753 2651 92
2754 1874 1642
2755 3774 264
2756 3055 1824
2757 1438 3526
2758 2118 2024
2759 1665 89
2760 933 2526
2761 3037 3158
2762 1279 2987
2763 1878 1622
2764 2653 914
2765 3626 961
2766 2119 1514
2767 768 1291
2768 2200 1197
2769 2437 2609
2770 1128 1083
2771 1405 1214
2772 1944 3644
2773 3142 3408
2774 290 1564
2775 3480 584
2776 1105 3413
2777 2954 409
2778 3489 2361
2779 747 2604
2780 2408 1829
2781 1452 1013
2782 636 1274
2783 3503 362
2784 340 420
2785 3207 3633
2786 466 485
2787 2317 3380
2788 3629 1354
2789 1262 27
2790 3810 3705
2791 988 1961
2792 3504 2050
2793 910 732
2794 2673 2162
2795 2934 2686
2796 2063 744
2797 3745 3658
2798 554 1277
2799 1299 974
2800 1688 3109
2801 3059 3352
2802 2190 371
2803 200 362
2804 3507 2487
2805 2747 543
2806 2449 3128
2807 2349 120
2808 1946 1555
2809 2604 3579
2810 1793 3228
2811 1165 649
2812 1292 1516
2813 2580 467
2814 305 3761
2815 2496 11
2816 150 1463
2817 826 1259
2818 3057 3417
2819 1288 682
2820 950 1111
2821 1567 3035
2822 1008 2008
2823 1603 1325
2824 2609 1493
2825 2292 2388
2826 544 2466
2827 713 1052
2828 3741 624
2829 3730 1370
2830 1149 935
2831 2837 917
2832 1980 893
2833 657 3776
2834 1137 2283
2835 3037 3420
2836 1593 707
2837 2338 324
2838 1021 118
2839 767 92
2840 407 167
2841 1819 569
2842 2222 1241
2843 1877 1290
2844 1029 163
2845 1511 2652
2846 327 2418
2847 707 1480
2848 2181 2501
2849 1338 2160
2850 1894 3228
2851 1729 1240
2852 3620 2724
2853 1273 1304
2854 3810 1682
2855 3742 3589
2856 3371 1478
2857 2248 1606
2858 3043 30
2859 1498 1497
2860 1712 949
2861 2408 1431
2862 1720 945
2863 944 2238
2864 2009 1558
2865 1632 2213
2866 685 1716
2867 102 980
2868 1567 3549
2869 3697 1988
2870 2865 3186
2871 303 3427
2872 3704 2733
2873 45 3716
2874 1301 3768
2875 2872 737
2876 27 1780
2877 2212 2516
2878 2136 1329
2879 3411 1128
2880 2129 449
2881 2566 1428
2882 264 3764
2883 3536 1551
2884 1569 1347
2885 445 3030
2886 2127 3285
2887 3446 2344
2888 628 3784
2889 794 2143
2890 3456 507
2891 1274 1571
2892 1054 1724
2893 507 3171
2894 1221 2919
2895 3756 1868
2896 1087 303
2897 2856 1181
2898 128 31
2899 2528 785
2900 3072 2929
2901 2128 582
2902 2273 2035
2903 614 2763
2904 1917 3218
2905 2439 2106
2906 2801 272
2907 3763 2443
2908 127 858
2909 1415 3012
2910 2213 1146
2911 1032 2543
2912 3689 2509
2913 431 2157
2914 3364 2392
2915 3177 1542
2916 3400 1654
2917 290 779
2918 2246 137
2919 946 2230
2920 1793 3701
2921 3661 2044
2922 2315 3071
2923 991 1486
2924 1891 3342
2925 2187 208
2926 2802 1984
2927 1504 2446
2928 1958 3380
2929 57 2824
2930 2183 3554
2931 2788 280
2932 42 1049
2933 165 2963
2934 773 3506
2935 2502 1028
2936 2263 3583
2937 1592 2745
2938 3245 408
2939 1495 3383
2940 1258 640
2941 1566 1375
2942 1990 2144
2943 2656 2085
2944 2556 1021
2945 1141 3250
2946 767 1435
2947 549 2285
2948 2851 3376
2949 2394 455
2950 175 1939
2951 2946 1416
2952 2458 3765
2953 1722 2787
2954 527 1190
2955 3499 1837
2956 3204 2768
2957 1322 254
2958 847 2028
2959 801 136
2960 124 2180
2961 2304 1285
2962 45 696
2963 2106 1109
2964 508 490
2965 734 1123
2966 1035 1111
2967 293 770
2968 1674 3124
2969 1137 818
2970 2593 2780
2971 3299 911
2972 2972 949
2973 154 557
2974 993 1163
2975 1752 300
2976 902 144
2977 2140 945
2978 2244 3591
2979 504 1420
2980 3195 1278
2981 2633 2246
2982 2202 2010
2983 536 731
2984 895 2321
2985 706 130
2986 144 894
2987 596 2835
2988 1306 1915
2989 2073 739
2990 1552 3521
2991 2541 2154
2992 618 3709
2993 1514 1750
2994 2528 825
2995 2098 3007
2996 3734 1931
2997 3326 1164
2998 17 171
2999 122 1869
3000 515 2281
3001 3567 2564
3002 1946 3326
3003 1548 1146
3004 634 461
3005 2677 1604
3006 1422 2
3007 2839 398
3008 1277 1359
3009 495 3288
3010 2699 1276
3011 2174 3064
3012 3501 2710
3013 2594 2915
3014 3570 3196
3015 421 2152
3016 3372 1904
3017 2920 883
3018 553 3267
3019 1231 3552
3020 509 1557
3021 1357 3278
3022 824 1966
3023 386 89
3024 2751 125
3025 657 1408
3026 540 739
3027 3233 2284
3028 224 1854
3029 957 411
3030 391 1051
3031 123 1533
3032 1049 350
3033 327 3167
3034 2018 2938
3035 1949 3729
3036 2936 2044
3037 528 3660
3038 3565 76
3039 2429 1405
3040 2044 1204
3041 502 1942
3042 1997 999
3043 1270 1812
3044 3230 916
3045 3484 2648
3046 3712 1861
3047 3598 414
3048 1293 92
3049 2661 805
3050 3804 3677
3051 1777 3435
3052 1703 1321
3053 290 3011
3054 1813 3164
3055 2851 1922
3056 1647 2246
3057 1559 3166
3058 1374 2188
3059 2549 198
3060 2961 3228
3061 740 1155
3062 638 1451
3063 1100 409
3064 1352 816
3065 1529 2013
3066 2389 1365
3067 684 1826
3068 2956 565
3069 2248 1669
3070 472 894
3071 1232 2722
3072 420 3449
3073 1517 1908
3074 1904 1273
3075 733 1780
3076 3743 193
3077 1557 1253
3078 1680 852
3079 1531 2824
3080 2450 1709
3081 3758 2895
3082 1666 154
3083 2797 2320
3084 1581 2745
3085 1123 2321
3086 1949 1862
3087 3597 3051
3088 429 2226
3089 3381 1924
3090 3556 1200
3091 2039 2202
3092 2448 2534
3093 3310 720
3094 1140 981
3095 3477 1801
3096 644 3740
3097 142 1907
3098 730 3308
3099 3462 1933
3100 1768 1178
3101 2283 2397
3102 2340 1587
3103 1859 1085
3104 865 2345
3105 984 946
3106 755 3274
3107 83 2896
3108 2211 2936
3109 1066 1971
3110 718 1108
3111 2072 3361
3112 1302 524
3113 2795 2911
3114 3808 1785
3115 663 3465
3116 1787 3169
3117 1161 156
3118 573 1571
3119 3518 784
3120 318 3265
3121 1850 3634
3122 663 1815
3123 3316 2699
3124 1759 452
3125 539 2920
3126 380 385
3127 3478 1782
3128 2334 3464
3129 944 2990
3130 1186 3184
3131 1131 1026
3132 2354 274
3133 3077 1554
3134 695 2428
3135 442 1995
3136 2119 1660
3137 533 1004
3138 3368 940
3139 2263 135
3140 3804 3533
3141 1317 33
3142 2923 2421
3143 2784 945
3144 3351 3648
3145 3602 810
3146 3519 3555
3147 2037 2131
3148 3592 1844
3149 1132 422
3150 1212 86
3151 87 3482
3152 2148 2850
3153 2224 1675
3154 1128 828
3155 3040 1043
3156 3594 3372
3157 2205 2036
3158 3314 796
3159 1529 610
3160 309 807
3161 3760 1212
3162 2193 1117
3163 2445 270
3164 1980 1484
3165 599 3619
3166 404 1782
3167 359 3709
3168 2545 3266
3169 2186 609
3170 459 3068
3171 694 1043
3172 1885 1326
3173 1988 2489
3174 874 2687
3175 88 986
3176 2291 273
3177 1242 3013
3178 3618 2354
3179 3292 2341
3180 1785 2207
3181 3674 2069
3182 2440 3204
3183 1816 66
3184 3331 2657
3185 231 1998
3186 2336 3033
3187 3581 3068
3188 2643 2066
3189 947 3402
3190 2328 3723
3191 2241 3501
3192 3309 2306
3193 2702 525
3194 1799 1433
3195 541 450
3196 1341 2720
3197 3390 491
3198 3656 3731
3199 32 1063
3200 3170 1791
3201 720 186
3202 3701 2072
3203 606 596
3204 1623 1378
3205 2386 1528
3206 477 177
3207 1454 3171
3208 2869 3609
3209 2588 3378
3210 436 789
3211 1180 3165
3212 2202 1986
3213 1895 3667
3214 931 3387
3215 81 418
3216 3179 174
3217 2652 1791
3218 528 1416
3219 1600 510
3220 80 3691
3221 2732 3589
3222 2380 390
3223 1462 806
3224 2934 1159
3225 1406 2978
3226 2251 2735
3227 2650 1208
3228 1511 3804
3229 1320 3502
3230 77 3597
3231 2069 2979
3232 2356 625
3233 2721 2827
3234 765 2941
3235 3041 1766
3236 2478 3030
3237 2954 1144
3238 3454 1162
3239 3304 2235
3240 300 3616
3241 2702 3761
3242 2889 1846
3243 3506 241
3244 3443 43
3245 2244 3402
3246 2880 336
3247 352 325
3248 627 3176
3249 3692 1674
3250 3761 16
3251 2520 3009
3252 2027 2062
3253 954 3354
3254 1950 2216
3255 2283 1550
3256 1071 1616
3257 3127 325
3258 74 961
3259 3430 2565
3260 1665 1126
3261 3697 1509
3262 243 3175
3263 2606 483
3264 1131 496
3265 1446 2105
3266 1036 1898
3267 1799 291
3268 2000 2958
3269 3755 1913
3270 2760 868
3271 913 2440
3272 2374 538
3273 1604 1064
3274 1978 2035
3275 167 1026
3276 681 1727
3277 116 2133
3278 384 229
3279 3143 2803
3280 1084 764
3281 223 357
3282 2178 2482
3283 2235 2303
3284 1273 525
3285 2347 3077
3286 1422 3468
3287 2072 660
3288 2271 2973
3289 2358 715
3290 2846 814
3291 205 352
3292 1353 1363
3293 1914 2798
3294 635 3117
3295 1208 1742
3296 1668 2507
3297 1958 3398
3298 1326 121
3299 3255 2955
3300 2694 1270
3301 3709 211
3302 1638 1757
3303 610 44
3304 3552 343
3305 3499 954
3306 3564 2821
3307 2011 1157
3308 135 1333
3309 3481 2620
3310 403 480
3311 2496 2118
3312 1197 2234
3313 169 3793
3314 3069 1422
3315 2359 2701
3316 1660 1283
3317 1071 472
3318 3087 324
3319 111 3350
3320 800 3383
3321 1588 1999
3322 3283 2040
3323 1352 2975
3324 507 148
3325 2990 2315
3326 2686 3698
3327 1630 59
3328 3472 1287
3329 557 1036
3330 1879 2976
3331 1974 3209
3332 2875 3785
3333 3646 1942
3334 662 578
3335 1479 3120
3336 1714 1753
3337 2307 332
3338 1701 713
3339 2746 3514
3340 20 1155
3341 1638 2670
3342 368 3458
3343 448 3575
3344 2564 3553
3345 403 27
3346 1154 487
3347 2597 2793
3348 2832 1582
3349 807 1252
3350 473 3058
3351 2156 2260
3352 1210 2141
3353 3695 1651
3354 3632 1724
3355 1150 168
3356 2489 1870
3357 605 1493
3358 2876 237
3359 1148 2079
3360 1851 2514
3361 785 1164
3362 1795 212
3363 3564 2504
3364 2759 702
3365 1720 1962
3366 1554 558
3367 2230 1071
3368 1986 829
3369 713 3342
3370 3773 219
3371 268 691
3372 2749 1588
3373 3322 3520
3374 1139 1244
3375 947 2961
3376 311 2585
3377 2750 344
3378 3724 2192
3379 3040 1557
3380 246 2860
3381 3334 3130
3382 2727 228
3383 1387 1838
3384 1578 1975
3385 3549 2099
3386 1940 3421
3387 1111 1859
3388 1139 1395
3389 3301 2897
3390 351 3672
3391 1996 1870
3392 887 818
3393 1230 1921
3394 2841 1770
3395 1070 1910
3396 662 2415
3397 2572 1600
3398 2601 3011
3399 2714 1203
3400 1494 1624
3401 2544 789
3402 1547 2425
3403 1238 3189
3404 1969 1114
3405 119 1454
3406 914 1538
3407 699 1770
3408 1369 2152
3409 2560 2696
3410 1688 278
3411 3392 3682
3412 1931 3131
3413 1669 388
3414 331 3631
3415 1274 1589
3416 1122 1416
3417 3262 3106
3418 453 404
3419 3136 71
3420 577 69
3421 3237 1861
3422 1500 1703
3423 685 3790
3424 465 3400
3425 3147 3353
3426 306 2730
3427 98 591
3428 2898 2934
3429 1311 2574
3430 192 501
3431 2396 540
3432 784 964
3433 2098 2913
3434 883 410
3435 2029 2835
3436 849 1651
3437 1521 1520
3438 555 2521
3439 2887 3410
3440 862 119
3441 1660 2363
3442 48 2596
3443 2979 3569
3444 1821 19
3445 2922 2170
3446 2433 3346
3447 1096 3672
3448 3252 3191
3449 2281 1001
3450 1795 42
3451 1881 921
3452 2264 1901
3453 1334 3239
3454 3179 2225
3455 213 3430
3456 3134 3366
3457 1313 2078
3458 3576 3126
3459 2836 3428
3460 1686 2746
3461 3333 116
3462 233 1963
3463 3414 2579
3464 3082 615
3465 1681 520
3466 1169 591
3467 1682 3275
3468 2943 2448
3469 2924 3046
3470 3588 1983
3471 2694 235
3472 2679 1595
3473 730 3396
3474 3432 3651
3475 3794 2862
3476 3370 682
3477 111 2759
3478 273 505
3479 2033 1493
3480 3378 498
3481 2717 878
3482 1349 1704
3483 770 241
3484 1176 615
3485 1180 2366
3486 2636 2078
3487 3191 1336
3488 1924 3343
3489 792 1954
3490 322 327
3491 418 2729
3492 3339 1192
3493 704 2799
3494 2158 1482
3495 3712 2820
3496 1315 1214
3497 3212 798
3498 647 2144
3499 1901 147
3500 3801 846
3501 3157 1939
3502 3257 3438
3503 1780 981
3504 1176 2923
3505 1598 1839
3506 3125 1385
3507 3640 1296
3508 513 3511
3509 1869 3677
3510 3761 1951
3511 1844 267
3512 1096 1397
3513 1728 3643
3514 1738 562
3515 2080 1862
3516 297 988
3517 1409 2573
3518 2827 3060
3519 1942 3009
3520 3195 2534
3521 173 1117
3522 2216 1986
3523 360 2611
3524 76 1046
3525 343 2810
3526 3498 2660
3527 853 2474
3528 229 716
3529 2898 3701
3530 2511 1579
3531 1728 142
3532 3168 669
3533 1425 3624
3534 3089 111
3535 2184 1814
3536 1765 825
3537 1901 213
3538 2231 213
3539 699 2035
3540 3567 1944
3541 1978 3019
3542 2617 1194
3543 1707 1774
3544 960 3663
3545 1427 2195
3546 1398 3607
3547 1614 93
3548 702 3597
3549 2566 2238
3550 230 2779
3551 3652 3662
3552 3788 2043
3553 2997 1905
3554 3784 3183
3555 2940 3001
3556 497 2416
3557 413 1101
3558 2920 3393
3559 2688 3138
3560 2660 1279
3561 3423 2701
3562 2717 361
3563 1346 3473
3564 2691 781
3565 1888 1720
3566 136 2369
3567 1754 1563
3568 3380 1553
3569 2700 1425
3570 3467 1885
3571 3439 1771
3572 1124 1228
3573 1453 2306
3574 654 1268
3575 904 3610
3576 1811 3158
3577 2780 1249
3578 666 2966
3579 126 1052
3580 3086 3310
3581 2518 883
3582 1613 2263
3583 2167 409
3584 920 2596
3585 3276 2455
3586 3748 2430
3587 435 2683
3588 2154 1213
3589 212 2813
3590 3286 3474
3591 1447 2212
3592 3447 1626
3593 229 797
3594 2938 331
3595 2083 3112
3596 1348 432
3597 3753 129
3598 1736 3436
3599 1774 968
3600 3809 3351
3601 1631 1897
3602 1550 2432
3603 3189 1381
3604 459 3185
3605 2451 3441
3606 542 3305
3607 1381 703
3608 3626 2990
3609 2569 567
3610 1020 3341
3611 274 2093
3612 3191 1471
3613 1809 697
3614 411 1410
3615 864 3704
3616 2095 3776
3617 3030 2815
3618 2728 2428
3619 1507 1585
3620 2218 3642
3621 949 1276
3622 2508 32
3623 1172 528
3624 93 103
3625 2099 2133
3626 1416 2953
3627 1070 3083
3628 3075 1536
3629 3559 1613
3630 3420 728
3631 849 2669
3632 1988 3330
3633 522 727
3634 2250 3602
3635 796 1366
3636 70 1633
3637 2942 329
3638 3052 2715
3639 1650 1309
3640 2957 2077
3641 1761 1811
3642 3564 670
3643 1291 192
3644 1714 568
3645 2883 1967
3646 2625 1249
3647 3495 1519
3648 722 210
3649 848 3411
3650 2492 3209
3651 3766 14
3652 527 281
3653 1164 2398
3654 1161 1245
3655 948 2351
3656 1154 2288
3657 2952 2846
3658 2870 928
3659 400 935
3660 3041 3345
3661 511 167
3662 1095 423
3663 262 1309
3664 2560 2021
3665 54 436
3666 1807 671
3667 2062 1081
3668 369 2206
3669 3562 969
3670 944 632
3671 3659 1124
3672 548 2757
3673 2469 934
3674 3679 1944
3675 2024 324
3676 3538 1946
3677 187 3071
3678 1689 3199
3679 2009 499
3680 1259 1388
3681 1026 482
3682 617 622
3683 2157 184
3684 3396 2668
3685 1301 2555
3686 200 433
3687 1772 126
3688 1081 2718
3689 3184 1746
3690 209 3338
3691 1013 1447
3692 3659 3198
3693 1060 3127
3694 955 3743
3695 3194 3337
3696 2937 3388
3697 2054 3164
3698 1416 2242
3699 2503 259
3700 621 240
3701 3804 2310
3702 1844 2375
3703 589 2307
3704 2094 2428
3705 1850 1885
3706 2468 2333
3707 1706 986
3708 1739 1994
3709 1496 1243
3710 561 1434
3711 1679 45
3712 2448 1172
3713 1398 3595
3714 391 1552
3715 387 116
3716 3042 1382
3717 3711 31
3718 965 1965
3719 440 3449
3720 1574 2404
3721 2813 3357
3722 1961 597
3723 427 645
3724 3141 2633
3725 2121 680
3726 1197 1628
3727 1019 3395
3728 910 344
3729 1870 2291
3730 1892 3590
3731 1068 2069
3732 3525 3659
3733 492 920
3734 46 2978
3735 2006 2074
3736 717 3429
3737 2016 2904
3738 1409 1209
3739 3758 1820
3740 3489 3579
3741 1256 3248
3742 1052 418
3743 2072 703
3744 1128 3721
3745 164 1368
3746 914 1846
3747 1020 501
3748 1969 1861
3749 3505 1112
3750 602 2970
3751 3282 200
3752 895 448
3753 2236 3437
3754 2558 1788
3755 2636 1787
3756 2379 2800
3757 2524 1682
3758 393 1399
3759 2251 313
3760 744 1427
3761 1330 2247
3762 2907 1888
3763 125 3198
3764 3769 180
3765 740 2135
3766 2406 1664
3767 1093 1063
3768 592 2390
3769 2413 1843
3770 3128 2130
3771 2075 1325
3772 1864 45
3773 1911 2509
3774 1552 2712
3775 3133 354
3776 1372 3661
3777 2774 325
3778 2431 1539
3779 1667 3168
3780 15 3072
3781 745 1795
3782 3496 3240
3783 241 3020
3784 2267 150
3785 2991 3462
3786 3674 1900
3787 583 2422
3788 1874 2950
3789 1474 131
3790 2839 1614
3791 552 164
3792 1751 1073
3793 1115 1740
3794 701 30
3795 147 3004
3796 2531 3057
3797 1374 2524
3798 932 1851
3799 1316 301
3800 1694 2418
3801 2865 2275
3802 3772 3698
3803 842 2952
3804 1749 358
3805 196 3502
3806 64 582
3807 2139 3353
3808 2306 2099
3809 2098 3559
3810 231 3330
