3280 3280
1 1602 2875
2 1812 3084
3 2663 658
4 2286 704
5 1884 2752
6 2393 3008
7 537 2640
8 772 1297
9 417 2168
10 2972 1340
11 2040 1357
12 448 2068
13 1141 409
14 1317 1705
15 2808 108
16 571 652
17 1741 192
18 2016 884
19 161 1554
20 3076 720
21 2180 1502
22 2509 1646
23 304 1946
24 476 2316
25 1050 2629
26 2671 301
27 486 2577
28 632 2766
29 2576 2176
30 2254 1001
31 1144 2171
32 3202 1769
33 1453 1944
34 2197 1680
35 2813 285
36 24 694
37 1355 608
38 516 146
39 323 1136
40 2172 2606
41 1435 1418
42 1839 1398
43 890 2181
44 2642 337
45 3181 1103
46 1677 2420
47 327 3067
48 1957 979
49 2121 2522
50 1131 969
51 2834 2123
52 1842 2265
53 2713 1854
54 2407 1846
55 2089 573
56 2908 2688
57 1708 2844
58 2133 1073
59 2539 687
60 150 2311
61 1781 2350
62 2044 354
63 2414 1637
64 1788 1264
65 2761 3071
66 266 2631
67 57 2772
68 251 2387
69 565 752
70 412 2032
71 1531 950
72 2516 1547
73 3174 1605
74 1511 836
75 2498 2009
76 2605 1558
77 1487 1493
78 1794 890
79 548 304
80 559 985
81 247 1678
82 378 2561
83 1834 1329
84 2809 3162
85 263 2783
86 2620 1193
87 2224 3013
88 140 101
89 1424 2492
90 414 808
91 2070 491
92 2429 2760
93 3140 893
94 2167 2134
95 2082 1573
96 1975 310
97 2168 3215
98 1731 1793
99 236 409
100 3238 1943
101 1481 594
102 80 1641
103 2209 1313
104 860 1110
105 3059 585
106 2019 2869
107 400 491
108 1328 2563
109 2059 3069
110 451 764
111 2304 1690
112 2682 1247
113 919 2874
114 605 3181
115 1384 2868
116 1256 1170
117 1712 81
118 2847 952
119 517 322
120 2604 2552
121 2535 1061
122 2397 1074
123 840 19
124 348 2735
125 1165 958
126 3103 1813
127 741 361
128 1921 1115
129 2858 2632
130 2512 1598
131 2613 1867
132 2585 1907
133 2743 805
134 720 1805
135 453 1473
136 2677 1058
137 1875 2727
138 163 953
139 1269 539
140 3163 262
141 1138 774
142 2945 2393
143 1258 746
144 1620 2324
145 2393 1440
146 2580 332
147 2380 677
148 2383 498
149 836 2548
150 2605 2242
151 3160 3189
152 1101 1563
153 864 1303
154 3199 208
155 560 537
156 3076 686
157 353 2432
158 1970 1408
159 2182 2964
160 3084 2624
161 1469 1627
162 1825 1183
163 4 2714
164 1812 1654
165 3071 2041
166 333 2093
167 903 694
168 462 1132
169 325 2541
170 2440 1552
171 1952 1831
172 2574 1393
173 1507 2689
174 1530 2930
175 2834 815
176 463 1576
177 2974 2527
178 656 1310
179 2486 1762
180 1439 2152
181 1201 2761
182 1528 3047
183 58 2669
184 2814 1853
185 2059 2610
186 1206 3089
187 3053 44
188 243 1701
189 1775 1875
190 2434 2950
191 309 1331
192 375 548
193 1155 423
194 2151 2978
195 1450 1750
196 1144 576
197 1105 1758
198 149 2056
199 1560 1505
200 2999 1093
201 2410 1117
202 2305 1371
203 2561 721
204 634 2803
205 2654 445
206 1568 2693
207 2600 1944
208 2251 2779
209 949 1560
210 2191 403
211 2663 94
212 279 566
213 3177 2959
214 2510 1207
215 746 2922
216 1823 1470
217 1945 1175
218 1345 1493
219 194 3149
220 1083 1106
221 55 2423
222 1710 1863
223 2291 359
224 1746 295
225 1867 2604
226 2641 2841
227 3046 1104
228 820 1201
229 2158 581
230 1386 1198
231 535 3105
232 2720 750
233 2304 2807
234 3102 409
235 3224 168
236 1614 1420
237 803 2122
238 1778 2052
239 2797 952
240 294 14
241 1086 378
242 1444 1660
243 542 2678
244 807 27
245 458 2215
246 1874 1235
247 1624 1597
248 2033 1854
249 2856 2981
250 1968 269
251 300 1291
252 1659 615
253 2890 669
254 150 147
255 2030 1809
256 2110 889
257 197 1834
258 2495 3172
259 744 2887
260 1000 2954
261 1557 2493
262 2028 2415
263 2453 1494
264 1914 3046
265 729 2169
266 1535 1834
267 742 3084
268 3274 652
269 2035 2632
270 1024 1422
271 2240 1164
272 914 400
273 1705 964
274 2524 2520
275 363 107
276 1535 1463
277 7 2863
278 2481 1034
279 2453 2789
280 771 1118
281 650 972
282 1475 1064
283 1837 2325
284 1395 2083
285 1558 2995
286 1498 3131
287 104 800
288 2922 1178
289 2658 1729
290 930 3169
291 448 2667
292 1956 1898
293 1271 1622
294 41 1931
295 2080 2464
296 2852 1262
297 1732 277
298 884 2366
299 1834 2558
300 110 708
301 2540 215
302 1307 1139
303 3137 2646
304 670 1201
305 1079 1881
306 3001 567
307 3038 2766
308 1119 2635
309 2077 633
310 685 1804
311 2879 898
312 1973 669
313 910 1133
314 1499 2166
315 36 974
316 2948 727
317 509 2748
318 2891 2974
319 257 2309
320 2374 155
321 2592 2514
322 392 1922
323 1423 2557
324 601 641
325 34 1920
326 3219 2579
327 794 1984
328 1198 1684
329 2721 1498
330 1198 1990
331 20 1565
332 3003 1715
333 1841 2904
334 1458 1588
335 1088 2165
336 2602 3009
337 710 1766
338 457 3082
339 2968 1246
340 1352 1221
341 446 1140
342 2596 1449
343 2664 20
344 2999 1899
345 2805 2902
346 439 1911
347 3169 1843
348 2493 1681
349 862 3061
350 1480 1660
351 3063 1486
352 1858 43
353 3169 1180
354 99 1846
355 2979 1403
356 422 1776
357 3032 764
358 2969 678
359 3202 2565
360 2568 778
361 1153 377
362 2444 641
363 1988 2969
364 3136 569
365 2719 2410
366 229 3136
367 1486 3097
368 3270 3153
369 2217 2557
370 2238 1056
371 1064 2588
372 825 1511
373 1993 144
374 1321 1138
375 1455 1051
376 1130 2905
377 2077 2425
378 3207 1899
379 3188 2934
380 2686 163
381 474 463
382 929 1254
383 2492 61
384 2847 3018
385 1013 1295
386 2531 2126
387 1134 1255
388 1643 1445
389 2408 2137
390 555 2308
391 776 207
392 2595 1583
393 1059 1280
394 1391 1551
395 1323 3218
396 1549 743
397 1352 205
398 2948 2887
399 26 2178
400 2499 2160
401 509 2892
402 2616 1768
403 1566 694
404 1426 1185
405 526 3230
406 2969 2118
407 2261 1624
408 348 1797
409 1144 2485
410 1611 435
411 1806 2230
412 2887 1244
413 496 1435
414 1702 426
415 2303 2993
416 268 1497
417 2634 3132
418 278 1864
419 1728 1025
420 1256 2210
421 130 135
422 474 446
423 1469 670
424 334 563
425 3175 2001
426 1317 1408
427 1367 1928
428 2579 2379
429 586 1026
430 1872 1177
431 2100 2817
432 96 638
433 484 1366
434 2469 2773
435 2075 2606
436 1684 1217
437 2829 2909
438 646 2245
439 1544 2634
440 1247 17
441 2374 2507
442 596 2430
443 846 1075
444 2536 173
445 2064 2536
446 936 1242
447 3056 2138
448 2057 967
449 1346 354
450 2414 214
451 775 2791
452 2670 150
453 1431 2054
454 677 1203
455 64 3203
456 1289 791
457 1629 379
458 2240 165
459 2234 2012
460 672 2359
461 3127 3159
462 2328 1702
463 28 1749
464 2381 2459
465 364 3144
466 2599 1572
467 301 2291
468 238 2665
469 2775 1453
470 430 2735
471 2218 1617
472 1187 2204
473 1557 1961
474 1809 2908
475 1988 733
476 994 2084
477 3050 311
478 2310 2373
479 1984 2521
480 3142 340
481 348 3105
482 1562 2903
483 869 2091
484 2876 1202
485 1685 1927
486 2412 898
487 1137 541
488 1172 2010
489 470 734
490 879 1101
491 836 3181
492 198 891
493 1983 1502
494 3068 1551
495 2547 2318
496 2635 1576
497 1768 388
498 541 2183
499 438 134
500 2144 3160
501 587 1214
502 1988 1509
503 779 2814
504 790 3207
505 1063 241
506 354 190
507 497 2485
508 980 2163
509 1278 1222
510 2960 2604
511 2893 2493
512 1716 1856
513 2824 1833
514 170 2491
515 1305 1068
516 2098 1380
517 2879 489
518 415 2334
519 2816 1708
520 2272 700
521 416 907
522 562 888
523 467 1755
524 2132 1349
525 3200 839
526 2956 1043
527 1976 1325
528 680 1924
529 2885 1480
530 440 2141
531 165 3221
532 2794 446
533 3193 1216
534 1621 2998
535 169 511
536 666 1137
537 3243 131
538 1159 2451
539 1331 1098
540 1855 2265
541 1213 1847
542 103 670
543 3017 550
544 2449 1147
545 2167 58
546 734 1363
547 1363 1818
548 512 94
549 418 1708
550 2398 1764
551 3150 2688
552 268 3133
553 2173 2001
554 1258 2742
555 1321 695
556 971 695
557 2972 2688
558 713 611
559 491 2144
560 2854 735
561 2021 1799
562 3110 2214
563 395 2194
564 716 2028
565 1073 532
566 2211 1874
567 102 2134
568 1470 649
569 689 1053
570 2577 1419
571 3036 1100
572 3025 886
573 710 2025
574 649 1818
575 2916 1668
576 288 454
577 1527 1317
578 2455 2014
579 340 3205
580 1655 3199
581 2815 2945
582 3130 2022
583 169 2730
584 728 2574
585 3245 1792
586 3014 56
587 229 2944
588 1066 2304
589 818 1963
590 1665 573
591 252 1513
592 2421 1913
593 742 3262
594 2857 3218
595 2054 764
596 1015 2401
597 1092 1433
598 93 2601
599 305 2035
600 530 3202
601 2281 2449
602 3007 2022
603 764 571
604 636 3099
605 889 1613
606 1752 1539
607 3100 936
608 3182 2000
609 794 2633
610 1236 268
611 826 766
612 2453 264
613 2199 1638
614 514 2675
615 1795 1097
616 2644 2013
617 1022 1384
618 2518 2669
619 536 1590
620 128 3136
621 2771 183
622 1382 1331
623 156 2775
624 2467 2723
625 571 1215
626 464 2610
627 2808 2723
628 2346 2509
629 289 2960
630 1427 3100
631 426 1108
632 1751 297
633 548 494
634 801 2549
635 2865 760
636 623 903
637 2887 481
638 548 1798
639 819 112
640 2764 1433
641 3215 982
642 2805 1805
643 2087 3140
644 3101 391
645 489 1709
646 2406 27
647 2844 285
648 1713 1213
649 2850 1866
650 3130 693
651 2352 2825
652 2512 40
653 1821 2132
654 1880 3268
655 2361 2731
656 2786 508
657 3073 825
658 76 1173
659 304 1976
660 3221 64
661 2280 919
662 2517 1242
663 257 235
664 2524 3200
665 1185 1220
666 920 1334
667 1213 2962
668 2378 2682
669 1294 1767
670 779 1397
671 3112 878
672 523 946
673 2087 3165
674 3099 2546
675 155 2647
676 588 2990
677 2965 565
678 151 111
679 1330 2806
680 206 3227
681 2872 1060
682 1506 624
683 2591 3050
684 2679 2998
685 722 2739
686 1941 192
687 2454 1443
688 3217 2340
689 3242 748
690 2507 3019
691 2079 2250
692 2265 2603
693 825 880
694 2964 1539
695 2695 247
696 129 166
697 3216 771
698 1714 3227
699 879 1929
700 2030 340
701 528 2030
702 2863 2271
703 731 1682
704 1114 2778
705 657 2941
706 1317 1578
707 916 1400
708 1636 829
709 1772 2191
710 1572 2541
711 1911 1381
712 411 1256
713 1809 25
714 1007 2447
715 1300 1895
716 1671 2396
717 2241 194
718 367 2264
719 2624 2273
720 240 2251
721 2612 2904
722 2031 2309
723 2435 793
724 1300 1308
725 2821 1866
726 2415 1895
727 939 2088
728 1830 2459
729 2530 1900
730 1553 36
731 327 2205
732 2250 2294
733 1741 1159
734 607 3220
735 716 890
736 2746 2593
737 2061 550
738 3203 1317
739 340 1461
740 3235 3058
741 2093 681
742 1389 295
743 2666 1801
744 1257 1605
745 427 3174
746 1600 2849
747 1919 2322
748 543 1625
749 2603 2611
750 2501 107
751 1769 1973
752 287 850
753 2770 2606
754 2807 3121
755 2382 1333
756 2200 405
757 1963 2949
758 438 231
759 1229 63
760 1627 1615
761 1429 750
762 2100 3199
763 1285 1855
764 2446 511
765 2787 2304
766 1051 2900
767 348 264
768 297 2567
769 2955 2808
770 1397 947
771 1034 1728
772 2268 2543
773 2632 21
774 802 2765
775 1627 2
776 1814 721
777 2664 1692
778 54 1782
779 1217 683
780 271 878
781 1326 1589
782 552 569
783 2015 621
784 3119 1976
785 1937 1773
786 2324 2993
787 2815 1023
788 261 886
789 1931 3154
790 3177 977
791 45 1610
792 161 2307
793 2299 73
794 1724 1182
795 2250 2110
796 2010 31
797 1540 2011
798 1315 144
799 106 1483
800 1785 1708
801 3259 179
802 1643 2885
803 2246 1017
804 2284 1843
805 2045 834
806 1059 2925
807 187 1840
808 980 1693
809 2791 3276
810 2927 2463
811 2665 3184
812 1975 330
813 1196 1961
814 3142 770
815 2260 1563
816 1983 2925
817 1667 2309
818 1428 2661
819 1399 406
820 633 477
821 2981 1488
822 425 2056
823 284 1067
824 1367 2662
825 979 2574
826 2087 2112
827 1733 1066
828 351 2694
829 2383 119
830 1816 135
831 582 2995
832 2089 2161
833 2846 2760
834 3142 2937
835 57 1406
836 165 318
837 2349 577
838 145 329
839 2905 3220
840 1106 967
841 1432 2453
842 365 1626
843 3063 2963
844 72 109
845 1668 1918
846 2481 1095
847 1384 1566
848 3263 977
849 278 2886
850 985 2939
851 2340 3194
852 1862 172
853 2170 351
854 1637 1433
855 1705 2594
856 2605 792
857 3102 1163
858 1559 1109
859 1446 3203
860 139 485
861 3188 3109
862 3017 1673
863 2225 3169
864 2666 2901
865 1667 982
866 1797 338
867 273 1777
868 2741 624
869 2198 3185
870 2555 1104
871 1301 157
872 1121 1569
873 2700 328
874 2239 2457
875 2507 2883
876 2177 423
877 2278 2980
878 664 1878
879 1593 726
880 208 21
881 2573 2097
882 1810 1285
883 24 27
884 2539 914
885 3129 1967
886 3101 246
887 740 493
888 1156 1354
889 1194 1826
890 1771 2990
891 3150 26
892 752 1739
893 1843 979
894 1990 198
895 2314 516
896 1674 2856
897 2874 1629
898 56 701
899 2224 961
900 366 2058
901 266 2801
902 2961 1522
903 63 1707
904 31 10
905 690 1203
906 2037 1691
907 1174 2672
908 2802 1432
909 2547 59
910 3019 289
911 1705 2371
912 2448 616
913 245 1829
914 1455 1826
915 1938 1242
916 1272 447
917 2882 2176
918 1185 2957
919 365 2206
920 1003 2522
921 921 754
922 1124 2809
923 2027 2670
924 1582 1688
925 2749 115
926 2512 1007
927 1393 3212
928 571 939
929 3140 1758
930 448 3227
931 1878 1022
932 3120 747
933 1769 52
934 2676 1120
935 456 574
936 142 2594
937 2730 2936
938 3008 2545
939 2375 1947
940 2907 1
941 1914 1235
942 1803 3160
943 679 6
944 3265 90
945 1440 770
946 769 2018
947 2467 694
948 3150 3028
949 1750 3235
950 1986 960
951 261 2100
952 2738 2362
953 1339 652
954 1249 2200
955 3151 2607
956 2067 2204
957 481 388
958 1653 2819
959 3238 3177
960 796 2701
961 2368 1624
962 2139 445
963 1841 856
964 1353 2547
965 2129 2231
966 2867 2760
967 606 2535
968 365 2490
969 2948 86
970 1886 1657
971 3006 371
972 349 2881
973 3211 1421
974 2279 1097
975 644 270
976 2451 2219
977 1100 776
978 519 2645
979 2537 2223
980 251 3088
981 35 919
982 1871 1999
983 155 1055
984 409 2265
985 1582 1023
986 545 2715
987 1706 1069
988 1601 1736
989 2751 1686
990 3191 1058
991 1833 2060
992 525 462
993 446 1435
994 1035 1394
995 1427 2528
996 1835 274
997 68 156
998 1534 2668
999 1811 293
1000 3037 2785
1001 2145 221
1002 1986 2341
1003 3195 872
1004 2647 376
1005 2630 2136
1006 15 998
1007 462 3195
1008 3060 1084
1009 844 504
1010 1617 1196
1011 3094 2933
1012 945 1603
1013 1339 861
1014 472 680
1015 3039 3184
1016 1233 392
1017 708 1259
1018 615 2704
1019 2698 2681
1020 2839 2155
1021 856 570
1022 949 1069
1023 987 1652
1024 1167 3054
1025 558 1543
1026 2896 1883
1027 3179 1621
1028 1541 3097
1029 753 1026
1030 3189 427
1031 2199 2936
1032 540 3175
1033 975 1214
1034 41 1236
1035 2991 3114
1036 1033 2519
1037 2972 1604
1038 339 3246
1039 2327 2269
1040 1670 556
1041 2141 1841
1042 1583 1798
1043 1785 105
1044 528 2813
1045 2749 2083
1046 589 1501
1047 2018 2869
1048 2568 1382
1049 1100 800
1050 3168 505
1051 1345 2178
1052 1893 1941
1053 2506 175
1054 1888 1554
1055 1179 289
1056 961 2797
1057 2624 2157
1058 376 1110
1059 3129 231
1060 648 551
1061 2904 2313
1062 2520 2134
1063 3032 3136
1064 1740 188
1065 240 856
1066 2580 1623
1067 2552 153
1068 3092 2892
1069 460 1314
1070 2036 1649
1071 1854 901
1072 1336 1147
1073 49 163
1074 1266 1875
1075 2803 713
1076 870 1230
1077 1242 315
1078 1887 2349
1079 146 944
1080 1728 82
1081 1846 2446
1082 30 965
1083 2686 808
1084 1484 2934
1085 2247 373
1086 3175 1235
1087 3001 3011
1088 1283 1932
1089 21 283
1090 2453 1445
1091 574 471
1092 2690 1772
1093 1946 1377
1094 792 780
1095 2440 142
1096 2300 113
1097 628 235
1098 3124 108
1099 1992 1526
1100 22 1657
1101 1142 2769
1102 592 3152
1103 1172 2418
1104 1882 233
1105 2630 638
1106 1465 2244
1107 578 1975
1108 549 1031
1109 464 1172
1110 701 1161
1111 369 1601
1112 2633 1199
1113 2050 2294
1114 2624 2420
1115 1905 3212
1116 971 367
1117 1263 1020
1118 1993 2159
1119 406 1658
1120 341 2714
1121 2476 2787
1122 1814 2023
1123 1353 1219
1124 1317 2888
1125 3062 2187
1126 2468 2493
1127 1750 3057
1128 1245 2724
1129 2841 455
1130 1640 5
1131 1439 352
1132 2721 2270
1133 1210 928
1134 1354 1530
1135 2487 292
1136 3116 1575
1137 1631 1923
1138 3028 391
1139 2552 1059
1140 1436 3255
1141 705 446
1142 3127 2383
1143 2366 2454
1144 2625 2794
1145 769 3111
1146 2774 3223
1147 762 796
1148 3010 2606
1149 656 1957
1150 1977 3015
1151 416 1239
1152 2856 727
1153 53 53
1154 875 2060
1155 1514 1245
1156 32 3196
1157 1676 2102
1158 2284 265
1159 2306 1225
1160 829 1224
1161 1137 2573
1162 1424 1265
1163 971 2759
1164 2356 1641
1165 217 514
1166 3119 479
1167 1369 1132
1168 1551 2548
1169 1865 2593
1170 259 414
1171 3124 1739
1172 2107 2303
1173 2300 410
1174 2253 673
1175 2618 1073
1176 2378 3013
1177 418 1089
1178 2192 1645
1179 1002 1418
1180 497 1606
1181 1580 3039
1182 308 2569
1183 361 121
1184 443 1508
1185 2513 2191
1186 2196 629
1187 305 2709
1188 2292 2071
1189 3068 1874
1190 1457 192
1191 2157 534
1192 46 1882
1193 2715 1132
1194 2509 545
1195 718 1900
1196 3264 3196
1197 914 3076
1198 1392 335
1199 25 1784
1200 274 448
1201 1606 1336
1202 503 3049
1203 3239 1217
1204 1123 2461
1205 2290 135
1206 992 478
1207 772 1633
1208 2451 3231
1209 21 2149
1210 2479 2566
1211 1104 3109
1212 2649 2484
1213 1922 890
1214 652 2823
1215 705 65
1216 1102 736
1217 3199 2931
1218 1602 161
1219 334 1161
1220 1791 2089
1221 2566 2143
1222 1250 1827
1223 2646 137
1224 1151 1211
1225 1799 500
1226 1598 1075
1227 823 718
1228 3204 566
1229 2789 248
1230 1502 1483
1231 552 2266
1232 2389 2363
1233 2420 40
1234 1343 2550
1235 543 3236
1236 338 1411
1237 977 1925
1238 2143 3015
1239 3147 1766
1240 236 1624
1241 2026 2545
1242 2034 1074
1243 2844 574
1244 2297 441
1245 2770 1894
1246 192 2513
1247 1990 2781
1248 3009 571
1249 2031 2512
1250 1620 3104
1251 882 1947
1252 2019 2690
1253 2171 286
1254 2879 1457
1255 1885 2641
1256 3169 2268
1257 2374 1781
1258 2035 2857
1259 1383 2109
1260 3232 423
1261 2098 109
1262 2232 1009
1263 1908 2673
1264 1145 2310
1265 2518 610
1266 315 2967
1267 2542 1749
1268 1626 160
1269 1995 1540
1270 2090 2890
1271 2866 2337
1272 2918 2816
1273 2210 1703
1274 2489 2017
1275 1423 1715
1276 2097 598
1277 2044 2612
1278 2624 357
1279 1498 63
1280 1013 3253
1281 2193 1254
1282 1386 2018
1283 1244 682
1284 3199 3139
1285 586 286
1286 1048 1882
1287 1186 702
1288 1763 1500
1289 1911 2784
1290 492 2562
1291 2476 2489
1292 1044 2959
1293 1610 883
1294 2383 2579
1295 2943 3054
1296 2892 912
1297 249 1685
1298 1563 1803
1299 291 434
1300 283 2980
1301 2368 1284
1302 449 1321
1303 2902 944
1304 1263 1640
1305 2924 2342
1306 2244 452
1307 1831 1206
1308 1505 1466
1309 833 2963
1310 1820 1653
1311 2988 246
1312 3192 1198
1313 293 2646
1314 181 2600
1315 732 2742
1316 2260 2811
1317 2995 2831
1318 285 2671
1319 1910 80
1320 2484 1932
1321 1114 1299
1322 282 127
1323 1016 1475
1324 1040 1791
1325 795 747
1326 705 1
1327 2552 192
1328 912 1993
1329 383 1857
1330 2592 3138
1331 1327 3085
1332 1427 1008
1333 2414 230
1334 37 2755
1335 2969 1765
1336 2489 2815
1337 8 639
1338 2932 1258
1339 2582 422
1340 3145 1606
1341 304 2755
1342 1445 1840
1343 428 1746
1344 1085 3111
1345 2860 478
1346 388 721
1347 1923 399
1348 2672 1066
1349 1575 2034
1350 1823 127
1351 2087 88
1352 1063 42
1353 735 1696
1354 1451 2094
1355 330 2009
1356 885 390
1357 2487 1235
1358 2560 185
1359 2896 694
1360 1525 2865
1361 1238 3078
1362 985 1132
1363 17 357
1364 388 1762
1365 2439 681
1366 533 1817
1367 2794 2400
1368 644 1141
1369 2343 2592
1370 2920 2739
1371 2139 564
1372 3130 2776
1373 1609 1844
1374 1962 2934
1375 923 2932
1376 2737 1439
1377 3189 1488
1378 1287 2109
1379 816 2310
1380 1461 497
1381 1509 1861
1382 317 314
1383 3079 3205
1384 3017 2200
1385 1511 1799
1386 689 1873
1387 546 461
1388 1698 2148
1389 2846 589
1390 171 253
1391 2869 1379
1392 1289 825
1393 1057 693
1394 838 3210
1395 584 2506
1396 2285 3005
1397 2794 1645
1398 1473 3017
1399 2025 431
1400 2878 1275
1401 2519 1131
1402 592 3248
1403 2231 3006
1404 931 258
1405 2573 135
1406 475 407
1407 1719 2283
1408 3029 1638
1409 1248 2716
1410 1982 2572
1411 3235 746
1412 2034 462
1413 1533 2954
1414 343 2816
1415 2982 2119
1416 828 1541
1417 881 2662
1418 1292 2695
1419 1809 3087
1420 1207 698
1421 1422 249
1422 2178 556
1423 1321 2292
1424 30 2992
1425 1373 3149
1426 3015 251
1427 647 253
1428 2414 2382
1429 503 2243
1430 2505 949
1431 454 52
1432 57 1391
1433 2890 2192
1434 876 1088
1435 1385 2422
1436 2405 2371
1437 1067 731
1438 697 2836
1439 18 1479
1440 138 2653
1441 142 1152
1442 1721 1311
1443 1996 1147
1444 1352 339
1445 303 2752
1446 3086 577
1447 3090 2654
1448 3262 1121
1449 2861 2175
1450 42 1217
1451 902 2909
1452 468 2775
1453 969 1733
1454 774 1462
1455 459 219
1456 771 134
1457 492 2542
1458 1773 2895
1459 1179 541
1460 2647 934
1461 2446 1418
1462 3198 124
1463 978 2126
1464 2612 2867
1465 2544 2013
1466 2157 1139
1467 1329 155
1468 462 1148
1469 1539 224
1470 3106 2348
1471 2971 2248
1472 2063 131
1473 3150 302
1474 2953 693
1475 2891 2314
1476 2949 2735
1477 3020 1928
1478 1 3054
1479 1533 747
1480 2802 733
1481 1579 1329
1482 173 701
1483 1281 2937
1484 458 1978
1485 974 3267
1486 1286 108
1487 2443 1767
1488 120 2619
1489 3228 760
1490 1190 2087
1491 3078 618
1492 1561 2902
1493 2400 1538
1494 3199 1695
1495 76 1005
1496 1311 502
1497 551 3252
1498 2802 1705
1499 527 718
1500 1056 1627
1501 1829 1750
1502 1480 991
1503 1251 2991
1504 389 2856
1505 256 501
1506 1613 3166
1507 1953 3062
1508 443 403
1509 1874 1136
1510 2144 3190
1511 2886 2253
1512 1653 56
1513 1116 1261
1514 1716 1149
1515 3042 2786
1516 2264 1734
1517 974 3090
1518 2562 77
1519 2858 472
1520 1101 1248
1521 1296 2988
1522 2149 1873
1523 758 964
1524 995 2701
1525 652 1643
1526 2076 300
1527 740 801
1528 123 2297
1529 2593 2148
1530 1163 1139
1531 739 2205
1532 282 2370
1533 3041 1870
1534 2858 765
1535 1881 2122
1536 3146 3228
1537 1300 1973
1538 181 1322
1539 1757 2254
1540 649 2605
1541 2067 1082
1542 939 569
1543 1933 3076
1544 2169 2194
1545 2158 3089
1546 1407 2449
1547 2986 2088
1548 398 2232
1549 455 2674
1550 58 1785
1551 583 2942
1552 259 3076
1553 2789 1305
1554 2199 3071
1555 1710 2012
1556 2805 1355
1557 818 790
1558 2693 405
1559 2634 2459
1560 2871 3083
1561 1181 1421
1562 2201 1023
1563 462 2538
1564 812 1888
1565 3112 471
1566 1081 407
1567 2189 1387
1568 1952 159
1569 2858 1711
1570 1090 826
1571 1616 2021
1572 464 2031
1573 2319 2421
1574 882 1288
1575 35 2480
1576 3245 331
1577 2163 1295
1578 2559 1319
1579 1272 556
1580 2381 370
1581 2203 259
1582 2399 2320
1583 1106 2682
1584 713 2183
1585 2733 895
1586 2125 3169
1587 283 993
1588 2336 3089
1589 3218 1233
1590 1435 3241
1591 2191 282
1592 403 955
1593 1963 463
1594 986 2991
1595 1455 3093
1596 2055 1957
1597 3113 705
1598 3156 1916
1599 2639 2418
1600 1526 2418
1601 1555 1
1602 258 860
1603 792 1160
1604 142 1384
1605 1236 2578
1606 3206 1617
1607 1815 2994
1608 641 756
1609 1851 246
1610 1875 1025
1611 1292 1069
1612 2723 2835
1613 2425 630
1614 1824 2035
1615 3275 3019
1616 2223 2409
1617 2662 398
1618 2824 2917
1619 687 1619
1620 1379 2334
1621 1629 2095
1622 1133 121
1623 2418 1678
1624 3167 620
1625 763 2059
1626 2480 2035
1627 2150 1852
1628 122 1122
1629 980 2364
1630 2891 748
1631 495 461
1632 45 2388
1633 590 365
1634 183 530
1635 1879 1769
1636 3141 9
1637 820 2208
1638 2630 1094
1639 2073 601
1640 3189 3243
1641 1956 1046
1642 2667 1469
1643 3142 27
1644 2482 3275
1645 626 1962
1646 397 1328
1647 2707 769
1648 1350 1051
1649 818 1719
1650 1799 3117
1651 649 1154
1652 1838 130
1653 2898 2349
1654 1419 2115
1655 3027 1016
1656 1947 139
1657 3198 2384
1658 1754 3097
1659 1059 129
1660 981 1222
1661 1034 2105
1662 766 2216
1663 2878 398
1664 2195 2309
1665 3179 3123
1666 65 2300
1667 892 2743
1668 3124 481
1669 3054 2014
1670 386 2583
1671 2121 1077
1672 3274 995
1673 3232 1536
1674 1671 2670
1675 375 342
1676 2665 1851
1677 2852 2511
1678 134 554
1679 1561 2541
1680 1196 1980
1681 2049 185
1682 3195 1304
1683 1001 3279
1684 2257 685
1685 833 1052
1686 1877 537
1687 435 2455
1688 664 970
1689 1843 846
1690 457 1139
1691 3207 2434
1692 744 769
1693 1209 3030
1694 493 1742
1695 427 724
1696 2906 1062
1697 2651 1921
1698 2334 1992
1699 391 2898
1700 364 2175
1701 34 2687
1702 1003 2338
1703 72 406
1704 3231 345
1705 3134 2755
1706 2136 1281
1707 2925 1726
1708 1049 1985
1709 2081 454
1710 3163 78
1711 2013 1837
1712 1507 2460
1713 1377 1044
1714 1234 1494
1715 2751 1945
1716 1260 1696
1717 2250 525
1718 2108 3114
1719 880 299
1720 3189 1208
1721 2346 182
1722 251 1104
1723 513 274
1724 2100 1539
1725 2643 1702
1726 2425 1360
1727 230 3104
1728 337 950
1729 2189 329
1730 2944 2040
1731 2985 1034
1732 1579 1142
1733 273 1584
1734 2432 3161
1735 484 1085
1736 1972 990
1737 2350 2543
1738 860 536
1739 1130 468
1740 1920 559
1741 1048 638
1742 1661 253
1743 2975 1987
1744 2139 3083
1745 308 2840
1746 94 1191
1747 268 896
1748 672 937
1749 958 3103
1750 1759 1287
1751 812 1988
1752 386 2245
1753 467 3110
1754 2786 1296
1755 1249 1502
1756 1159 2077
1757 3143 1286
1758 465 3053
1759 2832 2720
1760 2504 821
1761 1745 1930
1762 1078 1611
1763 1392 2560
1764 451 67
1765 2458 2675
1766 2609 1371
1767 1471 2377
1768 1833 2739
1769 1617 1972
1770 1061 434
1771 1614 2839
1772 3088 1060
1773 2569 1239
1774 1003 1512
1775 3248 3086
1776 2898 1146
1777 425 1014
1778 590 1196
1779 1023 612
1780 2332 2634
1781 556 1266
1782 366 2718
1783 3190 1858
1784 2656 2177
1785 1919 2592
1786 3165 68
1787 680 872
1788 611 910
1789 630 1623
1790 1621 2326
1791 2168 1238
1792 976 2947
1793 1159 420
1794 2496 3074
1795 1438 3027
1796 483 1496
1797 1981 71
1798 2830 3080
1799 1129 250
1800 1759 2039
1801 1718 2131
1802 2819 895
1803 1239 1943
1804 2281 337
1805 2853 481
1806 3238 894
1807 1807 1935
1808 298 488
1809 3233 669
1810 243 2292
1811 2664 1590
1812 1568 1187
1813 1348 567
1814 857 2097
1815 1215 822
1816 798 2429
1817 2461 1283
1818 3037 2218
1819 548 2895
1820 3096 3142
1821 2751 2602
1822 2981 1129
1823 2094 369
1824 552 2960
1825 415 2568
1826 3070 2347
1827 2467 1315
1828 1884 1524
1829 842 1052
1830 1031 1233
1831 720 496
1832 741 1979
1833 45 843
1834 2852 1887
1835 135 677
1836 553 1877
1837 1403 3132
1838 588 2080
1839 764 1812
1840 738 1717
1841 506 493
1842 3179 1967
1843 2887 964
1844 253 914
1845 374 109
1846 2801 559
1847 1125 2991
1848 1996 1128
1849 1213 1920
1850 753 2884
1851 2551 2355
1852 1492 709
1853 866 782
1854 1746 1496
1855 3106 1841
1856 2608 3101
1857 2634 2164
1858 2033 1800
1859 461 2753
1860 1564 2823
1861 929 2978
1862 1725 1972
1863 1654 2364
1864 1067 2221
1865 630 2476
1866 1146 147
1867 1629 1984
1868 2194 2496
1869 987 889
1870 1663 2140
1871 2311 2799
1872 698 2113
1873 310 2374
1874 424 1006
1875 2589 2545
1876 210 2777
1877 1251 2132
1878 2533 2632
1879 2586 2749
1880 362 2914
1881 528 694
1882 1272 306
1883 1969 516
1884 1721 1996
1885 2623 2548
1886 1563 2163
1887 2436 743
1888 2040 2249
1889 1207 2730
1890 1848 600
1891 1294 2940
1892 3077 1393
1893 995 10
1894 2879 1587
1895 1946 1837
1896 1729 2607
1897 930 1542
1898 1044 2106
1899 2634 2264
1900 1699 2434
1901 1109 1767
1902 1998 1476
1903 2033 1712
1904 3266 2253
1905 916 1689
1906 2601 207
1907 2745 218
1908 63 1191
1909 986 2492
1910 2965 2957
1911 2061 897
1912 3049 2668
1913 2804 341
1914 2981 2706
1915 496 1971
1916 3222 2250
1917 2630 1274
1918 2912 1880
1919 645 2146
1920 353 2708
1921 2630 1242
1922 1715 1179
1923 981 676
1924 54 3187
1925 2991 2627
1926 2477 2878
1927 3004 1411
1928 1672 2864
1929 1664 2410
1930 2498 1220
1931 3228 1149
1932 108 1819
1933 1290 742
1934 329 439
1935 2121 1909
1936 1739 2728
1937 645 293
1938 767 324
1939 939 1008
1940 1604 460
1941 3227 150
1942 401 2653
1943 2559 1690
1944 823 1716
1945 555 269
1946 901 1830
1947 3158 1455
1948 2075 15
1949 2008 34
1950 2882 2633
1951 1492 1106
1952 2218 79
1953 200 1250
1954 787 2674
1955 2082 1369
1956 2544 988
1957 2262 1645
1958 1736 2131
1959 2845 318
1960 3199 2768
1961 288 2934
1962 2261 737
1963 229 1568
1964 1725 828
1965 1001 2551
1966 2065 2645
1967 1439 112
1968 2452 834
1969 951 122
1970 2232 2156
1971 1459 2148
1972 177 1529
1973 1671 736
1974 1002 2952
1975 447 2680
1976 934 1532
1977 2676 3246
1978 42 2525
1979 1906 248
1980 969 315
1981 1924 2011
1982 1919 3141
1983 2289 2663
1984 2547 3129
1985 380 3012
1986 1575 956
1987 614 603
1988 929 652
1989 822 1112
1990 1919 2148
1991 2812 1151
1992 2006 2048
1993 802 860
1994 348 578
1995 340 3151
1996 1063 2900
1997 3010 2168
1998 2629 1983
1999 2147 2992
2000 1949 379
2001 188 3096
2002 1334 3176
2003 1954 789
2004 887 2109
2005 3276 29
2006 1071 1790
2007 2044 1467
2008 678 195
2009 1744 2153
2010 2051 3159
2011 1796 2958
2012 2607 1759
2013 218 470
2014 457 2172
2015 205 1970
2016 2796 994
2017 3154 271
2018 15 1689
2019 2447 443
2020 2011 1587
2021 609 1621
2022 994 2528
2023 1017 3076
2024 365 447
2025 662 604
2026 71 742
2027 409 2332
2028 2393 1683
2029 325 1115
2030 869 2036
2031 3142 741
2032 7 2004
2033 3155 1280
2034 2136 935
2035 23 724
2036 2357 3208
2037 1740 314
2038 272 336
2039 441 2227
2040 677 2394
2041 126 2973
2042 1968 2053
2043 1244 994
2044 3085 2810
2045 1307 1873
2046 2192 1726
2047 2358 657
2048 1094 2410
2049 1802 3123
2050 1803 745
2051 287 3032
2052 2701 3122
2053 294 595
2054 161 2791
2055 2020 2064
2056 565 1037
2057 589 3220
2058 1446 1181
2059 517 2023
2060 227 554
2061 2211 800
2062 2081 3188
2063 55 3279
2064 3040 2956
2065 1581 3121
2066 2254 2745
2067 3218 2415
2068 3131 2538
2069 678 648
2070 1405 3053
2071 1955 2593
2072 1605 2960
2073 206 1930
2074 1473 758
2075 2027 2243
2076 1795 2012
2077 3061 2734
2078 962 508
2079 2734 502
2080 2207 3041
2081 2804 2001
2082 2875 573
2083 38 626
2084 3207 1288
2085 1845 2034
2086 733 2506
2087 686 720
2088 1533 282
2089 1350 3254
2090 1161 1863
2091 791 1870
2092 2149 2999
2093 1675 2805
2094 1802 2591
2095 1558 863
2096 954 595
2097 264 715
2098 2473 2814
2099 2611 3032
2100 1802 1043
2101 443 40
2102 855 1269
2103 2988 116
2104 773 21
2105 1008 1697
2106 2231 938
2107 2656 1393
2108 1426 1173
2109 90 2988
2110 497 549
2111 1829 3201
2112 1017 1880
2113 2849 440
2114 2432 292
2115 962 1930
2116 474 2037
2117 687 3266
2118 596 1223
2119 1573 1478
2120 2341 1191
2121 386 1793
2122 2545 2741
2123 1375 1507
2124 2608 2620
2125 1421 2076
2126 2111 533
2127 3 68
2128 197 1977
2129 774 2510
2130 344 1958
2131 2443 3070
2132 224 3060
2133 1305 857
2134 1453 2792
2135 3235 2268
2136 2101 1497
2137 1700 1744
2138 2609 865
2139 1563 3084
2140 1400 2118
2141 42 2428
2142 1228 617
2143 185 592
2144 2228 1054
2145 1760 1992
2146 2937 2318
2147 2341 2478
2148 1301 1433
2149 2034 1764
2150 1032 1760
2151 2763 320
2152 1917 291
2153 1647 3222
2154 2317 470
2155 2333 645
2156 2691 2873
2157 1017 36
2158 1728 727
2159 847 958
2160 511 1151
2161 1382 603
2162 3275 946
2163 313 2978
2164 239 2940
2165 338 2107
2166 2863 2231
2167 2440 106
2168 2934 2236
2169 1307 1529
2170 991 2139
2171 509 2005
2172 1064 61
2173 771 924
2174 259 2648
2175 1580 933
2176 782 2867
2177 2817 353
2178 342 2555
2179 222 1104
2180 2632 2053
2181 1312 1447
2182 25 388
2183 2320 3089
2184 2518 622
2185 2671 2035
2186 526 1626
2187 530 2164
2188 158 636
2189 3232 1533
2190 2765 212
2191 2969 365
2192 1722 2020
2193 377 161
2194 2290 561
2195 493 2
2196 455 1708
2197 1157 2815
2198 1357 801
2199 267 1069
2200 631 383
2201 2244 491
2202 2273 3129
2203 1268 2763
2204 3119 141
2205 215 1678
2206 1334 2163
2207 29 2655
2208 1353 2888
2209 2565 2387
2210 328 108
2211 445 3183
2212 1363 24
2213 425 2971
2214 2037 3236
2215 1602 2454
2216 3167 1864
2217 849 2650
2218 386 2865
2219 2653 2433
2220 2562 2615
2221 976 1463
2222 695 2701
2223 1953 1602
2224 357 1816
2225 2525 3088
2226 1422 1571
2227 583 1152
2228 2678 338
2229 739 2084
2230 3128 2918
2231 2989 2741
2232 2376 593
2233 287 1367
2234 1560 2122
2235 2290 46
2236 382 819
2237 2693 1185
2238 1590 1129
2239 2588 926
2240 2100 140
2241 971 1791
2242 2125 655
2243 2307 1020
2244 1031 1234
2245 1419 513
2246 1806 15
2247 1955 913
2248 2872 561
2249 213 2842
2250 1979 828
2251 2222 1179
2252 1133 2441
2253 332 1331
2254 876 1952
2255 3271 1436
2256 2800 1131
2257 2900 1464
2258 1598 1481
2259 1576 299
2260 2270 3136
2261 2762 2154
2262 1199 3238
2263 493 2722
2264 2217 1010
2265 1132 315
2266 531 734
2267 2103 1742
2268 2150 672
2269 2861 2646
2270 1426 1594
2271 3210 707
2272 1232 63
2273 1203 2084
2274 1671 118
2275 1839 3270
2276 1843 1748
2277 2888 1255
2278 547 101
2279 1458 1008
2280 562 3018
2281 1468 403
2282 2024 2106
2283 2645 1234
2284 177 290
2285 769 2688
2286 2126 1615
2287 2508 3211
2288 2267 574
2289 2989 474
2290 290 1089
2291 1103 1267
2292 1070 1205
2293 924 2129
2294 1762 2962
2295 2299 1908
2296 778 2978
2297 556 73
2298 818 566
2299 2401 2572
2300 1206 1445
2301 1855 2587
2302 1258 2247
2303 2421 445
2304 187 1617
2305 3197 306
2306 1382 865
2307 1585 2237
2308 711 892
2309 287 2655
2310 2804 3046
2311 1423 1990
2312 1835 2434
2313 2085 3046
2314 537 59
2315 787 2358
2316 733 2850
2317 1840 414
2318 3149 2137
2319 1854 480
2320 1863 672
2321 1081 2037
2322 1674 1149
2323 92 1209
2324 902 2065
2325 2120 1002
2326 1089 3273
2327 1543 1212
2328 2012 1394
2329 942 81
2330 821 3201
2331 1682 583
2332 223 1745
2333 764 930
2334 1551 1854
2335 767 1820
2336 423 434
2337 249 3226
2338 504 2094
2339 889 3265
2340 1155 1292
2341 2112 2056
2342 3234 1858
2343 3179 3088
2344 2373 1802
2345 2832 1938
2346 767 1215
2347 22 823
2348 546 490
2349 2986 2590
2350 2791 510
2351 176 3113
2352 1427 2065
2353 2006 1497
2354 3255 2460
2355 2767 604
2356 391 229
2357 143 1091
2358 2125 2091
2359 1250 1465
2360 3230 881
2361 1378 3105
2362 2141 399
2363 1705 303
2364 1919 69
2365 787 762
2366 2719 2385
2367 2055 3248
2368 67 2035
2369 2168 1323
2370 1487 2895
2371 2263 1970
2372 120 2339
2373 476 163
2374 3131 2618
2375 1573 272
2376 1151 944
2377 1085 1511
2378 2761 2279
2379 464 2918
2380 686 3209
2381 478 847
2382 3102 463
2383 2911 1352
2384 719 1969
2385 774 774
2386 2584 2527
2387 217 3196
2388 1359 3184
2389 1856 1486
2390 1141 600
2391 1115 331
2392 1792 2863
2393 937 1963
2394 3177 368
2395 934 3029
2396 2408 1455
2397 3012 1939
2398 1852 2639
2399 238 3194
2400 607 2083
2401 2281 1429
2402 234 2403
2403 1740 385
2404 1093 66
2405 658 942
2406 369 1645
2407 1181 2644
2408 474 2854
2409 893 2837
2410 3271 3154
2411 2209 1698
2412 2179 1311
2413 381 17
2414 2865 2299
2415 2429 1788
2416 2860 1057
2417 2216 1741
2418 541 2117
2419 3193 2937
2420 2368 2066
2421 986 1163
2422 1049 1
2423 818 1923
2424 1635 2189
2425 2017 2734
2426 2345 1365
2427 1129 231
2428 1065 1217
2429 2048 1086
2430 2741 1273
2431 2403 40
2432 204 2754
2433 492 488
2434 2505 3083
2435 1927 717
2436 1018 391
2437 1298 1787
2438 2836 1739
2439 99 2863
2440 2564 731
2441 3006 445
2442 2281 608
2443 2119 139
2444 2753 1517
2445 2149 1572
2446 817 3186
2447 824 1222
2448 1080 3072
2449 1277 3069
2450 1206 2046
2451 2847 260
2452 2058 1179
2453 1184 2488
2454 1465 1477
2455 120 560
2456 22 217
2457 380 1514
2458 1230 1756
2459 787 3079
2460 562 1114
2461 2325 1306
2462 2443 365
2463 2534 2093
2464 281 3025
2465 3250 2084
2466 956 789
2467 2104 1718
2468 103 2628
2469 1116 74
2470 1874 2437
2471 2936 190
2472 3199 911
2473 1539 1965
2474 3103 1073
2475 324 1106
2476 214 754
2477 2008 440
2478 2364 148
2479 307 2997
2480 1749 2126
2481 2819 70
2482 2148 3050
2483 91 2204
2484 2235 1499
2485 2735 1223
2486 1926 2948
2487 1915 450
2488 953 1669
2489 1737 1103
2490 1494 3143
2491 1667 2948
2492 340 2987
2493 1669 2471
2494 1436 1885
2495 1127 1174
2496 2278 1823
2497 682 3162
2498 1316 1203
2499 1568 2285
2500 1853 2888
2501 2033 3065
2502 2061 42
2503 1194 403
2504 1290 3155
2505 585 1928
2506 2442 1286
2507 183 1046
2508 2132 2430
2509 2757 1406
2510 2996 162
2511 3067 632
2512 1379 2059
2513 1852 1257
2514 886 2665
2515 2414 2705
2516 1509 707
2517 2697 2919
2518 2111 2318
2519 2717 2473
2520 1724 1344
2521 1881 942
2522 1571 550
2523 2169 1199
2524 3006 2066
2525 1264 1189
2526 90 1289
2527 1974 2276
2528 1155 1340
2529 2484 777
2530 2768 212
2531 2878 1232
2532 3195 516
2533 2767 1610
2534 1332 650
2535 2795 2764
2536 2422 646
2537 785 1467
2538 361 1214
2539 1825 2855
2540 2970 193
2541 653 2709
2542 1496 314
2543 1377 722
2544 3088 104
2545 3143 1940
2546 1580 1628
2547 919 2243
2548 1719 3122
2549 1357 120
2550 1588 788
2551 2173 901
2552 2959 651
2553 3179 422
2554 3028 2135
2555 870 2358
2556 1472 161
2557 2212 517
2558 2165 607
2559 2388 568
2560 1569 568
2561 2064 1745
2562 1232 184
2563 2082 641
2564 1105 1398
2565 1960 2908
2566 919 533
2567 2523 3243
2568 2289 2952
2569 2924 1607
2570 93 777
2571 2080 2885
2572 520 731
2573 1678 2541
2574 3160 958
2575 678 64
2576 110 196
2577 1765 761
2578 1750 786
2579 3062 1251
2580 1473 3112
2581 2363 1627
2582 3221 2789
2583 12 3239
2584 2051 1013
2585 1422 2327
2586 1018 2956
2587 2728 1195
2588 1658 2375
2589 2387 406
2590 1499 1857
2591 2816 1009
2592 1727 1667
2593 2558 2995
2594 2485 320
2595 1708 2639
2596 2319 1568
2597 1580 1119
2598 2071 2539
2599 1704 1104
2600 3197 41
2601 1145 205
2602 1668 3255
2603 1078 849
2604 2366 941
2605 2122 2423
2606 277 2462
2607 3209 2036
2608 2124 2879
2609 2484 2903
2610 2245 875
2611 11 240
2612 2548 1718
2613 2755 3263
2614 115 3025
2615 2504 510
2616 2871 494
2617 2261 2834
2618 483 1332
2619 2977 2269
2620 2940 613
2621 2924 664
2622 1822 446
2623 570 2016
2624 3037 318
2625 623 1598
2626 2414 3019
2627 1084 2843
2628 502 449
2629 329 195
2630 2738 2909
2631 1684 2089
2632 809 1450
2633 2761 1628
2634 1856 2009
2635 2210 2905
2636 2989 982
2637 1440 545
2638 1422 1928
2639 1227 93
2640 2298 2153
2641 310 447
2642 615 2680
2643 2471 2954
2644 334 3147
2645 2806 772
2646 1629 2616
2647 2787 122
2648 2748 518
2649 1549 1349
2650 3009 2127
2651 112 349
2652 1495 41
2653 1727 1147
2654 221 1702
2655 2659 2051
2656 427 1992
2657 2706 1042
2658 234 857
2659 2771 4
2660 2421 602
2661 145 793
2662 922 1210
2663 542 2216
2664 678 458
2665 1914 389
2666 624 318
2667 2292 2207
2668 132 1030
2669 2416 1709
2670 2099 3006
2671 186 859
2672 536 1907
2673 74 1855
2674 959 439
2675 1577 33
2676 3201 1879
2677 2899 3002
2678 867 2795
2679 573 3004
2680 2368 2493
2681 1624 610
2682 484 414
2683 2390 3209
2684 3226 2405
2685 3148 1728
2686 424 1065
2687 3146 2780
2688 1866 2401
2689 2183 1615
2690 1676 2826
2691 2816 2826
2692 1772 1418
2693 3011 336
2694 1103 274
2695 2902 700
2696 1810 9
2697 2670 822
2698 1268 1414
2699 1469 1603
2700 1395 1246
2701 1291 859
2702 1140 2767
2703 2280 1166
2704 3127 2668
2705 65 2489
2706 826 1466
2707 1537 1782
2708 3197 2154
2709 3274 2450
2710 693 1465
2711 2084 194
2712 2309 1252
2713 1557 88
2714 1050 1023
2715 1746 2371
2716 1030 3000
2717 1812 2262
2718 2895 520
2719 2479 2666
2720 2281 426
2721 2255 309
2722 2673 1503
2723 467 317
2724 2043 2208
2725 1023 2792
2726 1279 2950
2727 253 86
2728 3199 3223
2729 2420 817
2730 573 1986
2731 3116 835
2732 1274 1836
2733 848 2761
2734 546 1643
2735 3092 1047
2736 70 1796
2737 1801 940
2738 1066 32
2739 15 2087
2740 2128 1669
2741 1067 1466
2742 708 3106
2743 538 2430
2744 3226 1450
2745 468 2488
2746 3157 2340
2747 3252 2394
2748 777 322
2749 2102 2621
2750 1427 2130
2751 1186 93
2752 3112 1618
2753 2793 661
2754 2395 2567
2755 1613 1117
2756 147 2367
2757 2726 2209
2758 2684 2196
2759 530 2900
2760 540 3236
2761 1916 1397
2762 1770 1952
2763 817 2785
2764 810 2898
2765 543 2361
2766 2427 3235
2767 1503 549
2768 1029 3099
2769 324 2441
2770 2509 138
2771 1220 1478
2772 1916 1446
2773 3079 2356
2774 527 2342
2775 2158 688
2776 2479 1231
2777 741 721
2778 1827 2637
2779 2060 1295
2780 1957 2724
2781 1922 2661
2782 3043 1351
2783 3123 86
2784 2503 1577
2785 437 2974
2786 57 1938
2787 2253 827
2788 2851 1172
2789 215 2652
2790 5 894
2791 1781 1784
2792 2634 3105
2793 1863 418
2794 1611 1346
2795 1196 572
2796 994 1360
2797 3224 1178
2798 2258 1350
2799 2967 3048
2800 2501 626
2801 401 2334
2802 2725 2615
2803 2783 371
2804 1088 2431
2805 3101 848
2806 2998 342
2807 96 2486
2808 661 1971
2809 1433 771
2810 2039 232
2811 3242 320
2812 633 2205
2813 2409 2223
2814 1599 119
2815 2227 1028
2816 1927 2543
2817 1683 913
2818 1387 1984
2819 1715 1526
2820 603 1329
2821 2002 1416
2822 1002 1812
2823 2070 2609
2824 1960 2589
2825 3044 2217
2826 112 55
2827 1118 388
2828 2930 692
2829 1788 652
2830 2116 2932
2831 3086 2033
2832 1060 1496
2833 321 2509
2834 2514 1654
2835 2384 2572
2836 1532 2368
2837 1437 2556
2838 1209 1601
2839 608 2114
2840 1658 1783
2841 1647 2110
2842 2126 55
2843 1951 831
2844 2757 589
2845 1402 1194
2846 808 515
2847 2289 1351
2848 2806 180
2849 3139 1340
2850 2290 1842
2851 2527 2062
2852 107 2117
2853 279 2533
2854 428 1268
2855 2758 1264
2856 757 1465
2857 2883 1305
2858 585 1392
2859 710 1914
2860 1019 1008
2861 2298 2336
2862 754 1821
2863 787 878
2864 3012 3037
2865 1634 1589
2866 2754 1338
2867 935 1971
2868 1776 2231
2869 1719 3242
2870 1321 759
2871 159 467
2872 2912 2106
2873 471 914
2874 506 393
2875 3258 828
2876 1210 2900
2877 37 2694
2878 1084 1258
2879 589 2751
2880 54 3257
2881 1462 1201
2882 1996 694
2883 738 1268
2884 1588 2896
2885 182 115
2886 2729 2064
2887 1875 339
2888 1284 2739
2889 2100 2114
2890 3015 1963
2891 52 1501
2892 2955 2499
2893 962 1140
2894 285 1650
2895 1447 2849
2896 1653 2465
2897 2662 1527
2898 935 2416
2899 2709 2343
2900 493 2982
2901 972 1961
2902 2885 2280
2903 1660 1705
2904 1687 988
2905 258 3152
2906 2074 2862
2907 2315 1573
2908 1943 1123
2909 2714 19
2910 2829 1052
2911 888 445
2912 1687 877
2913 3067 831
2914 2971 959
2915 2154 1270
2916 2037 3042
2917 496 1379
2918 2659 487
2919 816 2316
2920 2562 2909
2921 1464 2404
2922 873 1802
2923 2584 2077
2924 3108 2029
2925 596 1866
2926 2740 2753
2927 712 1545
2928 37 453
2929 1612 913
2930 1216 2442
2931 1993 857
2932 2738 2348
2933 2795 1001
2934 2285 773
2935 1607 165
2936 1885 3182
2937 158 1751
2938 1966 2503
2939 946 1100
2940 1020 377
2941 793 2850
2942 3242 1930
2943 464 2591
2944 2551 1808
2945 1362 454
2946 1135 1722
2947 2857 870
2948 1646 1884
2949 3076 436
2950 1418 2649
2951 858 3194
2952 257 1702
2953 1629 3264
2954 735 796
2955 1827 58
2956 2613 3102
2957 689 2705
2958 360 2268
2959 744 231
2960 1302 776
2961 53 1669
2962 1118 2135
2963 3091 1255
2964 527 1321
2965 932 2699
2966 2353 764
2967 2944 3253
2968 932 174
2969 2461 2711
2970 1798 899
2971 864 703
2972 1177 2454
2973 1955 1266
2974 2692 2626
2975 3111 1127
2976 856 1683
2977 2796 343
2978 2198 2216
2979 2095 2196
2980 591 2077
2981 146 1254
2982 252 1527
2983 146 2174
2984 3231 2174
2985 118 2517
2986 2570 2258
2987 1187 1620
2988 2463 2551
2989 744 1898
2990 1735 563
2991 406 2313
2992 1911 794
2993 2783 2418
2994 1519 2327
2995 324 771
2996 2357 878
2997 2295 2846
2998 2722 80
2999 2136 2059
3000 2667 3246
3001 3038 2176
3002 3203 2930
3003 516 1665
3004 1791 2602
3005 775 1635
3006 1594 1894
3007 2797 997
3008 1289 2773
3009 712 784
3010 2114 1498
3011 2474 798
3012 2441 2917
3013 155 1258
3014 427 3263
3015 3241 1814
3016 623 806
3017 928 1283
3018 3177 2826
3019 810 3148
3020 416 535
3021 217 948
3022 2419 1268
3023 1891 1249
3024 1720 1067
3025 1596 1769
3026 3189 490
3027 1210 3116
3028 147 2010
3029 629 402
3030 3007 3278
3031 2126 711
3032 1202 669
3033 962 2931
3034 1332 404
3035 1710 1999
3036 2252 2614
3037 1621 565
3038 444 1685
3039 64 663
3040 2027 710
3041 1590 2019
3042 66 2015
3043 3276 2118
3044 779 468
3045 1790 1102
3046 3158 803
3047 1694 1348
3048 1262 621
3049 1484 602
3050 2524 2502
3051 760 1009
3052 778 574
3053 1956 1343
3054 1131 1473
3055 781 415
3056 505 2140
3057 1259 1688
3058 479 705
3059 103 2243
3060 2393 2413
3061 2813 1031
3062 2776 1656
3063 2626 103
3064 378 380
3065 1879 1087
3066 1097 1417
3067 2927 3051
3068 1970 1049
3069 2446 1145
3070 2842 752
3071 1938 1791
3072 1292 982
3073 2086 1088
3074 1782 2920
3075 516 1643
3076 2453 683
3077 475 1460
3078 3149 323
3079 97 23
3080 846 1379
3081 2507 1563
3082 627 1205
3083 1179 1427
3084 1309 2733
3085 2138 1307
3086 3263 1561
3087 2518 3105
3088 1371 1324
3089 61 753
3090 718 475
3091 1242 1894
3092 1079 3111
3093 2591 478
3094 1645 2988
3095 84 1149
3096 898 490
3097 1583 2676
3098 834 1058
3099 2565 2740
3100 337 2947
3101 1056 13
3102 2756 1141
3103 2466 2844
3104 446 2533
3105 2024 1477
3106 3198 99
3107 66 1501
3108 1079 2905
3109 1458 3019
3110 1617 1325
3111 3091 352
3112 1614 2856
3113 1516 1988
3114 799 2184
3115 2165 771
3116 3095 722
3117 265 2328
3118 1040 1932
3119 2749 2889
3120 845 2507
3121 2800 899
3122 1472 568
3123 2292 2519
3124 1357 1769
3125 316 1061
3126 2495 1917
3127 741 1400
3128 74 2439
3129 2474 595
3130 2240 926
3131 2482 2442
3132 7 276
3133 1869 292
3134 539 1574
3135 2112 2206
3136 1024 1012
3137 1405 196
3138 235 2482
3139 1159 556
3140 162 3182
3141 100 3172
3142 3104 83
3143 2179 1613
3144 2638 1533
3145 2448 2999
3146 3054 2109
3147 581 1952
3148 554 1167
3149 2420 2631
3150 3037 2907
3151 322 3094
3152 2031 2969
3153 1238 735
3154 295 1769
3155 867 1333
3156 1772 2657
3157 2850 1806
3158 1661 2872
3159 1044 1800
3160 1826 1027
3161 342 842
3162 402 2605
3163 1078 173
3164 438 1453
3165 2756 1835
3166 3182 754
3167 1453 1590
3168 1106 1922
3169 116 828
3170 1884 2676
3171 3169 905
3172 3189 826
3173 1679 2637
3174 2300 2724
3175 1969 2976
3176 2814 401
3177 2757 2356
3178 802 1014
3179 3052 1402
3180 1301 1060
3181 1512 455
3182 1510 1605
3183 694 472
3184 1426 3255
3185 174 2195
3186 1314 1564
3187 1193 2096
3188 915 225
3189 675 1753
3190 2023 526
3191 705 3182
3192 218 942
3193 869 2875
3194 232 1136
3195 111 430
3196 973 1692
3197 1574 1204
3198 1293 682
3199 951 2723
3200 2229 943
3201 1309 317
3202 849 3114
3203 2082 1379
3204 576 1822
3205 1589 2024
3206 437 2240
3207 557 504
3208 1183 2500
3209 3229 1177
3210 651 2034
3211 3192 2001
3212 3128 463
3213 342 520
3214 1819 1658
3215 2776 1695
3216 2132 708
3217 1177 609
3218 2081 771
3219 949 1993
3220 674 1993
3221 686 3236
3222 3165 2592
3223 2669 3144
3224 2419 297
3225 3094 2854
3226 130 1382
3227 1391 1292
3228 1036 2820
3229 2754 1565
3230 1832 157
3231 1184 725
3232 2472 236
3233 1657 2216
3234 2811 2898
3235 458 826
3236 2339 2169
3237 1766 2085
3238 2041 1447
3239 2552 3174
3240 16 1078
3241 1287 536
3242 2631 1922
3243 1099 182
3244 467 2898
3245 1695 1131
3246 2717 186
3247 2120 204
3248 679 2432
3249 2485 1192
3250 165 126
3251 1048 1503
3252 2890 2407
3253 3172 2017
3254 1440 461
3255 118 2648
3256 2524 467
3257 2857 233
3258 1729 1727
3259 53 759
3260 36 50
3261 872 2760
3262 1936 1114
3263 2647 604
3264 91 2072
3265 1063 283
3266 472 1214
3267 871 1359
3268 2175 1259
3269 912 178
3270 1786 3178
3271 2768 488
3272 1537 2423
3273 899 1520
3274 168 628
3275 164 2071
3276 951 1932
3277 1778 446
3278 2971 822
3279 918 2670
3280 139 2427
