3860 3860
1 2034 2709
2 1175 861
3 2696 650
4 2949 2455
5 3145 947
6 2146 1973
7 1251 217
8 3498 1122
9 3521 899
10 1995 3038
11 388 28
12 3589 3837
13 1552 770
14 94 2971
15 3095 1289
16 3658 2280
17 430 374
18 45 3581
19 1245 105
20 3464 180
21 1219 473
22 1578 708
23 3654 2027
24 912 1483
25 1840 1562
26 811 2010
27 479 2950
28 2532 1318
29 386 70
30 1584 3211
31 1441 351
32 3729 3797
33 2549 2809
34 2645 530
35 776 1767
36 3677 1879
37 1999 2539
38 1897 2054
39 240 1771
40 1230 3187
41 3803 2583
42 1472 322
43 3780 519
44 2733 993
45 3475 503
46 2673 1414
47 430 586
48 2884 166
49 1006 3574
50 3801 3835
51 3640 2745
52 905 2440
53 1742 1437
54 3539 1147
55 242 1300
56 2976 1864
57 175 3235
58 886 3526
59 3546 1859
60 369 3309
61 338 2933
62 1158 635
63 975 1450
64 3227 1156
65 71 3710
66 782 1061
67 3606 1018
68 1678 1954
69 727 743
70 1744 3131
71 280 1534
72 2226 1952
73 2987 577
74 2513 2136
75 3749 3415
76 830 284
77 3736 430
78 3189 387
79 1235 1300
80 2527 213
81 2292 2212
82 1101 1108
83 3185 3075
84 558 3746
85 1119 2158
86 24 1885
87 3829 153
88 2301 1516
89 1192 1205
90 505 2419
91 1582 2418
92 1398 2604
93 1544 1100
94 32 414
95 2367 3055
96 130 1905
97 438 3584
98 3045 1696
99 2054 750
100 3291 2708
101 1302 1141
102 2359 3102
103 33 1542
104 2351 1767
105 1233 3839
106 3118 1266
107 2981 664
108 763 946
109 2738 3451
110 745 2748
111 634 2787
112 741 314
113 2881 2651
114 1677 2749
115 913 2109
116 3571 740
117 1795 969
118 3757 3182
119 2053 1096
120 2941 3375
121 3719 1212
122 1832 1550
123 1521 906
124 1171 2769
125 1020 1805
126 1558 128
127 1213 3021
128 2756 2527
129 2548 1632
130 335 646
131 1485 480
132 528 1170
133 2946 2537
134 1582 729
135 1081 831
136 468 2350
137 3589 1255
138 259 879
139 3215 683
140 2416 1271
141 1664 3800
142 3026 883
143 2415 3376
144 404 3255
145 252 703
146 850 3581
147 686 1641
148 2428 2585
149 3381 2893
150 1554 495
151 828 3636
152 2346 1797
153 1612 2137
154 507 868
155 1715 2351
156 44 682
157 502 3531
158 2396 274
159 3661 232
160 2875 443
161 660 1773
162 1913 928
163 401 582
164 3674 1143
165 1801 2705
166 2058 3604
167 2171 3410
168 245 332
169 608 1784
170 3433 1479
171 1304 3139
172 870 579
173 915 2491
174 3218 3483
175 3507 534
176 1559 1099
177 717 845
178 630 1428
179 3454 714
180 165 1978
181 684 514
182 308 3775
183 3150 673
184 795 3579
185 1420 1915
186 2639 3070
187 3430 1146
188 3346 3770
189 783 2015
190 67 486
191 1448 2237
192 2974 1826
193 3362 1319
194 656 2724
195 309 2462
196 879 1711
197 2754 2423
198 1625 877
199 2912 2566
200 546 1094
201 3085 2031
202 2 486
203 874 2896
204 3812 2827
205 1757 3283
206 3343 2849
207 1949 309
208 3390 2462
209 3728 2663
210 199 722
211 1584 3093
212 2735 361
213 2927 828
214 302 758
215 3433 3380
216 3372 1104
217 2746 3370
218 1811 2355
219 1076 2317
220 1823 3078
221 1709 1571
222 2810 1178
223 721 115
224 2626 241
225 2859 330
226 1963 1332
227 1682 747
228 457 2818
229 142 1438
230 2845 1946
231 78 251
232 3067 3406
233 1572 3235
234 1353 293
235 2723 3566
236 2462 3474
237 2537 1440
238 2336 1923
239 2389 2058
240 1998 1380
241 1962 1027
242 3456 3063
243 1773 1988
244 1677 2012
245 1055 2084
246 792 1313
247 815 2600
248 750 1252
249 2530 578
250 271 3476
251 3640 2146
252 638 284
253 2186 1713
254 2398 1986
255 937 3386
256 2346 1775
257 186 3755
258 682 2767
259 2165 701
260 2139 3464
261 2711 2414
262 1670 3766
263 2971 1334
264 925 2874
265 3005 27
266 2567 2179
267 786 14
268 2536 812
269 2631 807
270 2134 727
271 2868 2220
272 341 554
273 702 1357
274 1862 1388
275 248 1165
276 972 654
277 2318 3641
278 1978 2866
279 1207 1785
280 3844 268
281 2349 2111
282 1296 2435
283 3642 3773
284 2200 1874
285 90 1009
286 3125 3404
287 438 3214
288 3677 1965
289 2903 157
290 2214 354
291 2235 2701
292 770 1706
293 939 3128
294 742 293
295 646 213
296 3535 2129
297 3769 3342
298 3534 816
299 1608 1599
300 1086 3686
301 471 423
302 1755 2203
303 2284 2123
304 2325 1823
305 428 407
306 3259 3128
307 1817 1555
308 3654 648
309 3495 1859
310 3201 1819
311 1857 1471
312 3242 1087
313 946 74
314 3356 126
315 379 1588
316 175 1807
317 71 2829
318 709 1126
319 2626 3204
320 1306 1149
321 2354 316
322 1322 1995
323 1423 513
324 3717 403
325 3489 2466
326 3651 1952
327 2404 3562
328 69 720
329 3079 89
330 3112 1429
331 1095 1213
332 3829 2751
333 3070 2160
334 1249 2515
335 567 1983
336 1302 2139
337 2481 3599
338 997 1135
339 2624 1175
340 321 3352
341 254 1762
342 2688 1347
343 2930 3223
344 2224 1925
345 65 3122
346 3813 356
347 3781 537
348 2637 736
349 91 1883
350 3305 1395
351 96 351
352 634 613
353 2324 432
354 3490 1100
355 2178 263
356 159 1471
357 2809 178
358 1460 2782
359 1159 3808
360 28 3081
361 3067 1202
362 1191 2464
363 1933 2468
364 96 1019
365 1139 1282
366 1523 2713
367 2364 1156
368 1090 3259
369 1591 3828
370 947 870
371 1729 955
372 1728 3436
373 2844 3655
374 3555 1711
375 1672 1744
376 987 1858
377 254 1471
378 3111 2046
379 1566 2815
380 3253 340
381 2829 1542
382 2685 1959
383 1912 231
384 2179 696
385 3764 1594
386 3482 3600
387 170 1467
388 1243 1939
389 1816 2703
390 1618 1543
391 2353 1960
392 2274 3014
393 2949 3199
394 2463 3315
395 2001 229
396 1351 2614
397 3662 1633
398 2542 2739
399 1856 27
400 875 245
401 2960 682
402 402 1100
403 1109 801
404 275 455
405 1183 2953
406 2227 2226
407 137 2458
408 2726 2962
409 3257 3610
410 2468 1198
411 3582 1786
412 2460 1354
413 413 374
414 1258 1258
415 2643 1728
416 3539 794
417 850 2056
418 2839 2904
419 3597 2611
420 1894 1833
421 593 2154
422 1019 1967
423 789 53
424 2673 1178
425 2970 1659
426 2954 2514
427 40 1882
428 787 2913
429 1351 282
430 1436 3644
431 1801 3615
432 616 603
433 1235 2581
434 1289 1453
435 3683 1645
436 2943 573
437 1661 1764
438 1818 1263
439 3293 69
440 1973 454
441 1987 1810
442 2330 2650
443 1487 1534
444 1644 1517
445 1356 1751
446 2374 901
447 3716 811
448 3345 3136
449 2170 936
450 267 1082
451 2382 3129
452 3734 155
453 252 3082
454 3253 2815
455 1908 2871
456 2060 982
457 373 735
458 1526 1339
459 3620 2378
460 258 2178
461 1219 1156
462 2031 3565
463 2129 2696
464 3273 3340
465 3673 1394
466 899 2585
467 3623 3389
468 243 3347
469 29 3308
470 2530 29
471 1610 1889
472 1924 269
473 75 699
474 2028 2405
475 1271 1256
476 1159 1562
477 3617 382
478 2695 3271
479 1587 139
480 1166 3257
481 12 2238
482 3056 3124
483 861 3480
484 1606 2680
485 793 3347
486 3243 1985
487 596 954
488 244 3000
489 3122 1837
490 1926 296
491 1875 1382
492 678 1535
493 1697 3212
494 3346 1496
495 1739 2291
496 1255 2409
497 2949 3484
498 1247 264
499 73 1219
500 1043 1472
501 620 86
502 1731 753
503 2030 2707
504 2860 1483
505 2013 2157
506 3810 1355
507 341 3063
508 504 3171
509 268 3498
510 3601 200
511 1460 3484
512 3352 1497
513 1077 1216
514 2194 1493
515 539 3096
516 990 2577
517 3329 1753
518 717 211
519 2295 2946
520 3724 1034
521 2713 1399
522 1127 664
523 2292 1480
524 43 1164
525 2161 2656
526 1570 1407
527 560 811
528 3185 593
529 487 2775
530 1510 979
531 674 2757
532 1603 252
533 3129 2952
534 3479 781
535 2744 142
536 2144 425
537 3630 3092
538 1345 3225
539 825 403
540 2004 3135
541 2653 1947
542 1750 3765
543 3735 3814
544 3642 1028
545 3400 3848
546 3079 1094
547 3779 466
548 2562 3733
549 139 1908
550 292 3113
551 1808 1276
552 812 3463
553 1279 832
554 2875 2863
555 1724 450
556 1151 2355
557 959 2390
558 3357 2293
559 1351 1472
560 3359 1620
561 2515 1772
562 1730 2469
563 2597 3106
564 1184 2075
565 308 549
566 1284 2344
567 2888 563
568 2028 1918
569 1865 1525
570 739 3158
571 2104 3109
572 3184 3134
573 68 2961
574 2384 49
575 149 1042
576 2552 2275
577 2102 1529
578 2449 221
579 505 2825
580 2111 3176
581 55 645
582 3583 1729
583 715 2699
584 1868 2116
585 7 429
586 284 2425
587 21 2850
588 2000 3318
589 3216 2397
590 1037 403
591 180 2686
592 2849 2442
593 765 2033
594 1086 1446
595 1986 2251
596 3764 2554
597 3433 1842
598 1093 898
599 2626 3476
600 1848 2206
601 182 195
602 1410 2990
603 2445 767
604 2513 44
605 82 3137
606 2162 3100
607 2597 1687
608 1626 689
609 2937 2124
610 1843 4
611 2857 2829
612 312 934
613 1189 1655
614 3626 3653
615 3513 3419
616 952 3399
617 2917 1516
618 877 1743
619 1757 628
620 3501 3288
621 3503 3605
622 1349 2451
623 3667 1753
624 1615 955
625 3438 316
626 1674 3455
627 3734 3014
628 885 216
629 1396 3193
630 358 2535
631 1179 3755
632 3773 449
633 3157 982
634 3633 3613
635 1144 1239
636 1374 3182
637 3402 98
638 576 806
639 844 1717
640 3269 2442
641 1027 2859
642 3829 2430
643 592 3854
644 673 1755
645 710 3658
646 2121 1896
647 201 668
648 789 3002
649 3477 695
650 1711 208
651 2839 226
652 3650 2529
653 1196 2223
654 398 2715
655 160 1030
656 2702 3804
657 2265 152
658 618 1347
659 2011 1438
660 2275 365
661 3502 1988
662 3055 2628
663 514 2795
664 1389 611
665 870 2683
666 1077 1032
667 2385 1833
668 2096 1703
669 2240 132
670 35 1467
671 1120 16
672 3276 2986
673 239 1908
674 256 992
675 2073 444
676 1982 3696
677 2645 2627
678 3601 1994
679 2995 259
680 1102 3472
681 3820 1097
682 2588 2100
683 2092 1398
684 3360 278
685 2363 1150
686 3034 2246
687 2112 3648
688 2209 1164
689 3474 186
690 1903 2554
691 3599 427
692 1444 3417
693 2586 338
694 805 1520
695 1823 1216
696 726 3741
697 3646 1429
698 3709 3858
699 1520 2771
700 2201 3035
701 1249 2751
702 29 776
703 827 273
704 2079 773
705 3329 358
706 1411 1621
707 916 1808
708 28 8
709 218 3113
710 72 904
711 1895 3199
712 755 582
713 1273 3183
714 566 1064
715 3142 895
716 2513 574
717 2521 2258
718 1503 985
719 3618 2187
720 3096 3539
721 769 1977
722 2820 3788
723 866 1857
724 486 3097
725 148 1460
726 1527 2303
727 3299 2471
728 3092 250
729 1564 3820
730 3225 2347
731 762 1279
732 159 194
733 2164 692
734 2968 3088
735 448 1287
736 1222 2836
737 698 325
738 1114 3472
739 3513 601
740 3206 327
741 3205 2976
742 12 2273
743 1398 3804
744 3501 654
745 1744 559
746 1196 1294
747 2843 2330
748 2023 2737
749 1989 2699
750 572 3842
751 3578 1836
752 3520 1105
753 379 2281
754 1437 986
755 2394 2717
756 464 1792
757 605 3603
758 617 3433
759 2189 1263
760 1045 2850
761 1088 72
762 1873 3223
763 1378 1440
764 1213 609
765 1917 3158
766 624 235
767 1243 2970
768 1222 1878
769 2905 926
770 1849 900
771 3565 116
772 3444 3570
773 1055 2908
774 3149 2973
775 3083 3083
776 2286 3322
777 2645 1240
778 1535 2268
779 1046 565
780 1858 1115
781 2031 569
782 2262 3123
783 1920 2810
784 608 2395
785 1755 770
786 878 2354
787 2525 1022
788 1582 946
789 1679 2184
790 248 283
791 545 1044
792 1643 1870
793 1907 729
794 957 2491
795 3608 2450
796 1944 1155
797 2328 997
798 1235 434
799 3613 262
800 3622 1072
801 2154 332
802 1381 862
803 3518 2783
804 1419 155
805 1571 2657
806 545 2792
807 1754 1098
808 2752 1441
809 2165 2774
810 1385 546
811 352 2990
812 2844 2749
813 2968 657
814 1647 3655
815 3377 689
816 2124 3416
817 1517 3808
818 3072 3830
819 234 3536
820 1129 975
821 3844 1366
822 1646 832
823 1363 2350
824 3193 413
825 876 1756
826 838 1041
827 917 673
828 1762 3428
829 330 3330
830 2323 1348
831 3153 2600
832 3106 756
833 1285 1603
834 2192 1572
835 935 2204
836 637 2552
837 33 3000
838 1622 575
839 963 831
840 3762 2364
841 1491 1597
842 1664 3238
843 2500 2580
844 1091 1985
845 2286 1058
846 665 1687
847 2044 3409
848 3308 1120
849 1006 1376
850 3338 2126
851 1357 471
852 3168 3324
853 2935 426
854 3041 620
855 1031 2886
856 1172 471
857 3515 2116
858 931 2683
859 1348 3026
860 2997 444
861 3405 2975
862 2435 3472
863 2151 1231
864 3106 2216
865 307 2911
866 76 296
867 233 2698
868 3748 1097
869 2273 3684
870 3191 3829
871 3235 373
872 1265 833
873 2755 1006
874 2175 1074
875 2453 975
876 1370 2005
877 223 2701
878 307 2045
879 2653 718
880 2317 1124
881 2672 3781
882 3772 812
883 3066 2452
884 1043 687
885 3285 1470
886 3772 3684
887 2462 3186
888 1690 1120
889 2736 3605
890 1596 505
891 2225 40
892 1284 3492
893 851 1334
894 3035 613
895 3839 1647
896 2251 43
897 2058 1485
898 1377 997
899 945 1809
900 791 2508
901 3572 3513
902 3093 3678
903 2429 2705
904 1760 342
905 1313 3352
906 3750 1249
907 3842 760
908 1593 2989
909 1986 1792
910 538 2783
911 3160 637
912 53 462
913 2109 2891
914 3470 462
915 1422 3634
916 706 343
917 2617 3860
918 2068 1702
919 71 2760
920 225 2548
921 2171 3216
922 2166 2173
923 1900 2491
924 840 1727
925 236 2806
926 700 900
927 2869 844
928 112 1269
929 717 1328
930 1885 2912
931 1576 1886
932 79 983
933 2040 2236
934 110 1798
935 1153 2141
936 1279 1466
937 3242 2155
938 2418 323
939 1628 1602
940 2757 311
941 2064 1149
942 376 1092
943 578 549
944 2478 808
945 3572 1294
946 585 2759
947 3288 1005
948 3390 2705
949 1487 1983
950 1128 2572
951 2686 340
952 916 1860
953 565 2744
954 2999 2749
955 1557 996
956 1159 2577
957 378 1072
958 752 111
959 586 2511
960 1065 2459
961 1009 1556
962 226 395
963 1741 2359
964 3231 3241
965 2651 2515
966 3664 2865
967 2875 1579
968 2462 3838
969 3813 1655
970 2870 3436
971 1329 2309
972 884 1957
973 3691 2811
974 1759 857
975 582 2726
976 888 1169
977 2738 551
978 2016 555
979 948 2273
980 3381 1498
981 1395 948
982 3039 1833
983 780 1180
984 3015 1131
985 3353 3041
986 3513 292
987 1521 2385
988 2599 947
989 3099 530
990 1741 2601
991 1165 3559
992 2710 952
993 1055 425
994 1883 2293
995 1917 3690
996 1314 3478
997 1545 240
998 874 2808
999 512 1083
1000 1257 2200
1001 1298 1289
1002 3022 3289
1003 3739 2549
1004 748 1330
1005 3329 1874
1006 1734 1156
1007 184 2581
1008 3045 3218
1009 2 3165
1010 167 3171
1011 1099 2539
1012 1830 999
1013 1009 2945
1014 1312 1634
1015 1291 2042
1016 1139 1409
1017 3615 2127
1018 2096 3331
1019 2975 1136
1020 795 2375
1021 3358 694
1022 3159 202
1023 2175 3816
1024 1788 1032
1025 3612 912
1026 1620 2958
1027 1634 1451
1028 3587 694
1029 3692 1935
1030 1244 386
1031 3363 1743
1032 2361 2018
1033 829 1436
1034 1818 3217
1035 909 1047
1036 2233 2554
1037 2241 295
1038 350 43
1039 1201 496
1040 331 130
1041 647 2976
1042 3827 1653
1043 1939 1790
1044 910 763
1045 1830 1420
1046 1976 3261
1047 2329 545
1048 2259 2799
1049 956 2659
1050 2022 232
1051 2300 305
1052 1936 3655
1053 2975 48
1054 3552 3103
1055 70 194
1056 3618 39
1057 2939 3159
1058 978 3518
1059 3342 3820
1060 1115 666
1061 1374 1598
1062 3475 3192
1063 484 1653
1064 1637 3783
1065 2483 3336
1066 1035 3556
1067 3240 1414
1068 2389 1006
1069 2720 973
1070 2373 2429
1071 643 1577
1072 2481 1381
1073 3184 685
1074 1454 3351
1075 2446 874
1076 3574 3095
1077 553 2424
1078 429 1144
1079 1226 3058
1080 907 516
1081 1923 767
1082 1681 1497
1083 762 30
1084 3544 718
1085 771 2046
1086 2414 1162
1087 2028 242
1088 996 2258
1089 3765 2424
1090 2524 2186
1091 740 2511
1092 3240 2393
1093 1534 1811
1094 3518 2264
1095 1175 1820
1096 3781 1380
1097 1699 3593
1098 1504 3783
1099 810 2290
1100 3074 725
1101 2168 2004
1102 133 618
1103 2300 2264
1104 791 2035
1105 1314 1626
1106 34 1201
1107 736 1667
1108 419 3689
1109 650 1374
1110 2702 431
1111 32 3339
1112 2167 2468
1113 2344 3053
1114 2460 3213
1115 575 1565
1116 2117 49
1117 2425 3286
1118 2152 709
1119 2616 2843
1120 1214 1252
1121 264 823
1122 78 89
1123 136 3731
1124 2833 1959
1125 2201 517
1126 73 1336
1127 2213 420
1128 882 3103
1129 609 3532
1130 3113 456
1131 2134 1539
1132 3311 2919
1133 907 456
1134 285 1411
1135 1211 3799
1136 3110 1876
1137 3155 2557
1138 1494 661
1139 1615 3214
1140 2200 1075
1141 790 460
1142 2219 1380
1143 1745 38
1144 572 11
1145 963 1621
1146 2663 440
1147 950 1105
1148 2982 3242
1149 2897 1391
1150 2258 3184
1151 3178 1993
1152 1013 3109
1153 2998 3302
1154 3844 3159
1155 3035 3136
1156 1514 337
1157 2597 296
1158 2644 3027
1159 3205 2321
1160 1410 2754
1161 2289 3448
1162 862 2577
1163 1148 1746
1164 1012 2020
1165 201 257
1166 2878 971
1167 3053 736
1168 733 3689
1169 522 1262
1170 3127 417
1171 1313 3446
1172 3290 472
1173 499 2820
1174 3124 1337
1175 2668 2354
1176 1205 969
1177 1412 3237
1178 1790 2735
1179 2211 3762
1180 664 1427
1181 147 677
1182 3253 3417
1183 255 436
1184 3740 1477
1185 2282 2203
1186 1895 944
1187 2192 2991
1188 1931 3302
1189 2724 2868
1190 2212 1377
1191 2899 3728
1192 3203 908
1193 1152 2777
1194 2360 2845
1195 620 2578
1196 949 1124
1197 2340 364
1198 3070 266
1199 976 150
1200 1424 1509
1201 1531 2131
1202 3083 2068
1203 777 1407
1204 2947 2381
1205 335 953
1206 814 645
1207 2021 3103
1208 2458 559
1209 2352 3783
1210 118 3269
1211 1683 68
1212 2377 2031
1213 715 656
1214 2655 2766
1215 2910 3749
1216 2191 472
1217 1040 2557
1218 2545 1349
1219 999 923
1220 3733 162
1221 1721 3178
1222 476 979
1223 2875 3760
1224 3236 1058
1225 273 1899
1226 2690 737
1227 2123 2759
1228 3091 2384
1229 870 844
1230 2799 1292
1231 742 369
1232 2395 1980
1233 3746 978
1234 2432 2410
1235 11 862
1236 3181 2412
1237 1882 3827
1238 3208 508
1239 1773 3850
1240 1695 2828
1241 1666 2306
1242 922 1990
1243 1576 716
1244 843 1847
1245 2562 1869
1246 986 3782
1247 1851 3095
1248 3743 3351
1249 2973 565
1250 3476 3529
1251 1904 1168
1252 1763 2525
1253 1645 973
1254 80 1620
1255 1798 509
1256 1318 3778
1257 3756 2139
1258 1656 2420
1259 704 153
1260 629 1175
1261 3829 2626
1262 2973 1158
1263 1167 750
1264 1718 1110
1265 1816 2278
1266 3185 1156
1267 47 769
1268 1363 1067
1269 1834 83
1270 3814 1186
1271 1226 1270
1272 1169 2992
1273 1874 518
1274 2590 3566
1275 3160 2153
1276 1221 2553
1277 2619 3743
1278 3486 2073
1279 394 2162
1280 3078 845
1281 3284 1173
1282 3396 1836
1283 2468 1270
1284 3473 1671
1285 3438 805
1286 2724 2144
1287 1247 2787
1288 88 2870
1289 1125 16
1290 2062 3426
1291 3851 3009
1292 3055 1621
1293 904 3804
1294 1666 1859
1295 289 1591
1296 466 1600
1297 2912 3731
1298 2635 2737
1299 2778 3090
1300 3361 3565
1301 1693 576
1302 945 1996
1303 378 2591
1304 215 1156
1305 2749 1244
1306 2651 2198
1307 843 1603
1308 2064 1027
1309 2623 1070
1310 981 2080
1311 2716 3694
1312 1658 1875
1313 9 2639
1314 3843 1258
1315 3250 3577
1316 1736 1405
1317 3410 2507
1318 1360 451
1319 3830 2855
1320 1326 2769
1321 2317 2602
1322 1825 2287
1323 2668 3441
1324 1674 987
1325 2104 1448
1326 1760 2475
1327 870 362
1328 2458 3317
1329 3654 121
1330 821 1033
1331 3403 2840
1332 2688 2687
1333 126 3638
1334 3463 1309
1335 2393 713
1336 1001 2227
1337 1146 2418
1338 1380 2553
1339 1639 3151
1340 2782 2809
1341 1476 2970
1342 769 1381
1343 2523 3576
1344 2054 1115
1345 3708 2106
1346 3443 92
1347 1810 1774
1348 2114 2698
1349 2588 2910
1350 1549 3021
1351 1435 1804
1352 36 3108
1353 2603 669
1354 1776 283
1355 700 92
1356 229 1424
1357 975 3345
1358 1329 3030
1359 2837 1139
1360 3018 1325
1361 1607 813
1362 782 2532
1363 38 1980
1364 1351 1763
1365 521 825
1366 1962 2301
1367 3489 2949
1368 2863 2449
1369 2501 1034
1370 2053 2691
1371 42 2132
1372 1845 2717
1373 916 292
1374 1313 474
1375 133 775
1376 1783 3627
1377 2726 3662
1378 1847 1269
1379 2568 96
1380 3229 3522
1381 2944 1762
1382 2074 35
1383 2419 3558
1384 1774 2489
1385 339 1290
1386 1803 3667
1387 2686 2403
1388 1604 280
1389 1696 815
1390 1284 633
1391 3202 1388
1392 2107 1241
1393 2913 2478
1394 673 3002
1395 3324 1356
1396 2470 3183
1397 1546 2050
1398 1529 3260
1399 2804 141
1400 334 2870
1401 1698 860
1402 1170 3420
1403 3067 657
1404 2608 545
1405 3706 267
1406 2189 2854
1407 750 783
1408 1443 142
1409 1873 592
1410 1539 3085
1411 3085 32
1412 2924 1074
1413 3619 3699
1414 2664 1916
1415 640 1406
1416 3517 2518
1417 2461 2956
1418 2738 2222
1419 590 1295
1420 1823 1595
1421 3643 3451
1422 1670 1139
1423 1809 3299
1424 796 1903
1425 1362 2900
1426 1559 1128
1427 1683 2846
1428 2305 670
1429 926 756
1430 477 1615
1431 585 3463
1432 468 3594
1433 481 2746
1434 1923 2717
1435 1346 1785
1436 1568 803
1437 1974 1463
1438 1862 3186
1439 2884 596
1440 608 3524
1441 1159 759
1442 284 2808
1443 3835 3844
1444 1792 2932
1445 2724 2637
1446 2101 2621
1447 597 3130
1448 1128 3770
1449 1410 1159
1450 2498 144
1451 956 381
1452 1798 2718
1453 1304 684
1454 1509 1656
1455 1503 479
1456 1017 1293
1457 3097 724
1458 1678 2453
1459 3785 3521
1460 117 2360
1461 2992 1107
1462 1837 1485
1463 3604 3843
1464 1575 3782
1465 1371 2658
1466 897 3444
1467 1812 1877
1468 107 1398
1469 2261 3392
1470 3766 1021
1471 2049 43
1472 1681 2534
1473 3340 1391
1474 2537 539
1475 577 1358
1476 3423 462
1477 1371 3213
1478 199 992
1479 7 132
1480 1191 1934
1481 2233 2027
1482 1913 770
1483 3553 356
1484 3386 3827
1485 1776 218
1486 763 320
1487 239 948
1488 3842 2194
1489 3795 3256
1490 125 3689
1491 1997 1398
1492 1856 1978
1493 1608 2295
1494 145 2186
1495 2417 2759
1496 2991 1565
1497 279 3419
1498 3171 3580
1499 2899 2103
1500 639 2895
1501 2525 763
1502 619 2687
1503 532 3755
1504 459 2315
1505 702 744
1506 146 3237
1507 3392 2725
1508 691 1328
1509 1532 3202
1510 3377 679
1511 1396 2083
1512 1627 3416
1513 1314 3109
1514 2846 2546
1515 1456 2777
1516 1666 384
1517 1518 1093
1518 2315 1960
1519 777 2091
1520 3483 2419
1521 3850 3478
1522 884 2577
1523 1128 1267
1524 2840 1911
1525 3079 2737
1526 2377 119
1527 1993 2721
1528 3106 3739
1529 1697 1077
1530 1469 2042
1531 1933 2602
1532 2491 3200
1533 3560 807
1534 3493 16
1535 3621 3840
1536 1232 1319
1537 1919 3683
1538 1427 1394
1539 2205 1545
1540 3019 2640
1541 376 3380
1542 1755 2497
1543 2566 2356
1544 3186 2018
1545 1645 2812
1546 2182 2978
1547 2153 2590
1548 466 2177
1549 3766 1405
1550 2266 851
1551 3045 346
1552 2901 975
1553 2800 977
1554 1163 3632
1555 1181 1062
1556 3273 3603
1557 1267 3596
1558 2901 2318
1559 523 1348
1560 3146 2773
1561 3426 261
1562 872 2639
1563 1042 682
1564 356 992
1565 3242 2092
1566 3214 1224
1567 1941 1070
1568 1686 2718
1569 1082 2630
1570 2172 3858
1571 1353 167
1572 3280 2372
1573 3818 3496
1574 3810 2290
1575 2099 930
1576 1818 287
1577 1583 2460
1578 3670 2485
1579 524 3325
1580 2587 2692
1581 1120 2083
1582 3582 3793
1583 196 819
1584 2139 3394
1585 1041 230
1586 1087 734
1587 1216 3686
1588 357 1638
1589 2478 1232
1590 1058 3297
1591 2975 1148
1592 1502 3574
1593 432 2849
1594 1822 432
1595 3464 2316
1596 3336 1895
1597 473 271
1598 1248 2004
1599 779 2994
1600 448 1105
1601 1116 648
1602 2978 3010
1603 367 3853
1604 3093 1495
1605 3194 2352
1606 3437 875
1607 3631 2757
1608 246 3604
1609 343 2433
1610 507 460
1611 282 3705
1612 276 223
1613 2565 1222
1614 393 1118
1615 1765 34
1616 298 964
1617 1883 908
1618 1723 2259
1619 3209 3296
1620 130 1405
1621 2464 753
1622 907 399
1623 3682 3602
1624 1371 2302
1625 41 1975
1626 1681 1116
1627 1721 2838
1628 2181 729
1629 2823 1630
1630 1890 963
1631 2423 775
1632 2839 1623
1633 55 3626
1634 1524 1949
1635 1696 1485
1636 1162 37
1637 560 3558
1638 3280 1899
1639 3852 181
1640 2055 963
1641 57 2084
1642 2104 1182
1643 250 3483
1644 2081 3697
1645 700 3695
1646 1414 3487
1647 904 3093
1648 3168 3077
1649 60 3542
1650 1223 116
1651 388 2710
1652 3739 1347
1653 1779 2380
1654 1704 3577
1655 1863 1525
1656 2947 89
1657 1081 1323
1658 2781 1724
1659 2828 2474
1660 162 3035
1661 1391 3711
1662 2744 3401
1663 2385 3849
1664 3625 2640
1665 2629 1073
1666 2267 859
1667 2982 2187
1668 1079 2746
1669 805 170
1670 3151 2234
1671 484 1930
1672 2332 1606
1673 3801 3764
1674 3546 183
1675 112 3269
1676 2138 3602
1677 649 3652
1678 774 3287
1679 3289 606
1680 243 938
1681 771 2059
1682 739 791
1683 562 1834
1684 1612 2908
1685 2009 3500
1686 1761 565
1687 1458 341
1688 3764 2787
1689 3238 3715
1690 676 230
1691 3165 419
1692 3551 1828
1693 1857 1305
1694 2359 2179
1695 3038 3380
1696 408 1664
1697 3013 2742
1698 997 784
1699 2731 501
1700 3520 1847
1701 152 3430
1702 3723 1668
1703 1882 349
1704 801 2248
1705 2128 2965
1706 2747 3715
1707 2636 2817
1708 3331 3119
1709 844 135
1710 1439 1402
1711 2073 1620
1712 3146 2134
1713 2524 2820
1714 2200 1942
1715 734 3571
1716 730 756
1717 3625 473
1718 335 1233
1719 3659 586
1720 2045 3725
1721 1398 3229
1722 1476 1388
1723 2029 758
1724 2069 676
1725 1154 1561
1726 225 2596
1727 1864 1085
1728 1423 923
1729 2159 2000
1730 200 1909
1731 474 1777
1732 2302 283
1733 3489 648
1734 863 1018
1735 19 2277
1736 2158 634
1737 85 2039
1738 2513 3450
1739 1759 2738
1740 3657 2427
1741 2550 931
1742 3371 1800
1743 2931 603
1744 1285 1729
1745 995 1639
1746 2897 449
1747 2964 106
1748 1296 196
1749 491 2183
1750 1569 3009
1751 2714 1769
1752 1070 1118
1753 3052 716
1754 652 3173
1755 3519 714
1756 15 2203
1757 2989 1157
1758 640 1288
1759 3041 1679
1760 2467 3674
1761 1964 964
1762 1415 1501
1763 631 2530
1764 72 3746
1765 3180 1179
1766 3047 3846
1767 1277 1946
1768 379 1114
1769 3664 339
1770 759 3669
1771 2136 2784
1772 83 2734
1773 338 1136
1774 3621 3562
1775 2875 772
1776 2425 3367
1777 2329 1019
1778 982 1686
1779 480 90
1780 514 3615
1781 884 3187
1782 775 403
1783 1704 2620
1784 1120 1762
1785 1112 3804
1786 2508 2617
1787 1183 511
1788 2633 2258
1789 2322 3467
1790 3180 3639
1791 277 1046
1792 2082 564
1793 3295 2608
1794 1462 3604
1795 2735 2192
1796 2226 1629
1797 2226 1939
1798 2283 1362
1799 1406 448
1800 2049 3406
1801 2389 216
1802 290 3763
1803 3451 1680
1804 297 360
1805 1220 819
1806 346 879
1807 3722 537
1808 1804 141
1809 313 2520
1810 1383 2451
1811 1007 1538
1812 2448 793
1813 2442 2676
1814 2098 369
1815 792 678
1816 3418 1902
1817 2987 3654
1818 2516 3445
1819 1093 3205
1820 2643 3548
1821 973 1227
1822 559 537
1823 1606 42
1824 1730 598
1825 412 1246
1826 1798 1542
1827 3401 3196
1828 1804 3566
1829 2597 2676
1830 3104 990
1831 1125 1624
1832 3115 2169
1833 365 2910
1834 908 292
1835 752 2953
1836 1352 374
1837 3628 907
1838 2092 551
1839 594 1144
1840 1440 1610
1841 1091 1010
1842 2337 2455
1843 3604 3413
1844 527 1922
1845 1863 954
1846 932 3250
1847 2974 420
1848 2496 697
1849 3643 2060
1850 1037 800
1851 2461 1300
1852 1346 1837
1853 3595 3639
1854 1879 3031
1855 2626 384
1856 2011 338
1857 3791 3797
1858 3102 1332
1859 2161 1113
1860 343 2727
1861 1464 223
1862 1460 3544
1863 43 817
1864 469 980
1865 2639 1165
1866 3447 369
1867 3416 3439
1868 1242 2954
1869 1107 3356
1870 3157 714
1871 2945 921
1872 349 866
1873 2228 3798
1874 967 382
1875 555 3728
1876 701 643
1877 730 3045
1878 3311 2530
1879 2583 1439
1880 1466 139
1881 2770 3820
1882 1346 378
1883 1752 3685
1884 1153 3693
1885 342 1553
1886 1911 120
1887 1764 2843
1888 523 986
1889 1861 2685
1890 1082 2129
1891 3351 179
1892 490 1112
1893 2852 159
1894 1885 2982
1895 682 1867
1896 3612 2301
1897 1651 82
1898 2046 2524
1899 2546 918
1900 2769 1590
1901 1696 3346
1902 592 2337
1903 150 1194
1904 545 3526
1905 342 1891
1906 3229 1693
1907 613 1445
1908 2148 3202
1909 1488 3422
1910 771 2329
1911 809 2300
1912 2665 1276
1913 1000 2926
1914 1831 1099
1915 2121 807
1916 1476 1105
1917 3672 227
1918 147 2936
1919 364 1499
1920 3616 2965
1921 1320 2775
1922 194 257
1923 2728 3770
1924 3781 1495
1925 3846 1288
1926 2219 119
1927 2736 35
1928 3602 3794
1929 561 2012
1930 3286 2291
1931 1770 3807
1932 69 2294
1933 911 861
1934 190 3555
1935 3634 2265
1936 3018 792
1937 2607 2597
1938 2472 1210
1939 1808 411
1940 1212 3326
1941 3748 1360
1942 3202 76
1943 3482 706
1944 3372 2324
1945 75 312
1946 3797 2912
1947 3808 3526
1948 783 556
1949 1769 204
1950 884 396
1951 2687 984
1952 1168 1727
1953 206 2322
1954 1978 621
1955 2655 766
1956 1285 1934
1957 755 3359
1958 1244 491
1959 2980 3103
1960 333 286
1961 3306 2531
1962 1221 89
1963 3772 2081
1964 3660 440
1965 2933 2662
1966 973 1476
1967 800 3489
1968 91 170
1969 3670 785
1970 2678 2507
1971 1314 3446
1972 927 3400
1973 346 2911
1974 170 3750
1975 214 2942
1976 91 472
1977 2517 3524
1978 3743 876
1979 2250 2375
1980 2431 3726
1981 1255 2881
1982 3613 1658
1983 2356 3015
1984 3390 1473
1985 3331 2414
1986 3255 1515
1987 2664 2096
1988 368 3400
1989 354 1315
1990 578 2943
1991 1023 2473
1992 2192 1018
1993 3437 3823
1994 629 3031
1995 2573 296
1996 44 2042
1997 1304 2984
1998 2903 3844
1999 3071 3194
2000 556 583
2001 1096 1873
2002 2945 408
2003 1023 2734
2004 1499 2898
2005 2474 3491
2006 3538 1087
2007 691 878
2008 3738 3459
2009 377 1833
2010 1085 2659
2011 1546 408
2012 2915 1660
2013 8 1080
2014 1134 1556
2015 1659 2615
2016 159 3486
2017 925 3195
2018 1620 209
2019 3315 583
2020 3680 89
2021 2728 2624
2022 2948 3402
2023 1359 96
2024 1352 816
2025 1114 1549
2026 1313 3816
2027 772 2064
2028 1628 2475
2029 206 868
2030 3115 132
2031 3602 736
2032 598 12
2033 2999 647
2034 1508 371
2035 77 1180
2036 2103 346
2037 996 3321
2038 982 1955
2039 359 884
2040 1042 837
2041 119 2867
2042 1931 1349
2043 992 3599
2044 3619 3672
2045 2763 60
2046 659 1446
2047 1940 1584
2048 3657 470
2049 1746 1810
2050 3501 662
2051 2169 3296
2052 1176 610
2053 1183 342
2054 363 712
2055 3682 925
2056 2424 3090
2057 1385 3724
2058 245 3808
2059 2081 278
2060 2548 31
2061 2874 156
2062 1570 3831
2063 2318 276
2064 3092 3044
2065 1197 639
2066 1324 3054
2067 2258 2547
2068 972 1050
2069 1357 3647
2070 2394 1895
2071 3073 579
2072 2918 431
2073 1432 3619
2074 3725 2727
2075 912 1535
2076 3095 2864
2077 1564 361
2078 2624 18
2079 1712 610
2080 1791 1345
2081 1773 2346
2082 831 2115
2083 1672 3057
2084 1253 3017
2085 1637 3825
2086 1213 409
2087 2795 3050
2088 1356 695
2089 2523 92
2090 3062 3427
2091 1380 437
2092 3717 1667
2093 1909 3750
2094 1150 2441
2095 1981 3141
2096 2334 3799
2097 3806 491
2098 627 2336
2099 877 47
2100 1224 1566
2101 252 832
2102 1199 3054
2103 417 2471
2104 38 1316
2105 1170 2024
2106 1080 1852
2107 2490 2161
2108 672 2719
2109 1148 3383
2110 2746 2574
2111 2233 3466
2112 2881 704
2113 70 1947
2114 1841 806
2115 1359 3076
2116 1669 564
2117 1257 2270
2118 3340 3310
2119 2251 3621
2120 2760 2956
2121 1771 725
2122 2959 93
2123 410 1265
2124 1241 3786
2125 2433 53
2126 3790 1818
2127 2518 1827
2128 3172 1117
2129 668 1849
2130 403 761
2131 1770 1304
2132 1009 3336
2133 3041 3841
2134 1540 888
2135 192 2293
2136 1346 1708
2137 2883 822
2138 1047 560
2139 2107 2700
2140 733 114
2141 1278 1947
2142 3348 1889
2143 2017 1231
2144 667 3690
2145 422 2729
2146 435 3697
2147 3675 36
2148 3102 914
2149 128 1172
2150 1667 3369
2151 2600 814
2152 2584 755
2153 3233 3004
2154 3600 59
2155 3826 2514
2156 3670 3652
2157 908 1657
2158 2762 2931
2159 2829 1523
2160 1874 698
2161 1873 1384
2162 859 1902
2163 53 3391
2164 1558 3002
2165 2561 3203
2166 701 3378
2167 1532 2468
2168 3263 683
2169 3427 1893
2170 126 1631
2171 2918 3376
2172 718 587
2173 858 1312
2174 2034 3347
2175 436 3425
2176 3386 1035
2177 3780 1921
2178 1069 1279
2179 2321 1005
2180 1340 1180
2181 1164 1307
2182 1754 1404
2183 1648 1467
2184 3553 1446
2185 377 3532
2186 1957 828
2187 3592 937
2188 3252 3417
2189 569 2799
2190 1806 1942
2191 954 2528
2192 1317 1383
2193 1124 656
2194 1092 2470
2195 3535 2435
2196 2991 1923
2197 2282 167
2198 2827 230
2199 2715 2588
2200 3235 317
2201 600 2229
2202 3566 3126
2203 3275 1413
2204 1067 932
2205 1624 46
2206 3185 3585
2207 3720 1128
2208 1001 3631
2209 460 3441
2210 1424 2401
2211 1718 696
2212 917 1305
2213 675 452
2214 414 979
2215 3806 1702
2216 1614 3632
2217 1084 1661
2218 3751 848
2219 504 144
2220 2785 429
2221 1737 2434
2222 1999 3766
2223 3430 338
2224 1544 1151
2225 2677 365
2226 3113 2177
2227 1583 1172
2228 2597 2488
2229 874 2672
2230 1340 1314
2231 989 1301
2232 3432 1659
2233 2756 1655
2234 1949 1991
2235 2475 979
2236 1193 940
2237 592 3493
2238 460 2153
2239 1551 1973
2240 3636 238
2241 1022 743
2242 122 3301
2243 3285 2399
2244 3455 289
2245 1576 1353
2246 3206 1020
2247 1046 2610
2248 1379 1198
2249 2681 1631
2250 2009 3371
2251 2051 2721
2252 267 701
2253 1814 630
2254 3220 2592
2255 2548 1001
2256 3627 2702
2257 2208 100
2258 353 1679
2259 33 1562
2260 2467 2279
2261 1724 387
2262 386 197
2263 292 88
2264 3190 868
2265 3834 1022
2266 525 2036
2267 2729 1187
2268 3507 1264
2269 1387 530
2270 127 3409
2271 2132 2787
2272 1255 1833
2273 1531 1607
2274 677 3221
2275 1751 744
2276 1909 48
2277 2063 3676
2278 1194 1233
2279 1725 395
2280 2657 466
2281 1468 907
2282 2451 3070
2283 3196 616
2284 469 3468
2285 3094 2175
2286 713 1362
2287 2956 13
2288 3667 72
2289 114 2364
2290 575 2576
2291 1806 2566
2292 1777 3686
2293 3501 3222
2294 1108 1000
2295 1734 1455
2296 899 1048
2297 2578 2210
2298 3514 293
2299 1361 2260
2300 1589 3582
2301 1024 2248
2302 1678 3045
2303 2863 1510
2304 2095 1035
2305 2938 3259
2306 1797 372
2307 506 995
2308 1675 3442
2309 1193 2449
2310 1826 545
2311 3562 3785
2312 450 1070
2313 605 3728
2314 77 3196
2315 3707 2243
2316 1387 1191
2317 1009 1305
2318 2162 98
2319 722 1535
2320 847 1878
2321 3566 1081
2322 984 1581
2323 1072 2199
2324 731 2320
2325 3844 763
2326 1819 3037
2327 3590 3024
2328 1645 2220
2329 2621 2128
2330 2526 484
2331 2471 3394
2332 1711 2800
2333 3127 1467
2334 1773 1639
2335 285 886
2336 1867 2989
2337 3279 97
2338 3048 3603
2339 2000 1638
2340 1541 808
2341 2909 1194
2342 27 548
2343 1361 1265
2344 2288 3585
2345 253 1726
2346 2496 309
2347 2408 1524
2348 74 2796
2349 1709 921
2350 756 1743
2351 579 1062
2352 2847 2155
2353 3436 644
2354 1790 377
2355 2725 1309
2356 477 2542
2357 3393 949
2358 3745 2710
2359 1136 3443
2360 1847 3543
2361 2621 2655
2362 3755 3503
2363 3468 954
2364 1314 598
2365 853 1476
2366 1793 2521
2367 1573 660
2368 1087 313
2369 1534 2816
2370 1168 3404
2371 1904 219
2372 3128 2725
2373 603 2661
2374 3327 171
2375 2534 3534
2376 3174 1812
2377 3487 1113
2378 931 1522
2379 956 1042
2380 272 2717
2381 712 1006
2382 402 570
2383 2370 866
2384 1131 3603
2385 1064 723
2386 2004 3396
2387 2909 1856
2388 3108 1850
2389 3564 3141
2390 3228 3194
2391 284 330
2392 2814 1261
2393 464 2671
2394 784 1577
2395 2702 1854
2396 2809 1486
2397 1685 925
2398 369 2410
2399 3183 1687
2400 3187 2013
2401 1572 3841
2402 1640 905
2403 694 2945
2404 1279 3389
2405 1995 2737
2406 736 3061
2407 1886 2936
2408 2833 185
2409 2831 1242
2410 2906 1506
2411 146 466
2412 2895 189
2413 224 2573
2414 120 1409
2415 3191 220
2416 1408 343
2417 791 48
2418 1834 743
2419 682 829
2420 79 2634
2421 1137 1725
2422 3384 2862
2423 255 55
2424 2852 2170
2425 642 2084
2426 3581 1347
2427 1359 488
2428 1748 1398
2429 667 1216
2430 769 2746
2431 711 3795
2432 2936 2680
2433 2287 2286
2434 1116 149
2435 3735 1528
2436 1474 3773
2437 478 2114
2438 1758 258
2439 996 2367
2440 2100 310
2441 1361 604
2442 1533 1540
2443 1718 2462
2444 2079 1224
2445 3484 3632
2446 3734 422
2447 2887 1395
2448 972 905
2449 2068 94
2450 376 2597
2451 1882 2075
2452 3175 589
2453 1473 1811
2454 635 945
2455 1128 237
2456 1299 626
2457 953 3634
2458 3842 2759
2459 3539 1883
2460 459 985
2461 1507 916
2462 1542 2138
2463 2278 36
2464 1793 1626
2465 1801 269
2466 1137 2181
2467 1810 2261
2468 2417 1847
2469 1883 541
2470 1315 1242
2471 2472 1976
2472 783 2678
2473 1210 2411
2474 2533 159
2475 2441 868
2476 2594 3171
2477 3089 3309
2478 657 551
2479 356 1775
2480 1673 1215
2481 3403 1562
2482 1615 2922
2483 1624 694
2484 1878 3851
2485 3239 3618
2486 1875 1647
2487 2123 1412
2488 406 3426
2489 143 3370
2490 3816 2763
2491 2788 432
2492 327 1927
2493 1138 3398
2494 2263 136
2495 3394 3707
2496 2246 1164
2497 982 765
2498 2382 1435
2499 367 2603
2500 1869 473
2501 3378 2652
2502 2913 2970
2503 2062 2770
2504 3494 1174
2505 1593 3184
2506 905 612
2507 277 2211
2508 466 376
2509 305 1503
2510 460 1820
2511 1360 3632
2512 2695 281
2513 2361 179
2514 2758 402
2515 3856 2422
2516 338 313
2517 2103 675
2518 1639 424
2519 1433 1285
2520 1397 3037
2521 3731 2143
2522 2918 3278
2523 3208 3050
2524 1791 2988
2525 3266 1480
2526 3368 1098
2527 601 2110
2528 1895 2577
2529 3696 58
2530 2531 2817
2531 3658 3014
2532 2477 1651
2533 1187 477
2534 3531 1284
2535 403 2841
2536 433 2120
2537 2754 385
2538 2285 3321
2539 1688 2299
2540 2438 3741
2541 3171 1198
2542 2247 1419
2543 2826 490
2544 2108 3633
2545 1308 420
2546 69 498
2547 1806 388
2548 1506 2054
2549 594 2808
2550 1071 1396
2551 165 391
2552 693 423
2553 2741 1749
2554 1508 1252
2555 2206 269
2556 403 17
2557 965 2312
2558 489 2687
2559 1075 908
2560 3229 373
2561 3093 1125
2562 2096 2734
2563 1608 2926
2564 1917 435
2565 283 2427
2566 2814 2751
2567 2934 1310
2568 1961 1290
2569 1937 228
2570 1757 3817
2571 693 1829
2572 2646 3838
2573 1455 407
2574 150 3150
2575 2795 2342
2576 902 589
2577 3558 3848
2578 2336 1892
2579 1311 2383
2580 3698 826
2581 2182 1659
2582 2343 1908
2583 371 210
2584 3461 1521
2585 722 1153
2586 891 2466
2587 1910 2949
2588 2351 1469
2589 1803 2573
2590 3754 3428
2591 3158 786
2592 1959 3640
2593 1068 333
2594 814 259
2595 2412 2799
2596 866 715
2597 665 615
2598 1516 1408
2599 2571 211
2600 2137 1147
2601 3247 92
2602 3070 2520
2603 1865 2356
2604 1918 1789
2605 3113 141
2606 910 2316
2607 165 739
2608 3064 2512
2609 1870 3356
2610 3852 438
2611 1430 1451
2612 2231 2877
2613 1593 3195
2614 852 331
2615 1271 3250
2616 289 1546
2617 2248 178
2618 1426 7
2619 1617 1538
2620 3272 1304
2621 2710 1776
2622 1076 984
2623 2532 1658
2624 2461 3027
2625 545 574
2626 1083 1407
2627 3714 178
2628 942 1490
2629 3361 1480
2630 1339 3820
2631 894 2442
2632 1713 1408
2633 151 2330
2634 1222 2766
2635 1194 800
2636 223 3608
2637 1774 2356
2638 714 830
2639 614 3785
2640 3750 606
2641 3417 2478
2642 3796 2540
2643 195 1525
2644 3056 1848
2645 411 945
2646 2629 1813
2647 2945 3272
2648 2093 686
2649 1261 3536
2650 2445 1543
2651 1649 1149
2652 1633 174
2653 3536 2348
2654 694 3571
2655 1400 2322
2656 447 3677
2657 3337 2076
2658 2641 1473
2659 242 1186
2660 851 816
2661 819 994
2662 2954 1972
2663 428 2318
2664 498 2563
2665 2417 544
2666 1852 1032
2667 1282 605
2668 2332 894
2669 3505 2148
2670 470 1630
2671 3125 3033
2672 1117 571
2673 2846 3717
2674 2292 2076
2675 611 1479
2676 3461 2182
2677 3050 2847
2678 3070 2670
2679 754 2783
2680 1434 3765
2681 365 3415
2682 532 246
2683 3192 1837
2684 706 1648
2685 1212 3800
2686 128 1133
2687 1190 721
2688 2266 182
2689 703 1984
2690 252 644
2691 3025 1564
2692 324 1469
2693 3676 3709
2694 341 2511
2695 864 848
2696 1214 386
2697 1625 864
2698 41 2541
2699 1896 580
2700 409 3435
2701 1934 3445
2702 2114 882
2703 3683 754
2704 11 1164
2705 1581 913
2706 2296 1592
2707 2596 3275
2708 1678 3267
2709 3292 2431
2710 488 2303
2711 2581 3263
2712 3479 1279
2713 3106 667
2714 767 1813
2715 2626 994
2716 931 713
2717 3306 843
2718 3759 3774
2719 331 1484
2720 1657 3434
2721 2343 2413
2722 3174 1933
2723 3013 1602
2724 1926 3562
2725 2406 1653
2726 5 1282
2727 2838 67
2728 3671 3172
2729 1796 837
2730 3399 3853
2731 3833 2364
2732 1199 860
2733 1157 3316
2734 2779 1525
2735 3159 2052
2736 479 448
2737 18 514
2738 73 2771
2739 3324 40
2740 2716 3631
2741 1692 3776
2742 1857 2859
2743 1730 3360
2744 2676 1997
2745 2482 2921
2746 1623 3191
2747 1217 733
2748 1721 2825
2749 2891 706
2750 1386 1439
2751 2054 2469
2752 2996 2278
2753 3293 591
2754 425 1666
2755 1629 2790
2756 1443 2150
2757 1816 3323
2758 1673 2959
2759 210 2871
2760 900 862
2761 257 2648
2762 3064 501
2763 2999 2709
2764 2613 1068
2765 2523 1828
2766 2344 3584
2767 3368 1479
2768 3590 1039
2769 1553 2109
2770 2522 2325
2771 910 1371
2772 2833 2831
2773 3610 2298
2774 3519 3654
2775 2226 694
2776 2221 2162
2777 2040 3224
2778 543 552
2779 1095 2136
2780 3515 1000
2781 3674 3847
2782 1249 2343
2783 2899 670
2784 108 1772
2785 1674 2410
2786 3236 969
2787 1318 3531
2788 1525 3009
2789 183 2634
2790 2241 3472
2791 1253 3576
2792 430 3722
2793 1112 3843
2794 2786 2595
2795 108 1367
2796 1787 3379
2797 519 1798
2798 1885 2277
2799 3297 2251
2800 3557 1001
2801 835 565
2802 1963 1855
2803 163 478
2804 1291 1282
2805 1966 190
2806 953 1172
2807 3287 1634
2808 507 2822
2809 524 3456
2810 1747 2424
2811 1639 1569
2812 1949 2667
2813 2587 2141
2814 2840 290
2815 2322 3554
2816 1227 370
2817 241 1239
2818 2511 3805
2819 3501 1453
2820 3708 3252
2821 2312 362
2822 3325 3552
2823 3770 3190
2824 1124 1694
2825 3493 2832
2826 3397 1809
2827 2647 923
2828 493 253
2829 2241 3292
2830 3254 1490
2831 2787 725
2832 1369 2951
2833 3063 3190
2834 3409 2015
2835 1086 3099
2836 182 2316
2837 2121 587
2838 108 394
2839 1135 3799
2840 645 2110
2841 1567 610
2842 2680 2924
2843 1117 200
2844 3127 2729
2845 3338 1792
2846 847 1525
2847 2612 394
2848 2067 1328
2849 974 1080
2850 1763 1691
2851 1019 793
2852 1030 2822
2853 568 2004
2854 1822 1099
2855 2565 1778
2856 818 1185
2857 1897 2910
2858 2811 451
2859 3693 1044
2860 3503 2507
2861 289 1492
2862 1612 302
2863 824 200
2864 2901 1008
2865 2969 2881
2866 3038 547
2867 2739 473
2868 652 2573
2869 770 3709
2870 2211 3635
2871 822 1978
2872 2999 1157
2873 51 2229
2874 3700 2942
2875 798 2027
2876 2686 2866
2877 971 2312
2878 511 3711
2879 1251 628
2880 3143 3012
2881 881 1051
2882 1587 561
2883 3011 2953
2884 2749 718
2885 3782 614
2886 1319 2594
2887 1190 2319
2888 348 1744
2889 1287 514
2890 3834 1855
2891 3012 538
2892 3066 711
2893 1760 2129
2894 2754 2598
2895 1111 2864
2896 3393 1816
2897 1893 3168
2898 32 1967
2899 1350 2197
2900 2823 1526
2901 1301 1112
2902 3602 519
2903 454 1509
2904 1073 3843
2905 1414 3417
2906 2253 457
2907 2809 2472
2908 2953 3814
2909 2971 2354
2910 463 3484
2911 529 1166
2912 2056 960
2913 1858 1296
2914 3523 3430
2915 346 2563
2916 3708 831
2917 2347 1774
2918 600 188
2919 198 2905
2920 1410 85
2921 19 910
2922 2409 2499
2923 1318 2933
2924 1981 3795
2925 1141 2355
2926 1840 3596
2927 2632 2242
2928 918 1300
2929 316 809
2930 2234 2041
2931 3615 1481
2932 122 1562
2933 2467 821
2934 1649 915
2935 3113 1042
2936 980 3580
2937 624 2110
2938 2559 2190
2939 698 3562
2940 1452 1338
2941 2493 1345
2942 2083 396
2943 3762 1923
2944 1376 1259
2945 2886 1013
2946 447 874
2947 274 1027
2948 1751 186
2949 1149 344
2950 1365 2333
2951 1252 768
2952 897 1674
2953 1085 536
2954 3313 1858
2955 2238 1122
2956 2104 359
2957 1668 267
2958 806 3322
2959 3343 2577
2960 407 354
2961 3521 3112
2962 2993 1427
2963 3791 2091
2964 473 2153
2965 3794 139
2966 2384 361
2967 1242 2056
2968 1970 388
2969 1227 1133
2970 2060 286
2971 537 2689
2972 511 117
2973 3162 3685
2974 60 775
2975 1656 1612
2976 2481 3305
2977 112 2236
2978 3592 1657
2979 3357 2579
2980 1330 701
2981 2246 1902
2982 426 2985
2983 1044 1721
2984 588 1254
2985 2842 799
2986 2488 2240
2987 2709 687
2988 488 1217
2989 1774 2539
2990 2533 2743
2991 2145 1169
2992 3792 652
2993 324 1083
2994 459 3696
2995 2825 1098
2996 3053 1827
2997 1980 1258
2998 1204 1007
2999 1697 3199
3000 549 3120
3001 1969 2196
3002 1118 1386
3003 3510 1881
3004 3487 3635
3005 1992 3054
3006 3577 2202
3007 3277 2119
3008 2110 3579
3009 2125 2192
3010 3860 216
3011 1322 2877
3012 206 1375
3013 833 1394
3014 3344 2960
3015 1238 1023
3016 3207 346
3017 2533 1996
3018 2740 3121
3019 525 2243
3020 876 2775
3021 2637 3494
3022 3124 1968
3023 2825 374
3024 2453 1202
3025 1758 144
3026 3422 1700
3027 805 379
3028 345 141
3029 497 3454
3030 2168 280
3031 2671 2092
3032 1801 215
3033 649 2377
3034 3008 1577
3035 250 419
3036 1043 3021
3037 721 3853
3038 1490 1396
3039 1304 2242
3040 1724 3364
3041 1211 942
3042 905 1454
3043 2449 408
3044 2914 264
3045 855 539
3046 1182 2047
3047 415 626
3048 759 3468
3049 2290 3561
3050 1984 2866
3051 344 3567
3052 2292 408
3053 2775 2085
3054 1599 1963
3055 423 1352
3056 294 1786
3057 2553 2798
3058 2397 900
3059 2539 865
3060 1133 1285
3061 1871 3088
3062 672 329
3063 3382 1242
3064 2144 525
3065 3731 3472
3066 286 1752
3067 3520 2302
3068 2367 1841
3069 140 1733
3070 2983 1685
3071 2829 1811
3072 1921 3000
3073 212 1628
3074 1071 3667
3075 439 436
3076 1382 229
3077 3422 29
3078 3361 977
3079 2209 1623
3080 1798 478
3081 3301 44
3082 1053 1034
3083 3821 3384
3084 2648 2016
3085 3367 2241
3086 3754 2754
3087 699 628
3088 276 3218
3089 2163 997
3090 341 2035
3091 312 487
3092 3733 1041
3093 1772 1407
3094 860 469
3095 136 241
3096 916 211
3097 1296 2471
3098 2060 3745
3099 2064 978
3100 2067 2721
3101 97 1010
3102 772 3650
3103 2505 1598
3104 2191 1883
3105 2911 2340
3106 2120 179
3107 1599 3338
3108 146 3184
3109 816 1585
3110 2831 3399
3111 3315 2104
3112 2274 3615
3113 1951 2460
3114 1721 3709
3115 2061 1447
3116 2940 1088
3117 958 2919
3118 2862 1448
3119 582 3305
3120 470 3477
3121 983 3077
3122 3125 789
3123 903 264
3124 1490 3601
3125 2727 2491
3126 1989 2931
3127 1676 1513
3128 368 404
3129 3666 1172
3130 2859 2618
3131 927 2420
3132 1444 1508
3133 1385 1197
3134 182 2981
3135 3563 1429
3136 1161 2242
3137 2540 2277
3138 706 867
3139 3573 2797
3140 827 411
3141 1868 2037
3142 1294 435
3143 3422 1191
3144 966 848
3145 1231 1498
3146 1046 2648
3147 662 2227
3148 1081 3635
3149 2558 2298
3150 774 42
3151 3859 1963
3152 61 1403
3153 438 907
3154 320 3650
3155 2428 1985
3156 439 799
3157 2376 1756
3158 2286 3174
3159 2419 791
3160 1725 1124
3161 923 2314
3162 126 2178
3163 2320 74
3164 1021 2799
3165 3850 2832
3166 1648 176
3167 2543 190
3168 2264 3472
3169 996 1583
3170 2312 1026
3171 2977 3133
3172 240 1545
3173 2718 1135
3174 3281 3455
3175 1196 835
3176 1627 555
3177 3357 2340
3178 719 157
3179 338 1617
3180 3814 1173
3181 2741 3194
3182 370 3446
3183 3682 3679
3184 895 2612
3185 1007 2906
3186 1661 2610
3187 88 2724
3188 3616 773
3189 1360 1395
3190 1091 1455
3191 1500 581
3192 1405 3503
3193 3391 2029
3194 53 3317
3195 3567 1802
3196 126 2440
3197 2538 1569
3198 886 2507
3199 2677 1568
3200 2154 81
3201 1118 3235
3202 1702 840
3203 3204 3778
3204 1893 1727
3205 619 1627
3206 884 3582
3207 187 2129
3208 1148 314
3209 3685 3480
3210 1657 1462
3211 856 227
3212 3303 3574
3213 2770 3704
3214 3670 22
3215 1868 1031
3216 2158 281
3217 170 2830
3218 493 130
3219 3493 496
3220 3421 3078
3221 1093 2655
3222 577 952
3223 971 478
3224 2606 1813
3225 3036 2974
3226 1 2040
3227 1132 3024
3228 3143 3057
3229 1073 3611
3230 221 2748
3231 2478 504
3232 2377 1157
3233 942 1628
3234 2389 1353
3235 869 1332
3236 2603 2872
3237 1402 3175
3238 2496 604
3239 950 1191
3240 1225 784
3241 2376 409
3242 3662 1151
3243 1041 1671
3244 2433 466
3245 2966 2867
3246 3779 2401
3247 1175 2985
3248 1921 25
3249 379 3268
3250 2690 3725
3251 2097 93
3252 2974 2299
3253 2217 1812
3254 1886 36
3255 2024 2903
3256 1747 963
3257 576 3167
3258 413 3098
3259 59 18
3260 3653 2469
3261 329 2807
3262 1116 2425
3263 3288 2656
3264 1476 1209
3265 3308 1626
3266 1108 862
3267 1336 2948
3268 2016 2008
3269 347 809
3270 2096 2974
3271 1286 1087
3272 722 3486
3273 617 3116
3274 1820 670
3275 659 812
3276 2974 1638
3277 731 2639
3278 2716 915
3279 3505 233
3280 3144 684
3281 2974 1918
3282 3571 415
3283 1652 1419
3284 508 1850
3285 2371 198
3286 3332 1799
3287 2767 1701
3288 2024 1056
3289 1530 3462
3290 2592 607
3291 589 1674
3292 122 3301
3293 2044 3387
3294 231 2033
3295 1565 1078
3296 2884 1519
3297 2393 1485
3298 1287 494
3299 3193 3253
3300 810 3023
3301 1398 1912
3302 2328 2759
3303 3720 1797
3304 1419 3162
3305 540 1427
3306 3738 2245
3307 508 1179
3308 92 577
3309 331 88
3310 1389 2449
3311 37 1737
3312 2012 238
3313 716 3258
3314 3260 1493
3315 1300 1547
3316 1030 2149
3317 224 3782
3318 311 2725
3319 2421 3157
3320 1830 1252
3321 782 1795
3322 1069 3179
3323 2101 2383
3324 1741 1400
3325 1261 1089
3326 2806 1124
3327 2597 3317
3328 3339 2429
3329 1035 2294
3330 1634 349
3331 141 3652
3332 2576 1057
3333 3612 3400
3334 948 775
3335 2113 551
3336 125 1418
3337 3333 1472
3338 556 1491
3339 2244 3466
3340 3363 1408
3341 2945 1031
3342 3622 3082
3343 308 79
3344 1483 1388
3345 2664 1127
3346 853 1866
3347 963 380
3348 801 779
3349 3023 259
3350 2713 159
3351 1149 1114
3352 2388 1572
3353 3769 2876
3354 1005 3043
3355 891 3313
3356 3031 3333
3357 1604 228
3358 3529 195
3359 2838 538
3360 2331 3335
3361 1133 2223
3362 1801 1555
3363 2346 2631
3364 187 3775
3365 3296 3133
3366 685 2558
3367 960 1191
3368 2563 2689
3369 3409 2602
3370 1771 716
3371 829 1595
3372 145 3365
3373 1258 2618
3374 2688 6
3375 1328 446
3376 3491 2113
3377 1662 1974
3378 335 3050
3379 3644 822
3380 967 129
3381 1716 3401
3382 188 192
3383 1947 1857
3384 118 3147
3385 3569 783
3386 2762 2978
3387 2088 744
3388 3490 1007
3389 90 2289
3390 1893 768
3391 3634 2175
3392 2348 2603
3393 3636 2363
3394 413 437
3395 1623 3568
3396 2981 568
3397 1394 1804
3398 3154 3093
3399 3730 2920
3400 1681 2664
3401 1871 3310
3402 578 1284
3403 3753 2009
3404 1988 2770
3405 2280 892
3406 522 965
3407 3027 3054
3408 1388 1253
3409 938 3414
3410 2773 1841
3411 3515 2777
3412 1734 3529
3413 3635 904
3414 2543 2140
3415 1120 3088
3416 2076 249
3417 3648 2199
3418 7 2848
3419 183 3565
3420 1584 2875
3421 2314 1895
3422 2277 3341
3423 3496 1282
3424 988 1603
3425 2721 2855
3426 2869 1982
3427 417 1006
3428 56 1072
3429 1934 1132
3430 1391 194
3431 3421 1858
3432 1232 29
3433 2823 2946
3434 641 3616
3435 2118 2488
3436 1999 2718
3437 585 2694
3438 1892 1180
3439 445 3484
3440 2936 649
3441 2861 314
3442 2543 3699
3443 1608 3318
3444 389 3761
3445 3504 2681
3446 1398 431
3447 1663 3373
3448 823 1646
3449 946 3088
3450 2624 1657
3451 220 419
3452 2560 1011
3453 1348 2501
3454 313 1634
3455 1796 3518
3456 825 590
3457 1145 928
3458 158 2430
3459 149 2181
3460 752 2316
3461 2085 3697
3462 2844 511
3463 1531 985
3464 3854 2138
3465 1621 4
3466 2792 3243
3467 1527 1757
3468 2118 3473
3469 1297 289
3470 1014 2562
3471 1144 1950
3472 3293 1027
3473 1218 69
3474 629 3533
3475 3676 2348
3476 2800 2184
3477 2908 2174
3478 813 2186
3479 1852 415
3480 3414 1694
3481 2785 2415
3482 422 3214
3483 2523 110
3484 1023 1814
3485 2872 706
3486 298 85
3487 2795 1936
3488 3233 2820
3489 2859 2475
3490 1538 1021
3491 1380 1722
3492 3771 2354
3493 1846 3584
3494 2438 3748
3495 2555 2338
3496 3609 3734
3497 2370 1555
3498 3060 585
3499 717 1455
3500 1202 412
3501 874 438
3502 769 2303
3503 334 1670
3504 2586 369
3505 2153 3208
3506 2988 2858
3507 1058 799
3508 2480 1186
3509 2402 3550
3510 1933 3720
3511 2711 2470
3512 2409 1358
3513 275 1974
3514 3367 606
3515 2444 2863
3516 2219 1216
3517 1847 3739
3518 3695 2108
3519 2004 222
3520 1095 2886
3521 2900 2835
3522 3747 3688
3523 3641 1031
3524 1127 2160
3525 441 3372
3526 3759 1027
3527 2326 3064
3528 1248 590
3529 2313 2232
3530 2276 867
3531 3402 2278
3532 3161 3405
3533 2554 3124
3534 3092 427
3535 1634 3028
3536 1803 1459
3537 3231 3657
3538 1079 443
3539 3450 2519
3540 3408 324
3541 3486 2222
3542 3153 573
3543 2516 3299
3544 2976 825
3545 823 2619
3546 1269 3389
3547 308 2124
3548 754 3729
3549 1979 562
3550 1332 2366
3551 1795 1038
3552 3588 99
3553 1274 2069
3554 604 3838
3555 3549 486
3556 3019 1678
3557 1730 921
3558 1733 1830
3559 1478 1255
3560 440 1000
3561 1694 3273
3562 328 647
3563 600 1922
3564 2993 111
3565 2796 1639
3566 3143 1763
3567 2140 3322
3568 989 219
3569 2958 59
3570 690 3634
3571 2193 2525
3572 2872 13
3573 2857 299
3574 1757 2614
3575 404 1549
3576 1452 1143
3577 3173 2286
3578 151 2847
3579 1158 1895
3580 3846 1426
3581 202 2182
3582 2309 2383
3583 1540 435
3584 1622 2519
3585 2711 1347
3586 2313 1571
3587 634 3463
3588 1543 1878
3589 994 2755
3590 32 1056
3591 1509 3751
3592 1936 2626
3593 3589 1284
3594 3796 1207
3595 1774 3056
3596 2638 399
3597 2864 1716
3598 886 586
3599 3668 2938
3600 1131 1323
3601 2760 1694
3602 1085 3481
3603 1149 2776
3604 2964 3585
3605 125 1002
3606 1805 1437
3607 398 2560
3608 1116 2333
3609 1266 1825
3610 1402 816
3611 3347 3344
3612 271 706
3613 2196 1419
3614 1399 767
3615 1640 1074
3616 516 1822
3617 1470 731
3618 891 3847
3619 1206 728
3620 3039 734
3621 2176 902
3622 1214 2437
3623 3138 1009
3624 3656 295
3625 2411 3336
3626 2961 3051
3627 3857 1487
3628 2922 1534
3629 3078 506
3630 1174 3696
3631 3147 3119
3632 385 862
3633 1144 3430
3634 2305 1499
3635 3240 260
3636 973 1848
3637 1596 2578
3638 666 3136
3639 1634 1120
3640 276 1666
3641 1564 1146
3642 1521 77
3643 2309 2833
3644 1019 3333
3645 2919 3617
3646 3840 2819
3647 3437 893
3648 870 2209
3649 307 1308
3650 709 3131
3651 936 3295
3652 3380 1189
3653 556 1887
3654 3121 2846
3655 226 3644
3656 2492 3248
3657 1235 118
3658 2430 1625
3659 2675 1771
3660 3815 1893
3661 2815 1853
3662 1998 3397
3663 588 2277
3664 1711 1452
3665 1423 996
3666 1557 316
3667 750 797
3668 2849 2079
3669 3105 2416
3670 511 1194
3671 417 2570
3672 2128 3106
3673 3841 1100
3674 1812 2465
3675 258 1448
3676 2756 267
3677 2221 3401
3678 462 3286
3679 1502 2554
3680 2172 1103
3681 3091 3222
3682 3307 466
3683 2272 1931
3684 1269 3187
3685 3854 3569
3686 2648 98
3687 1043 224
3688 2112 2451
3689 305 756
3690 203 1295
3691 995 1688
3692 2368 711
3693 2394 937
3694 2462 658
3695 639 1573
3696 3181 3045
3697 216 2727
3698 937 1533
3699 457 3264
3700 2022 2721
3701 3237 2706
3702 596 1704
3703 3685 1696
3704 3093 1869
3705 2897 1511
3706 663 1153
3707 2237 1300
3708 2921 2881
3709 2865 366
3710 2337 3608
3711 3008 2024
3712 1163 2704
3713 3053 1814
3714 3533 1868
3715 2775 12
3716 298 3840
3717 3575 808
3718 1412 2729
3719 1423 3254
3720 1381 3202
3721 2697 1688
3722 2860 1452
3723 2361 1851
3724 2325 56
3725 3079 3575
3726 2530 1334
3727 1256 3361
3728 36 2594
3729 834 575
3730 3402 3832
3731 2367 3788
3732 2472 1358
3733 3491 754
3734 3094 121
3735 3800 3840
3736 2505 1919
3737 2362 1344
3738 1350 3807
3739 766 1669
3740 3843 246
3741 755 716
3742 291 506
3743 2524 160
3744 3162 2548
3745 117 1003
3746 1039 661
3747 1032 3747
3748 1059 1121
3749 1605 1157
3750 167 835
3751 2001 1300
3752 1994 412
3753 852 2349
3754 682 544
3755 3709 39
3756 739 3109
3757 1330 2973
3758 3111 2533
3759 1424 1167
3760 39 3742
3761 3676 905
3762 1354 3067
3763 3651 3301
3764 3457 2350
3765 563 2611
3766 1427 564
3767 1870 3790
3768 646 445
3769 982 506
3770 2262 1629
3771 2946 807
3772 1156 3734
3773 2600 2075
3774 1622 3139
3775 1395 564
3776 965 892
3777 2871 3849
3778 198 2862
3779 2407 2875
3780 1313 3721
3781 1030 3418
3782 2503 2953
3783 498 1120
3784 2815 3238
3785 1789 1148
3786 248 3795
3787 948 2780
3788 1352 2329
3789 2356 3061
3790 392 2391
3791 2958 1039
3792 2290 1553
3793 2527 3387
3794 3583 3670
3795 2341 1707
3796 3211 1310
3797 3757 3694
3798 3601 2352
3799 3805 1136
3800 712 3382
3801 416 1737
3802 926 314
3803 1211 3659
3804 2938 2417
3805 2331 3012
3806 2821 2395
3807 20 2122
3808 1864 2962
3809 1716 804
3810 2633 1794
3811 3516 3688
3812 3707 88
3813 1850 1509
3814 1455 3037
3815 1408 890
3816 3653 758
3817 1808 1379
3818 1446 46
3819 621 50
3820 1302 2784
3821 560 2795
3822 1113 1877
3823 2870 2331
3824 2974 3615
3825 3533 2807
3826 2492 3463
3827 3329 1911
3828 909 2513
3829 77 2333
3830 3040 1882
3831 3079 2164
3832 2981 198
3833 3268 2973
3834 1478 2643
3835 775 2728
3836 964 3724
3837 824 3038
3838 3464 1686
3839 1631 2773
3840 2600 1380
3841 3350 677
3842 3109 1585
3843 32 1758
3844 169 719
3845 1315 1954
3846 527 3793
3847 481 3588
3848 1398 242
3849 2097 1452
3850 3136 268
3851 524 266
3852 2361 2766
3853 1234 2241
3854 3266 2986
3855 1004 3457
3856 1190 1133
3857 2369 2697
3858 3010 1048
3859 788 1844
3860 615 3543
