3770 3770
1 2475 3502
2 3691 675
3 930 2878
4 3760 17
5 2089 811
6 2770 2111
7 821 1304
8 2728 3694
9 2521 30
10 903 1950
11 3310 271
12 1640 841
13 750 811
14 2424 1932
15 2474 1989
16 2555 995
17 3434 333
18 1171 374
19 2978 3769
20 1667 119
21 567 131
22 539 445
23 1347 3732
24 2362 2377
25 1943 3428
26 2984 199
27 1365 3641
28 595 1638
29 1594 2611
30 3466 1214
31 2380 1066
32 615 1578
33 1285 3599
34 777 1883
35 265 690
36 709 3052
37 1416 54
38 332 330
39 451 742
40 1466 499
41 2835 3618
42 53 3432
43 2727 3234
44 286 408
45 3610 3131
46 2222 1674
47 3609 1610
48 2906 686
49 1209 3623
50 2912 872
51 56 334
52 299 2241
53 2396 980
54 158 2021
55 625 2915
56 2598 24
57 3444 2744
58 2002 2064
59 1996 531
60 1851 766
61 2410 816
62 235 494
63 2511 1588
64 810 3076
65 3217 1898
66 2301 2227
67 817 1580
68 1853 2790
69 2191 564
70 1326 1072
71 3103 3146
72 171 965
73 2062 1649
74 2306 1817
75 2665 788
76 607 608
77 34 1515
78 909 1748
79 1720 134
80 1633 3732
81 1274 3551
82 3350 39
83 3526 1860
84 2412 314
85 2423 92
86 2078 2253
87 3212 430
88 462 1096
89 1958 3363
90 2388 1106
91 3481 1159
92 1695 1969
93 1172 1951
94 2252 3362
95 1 2197
96 762 2061
97 700 3421
98 1019 3706
99 647 2098
100 3625 2109
101 3313 1873
102 1351 700
103 3442 3344
104 3049 1174
105 2964 3240
106 3212 2913
107 490 2567
108 665 2041
109 3023 2197
110 363 2614
111 1523 1419
112 1966 2775
113 483 3467
114 3436 1685
115 2235 1777
116 159 3088
117 199 1417
118 1106 1927
119 1819 459
120 3135 2328
121 3508 3748
122 1505 2627
123 70 445
124 2609 118
125 2830 3633
126 3347 3390
127 1659 2471
128 2028 810
129 3711 1739
130 2022 1797
131 3172 1261
132 2598 3749
133 2379 760
134 3121 1814
135 2370 1239
136 531 2286
137 905 2287
138 3395 202
139 3575 2697
140 2150 1676
141 493 2284
142 3767 1104
143 3225 760
144 3504 460
145 761 3688
146 207 1942
147 1132 917
148 2074 34
149 350 1227
150 2052 1687
151 1769 2395
152 537 2922
153 2663 3376
154 1791 1920
155 3557 3315
156 843 375
157 886 132
158 3584 1549
159 523 1843
160 2250 13
161 2355 1873
162 673 1984
163 2682 3158
164 421 725
165 3503 525
166 791 779
167 647 359
168 592 1546
169 1255 1530
170 730 3263
171 1460 3268
172 3409 111
173 1676 2792
174 526 1165
175 2838 3175
176 773 737
177 1569 2347
178 3314 2013
179 2981 251
180 1473 3670
181 2428 866
182 3211 1158
183 2150 270
184 2459 3384
185 513 708
186 3218 2839
187 364 3528
188 1489 220
189 2899 1822
190 559 1557
191 3403 3660
192 94 3110
193 1675 1163
194 3507 29
195 3757 1873
196 3530 3316
197 1675 3164
198 2290 2801
199 1784 3216
200 2364 1559
201 541 1244
202 772 644
203 2965 1016
204 1199 3018
205 3475 2275
206 200 2236
207 2895 191
208 3238 158
209 2223 45
210 1096 3245
211 260 893
212 513 3469
213 911 372
214 690 3591
215 462 1018
216 1144 592
217 2938 441
218 1847 2124
219 2287 3685
220 3117 1046
221 2369 1528
222 3040 616
223 2176 2422
224 1027 3252
225 1644 2023
226 2999 254
227 3296 2658
228 2265 3090
229 2172 1830
230 1772 476
231 1608 583
232 190 731
233 2970 398
234 517 1926
235 1402 2964
236 2284 1132
237 1203 1751
238 897 723
239 2014 594
240 1653 2674
241 2185 1008
242 594 1624
243 3275 3532
244 1495 1799
245 2892 3699
246 607 3394
247 1010 2443
248 288 3755
249 881 750
250 1418 2468
251 965 2476
252 3281 2939
253 1641 2367
254 1084 999
255 1043 2639
256 3714 2716
257 3533 3240
258 3358 746
259 2107 3368
260 1901 463
261 1429 3450
262 1951 1336
263 1021 187
264 1902 1668
265 2461 1874
266 1467 2912
267 371 2076
268 3706 124
269 1626 2378
270 2029 3606
271 2729 3452
272 553 782
273 772 906
274 1456 1106
275 1892 579
276 197 2052
277 1686 738
278 2556 49
279 130 2489
280 2283 764
281 1667 1400
282 1763 326
283 1814 3665
284 1998 3240
285 592 3257
286 1133 1353
287 2028 258
288 865 2192
289 1220 3457
290 829 3218
291 860 3160
292 1478 2084
293 952 14
294 3359 581
295 3392 340
296 1844 2777
297 612 3197
298 1781 2156
299 1010 1606
300 920 592
301 342 1122
302 543 2360
303 2498 1311
304 2001 2486
305 2376 196
306 3185 286
307 41 262
308 83 2828
309 1777 2981
310 2508 1883
311 683 3016
312 3002 2274
313 1170 3173
314 2854 2444
315 244 1011
316 2914 872
317 1566 2100
318 3109 181
319 1793 2112
320 2740 1350
321 2072 14
322 782 3432
323 365 2212
324 1341 1990
325 3271 1058
326 9 813
327 2081 3554
328 1472 1731
329 2937 869
330 2082 3002
331 1704 2059
332 3439 669
333 1510 588
334 3390 2518
335 2405 3099
336 382 1447
337 222 640
338 495 2835
339 2953 2533
340 987 2583
341 2860 2929
342 340 837
343 1612 1969
344 3674 2553
345 2946 3227
346 3357 62
347 1672 2046
348 1116 3322
349 2117 707
350 3307 1061
351 917 377
352 1766 881
353 1127 1704
354 3517 3103
355 1288 3452
356 529 3059
357 2353 897
358 1134 2165
359 3066 2049
360 1504 1868
361 887 2848
362 1406 1397
363 2428 1756
364 2947 2397
365 1889 1510
366 2585 1932
367 2518 202
368 371 3060
369 1309 373
370 431 91
371 1800 3149
372 2315 2243
373 715 1925
374 3332 1467
375 3168 3530
376 2779 3271
377 262 2345
378 1800 3697
379 1507 1692
380 248 1977
381 3144 3072
382 3094 1335
383 1277 3333
384 662 3061
385 2267 933
386 2811 316
387 671 2127
388 548 3099
389 2173 364
390 3354 3467
391 870 3265
392 2236 2024
393 2298 1584
394 1823 1846
395 1566 2363
396 1418 140
397 705 116
398 2470 2366
399 152 387
400 121 2431
401 3509 1155
402 2637 658
403 1814 1776
404 133 265
405 2294 2617
406 2376 3256
407 528 1876
408 1547 1305
409 3051 1453
410 3228 2264
411 233 2551
412 2938 552
413 3361 3468
414 1372 811
415 3451 1711
416 841 2205
417 531 1279
418 2733 2001
419 343 2326
420 438 1219
421 1629 1313
422 1986 3692
423 1470 2032
424 2941 2053
425 1231 99
426 2370 2903
427 256 3365
428 685 2035
429 2259 2357
430 3763 511
431 2913 3740
432 536 2348
433 188 1122
434 2849 807
435 1708 1996
436 1672 181
437 2217 2579
438 983 610
439 2927 26
440 3391 2093
441 809 2782
442 1235 1063
443 1963 3311
444 1521 298
445 1345 2118
446 1833 1764
447 2939 20
448 1250 588
449 3286 1527
450 3437 2474
451 3722 3065
452 3151 1604
453 927 809
454 2351 2831
455 3159 3183
456 1589 3111
457 3196 2155
458 2508 2980
459 3261 2941
460 113 121
461 2005 406
462 2105 453
463 578 342
464 933 1687
465 1975 3198
466 712 3047
467 1781 3477
468 2712 450
469 2500 3014
470 1354 3161
471 2934 2304
472 1999 1068
473 3470 3203
474 2030 321
475 802 198
476 3556 1443
477 741 834
478 772 231
479 2928 2908
480 698 1510
481 3246 1484
482 1453 1125
483 1329 3503
484 2512 3362
485 2736 704
486 1211 1018
487 602 384
488 3548 2446
489 809 627
490 2719 347
491 1570 2899
492 372 3697
493 475 497
494 1982 1492
495 751 3033
496 1053 629
497 3113 1745
498 2109 2202
499 1907 811
500 2945 3440
501 2697 332
502 905 1546
503 3405 1582
504 3393 181
505 3139 14
506 2976 404
507 2307 887
508 216 2631
509 2732 2448
510 3326 1094
511 79 967
512 1900 2031
513 240 3704
514 3314 2135
515 351 2654
516 1472 531
517 3490 1834
518 118 2299
519 2244 3401
520 3019 53
521 3352 1883
522 2181 957
523 3715 1419
524 1990 3354
525 1826 899
526 1645 176
527 750 3057
528 212 657
529 3204 2297
530 307 3390
531 2386 1208
532 2206 2395
533 2501 953
534 1838 2788
535 3288 739
536 2425 3566
537 763 235
538 2741 1540
539 1749 157
540 2829 2645
541 819 3557
542 857 1554
543 1348 1454
544 3664 1681
545 3222 3063
546 332 2569
547 2618 840
548 234 922
549 2090 2282
550 766 1592
551 140 2131
552 1883 2164
553 2275 2569
554 2823 3363
555 2132 309
556 3030 3747
557 1657 305
558 2971 3341
559 641 1946
560 476 1951
561 262 379
562 26 274
563 769 707
564 2510 3455
565 18 2451
566 1286 2739
567 1670 470
568 1343 3027
569 3526 2327
570 2459 326
571 2075 750
572 2569 1573
573 3723 898
574 828 1559
575 2235 1338
576 1166 1292
577 3320 3278
578 1650 229
579 1400 3454
580 2910 18
581 1347 275
582 2100 2944
583 1572 2569
584 1596 951
585 1646 352
586 52 762
587 138 1520
588 532 1559
589 354 1037
590 1602 2605
591 1508 1088
592 1445 1064
593 2592 2969
594 3236 294
595 841 138
596 1083 1306
597 2483 2256
598 288 3207
599 2429 3653
600 1379 1536
601 2513 837
602 798 1921
603 1 1216
604 616 1970
605 1174 2377
606 3301 2081
607 2157 51
608 755 2998
609 1950 2994
610 2349 3492
611 3743 669
612 1002 697
613 2485 2881
614 3489 1272
615 921 989
616 271 1485
617 1902 2903
618 728 408
619 1477 3089
620 2425 1444
621 2219 2667
622 2024 3359
623 811 571
624 1416 498
625 1828 378
626 3347 885
627 2760 3082
628 2549 3252
629 3068 552
630 1191 45
631 3492 3160
632 3620 3370
633 2298 319
634 1501 2922
635 3408 2852
636 901 153
637 733 678
638 2106 1623
639 1545 3549
640 1376 1255
641 2708 3319
642 1423 294
643 310 1647
644 2393 1929
645 776 1950
646 107 622
647 1697 3387
648 3416 2315
649 3339 1794
650 1705 1877
651 3374 2034
652 3140 87
653 1546 2585
654 3650 3598
655 1081 622
656 3474 3185
657 1345 744
658 1168 3392
659 2772 2828
660 365 1372
661 2631 1148
662 2430 2884
663 1196 3316
664 1473 1636
665 2669 537
666 627 2392
667 1470 721
668 3157 3608
669 831 222
670 3684 1440
671 3585 1117
672 3283 806
673 2080 1737
674 332 2499
675 470 2940
676 3515 2823
677 1499 1944
678 1189 2291
679 1174 822
680 1321 2133
681 2626 928
682 2020 3722
683 586 1326
684 741 3302
685 1187 1810
686 2262 10
687 938 165
688 983 2927
689 1762 2203
690 2580 2641
691 2482 2956
692 1762 2968
693 724 1618
694 2580 914
695 2169 3369
696 3564 2934
697 3269 2276
698 3080 3026
699 908 1051
700 2612 1113
701 1488 1232
702 418 2359
703 7 1318
704 1368 3646
705 3663 1965
706 679 653
707 2710 3563
708 3551 2632
709 2249 1087
710 3354 176
711 3741 735
712 3265 3259
713 2381 3185
714 3742 1747
715 1647 1751
716 970 519
717 1816 55
718 2207 455
719 2915 591
720 2246 1206
721 2398 2747
722 851 3748
723 459 526
724 1358 1567
725 3133 841
726 1238 1443
727 1587 1267
728 3585 373
729 2723 82
730 3759 115
731 758 68
732 2771 1601
733 3744 1750
734 3681 1864
735 1538 3584
736 2264 1761
737 1333 2648
738 1315 522
739 2480 2675
740 94 2789
741 1926 73
742 1918 3113
743 2901 1724
744 983 616
745 1883 3767
746 975 1763
747 153 1349
748 3053 1039
749 2516 2108
750 1590 460
751 3022 1984
752 1788 1974
753 2714 1670
754 702 1540
755 3239 280
756 2615 699
757 710 160
758 748 40
759 2309 1192
760 15 1998
761 2997 1120
762 2635 1569
763 2810 1677
764 22 1105
765 2404 2000
766 3530 3391
767 2231 1115
768 862 2363
769 1296 1124
770 2396 2518
771 3200 3060
772 3636 2545
773 734 3505
774 1041 1230
775 3326 2246
776 2308 293
777 1425 1501
778 3046 3627
779 2031 3231
780 1424 669
781 1351 1590
782 108 2951
783 1469 3412
784 1533 336
785 2027 736
786 331 3456
787 3298 725
788 1314 1148
789 3012 3385
790 2154 3728
791 3279 1088
792 178 3241
793 1555 1381
794 2146 1235
795 1169 656
796 3087 2463
797 3723 1187
798 2640 654
799 2948 2330
800 24 1209
801 2361 1255
802 3058 2260
803 1767 1270
804 1907 2175
805 1344 3089
806 2417 2202
807 845 2343
808 1581 3590
809 2608 574
810 1733 1839
811 3484 3112
812 1683 1169
813 13 679
814 1964 849
815 2970 2353
816 3547 1688
817 2406 1848
818 3298 836
819 3403 224
820 2362 352
821 2051 550
822 2585 1981
823 980 2815
824 231 3446
825 2972 2812
826 818 3251
827 2556 912
828 3140 547
829 2505 980
830 2092 2022
831 351 428
832 3629 2902
833 869 1542
834 850 1604
835 2761 2699
836 183 2090
837 189 2267
838 59 1087
839 128 473
840 545 2679
841 1959 2421
842 2594 1189
843 1736 333
844 590 2118
845 2945 2861
846 1637 2011
847 1353 1641
848 3660 1136
849 559 2998
850 1424 1120
851 961 1053
852 2701 2861
853 3615 1844
854 1922 1823
855 733 1710
856 3727 2978
857 657 2570
858 1090 2911
859 2238 3600
860 197 1681
861 3560 583
862 2236 1208
863 3721 1219
864 335 2036
865 1722 2076
866 2447 3711
867 473 1287
868 113 2564
869 2547 286
870 3200 1791
871 775 2774
872 1957 2631
873 3685 2242
874 1178 1110
875 247 472
876 1422 342
877 2852 3060
878 2452 1965
879 2780 1364
880 2493 2631
881 3488 3483
882 2038 1743
883 2508 1577
884 3470 2345
885 2325 2231
886 1063 269
887 2789 793
888 444 17
889 3238 276
890 1770 2908
891 2003 1316
892 3122 2184
893 530 220
894 385 486
895 1301 1673
896 1846 607
897 1263 1357
898 1627 2895
899 3252 3592
900 594 239
901 3406 1749
902 2082 1982
903 1079 1606
904 1465 3157
905 1704 1473
906 434 296
907 2620 1709
908 938 1515
909 406 3312
910 1211 1029
911 3404 2911
912 3415 116
913 1808 1294
914 3339 1442
915 1683 1463
916 1609 2193
917 198 1754
918 1052 572
919 1163 619
920 314 1307
921 1517 1789
922 82 2305
923 2335 1594
924 338 839
925 3442 542
926 2981 827
927 925 1507
928 591 750
929 2068 3247
930 2458 872
931 3064 68
932 3275 1768
933 3113 3578
934 1008 2954
935 923 3109
936 666 1787
937 225 1692
938 3450 3113
939 2450 920
940 3576 140
941 2231 1151
942 3564 2272
943 3291 1436
944 952 2473
945 2519 2105
946 2507 1421
947 88 1683
948 3190 3329
949 1718 3200
950 464 3517
951 1036 2761
952 1818 976
953 1515 2959
954 3538 24
955 968 517
956 2153 2667
957 721 2934
958 82 2179
959 2147 14
960 3057 3298
961 197 2477
962 165 944
963 1881 2206
964 958 1184
965 3033 229
966 2690 2377
967 924 1968
968 2462 842
969 705 3174
970 704 1879
971 1893 1218
972 2326 3052
973 1460 2384
974 1666 1079
975 920 2100
976 3407 1323
977 2332 138
978 1512 1580
979 2673 743
980 1668 3050
981 1648 232
982 2666 1045
983 193 2841
984 969 3440
985 3019 3552
986 3264 345
987 2157 3294
988 3370 2680
989 3556 1668
990 455 2906
991 2938 3288
992 510 237
993 3444 2908
994 1138 2215
995 371 2783
996 2549 207
997 904 3705
998 1284 1546
999 963 1997
1000 1195 174
1001 2420 1118
1002 2825 1240
1003 923 3248
1004 1627 2146
1005 3554 3097
1006 3489 1680
1007 2733 2663
1008 89 2939
1009 3314 2229
1010 142 1962
1011 2055 3386
1012 2830 2278
1013 1863 573
1014 1300 39
1015 1490 2433
1016 301 1667
1017 1901 2905
1018 396 2191
1019 1311 2237
1020 1539 968
1021 1817 2184
1022 1697 1795
1023 2567 3083
1024 2046 2549
1025 2933 3040
1026 603 449
1027 1953 2263
1028 2297 1573
1029 1862 2083
1030 3558 1899
1031 1661 490
1032 3538 2389
1033 1896 730
1034 290 3380
1035 1697 1420
1036 2008 1932
1037 199 1843
1038 3514 623
1039 2278 1909
1040 746 102
1041 1013 2601
1042 368 1304
1043 859 292
1044 2738 2081
1045 3219 1654
1046 3504 1424
1047 105 930
1048 760 3560
1049 2881 3390
1050 1141 3179
1051 2684 2556
1052 1612 2692
1053 2924 2241
1054 2710 3587
1055 450 278
1056 2702 3383
1057 1244 2965
1058 1466 3737
1059 2078 3289
1060 404 3233
1061 1038 1271
1062 2218 3571
1063 2897 2140
1064 2386 3286
1065 3057 981
1066 1119 2798
1067 2742 2475
1068 2975 400
1069 628 3408
1070 1294 3585
1071 783 2532
1072 1066 535
1073 2429 1995
1074 531 810
1075 403 1421
1076 2248 2221
1077 1498 3657
1078 1475 2218
1079 1219 3675
1080 3434 3531
1081 670 3184
1082 2863 2515
1083 241 334
1084 2303 2724
1085 2842 1184
1086 809 407
1087 3397 3152
1088 2587 1247
1089 812 1184
1090 2435 17
1091 3002 2553
1092 2147 2990
1093 2405 2981
1094 1426 1621
1095 359 754
1096 3249 538
1097 2714 2143
1098 2168 514
1099 120 2267
1100 1288 3506
1101 2903 3738
1102 2335 734
1103 778 988
1104 1811 3111
1105 3111 727
1106 1439 380
1107 2151 63
1108 910 2316
1109 1326 1691
1110 2634 455
1111 292 3682
1112 3176 783
1113 3757 2050
1114 461 426
1115 842 3104
1116 2466 3619
1117 287 1703
1118 1272 1049
1119 677 1273
1120 3115 1764
1121 3053 1558
1122 2648 2598
1123 178 2699
1124 2795 1118
1125 1093 650
1126 2875 2561
1127 22 1024
1128 186 91
1129 1020 2026
1130 1310 1177
1131 3669 3768
1132 1386 1701
1133 1178 2689
1134 1259 73
1135 2047 3743
1136 1278 1918
1137 3680 3310
1138 2881 57
1139 1044 3566
1140 2468 2130
1141 3418 3193
1142 2947 2140
1143 3669 1363
1144 2235 3361
1145 3082 772
1146 1446 2210
1147 1061 3462
1148 1979 532
1149 212 536
1150 2861 247
1151 2869 2921
1152 626 3441
1153 1701 1425
1154 2260 578
1155 793 3028
1156 1530 637
1157 3684 2367
1158 577 2613
1159 2788 1690
1160 151 1943
1161 3487 3227
1162 1778 3198
1163 1912 1388
1164 1190 3264
1165 1056 3743
1166 2411 2201
1167 2189 2038
1168 1390 763
1169 3738 1357
1170 447 3510
1171 3477 1452
1172 1258 120
1173 3697 2109
1174 2012 1536
1175 431 3650
1176 1842 2927
1177 2203 1438
1178 3040 3163
1179 1382 1402
1180 2021 2111
1181 3656 1820
1182 1869 1579
1183 1849 1435
1184 2913 2036
1185 1659 3201
1186 2732 3497
1187 1745 1251
1188 3486 1822
1189 2701 1284
1190 2605 1911
1191 3323 2513
1192 974 1015
1193 1568 2393
1194 1445 3685
1195 2077 3311
1196 2814 1253
1197 460 1542
1198 2735 2363
1199 3594 1175
1200 444 3596
1201 2461 542
1202 2629 3241
1203 905 2232
1204 3349 3588
1205 269 3553
1206 1012 2039
1207 3300 1970
1208 475 2595
1209 1925 2509
1210 283 2206
1211 3307 547
1212 2752 2350
1213 1653 3453
1214 3435 3550
1215 1819 2486
1216 3707 3313
1217 3038 1901
1218 1894 1901
1219 74 154
1220 2913 2476
1221 955 2006
1222 361 1894
1223 1084 786
1224 1787 790
1225 1936 2121
1226 934 1050
1227 2837 1341
1228 410 1340
1229 2384 3623
1230 483 2324
1231 3579 3707
1232 1808 2038
1233 1776 1465
1234 1532 2920
1235 883 1804
1236 2197 2291
1237 2977 1188
1238 3314 3130
1239 2520 2092
1240 528 1568
1241 2035 2302
1242 545 2174
1243 2390 3497
1244 2744 2358
1245 1621 2034
1246 1243 1035
1247 2196 3182
1248 3260 707
1249 876 2264
1250 3532 1272
1251 1381 57
1252 2338 549
1253 2278 1453
1254 1919 2695
1255 884 2647
1256 1862 2566
1257 2421 218
1258 730 2550
1259 109 1055
1260 1025 638
1261 3590 2018
1262 2465 3705
1263 1046 3624
1264 2334 2361
1265 3750 814
1266 431 3752
1267 964 3749
1268 2426 2083
1269 2386 1572
1270 2560 2987
1271 950 2983
1272 480 350
1273 2176 1601
1274 29 3434
1275 1580 243
1276 2158 2222
1277 3580 1838
1278 433 1240
1279 1087 493
1280 1682 3751
1281 218 1913
1282 1707 2306
1283 2704 2585
1284 3550 1385
1285 3104 2785
1286 2453 536
1287 3625 3067
1288 2941 1125
1289 711 1893
1290 1454 1380
1291 1266 2079
1292 2579 3372
1293 3303 1657
1294 1997 3339
1295 853 2318
1296 459 2281
1297 161 352
1298 2741 704
1299 3769 2518
1300 1263 263
1301 3122 2140
1302 2118 1092
1303 2466 263
1304 2723 3361
1305 971 1332
1306 2334 3603
1307 3685 2086
1308 3335 726
1309 2193 625
1310 1069 2812
1311 232 230
1312 1550 663
1313 1032 653
1314 487 622
1315 2389 517
1316 1820 327
1317 1172 2923
1318 2493 768
1319 2528 2966
1320 2851 91
1321 3623 1181
1322 982 3634
1323 2229 1005
1324 811 276
1325 2054 951
1326 959 238
1327 458 2483
1328 573 815
1329 333 1982
1330 426 1358
1331 1918 529
1332 3331 1522
1333 967 3071
1334 1725 840
1335 2389 1886
1336 806 2121
1337 2999 1118
1338 3662 1890
1339 345 2785
1340 1219 566
1341 2411 63
1342 1909 483
1343 1509 808
1344 1811 2423
1345 824 2205
1346 1191 400
1347 962 409
1348 976 2718
1349 1617 2702
1350 2431 3382
1351 2263 1086
1352 2170 3228
1353 1303 3290
1354 3707 1346
1355 1667 2392
1356 18 1955
1357 2838 1059
1358 2532 3708
1359 3553 1737
1360 1115 3218
1361 99 2534
1362 3280 1844
1363 1804 1220
1364 3248 1995
1365 3155 1798
1366 1262 2874
1367 2270 2027
1368 890 3654
1369 503 1884
1370 74 842
1371 3355 3497
1372 2207 2851
1373 343 3128
1374 1857 441
1375 1727 2821
1376 109 1020
1377 2172 278
1378 346 2476
1379 535 2581
1380 344 130
1381 3339 204
1382 2514 972
1383 106 956
1384 1334 2852
1385 2893 2257
1386 1409 1772
1387 3041 507
1388 870 1749
1389 3577 1553
1390 1054 2898
1391 1220 2776
1392 95 3291
1393 1241 2467
1394 3267 3367
1395 2139 347
1396 3314 3769
1397 1415 2274
1398 465 440
1399 3522 3706
1400 1455 644
1401 669 644
1402 1689 2275
1403 584 1749
1404 2404 127
1405 2101 180
1406 834 1189
1407 1317 915
1408 324 3663
1409 1416 916
1410 716 3491
1411 474 1118
1412 2591 515
1413 1610 1197
1414 3132 3678
1415 3052 3641
1416 2084 1282
1417 2595 3288
1418 806 717
1419 2411 1070
1420 125 116
1421 3497 3594
1422 3762 735
1423 2368 611
1424 3493 1356
1425 1917 2380
1426 1196 894
1427 3223 2795
1428 3080 1531
1429 656 3376
1430 2702 560
1431 2768 1100
1432 1123 2724
1433 2119 2094
1434 3121 1198
1435 2380 1306
1436 666 1328
1437 2633 285
1438 350 3698
1439 1141 901
1440 101 894
1441 3460 3045
1442 3761 2834
1443 2892 109
1444 2987 378
1445 263 2603
1446 1048 2932
1447 1998 2806
1448 2247 980
1449 561 1583
1450 1219 1666
1451 2077 958
1452 1062 2870
1453 1966 659
1454 3547 2609
1455 1847 3152
1456 619 2525
1457 1587 1569
1458 1786 3169
1459 1161 549
1460 1075 1421
1461 146 1233
1462 1616 251
1463 1419 3606
1464 983 2576
1465 3054 3248
1466 2018 587
1467 2992 2302
1468 639 164
1469 1674 183
1470 327 377
1471 2793 3518
1472 2157 1369
1473 2037 2562
1474 2098 2361
1475 2221 1178
1476 1877 2738
1477 2109 1484
1478 2744 1335
1479 453 3285
1480 3563 3104
1481 2305 2349
1482 663 3032
1483 1870 3281
1484 1600 601
1485 1981 2610
1486 2429 1584
1487 3352 1642
1488 1219 742
1489 729 1796
1490 3237 2552
1491 2630 1102
1492 619 3060
1493 3350 3707
1494 3182 156
1495 1030 184
1496 818 3457
1497 2095 101
1498 3143 1830
1499 295 3287
1500 3503 2957
1501 1710 239
1502 3438 3506
1503 3082 3266
1504 1528 3171
1505 2333 3324
1506 956 2625
1507 2900 3199
1508 2070 1491
1509 2278 858
1510 2376 182
1511 339 1068
1512 1537 3739
1513 440 2231
1514 2228 3083
1515 1481 1147
1516 1247 287
1517 2625 317
1518 3732 443
1519 1731 2543
1520 983 2566
1521 251 1196
1522 1568 1694
1523 1126 1370
1524 242 2439
1525 2278 3158
1526 758 3669
1527 1849 1394
1528 1716 3264
1529 1496 2138
1530 1534 364
1531 1009 626
1532 1879 2257
1533 1316 2124
1534 2064 2887
1535 2723 3493
1536 2094 2199
1537 3014 2673
1538 1937 549
1539 3130 2865
1540 1302 820
1541 3298 396
1542 2942 912
1543 234 1273
1544 1677 2880
1545 3086 2665
1546 160 2841
1547 740 1438
1548 531 59
1549 1962 1034
1550 491 950
1551 2126 3477
1552 1834 1940
1553 632 2691
1554 2517 1656
1555 3327 3631
1556 3265 1786
1557 2720 2233
1558 1766 2732
1559 1662 2859
1560 1137 37
1561 3366 2746
1562 1955 2508
1563 402 1854
1564 716 1779
1565 1531 2432
1566 1485 2098
1567 3456 3632
1568 338 589
1569 2889 1860
1570 2731 455
1571 1255 495
1572 2383 3605
1573 1746 1952
1574 918 2495
1575 3506 2215
1576 1813 2705
1577 2858 14
1578 2482 3183
1579 785 1028
1580 123 3123
1581 3130 2294
1582 2123 958
1583 549 2206
1584 906 1368
1585 2495 3255
1586 658 1318
1587 1568 1316
1588 677 863
1589 3066 1114
1590 2173 456
1591 718 2382
1592 2494 2984
1593 2417 383
1594 3216 3698
1595 262 1889
1596 3660 1612
1597 2375 2835
1598 1623 2252
1599 3389 2098
1600 1301 335
1601 2069 1995
1602 3495 1591
1603 409 2645
1604 725 2720
1605 1594 1144
1606 466 1155
1607 910 2633
1608 2522 2048
1609 1496 2090
1610 2277 3683
1611 1 1869
1612 550 71
1613 140 3526
1614 1946 1068
1615 3300 1280
1616 124 11
1617 1670 2042
1618 569 2904
1619 3688 471
1620 3338 736
1621 2724 1004
1622 414 1538
1623 1733 517
1624 637 1444
1625 3367 2071
1626 2537 391
1627 1074 3335
1628 2028 538
1629 1118 3698
1630 2543 548
1631 493 931
1632 1465 3574
1633 2848 560
1634 1918 2185
1635 98 2096
1636 1463 2208
1637 2907 111
1638 3279 1957
1639 3353 2287
1640 2795 1926
1641 2926 1771
1642 1189 2896
1643 3295 1998
1644 2482 1650
1645 3669 2262
1646 1838 294
1647 299 3395
1648 1552 1817
1649 1105 954
1650 3198 363
1651 859 3231
1652 1077 3492
1653 86 3246
1654 3765 386
1655 1188 1446
1656 3035 3461
1657 3537 2499
1658 2500 493
1659 571 1111
1660 2072 2417
1661 105 1760
1662 1842 3030
1663 3023 2033
1664 940 3596
1665 407 2436
1666 3372 1486
1667 2295 470
1668 8 2482
1669 954 2010
1670 3369 245
1671 3035 3687
1672 885 2334
1673 1350 2817
1674 2450 395
1675 2957 3365
1676 1515 2221
1677 2795 3149
1678 49 3008
1679 2779 1238
1680 1022 1894
1681 1563 2917
1682 1815 2296
1683 3245 1722
1684 2144 2656
1685 3547 2948
1686 1960 252
1687 3244 1953
1688 3091 1861
1689 1266 1148
1690 2934 2786
1691 3007 2751
1692 1204 2262
1693 2982 2317
1694 3354 3413
1695 1409 2513
1696 1141 3702
1697 1092 1334
1698 331 45
1699 2735 1859
1700 333 2652
1701 2177 1155
1702 1269 2248
1703 2162 2824
1704 713 3126
1705 3298 1872
1706 165 828
1707 3611 2846
1708 2090 58
1709 656 3433
1710 3390 685
1711 658 2435
1712 2924 422
1713 1058 1132
1714 1139 2367
1715 3465 688
1716 2463 2922
1717 2511 292
1718 1114 1923
1719 2935 2451
1720 1894 2366
1721 2576 246
1722 1203 1543
1723 23 2014
1724 746 1323
1725 3393 3271
1726 908 1361
1727 2461 1948
1728 2177 3559
1729 3571 2134
1730 776 2326
1731 783 1508
1732 1618 524
1733 1562 988
1734 3461 1862
1735 191 761
1736 1698 2852
1737 2974 374
1738 2497 2607
1739 2764 946
1740 2126 3158
1741 1411 506
1742 2570 2628
1743 2563 837
1744 478 2653
1745 2963 1131
1746 532 1922
1747 1534 3567
1748 1867 1587
1749 1605 1412
1750 824 1110
1751 3261 885
1752 675 406
1753 875 721
1754 2354 1923
1755 3411 2663
1756 1876 2155
1757 1216 55
1758 3268 3062
1759 1826 2378
1760 2854 88
1761 273 2318
1762 3557 1342
1763 1159 900
1764 297 2749
1765 2066 756
1766 331 385
1767 3097 3636
1768 1665 205
1769 531 1062
1770 2388 2841
1771 1268 918
1772 1131 1091
1773 657 1480
1774 914 1757
1775 1018 582
1776 968 1229
1777 1521 3373
1778 3552 2166
1779 218 19
1780 2373 2182
1781 1541 1559
1782 2272 3531
1783 1865 2884
1784 1683 1421
1785 2186 748
1786 1142 1684
1787 3367 3388
1788 3310 1075
1789 2563 3042
1790 494 641
1791 2543 1935
1792 958 500
1793 1459 2997
1794 1293 2718
1795 621 3103
1796 1645 2200
1797 2444 1292
1798 2417 1863
1799 472 42
1800 2356 112
1801 2643 1602
1802 1624 2548
1803 1564 942
1804 2241 693
1805 2552 2581
1806 2764 2160
1807 2327 1616
1808 3709 241
1809 2428 916
1810 860 390
1811 696 1024
1812 1205 557
1813 2015 772
1814 2448 1128
1815 1462 14
1816 933 1126
1817 3686 91
1818 5 3662
1819 2983 3021
1820 1295 637
1821 3544 2732
1822 189 285
1823 1420 336
1824 2836 3160
1825 720 1652
1826 657 3236
1827 1282 3223
1828 3540 2919
1829 436 3288
1830 3587 1212
1831 2063 1047
1832 3044 2427
1833 2209 2410
1834 3296 3770
1835 2179 219
1836 911 237
1837 1249 3383
1838 2460 1974
1839 3664 2863
1840 619 1031
1841 1374 598
1842 3553 3014
1843 1962 13
1844 2989 244
1845 2579 396
1846 1373 1066
1847 1140 229
1848 2119 2351
1849 87 3305
1850 2685 1847
1851 2599 2861
1852 2085 2091
1853 2732 3121
1854 1114 3105
1855 335 2090
1856 3665 3685
1857 1938 3163
1858 2968 982
1859 1344 1721
1860 3719 1550
1861 1176 2363
1862 1909 2480
1863 2392 1623
1864 253 769
1865 3294 1153
1866 1649 3757
1867 1499 3306
1868 2884 2788
1869 1188 1275
1870 859 2677
1871 1465 779
1872 285 1314
1873 1448 3019
1874 3453 2398
1875 2872 3032
1876 18 2309
1877 2641 1631
1878 2414 218
1879 3615 2920
1880 1257 3137
1881 3647 5
1882 310 2841
1883 93 1455
1884 1928 3060
1885 5 3412
1886 2170 2531
1887 1029 1697
1888 2251 3047
1889 1313 1242
1890 3593 1724
1891 1476 1242
1892 1221 974
1893 2404 1815
1894 238 2030
1895 3667 1529
1896 3405 2530
1897 1120 1732
1898 935 777
1899 3268 701
1900 1290 241
1901 1455 2207
1902 3609 2408
1903 3054 668
1904 1879 1268
1905 3271 3703
1906 1511 2355
1907 2137 2068
1908 687 1299
1909 3201 3499
1910 1537 1978
1911 1597 959
1912 3204 219
1913 1539 1123
1914 2717 636
1915 1022 1547
1916 2147 2184
1917 316 2668
1918 2116 2283
1919 1609 1059
1920 2474 2080
1921 119 3378
1922 79 2103
1923 3649 2246
1924 160 158
1925 1716 1034
1926 126 1016
1927 411 1830
1928 323 168
1929 2361 651
1930 1778 3392
1931 941 1894
1932 1589 875
1933 113 962
1934 2583 2644
1935 3422 2473
1936 2679 2379
1937 1229 644
1938 1141 176
1939 2382 2004
1940 775 887
1941 3668 2269
1942 3556 613
1943 411 995
1944 204 2947
1945 2250 1207
1946 3641 389
1947 654 523
1948 2475 3466
1949 934 2699
1950 2181 723
1951 2653 2501
1952 817 311
1953 935 674
1954 1427 1508
1955 2437 1285
1956 738 3428
1957 618 2157
1958 2105 3627
1959 2371 3731
1960 2752 2238
1961 1077 3259
1962 2053 2331
1963 1747 1153
1964 3290 1521
1965 1463 2326
1966 2266 2684
1967 1189 1348
1968 3305 1056
1969 2322 677
1970 687 2281
1971 2601 2366
1972 1419 1997
1973 3594 447
1974 668 3285
1975 2914 1115
1976 886 3125
1977 1654 1042
1978 1608 1306
1979 1939 3452
1980 1910 1775
1981 3041 2569
1982 2568 2734
1983 3431 1546
1984 1159 1181
1985 1264 1780
1986 1697 1795
1987 974 1145
1988 2137 1050
1989 3086 3127
1990 2512 3476
1991 300 1917
1992 1122 1197
1993 173 3450
1994 1221 2384
1995 1748 3037
1996 3149 2916
1997 2122 1083
1998 908 1685
1999 2658 130
2000 3355 2554
2001 937 632
2002 2119 2192
2003 2812 498
2004 3334 480
2005 65 682
2006 1456 1938
2007 1675 1873
2008 2709 1117
2009 3307 391
2010 503 3613
2011 1592 2787
2012 187 2274
2013 2745 1481
2014 3343 2029
2015 3360 1680
2016 2306 2770
2017 1076 408
2018 2351 2355
2019 2536 2144
2020 3398 1999
2021 479 2310
2022 716 3305
2023 2782 1367
2024 802 1829
2025 1248 2804
2026 3534 660
2027 2080 2975
2028 1839 1890
2029 1457 2021
2030 1549 106
2031 1515 2673
2032 2289 2120
2033 1464 3576
2034 2615 2560
2035 564 3466
2036 115 1313
2037 2782 547
2038 1886 1127
2039 3320 2235
2040 1545 38
2041 1922 38
2042 13 2463
2043 3724 988
2044 73 2444
2045 2391 3429
2046 657 3206
2047 1709 1035
2048 2044 2426
2049 484 1439
2050 3544 2435
2051 1556 3300
2052 3418 594
2053 1704 1704
2054 877 1944
2055 571 1980
2056 1206 362
2057 1990 148
2058 631 3110
2059 1130 2917
2060 2493 2952
2061 1021 1082
2062 1278 874
2063 2618 2829
2064 868 3562
2065 3224 3729
2066 2985 675
2067 1090 1075
2068 16 1508
2069 1006 2690
2070 3002 1497
2071 3027 1594
2072 3556 2859
2073 3378 909
2074 252 3297
2075 1279 657
2076 140 1068
2077 1855 2686
2078 952 1141
2079 2826 1652
2080 342 2000
2081 3226 1192
2082 1805 1425
2083 1309 3770
2084 76 2039
2085 727 3162
2086 636 3297
2087 1967 910
2088 164 419
2089 2838 3439
2090 1978 3072
2091 33 3510
2092 3175 2930
2093 2787 1894
2094 3133 677
2095 2263 3292
2096 1158 2128
2097 1904 2998
2098 1570 352
2099 3100 390
2100 404 827
2101 2113 2077
2102 1933 62
2103 3653 2968
2104 2291 2547
2105 1225 18
2106 908 105
2107 978 485
2108 2872 2005
2109 3483 921
2110 1826 1879
2111 2211 1946
2112 3687 1163
2113 3038 1939
2114 1058 1181
2115 3767 2570
2116 2416 1816
2117 1524 1141
2118 1828 1263
2119 1779 666
2120 3186 551
2121 2925 2802
2122 2985 2728
2123 2391 324
2124 3249 2564
2125 3375 400
2126 434 2443
2127 372 1680
2128 152 3072
2129 3201 534
2130 1786 326
2131 518 2526
2132 1991 2944
2133 2906 1356
2134 3492 2684
2135 374 1698
2136 2749 3518
2137 1343 2062
2138 2096 653
2139 1857 464
2140 747 267
2141 2221 3432
2142 736 295
2143 3051 1349
2144 1021 2049
2145 2497 1162
2146 2765 2255
2147 2059 20
2148 778 1360
2149 386 102
2150 931 907
2151 3374 1008
2152 558 2056
2153 1243 2139
2154 2971 2957
2155 2962 385
2156 3387 1291
2157 3314 1388
2158 2599 253
2159 3107 3297
2160 3685 2805
2161 198 2012
2162 1975 1803
2163 2203 2075
2164 2145 3568
2165 612 1872
2166 2483 3770
2167 981 801
2168 1964 3672
2169 1053 2892
2170 3502 2702
2171 1936 1895
2172 20 876
2173 1573 579
2174 2819 2433
2175 845 3209
2176 1156 1722
2177 2878 3742
2178 2149 1572
2179 3372 1515
2180 437 3692
2181 126 878
2182 943 1059
2183 1276 1838
2184 400 3486
2185 1858 562
2186 1115 2169
2187 133 426
2188 1509 2174
2189 1830 3410
2190 1498 2250
2191 1689 3154
2192 2371 2810
2193 2360 493
2194 338 911
2195 3240 3639
2196 417 2602
2197 2181 3664
2198 1112 1641
2199 3257 832
2200 4 2210
2201 2464 3435
2202 1472 2707
2203 253 3607
2204 708 2615
2205 257 1715
2206 599 562
2207 1103 2027
2208 1737 871
2209 2988 2228
2210 670 845
2211 1996 996
2212 1595 1544
2213 3412 1556
2214 950 692
2215 2623 1755
2216 1985 925
2217 1439 811
2218 1951 1245
2219 2578 3702
2220 3499 2325
2221 615 1107
2222 2781 2514
2223 2278 175
2224 2046 3267
2225 2770 204
2226 432 1465
2227 16 3257
2228 268 970
2229 2233 3145
2230 2886 567
2231 3682 2204
2232 2890 1084
2233 288 1865
2234 2072 3644
2235 1202 1684
2236 1525 1802
2237 1778 3293
2238 377 3333
2239 771 2311
2240 1711 2936
2241 2655 1500
2242 3701 768
2243 2511 87
2244 2273 1708
2245 2910 359
2246 2505 1243
2247 3386 660
2248 2999 1907
2249 2888 553
2250 2051 1202
2251 2592 3176
2252 3509 2201
2253 1504 3178
2254 2373 1365
2255 1029 3291
2256 3472 1891
2257 2190 1745
2258 457 2200
2259 1248 3205
2260 2694 3509
2261 178 1515
2262 1308 316
2263 40 2862
2264 1702 1821
2265 1851 1718
2266 198 3132
2267 1215 2496
2268 2490 992
2269 3690 747
2270 2215 405
2271 1590 1172
2272 3654 2514
2273 2133 1364
2274 2553 1894
2275 1816 2878
2276 64 3011
2277 1289 589
2278 2369 2562
2279 3162 3245
2280 392 3680
2281 2591 2527
2282 734 311
2283 2470 940
2284 2208 1236
2285 2418 493
2286 706 708
2287 1776 2722
2288 14 22
2289 2406 643
2290 2526 1714
2291 1003 3010
2292 2171 994
2293 785 2728
2294 1046 2835
2295 1284 2057
2296 2462 1440
2297 3028 7
2298 3364 2699
2299 2079 965
2300 3477 1434
2301 1960 3287
2302 2551 433
2303 2829 3117
2304 136 2760
2305 88 607
2306 1152 2307
2307 719 3454
2308 244 3542
2309 3686 2795
2310 2094 2601
2311 2853 711
2312 1999 3631
2313 2290 2075
2314 3557 755
2315 3208 2430
2316 2733 2780
2317 1421 1753
2318 3571 2023
2319 675 1022
2320 2297 1754
2321 1573 2429
2322 3675 2513
2323 456 1176
2324 2304 869
2325 2301 3053
2326 1982 1229
2327 265 1503
2328 22 1467
2329 996 1429
2330 89 249
2331 1670 3463
2332 3344 750
2333 235 3740
2334 2 3222
2335 2742 40
2336 1558 3486
2337 2869 480
2338 3566 1399
2339 3660 3296
2340 2137 3573
2341 297 1575
2342 767 1211
2343 2058 356
2344 3323 452
2345 3583 3100
2346 1136 2249
2347 3332 3360
2348 1982 3660
2349 205 1597
2350 373 3447
2351 116 3493
2352 3685 3497
2353 2921 1467
2354 3694 872
2355 2375 2448
2356 2784 1450
2357 1670 64
2358 83 52
2359 3327 452
2360 3008 84
2361 615 2996
2362 1655 3405
2363 2938 1138
2364 805 190
2365 859 5
2366 2315 2346
2367 1761 503
2368 2813 2916
2369 439 3255
2370 1250 3350
2371 139 258
2372 3195 910
2373 2638 1249
2374 2547 3598
2375 1677 922
2376 2334 2841
2377 390 2104
2378 1353 598
2379 2676 3073
2380 1647 2009
2381 1767 3509
2382 1834 2689
2383 2629 213
2384 1171 2963
2385 1999 3289
2386 1945 458
2387 397 1559
2388 553 33
2389 3519 180
2390 1323 1396
2391 2160 619
2392 2504 1425
2393 1387 704
2394 353 2530
2395 3760 1526
2396 808 2309
2397 2548 3758
2398 3174 2544
2399 465 1333
2400 383 579
2401 308 2644
2402 3203 1454
2403 3294 2200
2404 135 1042
2405 2068 186
2406 1588 1196
2407 1310 3330
2408 631 505
2409 3296 1829
2410 3527 1894
2411 3538 1052
2412 73 2194
2413 2866 3575
2414 3738 1655
2415 3066 2580
2416 1752 334
2417 2036 3421
2418 1984 2476
2419 1058 2968
2420 520 151
2421 2467 2136
2422 1671 2276
2423 1946 1254
2424 1921 3673
2425 3241 2876
2426 3693 2922
2427 707 2154
2428 2069 816
2429 107 427
2430 179 1158
2431 1893 2105
2432 1918 1076
2433 3751 2366
2434 879 2501
2435 1465 599
2436 840 2936
2437 2562 2705
2438 3212 375
2439 696 2551
2440 3722 3587
2441 3611 3710
2442 743 497
2443 3140 1571
2444 2721 23
2445 2728 347
2446 282 1825
2447 1350 673
2448 2420 2025
2449 2350 3626
2450 2013 733
2451 3212 2858
2452 1071 261
2453 1694 1040
2454 1006 729
2455 470 1466
2456 1328 3421
2457 1908 290
2458 198 1039
2459 3249 3017
2460 3443 873
2461 2115 2851
2462 934 604
2463 529 3699
2464 1293 165
2465 872 1064
2466 670 664
2467 251 2152
2468 1742 770
2469 410 3404
2470 411 2429
2471 596 2113
2472 2181 2955
2473 612 624
2474 1022 1338
2475 12 1507
2476 2719 3634
2477 1884 3546
2478 1167 2498
2479 1317 2402
2480 1471 676
2481 2401 875
2482 373 2526
2483 1802 3362
2484 454 1287
2485 752 2006
2486 1390 148
2487 2913 3112
2488 2973 14
2489 1086 109
2490 3755 1019
2491 2743 1641
2492 2198 3730
2493 2214 227
2494 3035 549
2495 575 475
2496 1225 124
2497 2811 1294
2498 409 3015
2499 3070 2105
2500 578 2498
2501 1034 2833
2502 3440 1258
2503 1911 3082
2504 1233 1213
2505 2133 2708
2506 2379 1383
2507 363 2808
2508 597 1011
2509 3328 413
2510 3197 1667
2511 284 172
2512 3437 2988
2513 346 3024
2514 480 500
2515 2059 378
2516 1110 526
2517 1943 1304
2518 2703 14
2519 2128 1530
2520 264 1354
2521 278 3258
2522 277 478
2523 3442 2954
2524 3569 631
2525 282 1623
2526 170 800
2527 2 3462
2528 1682 1644
2529 2281 254
2530 2717 2567
2531 443 778
2532 1603 2015
2533 1887 523
2534 2682 3373
2535 3077 2894
2536 2761 3148
2537 3398 229
2538 1529 2957
2539 1276 2352
2540 3402 577
2541 1214 2114
2542 710 2116
2543 3247 1891
2544 2845 153
2545 3184 668
2546 676 789
2547 1533 3581
2548 2448 2671
2549 766 2887
2550 914 1116
2551 3295 2348
2552 3274 693
2553 572 1819
2554 1047 2394
2555 3364 3321
2556 1052 1813
2557 1271 7
2558 2408 1307
2559 2133 641
2560 450 1786
2561 2881 501
2562 1656 2336
2563 3327 958
2564 1107 3504
2565 2012 2239
2566 2297 2388
2567 1226 2611
2568 964 2377
2569 2379 2166
2570 1701 3025
2571 1419 643
2572 2961 463
2573 2307 1986
2574 2104 677
2575 1430 3735
2576 1618 1197
2577 85 1946
2578 608 2133
2579 2848 166
2580 530 2410
2581 684 3024
2582 834 325
2583 3038 3513
2584 477 3326
2585 1756 2812
2586 2124 614
2587 1547 129
2588 1045 2005
2589 2452 678
2590 3719 433
2591 2330 1878
2592 2714 78
2593 3418 3286
2594 3618 1714
2595 2242 1802
2596 3346 1143
2597 2915 2295
2598 1372 1046
2599 3496 833
2600 1209 1362
2601 1836 2554
2602 1933 1303
2603 3092 3541
2604 3428 2429
2605 2206 3653
2606 1718 135
2607 993 3465
2608 660 205
2609 1819 2384
2610 941 1965
2611 2393 2415
2612 2590 3275
2613 1249 452
2614 3363 1037
2615 160 2827
2616 502 1057
2617 2027 3536
2618 2318 438
2619 941 1052
2620 1099 2742
2621 2398 373
2622 255 1897
2623 2471 2695
2624 2205 3730
2625 233 3341
2626 58 2557
2627 2930 2326
2628 2287 278
2629 3356 1526
2630 2904 784
2631 3250 2393
2632 1469 2423
2633 2067 2831
2634 1686 2581
2635 3518 1404
2636 685 2283
2637 135 3061
2638 2733 2252
2639 1858 2472
2640 1896 2148
2641 2773 3744
2642 159 186
2643 1345 2456
2644 3245 2562
2645 710 425
2646 2003 124
2647 1431 3454
2648 524 3237
2649 2618 862
2650 1460 3538
2651 3193 870
2652 949 2806
2653 3596 2066
2654 3391 1736
2655 1973 203
2656 337 961
2657 839 756
2658 3744 483
2659 2574 243
2660 738 1182
2661 1072 622
2662 3371 1736
2663 1247 957
2664 1015 483
2665 3509 1966
2666 1442 2521
2667 1226 93
2668 2657 1786
2669 2720 66
2670 2096 2559
2671 323 3449
2672 2459 3719
2673 2406 1552
2674 1537 606
2675 1308 1262
2676 742 1196
2677 2387 1681
2678 2871 983
2679 1886 2036
2680 3077 222
2681 563 3398
2682 683 135
2683 2550 3488
2684 754 841
2685 848 2211
2686 3184 2227
2687 2429 355
2688 2437 2750
2689 2737 412
2690 1200 2282
2691 2860 3553
2692 208 498
2693 37 1581
2694 2001 124
2695 3605 2521
2696 143 1631
2697 80 233
2698 379 982
2699 3586 112
2700 8 3123
2701 485 1920
2702 2987 2533
2703 1243 246
2704 1665 2348
2705 1198 179
2706 3557 803
2707 2298 2269
2708 1292 2566
2709 3368 489
2710 630 485
2711 1916 287
2712 1567 203
2713 3190 1922
2714 2425 2926
2715 658 1360
2716 532 2008
2717 1574 13
2718 3468 3175
2719 931 1139
2720 931 2247
2721 967 952
2722 2588 965
2723 972 2430
2724 3504 1106
2725 2922 2486
2726 1650 2460
2727 2382 752
2728 3342 789
2729 2367 372
2730 3034 3
2731 1588 945
2732 2111 1676
2733 1498 2103
2734 2354 311
2735 2076 1935
2736 418 3431
2737 1217 2690
2738 3117 1696
2739 3028 73
2740 3140 340
2741 3205 801
2742 2558 580
2743 1771 67
2744 3461 3683
2745 1440 2150
2746 2888 969
2747 1630 3325
2748 159 2625
2749 577 911
2750 3003 1924
2751 2844 3577
2752 2309 284
2753 1734 1162
2754 3130 996
2755 44 2267
2756 2269 3420
2757 2390 1564
2758 101 35
2759 805 483
2760 758 1724
2761 517 50
2762 2206 605
2763 1157 3097
2764 791 794
2765 55 2936
2766 3378 3752
2767 1585 920
2768 642 912
2769 620 3308
2770 2471 2308
2771 27 720
2772 3515 2841
2773 144 1496
2774 3319 2195
2775 397 1645
2776 1002 3487
2777 1194 2685
2778 3065 2030
2779 3340 1836
2780 3423 2639
2781 1505 339
2782 692 3213
2783 2650 2172
2784 444 2768
2785 76 2010
2786 1680 1766
2787 2188 3385
2788 1638 173
2789 1111 2113
2790 1655 1684
2791 2525 312
2792 1813 2842
2793 3670 3452
2794 2147 1056
2795 1105 3443
2796 488 1073
2797 171 1667
2798 3005 3167
2799 3320 1342
2800 2080 3674
2801 1189 1327
2802 2283 2395
2803 3317 1410
2804 2106 1128
2805 117 2471
2806 328 3508
2807 1815 3110
2808 2818 2730
2809 932 1702
2810 1764 2708
2811 38 515
2812 1499 2137
2813 2933 1129
2814 2834 614
2815 783 2593
2816 2987 2989
2817 2483 1121
2818 2447 2521
2819 3000 1028
2820 3400 480
2821 3059 2361
2822 1486 143
2823 620 1304
2824 3032 371
2825 3420 1866
2826 1157 2378
2827 981 2771
2828 1730 3255
2829 1356 1781
2830 648 2929
2831 1113 820
2832 1439 1890
2833 3690 1119
2834 3647 697
2835 3051 1813
2836 2235 2361
2837 2533 1442
2838 1882 1393
2839 38 2406
2840 1153 2059
2841 442 2736
2842 1425 3228
2843 910 802
2844 782 3673
2845 968 3648
2846 3115 313
2847 428 1950
2848 40 3086
2849 1102 2070
2850 514 45
2851 3147 3058
2852 2541 1127
2853 2203 392
2854 127 3087
2855 2513 893
2856 2526 542
2857 1367 641
2858 3205 2840
2859 1920 282
2860 1418 3006
2861 86 524
2862 3400 888
2863 1124 602
2864 2231 2118
2865 2367 1979
2866 3458 3633
2867 547 292
2868 2431 1370
2869 2012 915
2870 463 407
2871 1694 2555
2872 3473 534
2873 3137 191
2874 1736 1350
2875 2526 1388
2876 2310 3565
2877 3170 862
2878 1742 1977
2879 2018 3589
2880 1863 1280
2881 1260 3643
2882 3575 2571
2883 2277 2396
2884 852 2244
2885 1070 1970
2886 2899 359
2887 118 145
2888 3197 1906
2889 1578 1211
2890 2820 854
2891 3754 1694
2892 2687 3388
2893 3412 2828
2894 1687 3742
2895 3275 3525
2896 3 3235
2897 590 737
2898 1362 2118
2899 3363 2893
2900 1082 383
2901 3181 3538
2902 3207 1477
2903 3121 2664
2904 3185 3736
2905 1264 1373
2906 1647 3679
2907 1602 2266
2908 1170 598
2909 431 1842
2910 3709 1643
2911 35 3175
2912 3491 3479
2913 2927 1877
2914 620 504
2915 1059 1687
2916 2304 1780
2917 1168 249
2918 186 3687
2919 2021 2589
2920 1712 545
2921 1882 2548
2922 1646 2515
2923 2403 115
2924 3599 69
2925 269 3332
2926 2603 1802
2927 1256 972
2928 2036 1649
2929 1307 2784
2930 3241 2570
2931 346 3049
2932 1650 1487
2933 2982 3116
2934 2313 1335
2935 3407 821
2936 2822 3468
2937 3167 2133
2938 848 433
2939 1087 964
2940 3614 953
2941 1473 3323
2942 2846 3031
2943 2453 283
2944 1265 2973
2945 1000 488
2946 1952 915
2947 2626 2553
2948 3471 1310
2949 2701 3602
2950 1080 2915
2951 137 588
2952 3579 227
2953 2575 1156
2954 307 1018
2955 308 1265
2956 3520 1328
2957 31 1751
2958 629 2049
2959 1368 3035
2960 106 1454
2961 1511 2624
2962 1202 1121
2963 499 427
2964 2524 815
2965 2273 3458
2966 2592 909
2967 1499 2513
2968 723 2702
2969 3702 1952
2970 1776 1988
2971 2627 1246
2972 2122 1090
2973 2405 1903
2974 2986 3342
2975 2309 725
2976 2975 3062
2977 663 1892
2978 2653 1748
2979 1552 384
2980 785 2552
2981 3408 2573
2982 3505 1947
2983 443 2886
2984 1696 1967
2985 326 2381
2986 448 2457
2987 2090 3180
2988 513 2831
2989 2066 548
2990 2573 887
2991 3393 3706
2992 49 222
2993 1825 717
2994 2288 2744
2995 2532 931
2996 787 3062
2997 606 2139
2998 12 3310
2999 254 611
3000 3190 782
3001 1350 450
3002 3241 887
3003 2794 1803
3004 340 3421
3005 1800 3020
3006 2890 3687
3007 1482 307
3008 2355 808
3009 584 1104
3010 556 1089
3011 3579 1735
3012 969 704
3013 2046 1766
3014 1474 1060
3015 2678 401
3016 1573 830
3017 2970 121
3018 1530 28
3019 2649 1434
3020 321 2710
3021 385 599
3022 1756 82
3023 1162 1767
3024 1466 3205
3025 1565 2595
3026 2375 1246
3027 1531 1905
3028 43 1752
3029 3767 643
3030 547 1925
3031 2389 601
3032 2469 1843
3033 3154 1163
3034 2466 1411
3035 911 2628
3036 892 637
3037 3307 665
3038 1459 1265
3039 548 1072
3040 2264 2115
3041 3341 1701
3042 2052 2098
3043 673 549
3044 1615 1255
3045 2731 428
3046 3058 1549
3047 62 3041
3048 3644 2762
3049 797 2047
3050 1427 988
3051 513 3050
3052 2168 1564
3053 733 2922
3054 1215 93
3055 1995 2521
3056 43 3045
3057 1639 12
3058 968 153
3059 261 267
3060 2308 2743
3061 2608 32
3062 1612 3634
3063 612 571
3064 3417 1457
3065 2662 1104
3066 3191 2480
3067 2251 87
3068 3656 80
3069 566 1721
3070 2384 3569
3071 1387 3757
3072 1367 277
3073 58 2467
3074 1203 254
3075 3509 2219
3076 746 2010
3077 3059 2000
3078 2269 2245
3079 3645 2004
3080 2111 1383
3081 481 2339
3082 1925 3747
3083 447 3600
3084 488 132
3085 890 1137
3086 1809 76
3087 3494 3587
3088 2922 63
3089 3688 3718
3090 320 3421
3091 3671 3510
3092 3647 3330
3093 308 3237
3094 2802 1825
3095 249 3400
3096 3210 1436
3097 3432 3523
3098 1479 552
3099 2366 2876
3100 1109 1982
3101 2159 1339
3102 800 1418
3103 1968 1702
3104 3684 1199
3105 2301 3210
3106 631 1324
3107 282 2132
3108 3493 2079
3109 1931 1958
3110 1964 3280
3111 2877 1984
3112 2341 1763
3113 2176 2291
3114 1183 1645
3115 3586 1122
3116 884 1620
3117 1387 2357
3118 1647 3100
3119 1671 1281
3120 3183 533
3121 2240 252
3122 3704 2105
3123 607 3619
3124 2305 3275
3125 1635 8
3126 2693 771
3127 1549 796
3128 613 3448
3129 2499 1949
3130 3677 2373
3131 2761 984
3132 2113 53
3133 1727 2636
3134 1842 1142
3135 1562 577
3136 1787 498
3137 2357 2715
3138 3101 1948
3139 3113 3077
3140 1499 1876
3141 3320 3744
3142 2531 2324
3143 1269 2882
3144 3750 2450
3145 2693 2178
3146 986 3242
3147 776 1337
3148 2721 1553
3149 286 2809
3150 1302 1942
3151 1664 2210
3152 424 3615
3153 384 362
3154 621 2484
3155 73 2870
3156 1886 2199
3157 2229 3142
3158 3489 237
3159 3458 2017
3160 2949 1761
3161 2258 2239
3162 2076 2951
3163 148 781
3164 309 615
3165 2918 3369
3166 2968 1102
3167 2191 1263
3168 859 2916
3169 2804 789
3170 2532 355
3171 1358 2763
3172 2507 2836
3173 2356 1673
3174 1896 3280
3175 2188 3296
3176 1558 2138
3177 2185 2415
3178 2978 3036
3179 3301 3728
3180 2899 811
3181 3051 2065
3182 2937 1994
3183 2095 81
3184 1645 3112
3185 2511 3345
3186 3328 3152
3187 781 3398
3188 636 2470
3189 1643 64
3190 1159 725
3191 133 2543
3192 1158 3261
3193 3513 1407
3194 1581 1494
3195 87 3283
3196 3111 1150
3197 537 1439
3198 1775 2410
3199 519 3335
3200 1011 1747
3201 1146 1148
3202 526 2170
3203 761 2816
3204 3090 440
3205 1851 2672
3206 1611 2370
3207 158 3128
3208 114 538
3209 3557 2992
3210 243 3211
3211 2008 2421
3212 3108 3622
3213 205 1286
3214 3354 88
3215 2887 1500
3216 2675 507
3217 1845 3421
3218 2487 525
3219 1583 2546
3220 2160 2548
3221 3340 962
3222 514 3163
3223 383 2926
3224 1402 3379
3225 2282 379
3226 859 1997
3227 1616 1228
3228 675 3049
3229 2001 3588
3230 2097 1104
3231 893 2457
3232 2493 1450
3233 2570 114
3234 867 405
3235 827 2393
3236 2288 1338
3237 1868 1339
3238 3368 2337
3239 3763 2139
3240 3623 2720
3241 867 556
3242 3412 3482
3243 2963 3279
3244 1695 719
3245 981 2651
3246 663 1617
3247 2660 175
3248 2972 3520
3249 2778 3658
3250 1655 1900
3251 2639 1002
3252 3541 3357
3253 494 2248
3254 1292 1960
3255 2134 972
3256 1000 2621
3257 817 2548
3258 1044 2220
3259 143 2006
3260 1578 1185
3261 2114 1340
3262 86 2067
3263 1422 1975
3264 2809 534
3265 3133 1120
3266 226 1848
3267 2366 1672
3268 1608 728
3269 2 1994
3270 19 2009
3271 3758 2838
3272 3677 2302
3273 791 311
3274 352 3423
3275 2231 3035
3276 349 383
3277 1995 942
3278 3261 1966
3279 2785 104
3280 2137 2326
3281 859 2048
3282 2802 1084
3283 2801 2488
3284 3167 2191
3285 2664 2517
3286 765 367
3287 562 1004
3288 2343 190
3289 1226 2461
3290 805 2389
3291 1086 1843
3292 907 3326
3293 3362 1438
3294 3631 1336
3295 74 2770
3296 3372 2295
3297 481 3095
3298 1224 2119
3299 3439 3581
3300 2697 2937
3301 2977 398
3302 1959 1522
3303 3510 2377
3304 3321 301
3305 1158 1229
3306 1693 143
3307 945 2335
3308 3510 602
3309 1455 3555
3310 1716 433
3311 3042 2820
3312 788 874
3313 3087 493
3314 500 3049
3315 2230 2761
3316 731 1138
3317 699 787
3318 2442 2940
3319 3458 3434
3320 141 2969
3321 3439 3510
3322 113 2873
3323 2462 2036
3324 1145 3184
3325 1712 2945
3326 2505 1185
3327 1337 2971
3328 3131 1189
3329 821 1931
3330 247 1913
3331 1084 2205
3332 3291 554
3333 3173 2316
3334 3200 2314
3335 151 658
3336 523 482
3337 2264 3583
3338 1682 2201
3339 1263 1967
3340 396 956
3341 911 56
3342 2981 2268
3343 1033 726
3344 2297 648
3345 78 3365
3346 1936 157
3347 2101 1487
3348 2159 101
3349 1549 870
3350 986 1621
3351 2227 115
3352 556 1458
3353 3186 2851
3354 2568 2735
3355 701 1418
3356 3472 704
3357 3418 1293
3358 3150 1423
3359 3180 3458
3360 890 3121
3361 1797 328
3362 1363 1781
3363 2349 187
3364 2430 1675
3365 937 900
3366 505 1909
3367 3428 2658
3368 653 91
3369 3102 2574
3370 3407 2935
3371 549 2293
3372 1826 3205
3373 2337 1612
3374 1393 1838
3375 310 1732
3376 1190 1828
3377 1156 973
3378 2843 3759
3379 1412 1086
3380 2213 4
3381 2442 340
3382 2513 2129
3383 2335 160
3384 907 1095
3385 2722 1268
3386 602 2059
3387 2808 2447
3388 1670 3514
3389 3286 1924
3390 557 3161
3391 3712 1199
3392 1977 1384
3393 2077 557
3394 3567 971
3395 1666 1759
3396 1621 336
3397 1404 3079
3398 1802 2909
3399 323 3062
3400 518 1732
3401 1642 3407
3402 1116 757
3403 3569 2940
3404 3394 3155
3405 907 396
3406 1580 3229
3407 3403 3459
3408 3159 3290
3409 2154 295
3410 2867 2446
3411 2786 3550
3412 442 1914
3413 1626 3005
3414 1687 2783
3415 1282 1515
3416 976 3691
3417 1830 850
3418 1586 1355
3419 1441 2511
3420 689 1697
3421 1194 1433
3422 1166 2436
3423 901 845
3424 2589 1882
3425 469 101
3426 777 2644
3427 3471 3471
3428 1348 580
3429 3474 3449
3430 3571 515
3431 584 3076
3432 1717 44
3433 648 2728
3434 2830 316
3435 1311 1945
3436 557 1406
3437 2366 34
3438 1650 526
3439 232 3384
3440 2732 2891
3441 1084 628
3442 2959 28
3443 1165 2309
3444 309 375
3445 3586 2671
3446 2017 1761
3447 3373 2268
3448 1854 2210
3449 2764 2664
3450 2882 708
3451 3322 1745
3452 3014 1434
3453 646 1491
3454 1131 1525
3455 3005 3133
3456 1675 233
3457 3177 68
3458 692 1115
3459 1036 570
3460 1673 2820
3461 3581 3724
3462 2432 1097
3463 2505 1157
3464 1057 1400
3465 3024 527
3466 1634 1185
3467 1145 2420
3468 218 3629
3469 2170 241
3470 1016 706
3471 2030 573
3472 3278 3276
3473 3644 2571
3474 2480 177
3475 1781 3411
3476 200 1387
3477 1637 1985
3478 774 2316
3479 2336 1528
3480 998 2234
3481 93 3583
3482 836 1789
3483 1394 144
3484 1122 347
3485 2968 2462
3486 1961 233
3487 453 3727
3488 647 18
3489 309 550
3490 3607 706
3491 2568 915
3492 474 2396
3493 3234 1109
3494 77 2182
3495 3358 1117
3496 135 3046
3497 220 3598
3498 2940 3080
3499 1601 2404
3500 3049 1720
3501 2011 871
3502 392 176
3503 2485 2652
3504 1647 2017
3505 2916 204
3506 1218 326
3507 1023 287
3508 2417 2388
3509 2871 3453
3510 1466 300
3511 3639 1152
3512 1821 1661
3513 3609 903
3514 68 3520
3515 3540 166
3516 105 3456
3517 2963 2248
3518 971 3444
3519 56 1041
3520 3387 3231
3521 678 48
3522 2139 2111
3523 1337 3522
3524 1863 884
3525 28 1087
3526 668 275
3527 1439 1414
3528 3302 2370
3529 1520 622
3530 2442 3251
3531 2510 1521
3532 874 189
3533 2278 2802
3534 2962 701
3535 2684 2309
3536 48 3207
3537 824 3113
3538 3751 1821
3539 68 1307
3540 1578 388
3541 605 1022
3542 1365 129
3543 2458 248
3544 2946 1137
3545 1788 2808
3546 3298 34
3547 2703 1807
3548 2306 844
3549 1671 1214
3550 3439 817
3551 1228 888
3552 2606 1861
3553 484 977
3554 357 2112
3555 2944 9
3556 1112 3
3557 3011 862
3558 682 442
3559 1277 646
3560 843 1835
3561 2145 3324
3562 1783 1130
3563 955 135
3564 1905 3405
3565 1176 2120
3566 3064 1578
3567 1529 2239
3568 2869 3254
3569 600 1608
3570 881 3259
3571 520 3674
3572 3467 1529
3573 1930 2129
3574 210 3750
3575 203 1836
3576 528 1170
3577 1815 2825
3578 1514 1561
3579 2995 1432
3580 1506 1299
3581 1437 1031
3582 587 3612
3583 3241 235
3584 739 3117
3585 1001 959
3586 2186 3728
3587 2104 3311
3588 3496 2490
3589 2239 986
3590 1955 1513
3591 1450 2483
3592 878 3760
3593 1229 1830
3594 1588 346
3595 1982 2803
3596 292 1959
3597 2863 2307
3598 1554 3126
3599 1270 1223
3600 3334 3644
3601 1561 60
3602 2119 3377
3603 949 961
3604 380 1660
3605 1323 720
3606 204 782
3607 1038 93
3608 3054 2123
3609 867 3043
3610 2085 789
3611 3738 1359
3612 1492 1000
3613 976 3509
3614 1181 327
3615 2902 1124
3616 644 149
3617 1038 964
3618 385 1416
3619 1809 991
3620 515 3685
3621 383 2151
3622 966 2460
3623 2718 1755
3624 1234 3067
3625 1535 2651
3626 2337 2938
3627 1513 2632
3628 3081 1665
3629 329 3221
3630 312 2033
3631 1973 1955
3632 2347 787
3633 3168 372
3634 3482 2217
3635 2960 1396
3636 3318 3151
3637 2109 1909
3638 3693 1873
3639 1442 1807
3640 300 2178
3641 34 474
3642 1213 1855
3643 2666 563
3644 981 2640
3645 1470 2496
3646 1655 1939
3647 2090 523
3648 2433 167
3649 3030 3547
3650 40 1964
3651 2869 1051
3652 54 232
3653 1416 1419
3654 1873 3276
3655 1052 687
3656 3651 2077
3657 2196 2289
3658 2048 3549
3659 3149 125
3660 3262 1818
3661 1503 805
3662 2519 1227
3663 952 894
3664 668 1097
3665 967 536
3666 3170 841
3667 190 1161
3668 521 1853
3669 2533 3129
3670 2733 1575
3671 361 1156
3672 1038 538
3673 1426 3586
3674 1337 54
3675 264 1361
3676 1150 1234
3677 1351 3573
3678 2075 715
3679 2543 1921
3680 1141 1538
3681 853 3583
3682 289 2155
3683 3629 41
3684 1152 2552
3685 1914 646
3686 2602 2932
3687 981 3093
3688 1025 3250
3689 1042 3486
3690 40 3055
3691 2811 1144
3692 1504 690
3693 1982 3617
3694 1351 5
3695 2045 733
3696 2689 3594
3697 1960 3619
3698 2134 3062
3699 2945 944
3700 1829 1296
3701 3595 790
3702 1117 1835
3703 1816 1160
3704 3747 1478
3705 918 690
3706 3589 1847
3707 643 1281
3708 3323 2965
3709 1802 871
3710 2362 375
3711 2371 3447
3712 3257 3647
3713 3322 1018
3714 1287 2681
3715 843 1910
3716 383 3518
3717 1797 1827
3718 935 258
3719 3407 3659
3720 1475 206
3721 977 137
3722 1870 2478
3723 329 3585
3724 944 1347
3725 2154 2670
3726 3761 2456
3727 1405 2862
3728 469 2221
3729 1694 72
3730 1180 2685
3731 3701 698
3732 3023 2548
3733 2096 1312
3734 3372 2136
3735 2428 3533
3736 3279 430
3737 903 1414
3738 1708 1365
3739 3125 1763
3740 1139 522
3741 1537 2294
3742 2580 728
3743 989 3373
3744 45 2536
3745 257 2038
3746 725 326
3747 397 883
3748 1719 794
3749 1412 1884
3750 2334 2929
3751 1834 984
3752 220 2946
3753 2155 199
3754 478 2695
3755 611 3162
3756 3412 2062
3757 1388 2750
3758 2924 1498
3759 260 2435
3760 3614 2090
3761 2237 501
3762 3584 3238
3763 9 1110
3764 2632 155
3765 2804 3431
3766 534 2100
3767 1001 1149
3768 1885 1670
3769 1025 449
3770 2919 2465
