1870 1870
1 627 1038
2 786 520
3 1318 1557
4 1428 1037
5 497 1122
6 1118 483
7 742 1240
8 511 1778
9 1606 622
10 831 152
11 1099 1449
12 1408 876
13 1590 1263
14 181 1711
15 505 944
16 1691 1622
17 1392 6
18 1686 1630
19 598 220
20 136 1033
21 383 846
22 570 1077
23 1471 215
24 1584 1245
25 924 512
26 758 1641
27 448 117
28 983 1313
29 1780 1064
30 168 1406
31 822 612
32 989 1756
33 379 1827
34 197 1001
35 30 1252
36 803 1064
37 1637 1565
38 982 121
39 896 1653
40 1131 1674
41 1852 482
42 1278 1531
43 1665 1704
44 1224 601
45 486 1064
46 41 819
47 386 282
48 890 125
49 1864 1522
50 578 460
51 454 981
52 917 663
53 1572 203
54 102 1344
55 1003 400
56 1261 1029
57 630 960
58 927 1360
59 46 1092
60 217 648
61 1413 297
62 640 1791
63 1697 390
64 716 1168
65 812 209
66 274 187
67 257 1386
68 55 115
69 1824 670
70 976 65
71 1238 1586
72 1447 873
73 1016 906
74 1580 1822
75 725 685
76 1789 119
77 563 1050
78 537 773
79 173 432
80 10 639
81 1229 386
82 874 1476
83 1793 1556
84 601 1352
85 331 779
86 549 456
87 1449 1839
88 1214 504
89 1830 660
90 1865 1069
91 600 1059
92 378 301
93 396 1293
94 839 1028
95 88 1733
96 1121 1466
97 574 1212
98 1 1126
99 335 1600
100 1330 1279
101 331 613
102 176 66
103 1707 591
104 1020 953
105 1845 1135
106 98 241
107 711 789
108 1861 388
109 472 1353
110 296 343
111 160 1833
112 835 1719
113 718 467
114 400 1852
115 1707 1407
116 173 1293
117 1278 1638
118 1698 662
119 1503 969
120 1543 91
121 1481 629
122 1670 698
123 1429 1257
124 854 157
125 1027 178
126 1083 1360
127 1547 98
128 790 135
129 633 961
130 1656 1789
131 828 108
132 1608 1504
133 1511 1172
134 60 322
135 1621 534
136 1638 198
137 50 944
138 1336 1172
139 676 57
140 1540 137
141 1268 768
142 1151 441
143 24 568
144 1688 1644
145 138 471
146 191 269
147 494 354
148 980 907
149 1105 1484
150 130 194
151 306 456
152 1097 1547
153 1530 375
154 1818 621
155 425 438
156 584 1526
157 269 198
158 91 1651
159 47 736
160 711 710
161 616 1720
162 484 1482
163 1858 1184
164 1075 1033
165 4 784
166 768 585
167 834 969
168 1799 273
169 247 551
170 1786 92
171 116 799
172 1369 494
173 709 1382
174 1642 1709
175 863 815
176 1504 923
177 638 1420
178 920 488
179 1836 1509
180 1158 256
181 1755 360
182 1414 325
183 1183 478
184 953 1638
185 804 1722
186 1381 770
187 1540 648
188 824 1446
189 418 328
190 855 405
191 1053 1059
192 1426 760
193 1403 1399
194 1524 939
195 336 1173
196 453 553
197 1228 1096
198 1017 1054
199 1513 109
200 1508 353
201 18 1602
202 1235 405
203 1019 165
204 1532 104
205 1721 925
206 1733 1406
207 1463 614
208 1538 515
209 239 1129
210 1751 1103
211 1400 62
212 271 1632
213 1703 623
214 1065 92
215 426 1832
216 1743 1145
217 357 438
218 1751 1520
219 1776 1617
220 600 1228
221 1286 965
222 397 1205
223 1299 624
224 1162 84
225 1731 1372
226 912 446
227 36 1585
228 15 1197
229 1608 1522
230 774 1480
231 662 1160
232 153 146
233 240 1554
234 1869 1330
235 927 466
236 704 986
237 194 594
238 943 1064
239 162 318
240 1535 1013
241 89 1511
242 510 352
243 19 18
244 1088 380
245 1021 446
246 1808 46
247 1447 63
248 1783 572
249 801 304
250 1109 1823
251 1427 760
252 1083 1735
253 367 1169
254 1624 1576
255 728 1559
256 374 1773
257 1587 1415
258 927 1625
259 718 1529
260 1287 980
261 865 1840
262 711 191
263 1428 466
264 589 1762
265 278 987
266 1520 660
267 1824 721
268 1830 977
269 1812 1857
270 1104 706
271 1352 727
272 1856 613
273 973 380
274 1080 570
275 1817 305
276 1302 747
277 1034 1293
278 220 34
279 539 1491
280 1706 787
281 1407 827
282 931 271
283 1151 1546
284 406 1429
285 1381 1252
286 579 1360
287 1596 1552
288 1028 994
289 513 56
290 552 132
291 1525 644
292 890 55
293 227 1380
294 1775 679
295 1791 1320
296 1225 192
297 202 1186
298 1484 1439
299 448 1370
300 822 1036
301 597 302
302 1736 970
303 525 1304
304 1354 716
305 383 1606
306 1286 1778
307 148 1275
308 1811 1731
309 1727 446
310 809 605
311 135 1748
312 1697 1232
313 915 1069
314 1183 449
315 265 1304
316 1609 196
317 1738 275
318 1232 931
319 193 1754
320 1797 837
321 1431 6
322 1087 438
323 260 1778
324 348 982
325 308 2
326 1703 1273
327 181 871
328 1175 307
329 270 860
330 1459 1375
331 482 1433
332 540 868
333 1342 1139
334 933 988
335 1182 86
336 1281 494
337 1781 1048
338 292 1678
339 29 1771
340 309 1078
341 770 262
342 154 713
343 267 1459
344 518 9
345 1360 538
346 1472 1840
347 403 826
348 1849 239
349 441 1396
350 434 1024
351 646 1808
352 820 210
353 144 597
354 1516 1851
355 783 831
356 915 348
357 1359 778
358 1613 1724
359 1082 627
360 805 1815
361 1445 1293
362 873 665
363 1510 374
364 1615 625
365 1807 1822
366 973 335
367 684 275
368 491 457
369 1768 1597
370 1534 1270
371 423 1252
372 1435 635
373 19 783
374 1869 1801
375 607 973
376 225 302
377 502 167
378 1763 634
379 1861 1096
380 510 1443
381 594 1808
382 370 142
383 50 16
384 509 334
385 465 1780
386 377 1364
387 899 652
388 1355 1603
389 339 720
390 1027 1338
391 1050 1479
392 36 1130
393 1222 1195
394 1295 1820
395 1693 1035
396 404 1798
397 1176 169
398 1822 98
399 1553 801
400 237 670
401 151 175
402 1415 1019
403 736 430
404 1012 823
405 884 628
406 1556 60
407 210 22
408 1451 1192
409 463 1333
410 770 1840
411 664 59
412 274 486
413 224 1820
414 652 1867
415 1725 654
416 1852 115
417 958 1015
418 309 1131
419 727 880
420 70 1249
421 1152 1031
422 978 1652
423 1809 1108
424 210 1787
425 563 1765
426 1173 1210
427 1506 34
428 299 798
429 1842 943
430 1127 830
431 259 1127
432 1242 1728
433 924 1458
434 1500 946
435 910 550
436 916 812
437 504 1793
438 68 1564
439 1509 740
440 1533 251
441 875 1228
442 1221 754
443 761 1631
444 612 17
445 1542 494
446 618 1855
447 897 1048
448 759 776
449 805 1016
450 1719 16
451 833 1601
452 544 953
453 1736 592
454 180 1078
455 894 1468
456 357 1091
457 704 906
458 1186 1347
459 893 127
460 506 7
461 226 176
462 1701 1661
463 217 181
464 1018 1739
465 156 499
466 61 709
467 352 1516
468 625 46
469 1180 50
470 486 721
471 882 1076
472 211 216
473 30 339
474 1831 516
475 1024 1803
476 379 1344
477 618 96
478 944 1819
479 1694 32
480 895 330
481 441 1201
482 829 1067
483 1423 1477
484 202 1848
485 1364 605
486 1537 262
487 919 1133
488 929 620
489 1630 1600
490 759 1450
491 1394 867
492 1569 555
493 590 1741
494 212 1275
495 1635 1167
496 1267 1300
497 56 189
498 1426 244
499 1765 1726
500 1124 458
501 136 159
502 814 1650
503 677 315
504 1412 1505
505 496 1466
506 1673 163
507 771 1727
508 1808 1507
509 642 1472
510 883 1153
511 402 458
512 125 1783
513 916 1432
514 1702 382
515 1193 595
516 1634 968
517 1627 931
518 917 1271
519 313 101
520 1758 614
521 1814 859
522 484 289
523 106 1269
524 825 1171
525 248 690
526 1258 758
527 536 253
528 1286 1365
529 1237 126
530 1106 994
531 1793 108
532 20 1576
533 1545 1714
534 394 1519
535 1013 1037
536 156 1246
537 1372 1271
538 267 72
539 1637 157
540 185 923
541 533 1280
542 1110 680
543 1151 1075
544 1221 1279
545 1775 1129
546 1451 1011
547 264 1355
548 1289 340
549 905 900
550 1134 1096
551 1688 773
552 1428 1674
553 1240 774
554 765 1717
555 1329 799
556 687 49
557 701 897
558 1594 1557
559 1759 1531
560 992 1554
561 1280 440
562 580 1196
563 292 666
564 167 1509
565 674 41
566 971 1772
567 1475 1636
568 1263 837
569 592 1664
570 1406 1064
571 1069 1009
572 1398 371
573 632 1340
574 1769 685
575 1120 187
576 986 41
577 241 1047
578 484 1815
579 1071 105
580 864 737
581 790 1266
582 992 825
583 1690 1276
584 1814 1191
585 253 139
586 325 1655
587 1269 1322
588 1340 637
589 154 1155
590 1185 1017
591 1240 279
592 1551 952
593 1860 816
594 968 1314
595 409 546
596 151 762
597 889 1323
598 102 471
599 1203 61
600 732 1142
601 105 281
602 1846 1644
603 701 1249
604 647 1159
605 749 182
606 1753 120
607 1589 1176
608 406 713
609 1553 690
610 547 1210
611 80 1117
612 547 1423
613 555 1360
614 1436 212
615 85 1162
616 1326 743
617 1597 1046
618 459 300
619 1380 432
620 478 1131
621 107 1597
622 439 1476
623 1057 504
624 925 156
625 385 1297
626 96 1370
627 1192 1797
628 1849 290
629 1112 884
630 1315 840
631 675 1207
632 1512 713
633 1498 1796
634 663 853
635 829 163
636 1145 1305
637 1312 1497
638 1204 249
639 716 477
640 25 779
641 982 1707
642 178 1799
643 620 735
644 1058 324
645 6 65
646 1182 433
647 17 1408
648 949 1462
649 94 421
650 1845 165
651 712 887
652 157 1235
653 723 1016
654 1192 281
655 973 1308
656 1259 120
657 402 589
658 1847 937
659 1072 1563
660 998 1408
661 969 1169
662 298 1029
663 988 174
664 1471 1307
665 303 998
666 225 1826
667 240 242
668 853 248
669 261 966
670 1778 916
671 760 493
672 831 1015
673 1003 752
674 1124 126
675 47 471
676 1693 444
677 1180 451
678 285 260
679 362 587
680 1048 209
681 273 438
682 83 381
683 721 368
684 920 125
685 652 522
686 199 1725
687 216 112
688 1492 464
689 381 1670
690 220 36
691 1858 110
692 452 523
693 361 263
694 580 1501
695 1727 74
696 1689 1560
697 1762 775
698 1560 1733
699 1099 1662
700 135 637
701 1679 409
702 1748 625
703 770 1398
704 516 1749
705 1605 1431
706 52 1557
707 1777 1302
708 325 688
709 1034 510
710 1200 871
711 1503 652
712 651 963
713 695 1765
714 1548 1677
715 1436 654
716 104 268
717 950 693
718 1078 305
719 1313 1627
720 920 1252
721 130 399
722 1053 1087
723 110 107
724 667 1712
725 1675 1588
726 696 1210
727 1054 640
728 928 1361
729 429 635
730 1342 1841
731 322 414
732 1672 1018
733 743 1118
734 899 1000
735 1134 72
736 1048 1803
737 1436 314
738 578 1746
739 1212 999
740 967 319
741 712 551
742 241 1039
743 358 180
744 124 1562
745 364 1773
746 1752 1313
747 1377 317
748 121 838
749 1246 1747
750 1564 318
751 1621 1489
752 1245 1122
753 796 1537
754 216 1264
755 1378 927
756 1650 403
757 1071 468
758 1412 707
759 1403 1243
760 350 1128
761 1633 533
762 514 210
763 76 499
764 216 301
765 644 1260
766 1244 633
767 1795 344
768 120 1506
769 572 1089
770 1241 445
771 1850 538
772 513 25
773 912 263
774 1734 962
775 1052 144
776 1258 1182
777 1496 236
778 569 1803
779 1553 245
780 1157 564
781 1617 1501
782 1534 891
783 903 498
784 1850 1118
785 316 1028
786 1678 1118
787 1331 520
788 116 760
789 938 240
790 200 815
791 45 1615
792 589 1729
793 819 1846
794 1530 64
795 123 669
796 319 687
797 212 1148
798 1675 1149
799 1355 1049
800 590 1634
801 1316 1220
802 1024 1682
803 1857 539
804 216 1027
805 909 1018
806 123 1370
807 1479 990
808 1741 1488
809 334 223
810 993 494
811 569 1859
812 907 1380
813 1692 1064
814 1484 710
815 260 965
816 696 771
817 900 1764
818 330 670
819 1778 1109
820 703 1866
821 1260 944
822 675 1106
823 305 150
824 1744 822
825 553 874
826 1594 356
827 675 1100
828 474 279
829 855 732
830 1358 1053
831 650 319
832 153 1540
833 981 1548
834 1227 578
835 906 23
836 1601 1163
837 1400 636
838 1605 592
839 1133 1823
840 517 763
841 963 1421
842 46 1768
843 325 350
844 447 233
845 1632 122
846 400 860
847 345 1818
848 819 1123
849 487 582
850 140 384
851 1149 642
852 213 1382
853 601 1200
854 1286 1512
855 431 407
856 793 1141
857 914 865
858 1119 1461
859 1581 1522
860 514 299
861 1404 1390
862 77 185
863 153 731
864 1751 129
865 977 513
866 1726 181
867 95 586
868 1288 763
869 1659 404
870 623 1141
871 672 1303
872 800 585
873 517 396
874 810 126
875 319 878
876 408 926
877 92 678
878 649 25
879 389 651
880 267 1792
881 222 1351
882 1696 1260
883 1254 365
884 438 260
885 1709 158
886 37 628
887 1793 1670
888 684 260
889 1619 1774
890 1134 1439
891 204 1220
892 1780 635
893 331 1117
894 1803 1683
895 1677 501
896 232 1471
897 1380 828
898 167 332
899 968 359
900 803 1406
901 514 97
902 1504 453
903 1370 321
904 724 216
905 320 576
906 222 1819
907 581 1569
908 1779 318
909 885 632
910 238 98
911 1130 134
912 1099 887
913 890 1799
914 1401 1001
915 1502 98
916 938 1772
917 1360 1152
918 11 1232
919 856 912
920 1158 1000
921 70 346
922 267 667
923 132 1793
924 363 1705
925 1273 1289
926 623 1648
927 1869 1229
928 1301 646
929 753 39
930 1059 1315
931 1776 1829
932 420 487
933 980 1001
934 560 150
935 233 383
936 571 257
937 355 398
938 470 455
939 696 910
940 472 432
941 881 1010
942 641 739
943 1714 705
944 383 1851
945 878 186
946 820 1498
947 1832 1169
948 1723 283
949 1412 486
950 188 50
951 859 1242
952 444 1825
953 1509 361
954 440 943
955 685 1547
956 1348 1437
957 831 1859
958 507 455
959 1648 154
960 783 1725
961 148 774
962 1069 1016
963 1214 1256
964 860 1627
965 906 45
966 249 1323
967 1384 1403
968 1324 947
969 1859 441
970 363 1308
971 1585 766
972 1303 887
973 155 1584
974 844 1166
975 1010 1210
976 266 922
977 969 1721
978 987 453
979 674 552
980 1375 1019
981 1318 517
982 804 754
983 50 1502
984 1130 1818
985 491 350
986 196 1753
987 1540 1191
988 1716 251
989 685 376
990 176 706
991 1405 745
992 557 1743
993 978 1559
994 159 613
995 1272 1128
996 440 1242
997 544 383
998 624 961
999 1827 1149
1000 1479 1016
1001 1074 119
1002 218 835
1003 1855 1579
1004 185 857
1005 1185 614
1006 366 1847
1007 1010 304
1008 1555 566
1009 441 1009
1010 1598 1628
1011 730 1360
1012 1775 1109
1013 1064 395
1014 840 66
1015 1755 976
1016 1446 419
1017 1450 265
1018 1456 1071
1019 232 1792
1020 49 879
1021 285 1424
1022 1814 15
1023 187 1304
1024 1251 52
1025 468 1278
1026 1414 922
1027 733 554
1028 1750 998
1029 1484 815
1030 1293 1132
1031 883 1487
1032 65 1596
1033 1194 12
1034 1691 1461
1035 556 497
1036 63 49
1037 307 1528
1038 62 126
1039 1477 571
1040 700 1740
1041 1057 1302
1042 34 1834
1043 1495 1629
1044 1504 1060
1045 1169 1501
1046 1509 768
1047 1375 377
1048 241 366
1049 1618 680
1050 86 1227
1051 263 1210
1052 1788 1700
1053 1398 1747
1054 1381 7
1055 1232 1389
1056 1005 1168
1057 116 329
1058 163 1253
1059 1586 65
1060 1325 1137
1061 239 1734
1062 527 610
1063 272 993
1064 1187 1504
1065 246 1319
1066 296 620
1067 1014 1703
1068 503 398
1069 1784 1695
1070 428 299
1071 748 1474
1072 1357 1213
1073 1115 946
1074 1514 114
1075 1844 647
1076 572 848
1077 639 222
1078 813 1453
1079 1343 944
1080 1354 1187
1081 799 571
1082 771 197
1083 953 599
1084 1687 813
1085 538 320
1086 891 1057
1087 741 1260
1088 1253 703
1089 1780 445
1090 468 1359
1091 657 1617
1092 1668 478
1093 1246 69
1094 1672 572
1095 1272 1620
1096 1111 893
1097 1423 1050
1098 1516 1630
1099 410 1366
1100 711 1610
1101 1145 801
1102 450 603
1103 369 158
1104 63 1005
1105 509 432
1106 1548 1650
1107 379 191
1108 1301 981
1109 1778 1764
1110 52 183
1111 1691 1519
1112 1763 898
1113 47 1314
1114 267 1204
1115 1088 667
1116 1448 1314
1117 1343 302
1118 126 243
1119 80 471
1120 1114 1304
1121 371 66
1122 1313 634
1123 1806 1110
1124 205 240
1125 931 758
1126 66 769
1127 887 72
1128 1095 363
1129 967 1211
1130 1842 56
1131 198 1798
1132 1317 989
1133 1674 934
1134 625 614
1135 548 717
1136 1279 649
1137 1364 867
1138 724 1832
1139 608 1504
1140 940 544
1141 1810 473
1142 883 271
1143 1113 1386
1144 1569 7
1145 1844 1081
1146 1390 438
1147 962 613
1148 544 1304
1149 1393 1645
1150 1188 1595
1151 83 176
1152 237 452
1153 594 35
1154 1236 703
1155 75 1393
1156 504 133
1157 1862 903
1158 121 507
1159 391 1066
1160 1146 1132
1161 1094 684
1162 1060 1170
1163 1301 233
1164 1442 25
1165 685 803
1166 829 440
1167 70 211
1168 1541 207
1169 639 1849
1170 163 234
1171 1134 1644
1172 1724 1828
1173 1165 663
1174 1757 1648
1175 620 365
1176 510 1163
1177 743 1249
1178 897 1123
1179 341 166
1180 1654 137
1181 1388 1007
1182 34 1214
1183 333 994
1184 502 794
1185 207 660
1186 114 1851
1187 1195 234
1188 884 486
1189 552 725
1190 1803 345
1191 1422 412
1192 1628 953
1193 810 1557
1194 380 1344
1195 454 768
1196 823 741
1197 1549 1517
1198 669 1614
1199 34 1843
1200 765 1169
1201 544 1638
1202 452 1506
1203 831 878
1204 901 177
1205 1701 1485
1206 676 60
1207 1667 1482
1208 644 154
1209 202 880
1210 1603 256
1211 1390 481
1212 1402 547
1213 1758 211
1214 1526 452
1215 685 165
1216 1474 1680
1217 1068 915
1218 1116 1070
1219 1013 1462
1220 193 29
1221 460 979
1222 1068 1543
1223 623 1850
1224 593 957
1225 1435 758
1226 1458 1220
1227 449 550
1228 1343 1864
1229 687 1870
1230 20 1395
1231 202 1780
1232 1012 750
1233 888 1703
1234 1733 1570
1235 1066 894
1236 1772 731
1237 109 578
1238 1702 1135
1239 632 813
1240 732 1587
1241 1278 1352
1242 1243 1146
1243 47 308
1244 513 997
1245 1420 1524
1246 730 936
1247 1613 265
1248 486 148
1249 1828 1110
1250 464 516
1251 1605 888
1252 491 1854
1253 860 101
1254 817 1007
1255 608 299
1256 1341 1830
1257 999 376
1258 1765 14
1259 1848 21
1260 1760 1591
1261 1383 125
1262 1249 337
1263 1674 376
1264 241 1417
1265 946 1281
1266 854 358
1267 798 1154
1268 1497 1683
1269 115 833
1270 1860 1598
1271 755 1386
1272 961 1248
1273 839 750
1274 761 875
1275 1326 1781
1276 1305 1372
1277 630 180
1278 725 1169
1279 298 405
1280 1734 1159
1281 689 215
1282 1329 921
1283 1668 1447
1284 628 146
1285 580 717
1286 572 804
1287 698 1368
1288 942 1856
1289 1800 185
1290 1086 240
1291 855 155
1292 304 604
1293 952 685
1294 581 419
1295 1364 387
1296 684 385
1297 1503 1840
1298 806 295
1299 328 1477
1300 530 1584
1301 1260 1844
1302 579 1379
1303 1263 1148
1304 983 897
1305 1008 1515
1306 1547 712
1307 274 1781
1308 1742 1112
1309 263 317
1310 1122 993
1311 1758 312
1312 596 1749
1313 1828 412
1314 1716 1594
1315 428 1802
1316 876 1650
1317 1743 1179
1318 1452 1579
1319 829 1760
1320 742 1722
1321 977 1384
1322 1524 1115
1323 1687 331
1324 366 841
1325 978 1811
1326 295 324
1327 1351 1189
1328 1193 1011
1329 946 1640
1330 1284 506
1331 1467 260
1332 750 410
1333 680 807
1334 494 1836
1335 1741 364
1336 94 954
1337 436 1645
1338 891 1563
1339 926 1462
1340 318 103
1341 660 18
1342 367 782
1343 413 1052
1344 462 1271
1345 1662 1564
1346 163 1396
1347 323 168
1348 979 551
1349 1220 1347
1350 1194 1744
1351 1215 1559
1352 1638 603
1353 741 1790
1354 101 1326
1355 1611 1522
1356 1153 51
1357 1453 430
1358 1334 160
1359 418 821
1360 175 1492
1361 58 1258
1362 474 481
1363 1752 1148
1364 740 1517
1365 765 165
1366 54 225
1367 1329 634
1368 1687 1391
1369 1244 734
1370 184 958
1371 198 1447
1372 689 548
1373 1631 658
1374 29 1271
1375 1282 1375
1376 365 500
1377 1518 327
1378 286 1591
1379 1473 818
1380 1124 831
1381 241 1531
1382 744 75
1383 816 317
1384 1234 1055
1385 1078 731
1386 1769 175
1387 1018 1322
1388 445 1234
1389 222 1389
1390 366 481
1391 558 1592
1392 1199 465
1393 965 1715
1394 920 324
1395 1124 667
1396 1486 1142
1397 1415 852
1398 28 662
1399 1483 1332
1400 1317 760
1401 1195 1585
1402 1347 1674
1403 256 1018
1404 287 1440
1405 756 1125
1406 1228 1855
1407 654 1370
1408 932 1550
1409 579 1198
1410 623 64
1411 1680 96
1412 1139 1308
1413 1288 1506
1414 1666 510
1415 820 794
1416 343 470
1417 461 743
1418 1595 90
1419 22 619
1420 1104 271
1421 124 1528
1422 1097 417
1423 639 1455
1424 801 1736
1425 626 1717
1426 895 1482
1427 1751 507
1428 1486 683
1429 1276 1573
1430 1711 319
1431 1344 1297
1432 1485 1796
1433 452 857
1434 160 348
1435 865 885
1436 985 1241
1437 1586 33
1438 1794 592
1439 786 1656
1440 1195 1543
1441 256 831
1442 159 1732
1443 174 406
1444 1213 354
1445 874 602
1446 1253 929
1447 189 759
1448 394 427
1449 658 1155
1450 1767 288
1451 885 1726
1452 19 74
1453 1766 1064
1454 196 1501
1455 1763 1740
1456 1659 290
1457 1251 416
1458 94 146
1459 1705 128
1460 1813 118
1461 336 1390
1462 1153 1529
1463 497 1686
1464 420 201
1465 1495 460
1466 415 1541
1467 1342 1138
1468 299 1707
1469 807 1075
1470 173 532
1471 728 1429
1472 805 724
1473 624 1854
1474 193 1803
1475 282 941
1476 194 528
1477 1566 551
1478 895 1532
1479 112 1101
1480 329 1079
1481 1207 762
1482 1094 1411
1483 874 1790
1484 136 351
1485 591 1553
1486 1454 992
1487 843 487
1488 1202 737
1489 778 345
1490 1421 696
1491 393 1221
1492 1856 933
1493 1788 1772
1494 1521 1462
1495 930 445
1496 1691 667
1497 1727 1773
1498 741 996
1499 473 1591
1500 1801 1301
1501 994 821
1502 1585 1604
1503 868 418
1504 748 759
1505 1223 1815
1506 1579 477
1507 340 1256
1508 1120 287
1509 768 684
1510 1712 200
1511 441 1372
1512 600 264
1513 137 1654
1514 785 808
1515 465 1253
1516 1022 1168
1517 864 366
1518 561 422
1519 849 1789
1520 1129 911
1521 354 569
1522 832 1194
1523 1496 311
1524 1709 1146
1525 986 1866
1526 819 583
1527 1251 1580
1528 1655 767
1529 1757 1008
1530 211 1408
1531 1402 552
1532 246 1864
1533 1594 204
1534 1630 355
1535 1148 1471
1536 1482 1088
1537 1151 1554
1538 900 356
1539 914 1435
1540 1863 233
1541 70 1754
1542 1442 1849
1543 583 1657
1544 150 92
1545 1531 1735
1546 626 12
1547 581 112
1548 990 1251
1549 1766 927
1550 331 792
1551 566 922
1552 1802 877
1553 764 1750
1554 340 325
1555 1572 1044
1556 848 1353
1557 232 1183
1558 259 693
1559 687 190
1560 946 474
1561 771 1501
1562 301 388
1563 1046 1490
1564 1161 1772
1565 634 1489
1566 983 367
1567 1065 1556
1568 341 1509
1569 927 1383
1570 965 835
1571 255 1120
1572 825 1587
1573 1595 329
1574 1029 1513
1575 1280 1421
1576 407 1164
1577 1633 1226
1578 935 111
1579 1697 591
1580 584 754
1581 1059 1500
1582 1173 784
1583 201 1003
1584 117 166
1585 1370 192
1586 532 1846
1587 563 1817
1588 1152 551
1589 491 744
1590 608 1364
1591 607 1172
1592 1619 1100
1593 1335 1336
1594 978 630
1595 592 1733
1596 192 997
1597 241 1781
1598 766 144
1599 1538 1652
1600 1519 394
1601 626 1165
1602 226 689
1603 1776 1288
1604 512 403
1605 430 817
1606 169 1261
1607 962 748
1608 315 871
1609 787 1769
1610 1413 855
1611 103 818
1612 880 274
1613 1666 1856
1614 1181 508
1615 408 1047
1616 1155 1690
1617 1003 1190
1618 1636 615
1619 1616 578
1620 312 1119
1621 1216 1122
1622 401 1550
1623 237 602
1624 1544 750
1625 765 997
1626 1846 1617
1627 782 1098
1628 20 1742
1629 310 587
1630 677 421
1631 1085 1488
1632 482 1369
1633 766 318
1634 1407 290
1635 1857 1579
1636 305 579
1637 481 765
1638 785 844
1639 373 1060
1640 1218 1683
1641 848 738
1642 1484 399
1643 15 1234
1644 1531 1747
1645 1347 1150
1646 1744 518
1647 1395 1408
1648 27 350
1649 894 1047
1650 414 477
1651 1824 529
1652 206 1161
1653 523 403
1654 1296 824
1655 947 1508
1656 1799 735
1657 1542 440
1658 111 431
1659 1827 1629
1660 1007 1044
1661 292 1512
1662 947 679
1663 626 258
1664 447 1023
1665 359 1555
1666 198 285
1667 173 210
1668 838 127
1669 1554 926
1670 615 1438
1671 1765 485
1672 272 1078
1673 289 755
1674 851 1340
1675 485 858
1676 1656 162
1677 1070 1023
1678 63 920
1679 77 124
1680 1641 1818
1681 850 425
1682 835 28
1683 593 511
1684 1202 209
1685 801 1032
1686 1743 94
1687 1072 945
1688 1147 1029
1689 89 1042
1690 10 1188
1691 727 210
1692 225 299
1693 1865 323
1694 1359 674
1695 550 1346
1696 1596 47
1697 10 1444
1698 1194 67
1699 583 474
1700 1408 1071
1701 76 630
1702 692 1817
1703 1166 1338
1704 1585 549
1705 1856 1060
1706 807 1026
1707 206 1022
1708 993 388
1709 1530 629
1710 1180 400
1711 315 1289
1712 1195 1082
1713 1128 346
1714 1616 1158
1715 713 877
1716 633 194
1717 79 202
1718 1617 718
1719 111 962
1720 1643 182
1721 1735 973
1722 618 1057
1723 542 1735
1724 1777 200
1725 1633 710
1726 1079 1758
1727 798 207
1728 1538 639
1729 685 1721
1730 1062 368
1731 891 673
1732 1842 1339
1733 484 631
1734 1601 1288
1735 1721 940
1736 1422 1227
1737 1261 1429
1738 1053 905
1739 13 1724
1740 532 1067
1741 846 1610
1742 427 935
1743 979 1072
1744 1814 1859
1745 641 409
1746 51 1572
1747 1505 554
1748 1628 1539
1749 745 357
1750 1237 1736
1751 944 1375
1752 1157 38
1753 54 1611
1754 562 1305
1755 57 322
1756 864 271
1757 1361 225
1758 870 926
1759 952 1202
1760 1345 815
1761 57 1804
1762 1548 496
1763 1217 1253
1764 458 1172
1765 1160 260
1766 1526 494
1767 1412 627
1768 149 58
1769 1251 211
1770 38 1259
1771 468 1535
1772 1795 481
1773 1496 358
1774 85 231
1775 321 1696
1776 478 28
1777 1515 1635
1778 554 397
1779 1039 700
1780 1519 1456
1781 915 1539
1782 1369 1740
1783 1373 580
1784 1659 932
1785 376 1041
1786 1763 1862
1787 1439 867
1788 611 1292
1789 413 689
1790 1853 1313
1791 869 764
1792 1475 1710
1793 961 663
1794 213 205
1795 1235 1409
1796 738 366
1797 1824 270
1798 75 1503
1799 1430 1376
1800 535 44
1801 1277 920
1802 309 1667
1803 624 366
1804 249 1098
1805 794 300
1806 1095 266
1807 1844 308
1808 1206 1261
1809 1687 946
1810 420 1839
1811 594 329
1812 1566 1347
1813 43 497
1814 463 1642
1815 1431 1156
1816 128 75
1817 994 726
1818 982 1235
1819 710 251
1820 936 832
1821 556 631
1822 1856 1869
1823 43 404
1824 1131 1338
1825 1155 1372
1826 758 1738
1827 1066 780
1828 1086 55
1829 1751 969
1830 150 1305
1831 1626 867
1832 1075 808
1833 1237 37
1834 315 454
1835 956 1505
1836 177 223
1837 241 1653
1838 127 703
1839 1036 1000
1840 85 1438
1841 1411 1234
1842 322 1286
1843 109 599
1844 972 295
1845 1856 1011
1846 264 927
1847 703 1498
1848 403 649
1849 648 620
1850 1030 330
1851 38 1498
1852 1225 648
1853 1153 1
1854 131 120
1855 374 213
1856 1662 922
1857 627 140
1858 1635 1108
1859 1275 1236
1860 267 36
1861 1638 1241
1862 468 991
1863 1406 78
1864 797 718
1865 1561 97
1866 1710 133
1867 1494 232
1868 786 323
1869 804 1255
1870 1863 1649
