2960 2960
1 536 711
2 2659 2226
3 1330 2652
4 2874 2154
5 463 2369
6 1576 656
7 1666 1981
8 834 2752
9 450 1486
10 86 262
11 780 982
12 2521 2927
13 589 2003
14 2209 251
15 2160 1507
16 772 1958
17 965 2487
18 1407 279
19 115 2776
20 1132 1240
21 575 2312
22 2878 2295
23 1261 155
24 207 108
25 775 1877
26 2157 1180
27 2540 1205
28 672 925
29 2890 1970
30 1839 2412
31 799 517
32 1811 1051
33 1884 968
34 1339 1839
35 2268 157
36 1378 2745
37 835 1346
38 46 1203
39 2474 1779
40 2586 1901
41 1994 273
42 2023 2232
43 119 161
44 1310 2772
45 1776 2392
46 506 1797
47 2531 438
48 644 299
49 1638 16
50 1806 1410
51 1828 2483
52 995 2822
53 52 2358
54 1278 2939
55 2320 319
56 1499 1261
57 2277 1272
58 412 1796
59 1286 2211
60 1469 1466
61 214 2556
62 2202 2671
63 2133 1663
64 495 348
65 1387 1801
66 911 615
67 2947 2739
68 2793 2535
69 2186 1036
70 856 2009
71 1592 342
72 2026 2770
73 2397 1861
74 2100 1366
75 656 179
76 1476 632
77 612 55
78 1207 1202
79 1325 1926
80 2380 839
81 1522 1083
82 2056 1448
83 1714 2260
84 1659 20
85 2380 461
86 1315 2579
87 2937 1009
88 704 1125
89 2781 701
90 2359 470
91 2334 1783
92 2411 549
93 2068 287
94 1977 678
95 2642 1606
96 1523 196
97 2083 220
98 848 555
99 1785 2478
100 1281 245
101 514 1600
102 775 307
103 108 1158
104 115 2062
105 2875 474
106 926 1966
107 2568 1961
108 2106 491
109 156 414
110 2424 1170
111 765 756
112 2364 2587
113 2552 2422
114 942 1081
115 1088 1961
116 179 2289
117 2661 1597
118 2235 511
119 553 2479
120 844 1637
121 2399 2371
122 1999 405
123 1589 2496
124 1897 1472
125 1940 2860
126 1965 992
127 277 2490
128 799 2084
129 2262 944
130 1996 1034
131 1949 1710
132 2297 1266
133 2077 1612
134 1529 2959
135 71 420
136 2771 1025
137 98 2928
138 483 210
139 1070 1269
140 288 1374
141 2085 1808
142 1310 2198
143 1075 1135
144 1525 630
145 2744 2147
146 2001 2165
147 2011 68
148 491 158
149 961 902
150 2120 2701
151 2446 2779
152 817 187
153 76 570
154 835 462
155 122 2798
156 2247 27
157 614 2002
158 757 877
159 910 2331
160 900 2954
161 2212 1398
162 1077 676
163 2480 980
164 1 1150
165 330 610
166 304 863
167 2568 1822
168 1660 1868
169 580 488
170 1381 609
171 2050 1573
172 822 1759
173 368 778
174 1896 653
175 1311 391
176 1750 104
177 1074 2081
178 848 2637
179 2837 2772
180 2820 2665
181 1263 393
182 9 2527
183 2682 1957
184 894 1673
185 2051 466
186 1539 882
187 2301 2098
188 1238 2052
189 667 2449
190 2113 2142
191 2286 938
192 689 1336
193 11 2924
194 1898 2441
195 417 79
196 2602 2537
197 1113 546
198 1372 1299
199 351 1558
200 2909 333
201 1408 2929
202 2852 2299
203 724 1804
204 589 880
205 62 1165
206 711 615
207 1698 604
208 1007 1810
209 1479 752
210 812 1600
211 2668 2634
212 2220 340
213 256 501
214 111 452
215 76 1435
216 179 527
217 1348 2476
218 2655 530
219 527 1595
220 1397 589
221 2674 1225
222 1873 1425
223 1395 2038
224 2951 93
225 1869 2740
226 1388 1786
227 512 2303
228 1715 979
229 1051 954
230 2331 873
231 844 2908
232 1143 1382
233 630 1307
234 2542 497
235 229 2263
236 1220 2513
237 638 2682
238 2201 1413
239 1291 1855
240 1392 2210
241 2933 193
242 467 2703
243 66 2677
244 1461 2638
245 2546 906
246 1464 1276
247 325 1055
248 2112 1435
249 831 2678
250 936 2605
251 2334 1113
252 708 1685
253 331 730
254 422 744
255 2319 2271
256 212 1130
257 153 2605
258 186 1670
259 2765 1316
260 2380 2285
261 478 828
262 1327 739
263 2719 2478
264 2488 758
265 423 2854
266 2853 881
267 1699 1880
268 427 592
269 1233 704
270 2896 789
271 522 2846
272 666 1690
273 78 1266
274 391 2296
275 2807 1589
276 2142 2424
277 1655 2248
278 1942 2503
279 2035 2032
280 2214 1999
281 2821 1698
282 845 2804
283 2668 1852
284 1491 1132
285 135 741
286 2895 115
287 1842 2613
288 1594 1181
289 655 2696
290 932 301
291 504 830
292 2133 1798
293 1108 2455
294 1671 880
295 1353 590
296 1570 878
297 2418 1171
298 1016 1421
299 1936 1373
300 2387 1647
301 1941 448
302 1323 1033
303 1407 907
304 1340 2634
305 1394 501
306 2327 653
307 361 2186
308 696 688
309 1982 416
310 792 262
311 2440 1455
312 964 986
313 1509 1536
314 2302 1781
315 392 468
316 1730 2226
317 1908 697
318 796 928
319 1082 2665
320 2376 1944
321 1871 1603
322 1514 640
323 2402 14
324 2847 2158
325 733 1867
326 1715 2449
327 1545 2315
328 1348 2780
329 2663 945
330 2391 1460
331 2492 2425
332 1434 2157
333 1276 248
334 2682 304
335 1003 662
336 758 2880
337 1311 1930
338 307 461
339 1130 196
340 1682 2136
341 8 2385
342 2223 936
343 2899 538
344 426 1916
345 1551 2606
346 891 1154
347 2083 1122
348 786 344
349 308 374
350 1805 449
351 2537 234
352 2590 154
353 1130 2256
354 1820 1309
355 1370 2787
356 2473 1670
357 1479 1977
358 2019 2052
359 1423 2469
360 2783 210
361 2582 1696
362 1667 2343
363 165 2585
364 2162 395
365 2293 2778
366 2750 683
367 1532 2605
368 1641 1854
369 2183 1663
370 2204 1992
371 2841 1812
372 1740 1423
373 339 1499
374 2313 653
375 437 2291
376 873 806
377 515 1198
378 2245 1162
379 1099 677
380 2770 1949
381 662 1964
382 387 485
383 1406 840
384 893 675
385 2431 702
386 2699 2102
387 576 2606
388 2675 637
389 516 943
390 520 1259
391 284 204
392 2497 335
393 1599 1776
394 1034 453
395 2221 783
396 2074 1511
397 752 2789
398 805 120
399 261 2274
400 1123 147
401 1609 982
402 2465 1599
403 2263 2345
404 2470 710
405 2625 1358
406 1896 2838
407 2749 2009
408 1200 551
409 2850 479
410 1739 670
411 850 2877
412 914 2833
413 1211 2492
414 1885 844
415 393 2499
416 276 244
417 2686 2830
418 454 1434
419 1813 221
420 1405 2867
421 179 1888
422 945 2389
423 1551 1969
424 1868 2612
425 931 914
426 894 2846
427 2499 489
428 2595 403
429 2878 2953
430 1090 1113
431 2163 2916
432 2134 2895
433 1942 2126
434 2834 2929
435 290 1859
436 304 779
437 1969 1019
438 427 241
439 730 2701
440 1471 543
441 411 2657
442 2461 2876
443 616 1835
444 2291 2917
445 738 1189
446 555 167
447 826 1852
448 1939 556
449 808 1518
450 2477 2266
451 2328 722
452 328 2328
453 804 425
454 1438 882
455 1976 995
456 63 2367
457 2753 421
458 687 194
459 2343 426
460 811 2846
461 1054 1815
462 546 1197
463 1751 275
464 1809 2019
465 572 2791
466 303 2126
467 2156 2210
468 2763 208
469 1188 1329
470 1491 2832
471 2079 2621
472 998 926
473 398 2437
474 2955 726
475 843 1710
476 132 1159
477 650 1415
478 1118 1845
479 2242 2626
480 202 1307
481 2379 2864
482 1904 52
483 953 2316
484 146 492
485 1352 2427
486 2352 2435
487 2023 978
488 1627 2434
489 2777 233
490 811 2305
491 1930 1311
492 1732 568
493 1712 1422
494 454 117
495 834 768
496 2661 2861
497 61 2673
498 2953 86
499 292 87
500 566 2948
501 1720 1552
502 1582 2947
503 649 1611
504 2805 677
505 587 1610
506 2726 587
507 605 1910
508 1717 649
509 150 1571
510 1412 1142
511 2800 1669
512 2602 1649
513 2937 2291
514 208 714
515 648 1003
516 190 208
517 2573 343
518 2038 2279
519 1196 863
520 14 477
521 12 1247
522 500 60
523 2187 2073
524 2237 2306
525 196 110
526 95 1535
527 2803 138
528 2448 95
529 968 2637
530 1855 1626
531 2891 513
532 1233 2072
533 255 2328
534 1742 1672
535 1178 886
536 77 146
537 2675 800
538 317 908
539 765 883
540 70 2890
541 19 2471
542 239 1242
543 2244 2709
544 2833 863
545 2354 183
546 2572 2668
547 245 496
548 537 2531
549 53 44
550 847 398
551 168 1385
552 2106 2494
553 1801 645
554 569 306
555 330 57
556 1207 2539
557 2939 343
558 1164 1613
559 587 1425
560 516 2024
561 2270 1962
562 1921 1512
563 1967 176
564 1197 906
565 776 2922
566 1010 849
567 688 910
568 1965 1271
569 1061 2215
570 1776 2135
571 2939 1205
572 2472 2507
573 2835 2517
574 1150 993
575 1695 2595
576 2513 1060
577 2084 1261
578 1172 2536
579 161 586
580 516 1637
581 672 314
582 94 488
583 986 1487
584 1774 647
585 1648 2493
586 42 2387
587 247 110
588 1648 1123
589 2323 458
590 189 1678
591 744 581
592 337 361
593 1981 1720
594 351 2018
595 2 517
596 2056 1820
597 595 1013
598 426 733
599 542 2484
600 1237 1236
601 401 2896
602 2271 382
603 2279 1117
604 2153 1003
605 293 2525
606 2946 412
607 687 1886
608 1466 1936
609 2209 2324
610 1401 2320
611 1771 1609
612 624 1543
613 428 690
614 128 2742
615 1986 2116
616 187 311
617 561 598
618 2488 1728
619 2323 2745
620 2234 1626
621 1615 2918
622 1203 851
623 1916 854
624 1461 449
625 2247 984
626 1850 872
627 1059 2014
628 452 2221
629 321 1993
630 1991 412
631 721 2695
632 1542 2391
633 1224 2505
634 1931 1600
635 610 234
636 267 1465
637 889 893
638 89 890
639 550 390
640 1722 2019
641 1224 2588
642 1353 1603
643 2739 189
644 2940 2136
645 2619 2915
646 2263 2391
647 2049 2213
648 2847 2734
649 1133 2193
650 1217 840
651 1564 760
652 468 945
653 2284 2891
654 941 2794
655 1782 741
656 1234 128
657 667 1241
658 864 136
659 1491 189
660 944 1310
661 225 374
662 1032 350
663 43 2759
664 1775 1714
665 2056 1044
666 2051 1486
667 1547 2716
668 1886 2856
669 2655 1399
670 677 2859
671 819 1835
672 2691 1630
673 1753 1605
674 710 1761
675 1482 39
676 2041 2136
677 492 1021
678 722 1963
679 2054 2516
680 2044 1660
681 1618 1292
682 2551 443
683 900 1005
684 735 2854
685 1675 2841
686 891 1125
687 2150 737
688 2375 1366
689 2345 1355
690 2307 292
691 2192 817
692 2925 2621
693 1331 1341
694 2509 2804
695 1450 2932
696 2000 1140
697 467 929
698 2551 902
699 1202 2468
700 2240 2133
701 1624 2650
702 2133 1584
703 2823 110
704 68 1840
705 2500 1552
706 320 2794
707 1166 325
708 5 807
709 303 2256
710 193 2610
711 1505 2176
712 113 1090
713 1442 1961
714 218 505
715 1675 2199
716 121 876
717 1261 897
718 749 2675
719 493 2506
720 2228 2003
721 2130 2398
722 3 1067
723 2892 2587
724 2074 2188
725 327 29
726 1542 1901
727 593 1263
728 1113 1437
729 1112 2366
730 1767 1050
731 23 480
732 691 1218
733 1955 1878
734 506 664
735 177 1902
736 13 9
737 586 2396
738 2613 159
739 833 2217
740 290 2789
741 1221 860
742 821 1357
743 866 1513
744 1391 895
745 1613 1175
746 328 1746
747 895 1479
748 676 1744
749 1345 2481
750 1380 853
751 1578 417
752 345 1672
753 2373 898
754 2030 2525
755 1526 2601
756 1159 586
757 1822 998
758 132 2857
759 205 759
760 2762 958
761 1560 1645
762 2580 2377
763 459 2706
764 934 30
765 2848 1067
766 2098 1075
767 2881 891
768 975 377
769 10 2521
770 2727 2527
771 483 1715
772 2015 1843
773 620 1122
774 748 2314
775 2602 2848
776 2292 1907
777 1969 39
778 2323 759
779 2658 1355
780 2239 1939
781 440 219
782 2686 2281
783 2877 2261
784 199 756
785 466 680
786 2630 1227
787 367 2509
788 1156 2936
789 2087 2552
790 2486 9
791 2064 2844
792 2676 470
793 337 2349
794 573 996
795 2957 842
796 2745 489
797 2544 618
798 2751 497
799 1799 806
800 2569 97
801 852 2519
802 341 2810
803 1906 2737
804 2717 2400
805 838 33
806 536 2300
807 1671 995
808 1234 1038
809 144 1240
810 682 1847
811 1011 1717
812 731 2694
813 1808 2079
814 29 577
815 486 1990
816 1133 1639
817 1513 1231
818 378 820
819 725 2167
820 2289 724
821 2770 788
822 1516 1323
823 25 1230
824 1126 1701
825 1141 142
826 1586 2857
827 461 1046
828 941 2723
829 33 2306
830 305 115
831 1011 1453
832 907 864
833 1817 775
834 2431 592
835 2352 1493
836 1514 1180
837 2003 1881
838 1705 2256
839 2875 820
840 552 2289
841 2105 377
842 765 1186
843 258 1908
844 2327 280
845 795 683
846 1985 2572
847 550 1476
848 1115 2162
849 779 455
850 1978 200
851 1706 469
852 2575 2240
853 559 2057
854 1430 1553
855 1784 302
856 176 2043
857 2291 1777
858 787 906
859 2923 1352
860 1008 2525
861 2229 611
862 2438 359
863 262 850
864 1317 2374
865 2568 632
866 2341 418
867 444 1902
868 1864 2408
869 321 1115
870 1021 2167
871 1590 98
872 1414 2363
873 2732 2893
874 13 121
875 160 2233
876 2322 1642
877 872 1249
878 952 1467
879 2124 1216
880 2033 1331
881 2743 385
882 2839 263
883 1453 25
884 2029 1931
885 2607 119
886 1477 2330
887 1613 106
888 99 680
889 1564 373
890 1473 1302
891 120 1375
892 516 22
893 2619 270
894 864 2623
895 671 1348
896 2872 403
897 1808 474
898 1128 2287
899 2518 381
900 2886 259
901 2258 1606
902 422 434
903 2614 734
904 653 2300
905 1658 1425
906 617 1162
907 2268 1618
908 1391 90
909 551 2112
910 2132 1341
911 2680 2664
912 1648 364
913 2669 2507
914 368 322
915 2446 2690
916 1835 1750
917 2641 1118
918 2488 1575
919 457 1861
920 2542 509
921 446 2474
922 1563 158
923 1587 2315
924 2409 94
925 2196 1473
926 302 1211
927 1774 756
928 2226 984
929 2164 685
930 1431 1239
931 1279 640
932 2324 1709
933 853 970
934 2803 2336
935 909 711
936 2188 1972
937 98 1623
938 433 2279
939 214 369
940 1163 26
941 2889 2777
942 1300 1313
943 1066 190
944 2679 1229
945 2493 2935
946 2229 647
947 2830 2400
948 1802 2687
949 2101 1775
950 751 711
951 1883 2652
952 2272 713
953 2427 992
954 1393 464
955 892 1037
956 1293 2662
957 158 286
958 1344 681
959 1940 2048
960 998 2435
961 2545 66
962 1346 651
963 101 1849
964 1843 726
965 2570 119
966 804 562
967 1898 1725
968 2643 2212
969 228 1422
970 1445 64
971 1470 581
972 1480 473
973 477 1370
974 904 2298
975 675 1586
976 2262 1764
977 24 2533
978 2870 760
979 1708 1011
980 360 360
981 635 2521
982 58 826
983 1123 736
984 940 1853
985 322 2472
986 2052 1086
987 1236 1491
988 2658 556
989 667 2820
990 2790 843
991 911 2826
992 2177 1702
993 2409 1336
994 138 1689
995 362 2007
996 2146 1742
997 449 2381
998 489 598
999 333 1760
1000 434 2891
1001 512 1174
1002 1093 1363
1003 2837 2767
1004 1221 2663
1005 2707 357
1006 2225 661
1007 561 1010
1008 158 1187
1009 573 787
1010 868 1349
1011 600 1132
1012 71 1472
1013 2644 2828
1014 2826 384
1015 1537 1874
1016 1775 2487
1017 580 2784
1018 706 2471
1019 1689 543
1020 1735 34
1021 2715 2180
1022 2273 752
1023 2353 2689
1024 1252 689
1025 459 543
1026 2029 1395
1027 2477 490
1028 2353 1270
1029 955 2957
1030 627 638
1031 1431 2928
1032 650 2089
1033 374 1775
1034 1986 18
1035 2905 2685
1036 434 2869
1037 1963 825
1038 1790 484
1039 951 128
1040 2589 89
1041 1324 1523
1042 2718 1308
1043 1362 1866
1044 2326 2264
1045 1647 169
1046 1006 57
1047 1318 1569
1048 1131 9
1049 1728 10
1050 1613 107
1051 365 2145
1052 428 2599
1053 1580 1725
1054 1552 216
1055 505 2822
1056 1216 2050
1057 2487 615
1058 573 1144
1059 2319 1011
1060 2960 989
1061 295 2006
1062 945 665
1063 2902 2590
1064 1706 2430
1065 823 202
1066 1355 124
1067 1229 849
1068 1167 1906
1069 1510 2694
1070 1087 885
1071 898 2603
1072 229 1270
1073 2085 1268
1074 1076 1327
1075 2347 2653
1076 1222 142
1077 1836 2894
1078 2726 2102
1079 657 2622
1080 1823 2482
1081 1333 1446
1082 1732 779
1083 1631 407
1084 98 2668
1085 2176 63
1086 1427 1044
1087 2200 2615
1088 516 1355
1089 1070 353
1090 2537 729
1091 2847 2737
1092 128 787
1093 1765 1064
1094 419 1624
1095 1292 105
1096 434 1995
1097 1490 726
1098 1808 817
1099 2110 2314
1100 301 2798
1101 66 717
1102 2772 27
1103 627 595
1104 2677 1946
1105 41 1094
1106 2230 925
1107 114 2597
1108 694 228
1109 315 2557
1110 2690 646
1111 1122 535
1112 2955 1378
1113 1094 2210
1114 2360 2726
1115 640 2035
1116 2856 1952
1117 2950 762
1118 698 290
1119 1261 86
1120 2145 1883
1121 2206 2684
1122 1682 1732
1123 141 708
1124 480 1513
1125 1366 2836
1126 1946 537
1127 233 2129
1128 546 655
1129 424 2867
1130 370 482
1131 2765 1257
1132 2427 2777
1133 481 733
1134 1998 2739
1135 2155 937
1136 190 1750
1137 918 73
1138 1797 582
1139 1271 1347
1140 550 345
1141 1277 1589
1142 771 697
1143 2697 862
1144 2048 1386
1145 1536 1136
1146 455 684
1147 2382 1140
1148 766 578
1149 2894 2430
1150 2710 2516
1151 1768 546
1152 1589 1747
1153 1225 696
1154 2022 1195
1155 2873 220
1156 2720 510
1157 2601 2937
1158 1124 1310
1159 1771 1479
1160 1835 2202
1161 215 2225
1162 2816 1629
1163 1163 2732
1164 2089 1908
1165 1475 662
1166 1419 1471
1167 2953 1915
1168 2574 1273
1169 1903 2030
1170 559 2363
1171 2586 966
1172 2390 2238
1173 1201 631
1174 343 176
1175 1031 2482
1176 748 104
1177 981 1599
1178 483 2189
1179 1387 1674
1180 2276 261
1181 2792 2716
1182 550 1818
1183 505 2220
1184 2050 1265
1185 1166 69
1186 71 286
1187 1411 1818
1188 1632 1794
1189 1678 1527
1190 851 966
1191 1284 2265
1192 2508 589
1193 1873 1489
1194 458 2228
1195 439 1333
1196 711 797
1197 390 8
1198 2109 1054
1199 2078 1068
1200 2839 2691
1201 2593 740
1202 2598 1035
1203 1996 894
1204 2854 561
1205 1527 1905
1206 865 505
1207 1819 2068
1208 2497 2223
1209 372 2847
1210 2155 1770
1211 2855 294
1212 2410 1334
1213 2469 227
1214 730 2
1215 1552 1538
1216 1767 1927
1217 318 2772
1218 2805 2171
1219 1676 2124
1220 2465 2293
1221 1893 2686
1222 103 657
1223 403 57
1224 2149 2774
1225 2277 1970
1226 1408 1831
1227 1729 1907
1228 1510 2055
1229 1868 276
1230 1220 2816
1231 2712 57
1232 1913 1093
1233 381 27
1234 2778 1830
1235 1980 236
1236 167 436
1237 2111 133
1238 206 2358
1239 1125 834
1240 63 2172
1241 1197 2337
1242 1056 1042
1243 1104 1366
1244 529 2343
1245 2500 1491
1246 2050 2798
1247 1486 2438
1248 772 884
1249 1928 2851
1250 606 1892
1251 2291 1892
1252 2337 311
1253 2206 862
1254 1774 160
1255 424 1926
1256 1718 2503
1257 2019 228
1258 354 1572
1259 2250 1799
1260 197 575
1261 2628 553
1262 2782 2709
1263 745 2131
1264 2098 1406
1265 580 2132
1266 2425 2268
1267 266 1806
1268 472 2438
1269 1226 706
1270 783 1862
1271 1685 1582
1272 52 1888
1273 816 2068
1274 64 453
1275 1544 1340
1276 536 455
1277 2501 2156
1278 1935 173
1279 1634 1560
1280 682 2169
1281 1116 2069
1282 868 2824
1283 712 498
1284 787 1657
1285 410 136
1286 1466 626
1287 436 897
1288 1008 815
1289 1148 952
1290 2657 1005
1291 2929 143
1292 2948 1718
1293 1807 2343
1294 365 1854
1295 2736 75
1296 948 1677
1297 997 2206
1298 2117 1662
1299 2710 1126
1300 1577 2808
1301 1271 889
1302 261 2234
1303 2108 231
1304 1154 1932
1305 926 2664
1306 477 1619
1307 1662 1624
1308 1999 342
1309 89 2623
1310 2768 1023
1311 1532 2838
1312 1528 180
1313 922 391
1314 2854 215
1315 1484 1444
1316 1060 1674
1317 1384 459
1318 2074 1623
1319 1318 249
1320 978 543
1321 254 492
1322 2796 1057
1323 774 205
1324 2307 589
1325 2251 1982
1326 1168 2538
1327 1613 96
1328 974 917
1329 609 2281
1330 637 699
1331 1121 1427
1332 539 1912
1333 934 360
1334 1055 17
1335 2377 1917
1336 888 863
1337 2054 205
1338 2422 1821
1339 738 1832
1340 2487 2548
1341 798 1707
1342 1557 1029
1343 2300 2706
1344 1550 2535
1345 2802 2539
1346 1492 2737
1347 1854 1356
1348 2277 250
1349 2712 616
1350 2574 1759
1351 2158 2718
1352 1420 2725
1353 2347 370
1354 3 1280
1355 89 912
1356 1699 2547
1357 2682 767
1358 2135 2713
1359 769 898
1360 2480 131
1361 390 677
1362 1106 1235
1363 1146 1190
1364 1916 1912
1365 2823 2513
1366 1246 971
1367 1100 2769
1368 902 2201
1369 2936 1028
1370 860 130
1371 1972 206
1372 1775 2242
1373 2454 16
1374 271 414
1375 931 2346
1376 780 2801
1377 917 15
1378 2590 343
1379 653 985
1380 1975 1818
1381 187 349
1382 2695 603
1383 876 2496
1384 334 899
1385 2307 313
1386 807 2810
1387 843 2777
1388 2547 2697
1389 235 1160
1390 1171 1707
1391 2011 2770
1392 2266 1289
1393 2278 2594
1394 2306 1414
1395 305 478
1396 1934 423
1397 2043 899
1398 2624 1640
1399 1221 2002
1400 1677 1963
1401 932 1211
1402 2253 2498
1403 1893 2281
1404 807 175
1405 1504 2079
1406 2668 570
1407 1088 1153
1408 1043 2882
1409 2434 2837
1410 1077 1496
1411 1052 2459
1412 2233 2889
1413 480 988
1414 1203 2266
1415 2896 1695
1416 473 2232
1417 2516 1842
1418 1271 2240
1419 1419 1766
1420 2355 269
1421 2302 1291
1422 1347 225
1423 2811 1663
1424 637 2438
1425 1120 2769
1426 1439 340
1427 1494 731
1428 2400 2358
1429 1617 1871
1430 519 2072
1431 1349 1456
1432 2107 500
1433 907 1380
1434 1563 2077
1435 740 585
1436 1695 811
1437 1693 2374
1438 1630 1721
1439 2931 100
1440 1953 2891
1441 1305 2717
1442 2344 1652
1443 1880 819
1444 588 2183
1445 2551 2900
1446 1204 812
1447 2763 1260
1448 2796 469
1449 1440 1307
1450 2419 497
1451 1577 1145
1452 2547 2417
1453 516 664
1454 775 762
1455 2017 617
1456 104 2794
1457 2229 1105
1458 664 1246
1459 2650 2221
1460 163 2371
1461 2569 1939
1462 98 1564
1463 1675 763
1464 2466 2500
1465 220 575
1466 1877 1860
1467 961 239
1468 2840 1319
1469 2427 2679
1470 500 2507
1471 1245 1541
1472 2168 939
1473 2363 997
1474 1527 1019
1475 179 1360
1476 2078 2132
1477 816 1285
1478 1257 145
1479 2940 134
1480 1175 2777
1481 1462 230
1482 107 93
1483 2661 257
1484 420 2452
1485 2060 573
1486 1903 1062
1487 270 1296
1488 1179 198
1489 35 1010
1490 2893 899
1491 124 468
1492 1910 2832
1493 1795 1745
1494 1986 579
1495 391 1556
1496 1858 2603
1497 359 2378
1498 1532 918
1499 44 105
1500 224 449
1501 1948 434
1502 1247 193
1503 2108 739
1504 1720 98
1505 1894 1023
1506 1059 974
1507 700 1666
1508 1489 1456
1509 571 2224
1510 1299 42
1511 1139 1805
1512 2282 2691
1513 630 1506
1514 1071 2165
1515 1679 1951
1516 565 1398
1517 1318 524
1518 91 869
1519 2337 1029
1520 246 2536
1521 2812 2181
1522 783 2324
1523 940 1457
1524 2153 940
1525 528 552
1526 2885 1165
1527 857 298
1528 345 2746
1529 2060 2455
1530 446 2243
1531 2774 2345
1532 921 1291
1533 2208 581
1534 1501 2090
1535 306 254
1536 2223 2272
1537 1980 1178
1538 2202 1100
1539 899 1321
1540 484 2588
1541 2153 1331
1542 305 1861
1543 2577 2466
1544 198 1462
1545 1329 112
1546 1376 344
1547 2728 2817
1548 278 1656
1549 2930 1604
1550 1164 472
1551 2522 1894
1552 1194 1938
1553 2239 2312
1554 1037 2287
1555 1658 707
1556 1868 1816
1557 1583 1961
1558 461 619
1559 1474 1581
1560 2953 2863
1561 892 1845
1562 125 1947
1563 1342 2239
1564 1539 2804
1565 1237 146
1566 64 2294
1567 1503 854
1568 335 1030
1569 2285 2055
1570 1262 229
1571 2361 1078
1572 2936 1287
1573 1353 1104
1574 963 2212
1575 2213 99
1576 1802 1503
1577 2022 2111
1578 1629 1686
1579 2815 2745
1580 1191 1289
1581 865 150
1582 273 2574
1583 2841 597
1584 2950 787
1585 668 1101
1586 2231 1270
1587 7 1450
1588 863 322
1589 64 2066
1590 89 779
1591 2225 2493
1592 1281 2556
1593 134 2340
1594 488 271
1595 324 2777
1596 2812 1949
1597 1405 1112
1598 279 2822
1599 1105 1932
1600 631 1235
1601 1095 1828
1602 2254 906
1603 2124 311
1604 1835 2945
1605 2091 535
1606 1833 2663
1607 2303 2322
1608 758 1312
1609 1925 2478
1610 1270 2367
1611 117 870
1612 393 2697
1613 2721 832
1614 75 1959
1615 975 2386
1616 522 2428
1617 1620 2164
1618 1565 1336
1619 1842 2166
1620 323 1164
1621 1955 1925
1622 2602 2527
1623 1718 1083
1624 2689 1553
1625 1898 1397
1626 2624 1790
1627 585 1785
1628 1142 645
1629 743 1127
1630 1571 313
1631 1818 1919
1632 391 2791
1633 1660 1091
1634 1899 1961
1635 2190 2527
1636 639 363
1637 160 2118
1638 307 2364
1639 767 990
1640 986 136
1641 2462 1360
1642 908 979
1643 728 873
1644 2683 776
1645 2884 2740
1646 1848 1123
1647 1482 1003
1648 1927 364
1649 1318 2235
1650 992 213
1651 1723 2920
1652 471 2165
1653 2361 593
1654 1326 1574
1655 145 566
1656 1946 2204
1657 168 1015
1658 739 824
1659 1195 2254
1660 640 1771
1661 1411 1551
1662 946 2703
1663 1385 2959
1664 816 1058
1665 2475 1187
1666 1044 20
1667 2767 1387
1668 1427 1892
1669 2023 1679
1670 866 133
1671 2405 1176
1672 2487 2391
1673 97 66
1674 2318 2787
1675 74 1264
1676 2397 1095
1677 2826 1249
1678 2330 771
1679 1837 1698
1680 2171 1315
1681 530 1764
1682 463 2926
1683 2546 2191
1684 2075 2318
1685 929 1879
1686 55 1761
1687 1827 1950
1688 698 1487
1689 17 2026
1690 2051 2573
1691 2812 2008
1692 666 1330
1693 1441 33
1694 374 920
1695 2926 316
1696 2145 2277
1697 36 2501
1698 2329 2586
1699 2477 604
1700 1735 124
1701 720 2129
1702 693 1457
1703 2594 655
1704 300 1821
1705 1551 870
1706 396 2798
1707 666 2765
1708 751 1508
1709 2849 1783
1710 2592 230
1711 885 1382
1712 184 1537
1713 1608 654
1714 2138 1490
1715 2040 251
1716 2400 2405
1717 2059 1877
1718 996 1551
1719 1035 2115
1720 2387 1753
1721 1764 302
1722 559 734
1723 1339 1288
1724 2165 2615
1725 242 1516
1726 655 2692
1727 1433 2263
1728 2410 1807
1729 2135 663
1730 682 572
1731 1530 2307
1732 684 867
1733 2715 1836
1734 1100 1569
1735 213 1539
1736 2681 2219
1737 743 2539
1738 502 564
1739 1096 1343
1740 1378 1666
1741 1467 2471
1742 2538 620
1743 2435 2135
1744 61 1830
1745 1945 2313
1746 49 929
1747 2683 1501
1748 2628 1212
1749 2647 1437
1750 2437 1823
1751 1881 2902
1752 2948 186
1753 1185 2180
1754 520 714
1755 601 668
1756 1536 1004
1757 1557 64
1758 587 2116
1759 2571 895
1760 2267 2720
1761 2725 1563
1762 1495 1480
1763 1717 1535
1764 1937 2425
1765 1256 961
1766 2440 243
1767 2270 1188
1768 2334 496
1769 1850 1633
1770 2828 182
1771 1125 263
1772 2741 2174
1773 1527 64
1774 281 853
1775 1960 870
1776 731 1619
1777 724 726
1778 2068 1931
1779 2414 83
1780 2361 2482
1781 758 2574
1782 251 1252
1783 1805 773
1784 2862 1475
1785 1353 986
1786 2060 2337
1787 2628 182
1788 2475 2752
1789 1834 622
1790 556 583
1791 1539 1524
1792 2709 584
1793 301 1040
1794 113 2144
1795 286 417
1796 1446 1519
1797 2808 622
1798 103 1593
1799 1934 2130
1800 1388 652
1801 1126 2424
1802 895 1411
1803 2304 1411
1804 1928 2681
1805 2165 1362
1806 1436 2258
1807 99 2417
1808 160 1495
1809 2089 2259
1810 2436 432
1811 958 399
1812 30 2248
1813 2167 9
1814 1605 715
1815 2376 114
1816 608 259
1817 1418 98
1818 557 1715
1819 1950 1029
1820 2006 899
1821 2065 420
1822 2529 1486
1823 833 2582
1824 806 1432
1825 447 2439
1826 1927 1187
1827 1989 119
1828 2667 2788
1829 2954 1189
1830 363 2434
1831 292 1518
1832 1010 2351
1833 2749 1889
1834 1230 2011
1835 1225 2549
1836 988 1252
1837 310 157
1838 1571 994
1839 1829 1147
1840 446 674
1841 1640 690
1842 2896 289
1843 1965 2720
1844 1572 1084
1845 2394 2300
1846 2579 1846
1847 201 973
1848 42 1434
1849 1702 1724
1850 1850 1841
1851 598 2826
1852 449 1285
1853 1451 1652
1854 1178 503
1855 1782 294
1856 1344 623
1857 2076 974
1858 1865 1154
1859 907 2563
1860 1761 2744
1861 2862 822
1862 1572 958
1863 2144 1879
1864 992 714
1865 430 1131
1866 105 1534
1867 2192 2396
1868 2719 78
1869 393 706
1870 2926 725
1871 1244 1889
1872 2517 2917
1873 562 2802
1874 649 813
1875 2201 2567
1876 2250 944
1877 671 1001
1878 1045 2356
1879 432 1812
1880 2604 2392
1881 732 150
1882 1316 1786
1883 2605 852
1884 749 2663
1885 983 1341
1886 1015 404
1887 1168 1555
1888 979 1437
1889 1682 407
1890 2567 668
1891 1999 2580
1892 2183 2860
1893 869 2639
1894 912 110
1895 2658 781
1896 2502 1532
1897 1097 86
1898 881 1116
1899 2421 1257
1900 2835 392
1901 2926 2303
1902 861 1195
1903 570 1556
1904 2339 1726
1905 790 1956
1906 813 2485
1907 2565 2
1908 1664 2611
1909 1815 1087
1910 2588 1125
1911 2429 2057
1912 2854 1901
1913 1997 546
1914 1625 1790
1915 498 643
1916 265 2408
1917 69 1264
1918 89 36
1919 2865 253
1920 1325 2194
1921 1139 1873
1922 2130 2896
1923 2097 2922
1924 301 63
1925 1102 2050
1926 113 1041
1927 923 129
1928 1957 2885
1929 1215 2818
1930 2789 310
1931 2841 1434
1932 1799 1632
1933 293 119
1934 1201 149
1935 238 2229
1936 842 447
1937 132 1975
1938 382 1655
1939 2366 2387
1940 1414 2326
1941 2097 655
1942 1911 1785
1943 2465 587
1944 2649 314
1945 1479 367
1946 1739 509
1947 1268 439
1948 1941 2232
1949 2454 2236
1950 2911 2375
1951 697 2868
1952 2208 2799
1953 111 2588
1954 25 2881
1955 450 966
1956 2323 1329
1957 2105 2174
1958 2278 151
1959 777 657
1960 732 1269
1961 2206 176
1962 725 251
1963 667 65
1964 1244 1448
1965 1679 2951
1966 2265 2626
1967 1848 1027
1968 329 1880
1969 732 2555
1970 1099 1765
1971 2917 1114
1972 892 247
1973 205 1511
1974 1222 49
1975 2859 203
1976 2260 2734
1977 2252 1821
1978 953 1352
1979 1030 2816
1980 594 2056
1981 1624 2657
1982 1193 142
1983 1910 329
1984 2491 1986
1985 260 1561
1986 60 620
1987 2769 2007
1988 1450 834
1989 1670 1379
1990 2799 2176
1991 1518 1727
1992 1163 1101
1993 329 2559
1994 2593 491
1995 204 2205
1996 1008 2655
1997 2635 2592
1998 582 866
1999 121 2574
2000 1520 487
2001 191 1392
2002 372 2126
2003 363 373
2004 1907 1704
2005 1707 1961
2006 1353 2508
2007 2635 1911
2008 791 426
2009 299 2157
2010 1188 222
2011 21 303
2012 1503 838
2013 1533 2927
2014 2823 2439
2015 122 2491
2016 1998 2622
2017 1252 1719
2018 1916 867
2019 2382 1293
2020 1136 50
2021 1509 2370
2022 1821 557
2023 1066 491
2024 1458 1628
2025 2925 815
2026 121 1751
2027 1002 2239
2028 181 2901
2029 505 1923
2030 390 117
2031 32 1239
2032 383 1406
2033 859 726
2034 2906 466
2035 1727 646
2036 890 1144
2037 1916 644
2038 1761 2330
2039 1778 49
2040 1475 1452
2041 1861 622
2042 1946 319
2043 691 1395
2044 2444 1876
2045 1380 2278
2046 2266 1780
2047 2372 2826
2048 2138 480
2049 1790 1654
2050 727 37
2051 1833 744
2052 503 1202
2053 2583 1177
2054 862 2573
2055 1675 2435
2056 1410 1554
2057 123 1969
2058 1630 1037
2059 1655 2261
2060 1770 1835
2061 2681 1823
2062 1387 1292
2063 1597 2061
2064 1015 2684
2065 339 2046
2066 2940 1810
2067 818 204
2068 2401 936
2069 271 1577
2070 525 2940
2071 1646 1544
2072 39 2790
2073 2920 800
2074 1773 299
2075 735 1164
2076 441 545
2077 2366 487
2078 1281 1557
2079 2276 2311
2080 2942 1385
2081 1746 1542
2082 1887 2882
2083 370 1113
2084 255 49
2085 475 298
2086 276 2080
2087 1059 2169
2088 1978 2879
2089 2436 35
2090 1391 2031
2091 1922 2577
2092 1280 480
2093 587 2005
2094 1684 550
2095 1120 1744
2096 2551 577
2097 980 1047
2098 2426 925
2099 1074 2279
2100 121 1238
2101 1588 854
2102 2397 48
2103 2433 525
2104 131 871
2105 422 1523
2106 796 819
2107 1769 2395
2108 1734 142
2109 522 2705
2110 668 2952
2111 1370 752
2112 106 906
2113 2368 184
2114 324 314
2115 954 2190
2116 2262 2399
2117 1857 1477
2118 1374 230
2119 1265 1804
2120 2746 1140
2121 407 2247
2122 1804 1325
2123 395 2114
2124 2341 1028
2125 1616 595
2126 1185 1971
2127 1786 2368
2128 2543 1597
2129 383 2177
2130 1524 83
2131 2433 2391
2132 1360 1460
2133 2139 2285
2134 2705 456
2135 2746 1582
2136 439 1759
2137 2606 456
2138 2856 325
2139 1905 367
2140 388 2586
2141 8 452
2142 2187 479
2143 1943 1671
2144 2334 1906
2145 985 507
2146 1844 2798
2147 2624 1353
2148 1102 637
2149 2730 1496
2150 1549 2512
2151 629 1660
2152 1922 1920
2153 964 2204
2154 726 261
2155 2547 1385
2156 43 1543
2157 151 59
2158 1171 1924
2159 2650 1261
2160 543 2209
2161 693 1757
2162 1979 2724
2163 2622 397
2164 2760 1969
2165 613 2173
2166 698 84
2167 2362 1181
2168 1235 1263
2169 497 2557
2170 2367 2020
2171 8 616
2172 2850 2084
2173 24 1216
2174 511 1449
2175 2362 1707
2176 2155 2914
2177 1804 1519
2178 1377 1037
2179 2212 938
2180 2022 362
2181 885 2101
2182 1904 1612
2183 992 1305
2184 2051 547
2185 572 1219
2186 2684 1145
2187 1049 2276
2188 1185 1674
2189 417 1484
2190 1128 903
2191 976 88
2192 24 252
2193 2677 441
2194 990 2033
2195 1370 1112
2196 2960 1966
2197 2369 951
2198 2919 2146
2199 2847 953
2200 1624 2902
2201 2126 2532
2202 627 2221
2203 2445 1382
2204 2769 143
2205 1354 2438
2206 151 166
2207 2163 2045
2208 2768 1288
2209 1737 20
2210 1146 2535
2211 1511 2111
2212 2143 86
2213 786 2827
2214 39 61
2215 272 1268
2216 1340 2190
2217 446 2394
2218 30 1944
2219 1581 2133
2220 856 2027
2221 2716 1622
2222 2339 1822
2223 1740 1888
2224 537 862
2225 2560 679
2226 509 2072
2227 2323 1640
2228 1769 2025
2229 2927 1257
2230 152 228
2231 1643 530
2232 1877 2692
2233 1684 2173
2234 515 754
2235 2784 2489
2236 1087 2808
2237 863 181
2238 2115 983
2239 2675 2075
2240 2413 1270
2241 2241 939
2242 2623 1372
2243 1143 666
2244 999 2657
2245 225 2666
2246 226 1968
2247 935 284
2248 2333 2383
2249 218 707
2250 460 2626
2251 2527 91
2252 2686 2461
2253 58 1354
2254 1745 2216
2255 2623 2614
2256 2386 1672
2257 900 583
2258 904 1531
2259 2251 253
2260 162 1348
2261 1935 357
2262 1901 89
2263 2861 1545
2264 890 985
2265 1078 2102
2266 160 2817
2267 1473 1762
2268 126 161
2269 1878 557
2270 2036 1371
2271 472 23
2272 1330 11
2273 435 1283
2274 2112 1677
2275 2278 938
2276 1840 251
2277 1330 1155
2278 2609 1398
2279 485 2465
2280 70 584
2281 688 2013
2282 1830 744
2283 895 2374
2284 2181 621
2285 1002 599
2286 211 1414
2287 2055 2552
2288 2372 2105
2289 2803 2599
2290 544 1306
2291 1841 392
2292 907 302
2293 626 890
2294 1703 1233
2295 566 877
2296 2104 2469
2297 625 1361
2298 2856 2317
2299 545 2400
2300 829 1209
2301 1055 2383
2302 504 2722
2303 2596 992
2304 719 1752
2305 526 2604
2306 670 697
2307 2580 1887
2308 1033 1637
2309 1478 2789
2310 2789 2256
2311 1592 836
2312 472 1000
2313 1697 1705
2314 205 1976
2315 782 2199
2316 2556 2076
2317 1724 29
2318 394 534
2319 887 408
2320 797 1
2321 364 1257
2322 3 707
2323 1030 328
2324 2852 840
2325 1815 121
2326 180 956
2327 2660 2910
2328 1246 1785
2329 2023 573
2330 813 1283
2331 447 2227
2332 2764 1744
2333 2346 345
2334 2241 2300
2335 2870 247
2336 821 891
2337 2805 2326
2338 936 2768
2339 671 1514
2340 1826 2366
2341 2588 1808
2342 909 1357
2343 1554 1843
2344 1329 336
2345 1499 2469
2346 2112 1748
2347 2155 2829
2348 2484 1723
2349 1905 2732
2350 1029 1450
2351 924 2389
2352 2927 704
2353 1648 2380
2354 1027 8
2355 296 125
2356 2221 992
2357 814 689
2358 2711 1307
2359 2793 1148
2360 1548 660
2361 2631 1738
2362 78 2917
2363 667 1068
2364 748 2102
2365 1992 1933
2366 2126 1497
2367 2623 138
2368 83 1462
2369 2389 2002
2370 590 1555
2371 2473 2154
2372 172 2326
2373 2452 2708
2374 1657 62
2375 82 1680
2376 2436 2590
2377 2064 2659
2378 1072 2156
2379 439 232
2380 2220 2169
2381 472 293
2382 1396 2529
2383 2391 1279
2384 809 1638
2385 1085 704
2386 1024 1896
2387 2329 1432
2388 823 2504
2389 439 273
2390 1453 2749
2391 2740 392
2392 2114 2406
2393 1393 2105
2394 1740 161
2395 1446 122
2396 267 620
2397 776 1627
2398 1920 538
2399 1182 1643
2400 1498 1032
2401 2320 1807
2402 2480 1808
2403 1313 1391
2404 150 2574
2405 2783 2065
2406 1802 897
2407 600 875
2408 1998 1508
2409 2064 1795
2410 235 1374
2411 1520 840
2412 227 1063
2413 273 1719
2414 2776 140
2415 1177 327
2416 2460 2228
2417 1029 1638
2418 1320 515
2419 2104 1559
2420 1009 31
2421 1715 684
2422 1368 1202
2423 2486 481
2424 464 288
2425 1589 1129
2426 5 1929
2427 2270 1965
2428 2267 593
2429 1482 1201
2430 1797 1022
2431 2835 1609
2432 552 882
2433 1093 333
2434 1535 361
2435 2695 1561
2436 256 245
2437 1164 1624
2438 318 2264
2439 2821 1954
2440 2353 1297
2441 713 1603
2442 2211 1916
2443 616 622
2444 2892 1219
2445 236 1970
2446 1904 697
2447 1089 1195
2448 2679 521
2449 2247 2876
2450 2701 1514
2451 2102 1532
2452 1419 1654
2453 1537 223
2454 534 299
2455 429 2423
2456 999 369
2457 1956 2186
2458 1883 1581
2459 213 2085
2460 2940 981
2461 1519 1057
2462 1183 5
2463 1406 805
2464 239 914
2465 1540 716
2466 186 1549
2467 156 873
2468 1402 2315
2469 2683 1544
2470 2855 978
2471 1287 2071
2472 1915 1414
2473 2189 1397
2474 1479 1957
2475 446 2841
2476 4 495
2477 458 550
2478 60 778
2479 768 1421
2480 601 1237
2481 963 1364
2482 574 2204
2483 465 1830
2484 1654 2027
2485 1137 700
2486 1161 1878
2487 2891 554
2488 1446 1625
2489 61 1356
2490 1789 1899
2491 890 2642
2492 684 1913
2493 501 10
2494 461 2256
2495 767 1581
2496 1966 2826
2497 2366 1757
2498 2657 2413
2499 2158 1246
2500 2709 2752
2501 1756 2737
2502 2469 1152
2503 1216 585
2504 63 146
2505 2955 2696
2506 23 1049
2507 2562 713
2508 285 1082
2509 2410 1508
2510 2860 1502
2511 644 2461
2512 117 2633
2513 906 509
2514 1436 1897
2515 2219 1142
2516 2896 144
2517 371 2753
2518 913 485
2519 2143 2011
2520 701 1448
2521 352 2015
2522 812 2165
2523 1582 2293
2524 365 1931
2525 2382 1628
2526 1184 1870
2527 663 2163
2528 2805 393
2529 273 463
2530 2501 1368
2531 1823 680
2532 1296 68
2533 511 2820
2534 1846 2352
2535 528 1192
2536 922 116
2537 1475 2476
2538 1828 120
2539 1013 670
2540 2821 1252
2541 268 1594
2542 2705 1782
2543 2527 1641
2544 360 755
2545 843 2760
2546 901 1489
2547 3 2075
2548 2411 2500
2549 264 145
2550 2620 1128
2551 1338 712
2552 1789 1567
2553 397 244
2554 2038 2202
2555 1567 653
2556 382 1373
2557 649 1351
2558 1399 239
2559 2629 1943
2560 1413 1439
2561 2639 1554
2562 356 1165
2563 2319 1303
2564 2619 2824
2565 2453 2704
2566 2716 228
2567 1477 2836
2568 1326 2159
2569 2886 1633
2570 2748 1683
2571 2854 1225
2572 1743 238
2573 1840 1898
2574 2041 2736
2575 1136 627
2576 2260 2325
2577 1958 308
2578 2507 2837
2579 1594 357
2580 1174 2376
2581 879 1977
2582 780 1101
2583 2042 1044
2584 1060 2748
2585 1893 2586
2586 637 1291
2587 1503 1674
2588 95 1742
2589 1799 2956
2590 2657 755
2591 2825 1895
2592 365 2701
2593 871 2038
2594 2032 431
2595 2476 1115
2596 1046 651
2597 413 2757
2598 2262 59
2599 1985 334
2600 2441 432
2601 2275 312
2602 433 1161
2603 1925 345
2604 1640 2231
2605 1094 2132
2606 2358 942
2607 1239 2874
2608 1992 846
2609 475 1521
2610 1661 707
2611 2382 2180
2612 2162 138
2613 280 2011
2614 560 2662
2615 1281 2844
2616 1540 801
2617 2199 2162
2618 2656 2214
2619 253 2221
2620 241 623
2621 2487 1882
2622 2385 1850
2623 2579 1621
2624 1485 2914
2625 1722 924
2626 2665 1915
2627 2504 2245
2628 1826 2109
2629 1271 1139
2630 2004 453
2631 1139 1717
2632 478 1897
2633 2442 2368
2634 243 650
2635 2738 2670
2636 2562 543
2637 2671 6
2638 184 2815
2639 101 1166
2640 68 2831
2641 2667 1135
2642 1899 125
2643 1889 104
2644 430 1116
2645 1283 469
2646 249 354
2647 622 1618
2648 2125 1790
2649 259 2554
2650 512 1293
2651 1642 533
2652 387 2271
2653 537 1697
2654 4 581
2655 1844 2095
2656 1845 1982
2657 2727 1138
2658 1517 1075
2659 818 2900
2660 2078 2751
2661 612 1178
2662 2087 979
2663 2779 1385
2664 2938 89
2665 1435 2025
2666 2784 1287
2667 2093 2792
2668 428 2118
2669 746 1570
2670 2717 1764
2671 2697 1504
2672 1960 1575
2673 2005 1598
2674 2006 2195
2675 802 114
2676 2122 2717
2677 1953 2954
2678 1845 1729
2679 50 2916
2680 125 1937
2681 2313 2388
2682 43 1311
2683 1573 2146
2684 1269 1310
2685 1277 1218
2686 1404 1715
2687 1323 2712
2688 2646 1601
2689 2174 1275
2690 2814 1078
2691 1002 1833
2692 1546 2256
2693 2147 1035
2694 1069 2788
2695 282 1867
2696 110 2176
2697 1846 387
2698 1162 2831
2699 1335 2600
2700 1414 477
2701 2920 1575
2702 567 2075
2703 579 2799
2704 2469 1046
2705 2217 815
2706 2141 2643
2707 1809 689
2708 2086 1182
2709 2561 1015
2710 262 1747
2711 1131 2452
2712 774 1388
2713 1178 2703
2714 2547 1549
2715 702 2340
2716 2663 2204
2717 2739 843
2718 88 2308
2719 1176 1693
2720 958 1468
2721 2895 1716
2722 107 132
2723 1680 418
2724 102 1888
2725 1876 869
2726 1848 2904
2727 447 521
2728 2459 1902
2729 1516 143
2730 1904 82
2731 223 2397
2732 1232 2355
2733 407 2694
2734 1349 2662
2735 1683 2379
2736 730 460
2737 2279 1233
2738 1088 2367
2739 95 2101
2740 546 2797
2741 755 2798
2742 1083 2249
2743 891 66
2744 967 2286
2745 133 2331
2746 2023 1829
2747 1269 731
2748 2345 2121
2749 1164 2350
2750 1944 1001
2751 2108 1392
2752 1359 318
2753 426 847
2754 164 1197
2755 101 577
2756 243 1535
2757 135 2008
2758 439 2271
2759 2362 2629
2760 480 308
2761 284 2812
2762 1490 1888
2763 310 1319
2764 2683 1688
2765 809 93
2766 1383 1684
2767 314 1700
2768 423 201
2769 208 756
2770 2175 470
2771 683 2622
2772 1647 844
2773 2727 269
2774 1765 530
2775 689 140
2776 16 1815
2777 1082 1897
2778 184 1433
2779 762 1688
2780 2428 22
2781 503 218
2782 476 769
2783 1109 2784
2784 921 1223
2785 768 2010
2786 2665 2482
2787 1016 309
2788 2255 2669
2789 2220 1445
2790 2491 666
2791 1195 2591
2792 1262 17
2793 1910 1786
2794 113 2841
2795 1354 2630
2796 1894 1836
2797 1053 2366
2798 2158 1222
2799 1239 1258
2800 684 110
2801 899 1625
2802 1227 808
2803 1717 2733
2804 2236 2026
2805 622 1367
2806 1762 1598
2807 926 2308
2808 738 1912
2809 1385 232
2810 2244 392
2811 1422 1866
2812 1519 1746
2813 164 1936
2814 1781 460
2815 2053 2509
2816 842 2503
2817 2208 840
2818 2539 1442
2819 1465 1742
2820 2508 2011
2821 2548 715
2822 643 2616
2823 1746 2933
2824 1427 2277
2825 315 1753
2826 171 158
2827 1533 2507
2828 1873 2655
2829 275 1512
2830 201 2395
2831 2138 2926
2832 2650 570
2833 2160 2159
2834 1362 2278
2835 2717 705
2836 745 2168
2837 215 1225
2838 2116 206
2839 2960 2073
2840 2651 176
2841 2531 920
2842 1245 323
2843 528 2257
2844 1314 333
2845 931 2191
2846 2114 90
2847 1932 1543
2848 1572 1311
2849 1658 470
2850 2633 1997
2851 281 2877
2852 1290 824
2853 78 2730
2854 1375 1353
2855 2352 809
2856 1937 624
2857 2426 2234
2858 2482 270
2859 1022 1253
2860 1292 2002
2861 1116 411
2862 2712 1570
2863 1859 655
2864 2288 1005
2865 423 1430
2866 1366 2607
2867 1620 2522
2868 2695 1844
2869 2530 1445
2870 1866 1360
2871 1065 2444
2872 2653 1295
2873 2295 41
2874 2818 1880
2875 528 2686
2876 214 1831
2877 2213 2759
2878 1651 1052
2879 1656 2239
2880 1142 2094
2881 783 2661
2882 627 1187
2883 839 2881
2884 679 2164
2885 1482 146
2886 2831 1613
2887 1684 1706
2888 2583 2227
2889 1747 1788
2890 2902 2937
2891 957 548
2892 408 2276
2893 2295 2696
2894 507 2414
2895 835 2238
2896 526 2216
2897 1961 510
2898 1607 1107
2899 1113 1161
2900 388 464
2901 1711 330
2902 2053 2150
2903 2312 1883
2904 2808 2661
2905 2165 1179
2906 2340 761
2907 1870 1184
2908 746 2033
2909 2041 872
2910 2568 816
2911 971 2612
2912 2752 1796
2913 2413 1462
2914 2122 597
2915 1555 2922
2916 1381 960
2917 2345 1795
2918 2403 2757
2919 1038 24
2920 1574 829
2921 2246 2895
2922 2245 208
2923 1307 1320
2924 644 1542
2925 1156 2366
2926 787 1292
2927 872 2041
2928 2213 249
2929 245 1639
2930 1075 1426
2931 1884 2188
2932 2930 1147
2933 1743 2648
2934 1923 1872
2935 974 2776
2936 634 83
2937 2670 415
2938 2689 165
2939 875 743
2940 270 1066
2941 2575 1474
2942 2082 568
2943 996 2262
2944 2099 2113
2945 2086 1384
2946 2252 18
2947 93 1752
2948 2307 475
2949 666 126
2950 1404 431
2951 2671 1043
2952 1452 430
2953 804 948
2954 2497 722
2955 247 2290
2956 2672 2198
2957 2339 301
2958 286 2078
2959 2613 1938
2960 2563 2242
