4190 4190
1 423 3818
2 289 2007
3 3119 2103
4 3340 3956
5 2367 96
6 3901 1511
7 3124 1175
8 2480 2871
9 1095 346
10 1456 1580
11 554 1009
12 2507 958
13 48 753
14 3582 2092
15 3189 3633
16 1392 836
17 1874 531
18 3298 3128
19 206 2320
20 3136 263
21 1527 2867
22 4120 1011
23 410 1846
24 2969 3024
25 3229 889
26 1234 190
27 2143 2942
28 2956 2608
29 481 1950
30 3299 1143
31 1128 1737
32 2709 104
33 3476 3960
34 2792 2939
35 270 337
36 2233 1436
37 231 29
38 3314 2340
39 2810 1141
40 2764 3816
41 997 275
42 820 2304
43 3990 798
44 3305 3423
45 2965 2867
46 3855 582
47 1213 769
48 2021 3046
49 2148 277
50 93 1470
51 346 3354
52 223 132
53 3563 100
54 1205 1961
55 3987 3370
56 137 4125
57 588 2964
58 3084 3636
59 2327 1179
60 2998 2621
61 3964 2857
62 3456 2063
63 873 3316
64 514 2909
65 3459 2668
66 2304 3870
67 2309 1372
68 1349 3636
69 118 1329
70 2537 2207
71 2448 264
72 2197 3383
73 78 1535
74 1849 2011
75 482 3053
76 9 4163
77 1719 2822
78 1570 219
79 440 3573
80 2090 369
81 681 295
82 604 2899
83 2556 388
84 4187 1519
85 467 395
86 1076 1402
87 2284 1806
88 3943 1575
89 503 2683
90 2407 2633
91 2426 4
92 397 3005
93 3122 2097
94 1513 500
95 3579 1420
96 45 3854
97 2186 197
98 3013 2127
99 68 2953
100 1330 3680
101 948 38
102 553 300
103 4050 1962
104 3093 746
105 2742 3908
106 254 2500
107 214 1612
108 2302 777
109 80 1885
110 2492 2406
111 2035 2421
112 1888 644
113 2540 1400
114 3886 363
115 1671 2043
116 2160 1552
117 856 2613
118 2527 2522
119 564 382
120 1260 3494
121 3755 3077
122 2354 2229
123 618 2195
124 3141 1922
125 1534 2252
126 3799 4114
127 3025 313
128 4089 3712
129 343 610
130 348 2286
131 12 1694
132 3198 2700
133 2015 3963
134 2090 3056
135 3558 1649
136 1270 401
137 3459 3363
138 3941 2183
139 1928 1000
140 3480 3055
141 1439 2448
142 3627 2796
143 1846 1391
144 4011 2951
145 592 4031
146 994 1690
147 3214 1310
148 1422 1923
149 3836 298
150 3225 3192
151 2960 1955
152 2971 866
153 2367 1430
154 330 2906
155 397 3712
156 904 2100
157 2404 586
158 256 2678
159 1317 2379
160 3237 1377
161 3934 4160
162 2685 923
163 3286 2969
164 3406 3705
165 3745 2269
166 1190 530
167 4167 1240
168 2481 1523
169 3196 1185
170 994 174
171 3991 2681
172 2591 217
173 1184 2342
174 3865 2791
175 3725 3430
176 2303 3312
177 654 2561
178 1617 3267
179 2019 3371
180 172 514
181 3951 4130
182 3897 2409
183 659 2124
184 3576 1812
185 2813 775
186 2923 580
187 2629 888
188 1676 2883
189 1684 3872
190 3338 2347
191 2871 2751
192 1027 1062
193 1076 2344
194 513 1864
195 1098 3394
196 2222 2883
197 491 1257
198 4086 4100
199 3322 338
200 2542 226
201 3297 3656
202 2758 3266
203 201 2802
204 2817 2054
205 2708 3958
206 214 1484
207 835 3482
208 866 808
209 3977 2369
210 247 2607
211 172 1218
212 1499 2456
213 308 2712
214 2961 2986
215 3492 2992
216 1389 753
217 2811 1832
218 2597 4114
219 3181 1069
220 3507 3562
221 1827 1745
222 303 2025
223 2596 1126
224 3308 1659
225 2714 3793
226 3711 3185
227 3727 4149
228 1042 2493
229 3743 2666
230 4067 3822
231 779 2361
232 332 2562
233 541 3682
234 754 4125
235 744 140
236 3202 1975
237 646 935
238 3378 2531
239 464 306
240 1168 4029
241 3054 3521
242 881 3724
243 136 34
244 915 1439
245 1524 3285
246 2650 2415
247 2644 3600
248 795 3123
249 2390 7
250 2503 1795
251 3669 3275
252 1819 1546
253 2974 3663
254 915 992
255 1469 2950
256 1798 3192
257 1906 4
258 2015 334
259 876 1852
260 887 226
261 228 225
262 3175 1944
263 1613 2723
264 1227 1208
265 1213 1422
266 3640 4174
267 924 1907
268 484 2142
269 2580 4048
270 2739 2770
271 4156 662
272 3123 2926
273 640 762
274 3703 3380
275 558 438
276 3444 2595
277 2515 3583
278 4067 72
279 2251 4115
280 2793 2592
281 3457 212
282 3483 3237
283 1895 779
284 2291 1498
285 3387 766
286 1996 839
287 92 1045
288 3099 1116
289 2401 3797
290 1115 2454
291 3575 2626
292 3152 1026
293 2938 1366
294 3832 1840
295 1389 3339
296 1421 3719
297 1339 847
298 2938 3706
299 1791 1939
300 906 2841
301 460 2744
302 3308 1669
303 3193 624
304 1324 1898
305 293 4040
306 141 1400
307 3148 736
308 2665 367
309 2015 964
310 1816 2582
311 4136 2825
312 3387 3843
313 4106 2039
314 3748 3604
315 228 3988
316 1095 1578
317 3209 2513
318 2245 92
319 2882 1610
320 1616 2330
321 3702 2480
322 3318 1553
323 1528 3087
324 3163 2585
325 1287 3258
326 3139 1570
327 239 3812
328 3606 1267
329 3767 2115
330 1613 2639
331 2841 2077
332 452 2046
333 1117 3607
334 159 1756
335 2553 2763
336 2560 779
337 1331 473
338 2198 3677
339 2364 796
340 2097 3324
341 3321 3047
342 439 187
343 2549 2585
344 1643 2049
345 3989 1270
346 700 4131
347 2163 480
348 473 3012
349 1452 3481
350 2672 2600
351 2060 3590
352 512 3792
353 1177 494
354 991 2586
355 1575 228
356 2317 2972
357 4079 3447
358 2765 3756
359 3613 2618
360 1716 2161
361 334 818
362 1070 2019
363 1687 2280
364 3863 2295
365 3376 3714
366 2494 997
367 1900 1648
368 671 2465
369 3123 1944
370 1301 1655
371 669 1611
372 2946 1718
373 2480 2999
374 3672 266
375 3504 3186
376 3128 388
377 1953 3192
378 931 1485
379 184 664
380 3474 3961
381 946 1310
382 1978 1194
383 1290 2117
384 1819 3270
385 1206 1905
386 2134 1749
387 1801 3233
388 1633 3316
389 1476 607
390 562 3021
391 2512 114
392 3387 1010
393 1514 2057
394 83 2517
395 509 3636
396 3684 60
397 3753 2020
398 3884 3425
399 2023 602
400 3951 3353
401 796 1264
402 1824 476
403 148 1114
404 2608 1434
405 2788 2744
406 3488 4125
407 2756 3292
408 3469 3166
409 2591 2081
410 1845 338
411 2729 3934
412 3959 1459
413 2208 1645
414 1172 3912
415 1174 1079
416 1825 1914
417 661 2776
418 1801 3998
419 4103 716
420 1755 933
421 1532 1417
422 2390 1986
423 1632 2402
424 3306 1932
425 4087 671
426 2744 988
427 2616 3419
428 1217 2069
429 322 543
430 2464 1310
431 3337 3325
432 2051 2899
433 2098 1183
434 3576 4155
435 3263 297
436 1538 3036
437 2227 392
438 2118 2384
439 624 1943
440 1356 1744
441 3245 3226
442 898 1549
443 2283 1254
444 1538 1297
445 3877 3628
446 3144 148
447 2690 2485
448 2564 2430
449 1733 2982
450 1117 1341
451 3879 1863
452 3703 1895
453 2790 3046
454 2664 2901
455 1859 1460
456 4165 289
457 1769 1008
458 200 788
459 1055 3470
460 1578 605
461 1417 925
462 184 3629
463 1688 571
464 2511 3625
465 1405 3646
466 1798 1825
467 282 3218
468 569 592
469 1408 2058
470 2170 2797
471 1242 1994
472 3483 3865
473 1634 2405
474 438 4094
475 2341 3837
476 2643 1259
477 776 335
478 524 1378
479 1499 1841
480 2254 1028
481 541 2023
482 2762 3672
483 2276 226
484 3931 3519
485 1484 3792
486 3053 761
487 2949 2639
488 4091 3637
489 3154 3602
490 1484 277
491 2572 3747
492 1128 1643
493 1675 1747
494 2808 3402
495 1682 2916
496 4116 2303
497 3028 3021
498 1239 1690
499 2048 3994
500 907 3800
501 4006 2412
502 935 2856
503 740 3235
504 913 889
505 2726 3404
506 2112 1957
507 329 1894
508 3447 2195
509 675 2727
510 3079 1188
511 2016 1910
512 997 415
513 2713 1279
514 2921 1497
515 2319 51
516 3460 3495
517 1101 1578
518 657 2004
519 1594 2858
520 3088 3149
521 1960 232
522 1932 2060
523 1719 1903
524 39 3159
525 297 459
526 3907 3913
527 4108 1867
528 1083 1451
529 1342 3940
530 582 512
531 2266 3244
532 2634 2534
533 3433 2629
534 268 1185
535 567 3580
536 3777 3998
537 3489 2755
538 3324 4000
539 3182 514
540 497 1891
541 3340 3879
542 1504 3422
543 653 2387
544 450 237
545 1684 251
546 1587 1273
547 1716 4023
548 3685 3331
549 3998 3081
550 2088 874
551 1742 4029
552 3474 3694
553 3344 3249
554 695 305
555 301 2837
556 367 1998
557 1804 4023
558 864 3125
559 249 371
560 576 1281
561 657 2276
562 384 3058
563 2646 1960
564 2767 800
565 679 1568
566 1649 971
567 3728 3573
568 3889 1115
569 1264 50
570 3037 1195
571 696 220
572 3287 2697
573 3971 2181
574 1375 1668
575 1075 1844
576 4151 1268
577 3080 3003
578 2571 2636
579 3493 3064
580 4122 719
581 1091 1281
582 257 372
583 86 1568
584 3751 3320
585 270 241
586 2239 2560
587 2001 10
588 2286 324
589 3892 1511
590 571 3569
591 2711 1752
592 1755 1626
593 3729 2660
594 79 1147
595 3340 1514
596 2138 2547
597 3231 402
598 3496 836
599 2539 372
600 3753 3421
601 2902 3641
602 1340 3910
603 3997 2667
604 3423 1649
605 831 593
606 1016 2457
607 1196 3415
608 2692 1651
609 337 657
610 1680 2161
611 1920 4051
612 2730 1353
613 1184 3608
614 1774 3121
615 4010 3083
616 3547 2708
617 3591 3560
618 2278 2243
619 3681 1763
620 2154 4115
621 2703 3319
622 413 522
623 844 579
624 3405 1192
625 2299 964
626 226 297
627 365 2147
628 1956 3399
629 690 1432
630 3851 2465
631 2262 2903
632 1308 3028
633 3487 2055
634 2137 3118
635 2131 4186
636 2772 3784
637 2441 192
638 309 880
639 3930 2234
640 2298 2159
641 1769 2973
642 1971 234
643 2710 2846
644 3965 2175
645 2821 3042
646 304 2989
647 3333 2482
648 614 657
649 576 1547
650 337 2708
651 3331 1555
652 1651 1462
653 1628 25
654 2338 4142
655 1561 175
656 3180 566
657 2560 1068
658 3695 4146
659 2252 2544
660 2300 1612
661 2046 3143
662 3067 1793
663 2842 1449
664 561 3490
665 1491 2138
666 576 805
667 2782 2241
668 2071 3450
669 2873 3185
670 3273 3467
671 1498 1437
672 2692 934
673 2312 1069
674 755 1811
675 132 633
676 93 1252
677 1485 1320
678 1704 2600
679 1248 3185
680 2209 1284
681 2077 1611
682 509 1565
683 822 99
684 1326 3284
685 3684 522
686 3732 1327
687 1838 3487
688 1371 2643
689 1194 3036
690 2666 2205
691 1579 2193
692 940 2695
693 1843 3646
694 4127 3942
695 3846 2678
696 3640 358
697 2636 799
698 1313 3953
699 3378 2297
700 930 1496
701 3022 3020
702 2913 368
703 3259 344
704 1718 2940
705 1150 3203
706 336 3842
707 1402 3160
708 1266 3905
709 4099 2057
710 3828 1517
711 2077 605
712 3396 4144
713 1058 3910
714 2318 2921
715 1770 3423
716 2105 2613
717 3881 328
718 2354 1483
719 1714 2024
720 4011 3067
721 205 3116
722 762 1549
723 1936 2466
724 2146 4151
725 3378 673
726 1259 3344
727 2532 2569
728 1983 623
729 3134 2196
730 3687 2731
731 3224 312
732 1592 649
733 1148 3409
734 240 2304
735 682 1341
736 3291 2130
737 1600 494
738 712 2147
739 39 3227
740 3184 4010
741 2707 2047
742 3402 1611
743 2890 2350
744 3054 30
745 1926 598
746 2230 3632
747 353 3861
748 349 1237
749 2551 710
750 531 641
751 1602 2169
752 2257 1296
753 466 622
754 1980 820
755 844 918
756 2937 3860
757 1946 716
758 2820 502
759 3410 3599
760 1157 4025
761 1081 1735
762 3973 682
763 3184 2504
764 979 1005
765 833 1239
766 2332 176
767 3125 3749
768 1815 29
769 3596 2702
770 3006 2058
771 2506 1642
772 2679 2699
773 3482 4155
774 3975 1692
775 3067 2330
776 3873 1066
777 3337 214
778 3960 179
779 2941 1748
780 1173 569
781 2333 3308
782 3650 578
783 2292 3810
784 2146 603
785 3980 935
786 3066 2904
787 388 2358
788 3392 2765
789 1595 756
790 3788 160
791 1483 242
792 1731 3052
793 1822 138
794 1509 2478
795 2564 1394
796 2517 1102
797 1090 2907
798 1821 3952
799 1306 2325
800 3892 3159
801 1325 948
802 1521 2834
803 3073 3024
804 394 1477
805 2657 1735
806 1520 3632
807 3869 526
808 3981 2989
809 1319 2539
810 2469 1235
811 3708 3490
812 937 1644
813 2053 3267
814 1466 10
815 8 762
816 3965 1948
817 3239 2615
818 1573 750
819 3782 150
820 1281 3686
821 307 408
822 1455 1318
823 2764 670
824 891 131
825 1947 1939
826 200 1349
827 2981 2447
828 3881 2540
829 2062 1861
830 1596 1096
831 393 579
832 489 2411
833 3099 3487
834 1569 2177
835 576 2055
836 2291 2978
837 3718 1091
838 3775 2804
839 485 2665
840 3384 1161
841 2158 103
842 2223 2528
843 646 1796
844 1319 3188
845 1666 1474
846 122 2220
847 2417 1291
848 1181 3663
849 3685 3416
850 3378 3689
851 542 2542
852 874 2625
853 2884 90
854 1867 2598
855 2255 3548
856 2645 3004
857 4116 1416
858 135 1216
859 3740 2373
860 2372 2354
861 2010 1061
862 3419 825
863 989 1649
864 2397 3123
865 3106 1439
866 1644 100
867 1103 1852
868 4072 3015
869 1395 3958
870 3276 1079
871 2556 1851
872 3644 3139
873 2630 3754
874 3126 1666
875 1252 1567
876 2117 2047
877 749 1452
878 1189 228
879 1552 4156
880 956 1016
881 2753 1899
882 4098 3917
883 2263 3651
884 3380 1652
885 3114 2856
886 3064 2996
887 277 286
888 742 3786
889 4168 418
890 276 2936
891 2267 1697
892 1788 2143
893 323 2337
894 3735 3171
895 3319 666
896 4021 3063
897 2783 374
898 1365 1931
899 1987 533
900 2568 783
901 2612 1383
902 2068 2209
903 1832 3060
904 579 93
905 643 1833
906 513 2758
907 2764 3139
908 820 3072
909 2694 3340
910 3181 1508
911 3145 3547
912 2452 2219
913 1693 3445
914 2416 882
915 1146 4096
916 498 3211
917 1611 3001
918 2714 384
919 1714 616
920 2627 1086
921 4010 1601
922 1465 2049
923 1306 2069
924 2869 3883
925 1712 3703
926 1619 1345
927 3043 15
928 894 2628
929 3193 3983
930 2232 3494
931 3191 3472
932 3364 474
933 166 2729
934 2570 3125
935 2261 2835
936 694 333
937 602 4005
938 1915 2659
939 3549 1100
940 2919 1174
941 1385 3031
942 2729 586
943 2668 3918
944 262 3294
945 2132 2424
946 2327 855
947 1157 4117
948 2568 3680
949 1295 2073
950 1544 2139
951 3450 892
952 3552 3778
953 984 1874
954 3417 918
955 3226 1329
956 4042 795
957 4060 2801
958 2647 3006
959 388 3958
960 3433 1089
961 831 3761
962 2362 987
963 2047 3095
964 3290 1284
965 3666 1728
966 1132 3387
967 3974 27
968 2491 3411
969 1165 3982
970 732 1287
971 3100 2663
972 3647 1203
973 1719 1415
974 2535 4180
975 160 3651
976 1174 2570
977 1129 780
978 579 3283
979 192 2400
980 2042 1314
981 1277 1997
982 2914 1941
983 3924 3966
984 1079 2844
985 3874 1205
986 1278 2709
987 2390 3063
988 352 2482
989 2945 1835
990 953 2116
991 896 2311
992 2227 3032
993 2453 4150
994 2502 114
995 454 582
996 2239 3216
997 1718 868
998 1678 1431
999 4041 740
1000 659 121
1001 1797 3802
1002 2992 3878
1003 1717 3167
1004 866 1509
1005 2521 1263
1006 735 2628
1007 224 1502
1008 3973 1009
1009 310 1264
1010 417 362
1011 714 2624
1012 2815 869
1013 1038 1634
1014 4115 2979
1015 1523 500
1016 3031 1465
1017 3147 4132
1018 3896 654
1019 414 917
1020 1291 2164
1021 1946 3390
1022 1362 1393
1023 605 2775
1024 816 2787
1025 365 836
1026 2272 513
1027 2189 931
1028 1230 523
1029 495 3013
1030 3997 256
1031 2595 1140
1032 2830 2587
1033 1155 2120
1034 2096 1971
1035 3836 1444
1036 3132 2001
1037 2993 26
1038 1966 2649
1039 3650 797
1040 3628 1132
1041 173 125
1042 2025 2176
1043 618 1970
1044 3032 1353
1045 3126 2156
1046 2811 3874
1047 3065 2479
1048 93 3192
1049 3396 1493
1050 1477 3615
1051 43 735
1052 3409 2569
1053 77 1289
1054 2948 3180
1055 2803 107
1056 857 4190
1057 4009 1699
1058 916 3699
1059 18 1133
1060 1659 3091
1061 420 768
1062 2880 1735
1063 3580 3142
1064 3694 2356
1065 207 3659
1066 4071 1552
1067 2130 3900
1068 2614 1780
1069 1961 474
1070 173 2207
1071 1720 1045
1072 3113 3148
1073 3097 1617
1074 269 170
1075 2366 2934
1076 1645 2581
1077 147 1673
1078 484 2872
1079 1244 4001
1080 2773 139
1081 1963 2764
1082 3617 3316
1083 3643 2288
1084 192 355
1085 918 1554
1086 2157 2566
1087 86 1255
1088 2450 3071
1089 3006 3930
1090 2997 928
1091 1157 2746
1092 356 3670
1093 37 1186
1094 371 486
1095 3692 3663
1096 1001 2418
1097 1049 949
1098 2317 2541
1099 3720 3244
1100 990 2258
1101 3569 3497
1102 2248 1146
1103 167 628
1104 84 1949
1105 1951 1991
1106 276 3675
1107 3854 442
1108 1742 122
1109 3030 2862
1110 3932 2033
1111 945 3731
1112 1757 48
1113 5 2223
1114 524 241
1115 2142 3038
1116 4 937
1117 46 2200
1118 2255 1893
1119 1438 2481
1120 3815 2516
1121 2607 2838
1122 130 2097
1123 3314 2763
1124 1403 329
1125 3208 1813
1126 2328 3325
1127 2687 3865
1128 2759 2702
1129 3146 648
1130 3614 1794
1131 2782 186
1132 3753 3719
1133 2454 799
1134 633 117
1135 2089 3246
1136 3210 1183
1137 1047 1309
1138 349 4135
1139 669 1182
1140 2276 1418
1141 2124 3832
1142 2063 355
1143 2489 2212
1144 678 1909
1145 3242 1719
1146 1043 189
1147 593 823
1148 3961 2476
1149 288 867
1150 3874 3879
1151 2894 850
1152 3549 2546
1153 3498 2490
1154 315 2650
1155 1136 1989
1156 1631 2576
1157 850 572
1158 1664 681
1159 1447 3353
1160 3282 3510
1161 1716 229
1162 612 2665
1163 1496 758
1164 1944 1452
1165 2759 899
1166 2973 3905
1167 4089 3092
1168 1766 685
1169 3139 3451
1170 2176 2502
1171 1772 1580
1172 1391 1288
1173 2233 1565
1174 925 1403
1175 876 794
1176 1287 896
1177 262 470
1178 1074 2138
1179 2493 4172
1180 3668 2007
1181 1410 513
1182 1150 1735
1183 114 1002
1184 623 2807
1185 4056 3136
1186 2796 3353
1187 1462 854
1188 3187 3540
1189 1013 4139
1190 46 2807
1191 482 1353
1192 1447 3268
1193 415 2911
1194 87 3516
1195 2418 730
1196 1055 3368
1197 3311 3128
1198 957 1342
1199 2388 3865
1200 2916 664
1201 1474 852
1202 3310 105
1203 1997 3384
1204 2984 1800
1205 1336 3303
1206 2749 1918
1207 2122 21
1208 3778 1689
1209 1728 2261
1210 3770 70
1211 1077 1790
1212 1743 1128
1213 2051 2217
1214 3848 434
1215 2456 1508
1216 2765 2569
1217 776 464
1218 3756 1156
1219 1624 1668
1220 1397 1662
1221 1491 2058
1222 1022 883
1223 3361 1661
1224 3384 2279
1225 2091 1224
1226 3071 3512
1227 101 1940
1228 2764 565
1229 3310 4187
1230 2229 3339
1231 1215 509
1232 2382 3640
1233 4177 829
1234 2000 581
1235 4182 2268
1236 3694 3146
1237 3483 2591
1238 1011 2027
1239 1228 2748
1240 1523 2902
1241 3855 184
1242 839 1344
1243 3279 2957
1244 1610 1817
1245 1975 556
1246 1912 62
1247 2143 1313
1248 3254 1479
1249 3100 3105
1250 2437 1011
1251 835 671
1252 1096 1887
1253 2708 1006
1254 566 1725
1255 2964 2000
1256 1096 3910
1257 2768 3330
1258 332 3699
1259 3976 1664
1260 2679 1707
1261 1584 3406
1262 3422 983
1263 1737 915
1264 1634 1443
1265 1808 3445
1266 4177 1820
1267 1658 733
1268 1292 3205
1269 3968 976
1270 1382 3412
1271 2705 3071
1272 1593 84
1273 3983 1463
1274 1130 3379
1275 3839 570
1276 946 1483
1277 574 2302
1278 1671 1403
1279 2838 3929
1280 1436 3748
1281 648 2555
1282 4156 2556
1283 616 2860
1284 616 1908
1285 3958 2344
1286 2227 2639
1287 3614 2727
1288 711 3522
1289 354 1008
1290 3969 558
1291 968 237
1292 1727 4017
1293 3028 2429
1294 2294 993
1295 3239 2712
1296 585 2287
1297 3245 1511
1298 2400 2518
1299 1452 2832
1300 49 234
1301 1900 1886
1302 1526 1259
1303 3810 1160
1304 3053 1732
1305 4022 1878
1306 3978 2467
1307 3997 469
1308 3926 2102
1309 300 3967
1310 4134 1106
1311 201 4112
1312 475 3328
1313 2862 3257
1314 3212 3116
1315 3617 2540
1316 3289 3230
1317 725 931
1318 1978 2809
1319 876 1564
1320 1861 1043
1321 758 1667
1322 2063 2762
1323 1259 3314
1324 1961 2406
1325 1527 3273
1326 1925 584
1327 2698 1220
1328 1456 689
1329 983 2722
1330 4102 566
1331 1084 1933
1332 1172 3930
1333 200 2679
1334 3677 1441
1335 4110 3683
1336 1155 2642
1337 561 2525
1338 718 2904
1339 2684 3180
1340 4036 333
1341 2045 506
1342 3059 3392
1343 153 433
1344 2404 1745
1345 2801 896
1346 3416 3079
1347 294 3203
1348 2507 3546
1349 3370 2317
1350 2615 1799
1351 4014 3059
1352 1544 3653
1353 382 2779
1354 2522 2601
1355 2841 163
1356 2804 972
1357 471 3390
1358 2760 349
1359 150 3953
1360 3408 672
1361 1213 3325
1362 1841 3791
1363 4144 3594
1364 552 2665
1365 3670 338
1366 1311 2580
1367 114 922
1368 2593 2932
1369 3137 2624
1370 3259 1735
1371 1891 1974
1372 1262 1588
1373 4073 2504
1374 960 1471
1375 2542 217
1376 3510 580
1377 1526 4104
1378 2079 2458
1379 925 1842
1380 3102 170
1381 3937 4048
1382 2368 728
1383 214 746
1384 140 2900
1385 195 3374
1386 305 1121
1387 641 2564
1388 2118 2255
1389 192 2113
1390 2936 940
1391 201 2041
1392 281 1695
1393 1371 3386
1394 2300 951
1395 3963 3870
1396 147 2699
1397 1910 2855
1398 848 3675
1399 3957 1051
1400 1868 1589
1401 1463 2520
1402 3686 3255
1403 548 1566
1404 909 593
1405 1583 3411
1406 3414 2251
1407 3406 3538
1408 884 1358
1409 475 939
1410 1506 1639
1411 3595 1518
1412 1154 3366
1413 1723 608
1414 1778 2596
1415 3683 2607
1416 343 2527
1417 3044 3611
1418 632 2431
1419 1029 1290
1420 3517 3478
1421 2577 330
1422 964 2200
1423 2888 2999
1424 369 152
1425 2707 2592
1426 2225 1378
1427 3378 690
1428 39 1536
1429 2409 3024
1430 3394 3346
1431 3767 2733
1432 1483 2168
1433 132 2935
1434 2089 3756
1435 647 2855
1436 3714 2762
1437 1969 491
1438 363 1199
1439 2595 210
1440 2630 2221
1441 711 2720
1442 2446 2892
1443 2573 1157
1444 2248 1317
1445 4026 2866
1446 4016 2399
1447 853 3682
1448 278 2461
1449 765 4023
1450 1901 4138
1451 1620 491
1452 674 1486
1453 328 813
1454 1855 2093
1455 246 642
1456 1703 2379
1457 1906 1007
1458 1424 707
1459 4099 2678
1460 683 495
1461 1964 3145
1462 3552 4032
1463 4053 818
1464 128 969
1465 1431 2711
1466 1621 659
1467 1119 3678
1468 2411 561
1469 1183 1269
1470 824 3717
1471 1085 1374
1472 3154 3192
1473 232 1693
1474 3765 911
1475 885 3069
1476 3966 1600
1477 1764 3801
1478 1994 1634
1479 238 2822
1480 3389 1502
1481 3834 578
1482 953 1218
1483 1155 504
1484 2895 3385
1485 3714 1014
1486 3372 3150
1487 1443 2484
1488 2691 581
1489 969 3261
1490 3520 4079
1491 584 3574
1492 226 2021
1493 2369 1702
1494 1674 3600
1495 1321 2351
1496 1811 44
1497 2323 1819
1498 3123 1320
1499 2451 4186
1500 2680 158
1501 2430 3008
1502 3870 1084
1503 3670 3289
1504 1428 3915
1505 102 2302
1506 2023 648
1507 3868 3494
1508 1258 3463
1509 2989 1711
1510 1570 238
1511 3850 2693
1512 175 3769
1513 650 686
1514 1127 3097
1515 2190 106
1516 1599 1832
1517 494 3701
1518 210 4085
1519 1201 3846
1520 3622 2596
1521 770 287
1522 4130 3690
1523 3676 2871
1524 2560 3242
1525 3860 245
1526 1496 1801
1527 81 2933
1528 1033 636
1529 3590 2108
1530 615 3913
1531 887 2214
1532 4132 3152
1533 157 4100
1534 1756 3643
1535 1443 3021
1536 3677 3662
1537 1759 985
1538 1029 3997
1539 2729 3991
1540 87 2666
1541 2053 3651
1542 1351 459
1543 1935 3651
1544 1706 433
1545 935 1068
1546 1949 2066
1547 1963 3071
1548 2653 2427
1549 2440 2890
1550 1949 3240
1551 1813 3860
1552 1399 3317
1553 3311 1656
1554 3438 3930
1555 3642 3440
1556 139 911
1557 604 697
1558 3371 4134
1559 278 1228
1560 3735 2110
1561 2949 2044
1562 4071 3226
1563 1858 2854
1564 3314 3891
1565 2510 2561
1566 1939 1167
1567 3386 1772
1568 1244 2078
1569 1321 678
1570 28 1837
1571 2804 1551
1572 1096 2648
1573 2820 2223
1574 2252 4169
1575 4135 3421
1576 2672 3240
1577 1469 1505
1578 4073 3359
1579 345 2483
1580 2417 2770
1581 4188 4036
1582 1782 82
1583 2189 1286
1584 3938 2953
1585 1087 2490
1586 501 1186
1587 1440 1335
1588 2550 1286
1589 1216 1921
1590 1902 1216
1591 2231 466
1592 979 2700
1593 1932 1974
1594 4073 867
1595 3540 2439
1596 2844 2472
1597 500 3660
1598 862 2069
1599 1345 1551
1600 353 3376
1601 1732 2763
1602 3580 3688
1603 2929 1170
1604 1115 2605
1605 1147 3731
1606 2879 2551
1607 1449 854
1608 1575 4114
1609 158 2155
1610 2084 2706
1611 2200 183
1612 1817 82
1613 751 1153
1614 1659 4018
1615 3872 3638
1616 2019 586
1617 3727 3230
1618 3882 1351
1619 1412 2115
1620 2246 1873
1621 614 897
1622 2383 801
1623 2446 3502
1624 3649 3276
1625 943 2619
1626 4150 758
1627 299 1869
1628 1205 869
1629 767 2726
1630 1040 2996
1631 113 551
1632 728 2258
1633 4053 1797
1634 2551 1183
1635 1564 4031
1636 789 4044
1637 2830 3035
1638 4148 1666
1639 79 872
1640 729 2231
1641 2910 3552
1642 1577 1153
1643 3211 1072
1644 1403 342
1645 86 1202
1646 3154 1945
1647 1581 1292
1648 2055 3302
1649 287 3186
1650 1570 3497
1651 327 2584
1652 3871 551
1653 1720 679
1654 2857 384
1655 491 994
1656 2808 2825
1657 2267 2821
1658 577 318
1659 3634 3924
1660 1765 1436
1661 17 837
1662 419 3981
1663 667 3788
1664 214 2186
1665 590 3351
1666 2254 402
1667 984 3311
1668 1137 3152
1669 1042 2245
1670 476 324
1671 2844 823
1672 894 1334
1673 1939 913
1674 574 2806
1675 613 1296
1676 2854 1522
1677 2147 1634
1678 1342 583
1679 296 2516
1680 3205 4059
1681 397 3552
1682 4066 948
1683 1774 4112
1684 631 2453
1685 3643 3190
1686 989 2776
1687 2005 740
1688 1711 1464
1689 2869 4054
1690 1073 3467
1691 2216 3811
1692 3008 1207
1693 701 952
1694 11 2422
1695 2105 1076
1696 2724 3557
1697 1538 2733
1698 429 607
1699 3086 3630
1700 2803 2939
1701 1578 2347
1702 1158 1149
1703 2623 688
1704 2881 598
1705 2402 2399
1706 3919 333
1707 1153 3071
1708 1777 470
1709 818 277
1710 482 2838
1711 1183 373
1712 63 1564
1713 742 3639
1714 861 2661
1715 3273 2752
1716 1361 1268
1717 2428 1599
1718 3201 2785
1719 2365 1780
1720 2486 1617
1721 91 1722
1722 1912 3435
1723 2602 3557
1724 3361 1780
1725 2210 4147
1726 2705 1791
1727 464 3556
1728 1912 1452
1729 4143 3259
1730 3143 2938
1731 3268 2356
1732 2617 345
1733 296 2014
1734 610 2200
1735 3738 2756
1736 2506 3765
1737 2205 540
1738 2759 2783
1739 2822 3295
1740 4040 2787
1741 3681 3715
1742 4028 2860
1743 3529 3881
1744 3607 3278
1745 4074 3888
1746 2455 3893
1747 2720 625
1748 2703 2880
1749 1373 3522
1750 2969 2471
1751 1515 3528
1752 3447 4154
1753 3469 3424
1754 2434 4143
1755 4097 3310
1756 2811 191
1757 119 1564
1758 1883 239
1759 1287 2545
1760 941 3896
1761 1089 2494
1762 507 3967
1763 1925 671
1764 1223 315
1765 1058 3734
1766 500 3414
1767 1755 2817
1768 2086 3136
1769 3069 3498
1770 1937 2822
1771 3985 1929
1772 1814 1882
1773 2687 1396
1774 232 3556
1775 119 3418
1776 804 280
1777 2138 3609
1778 1779 1782
1779 3330 2163
1780 924 3665
1781 3400 1377
1782 1021 833
1783 1279 3522
1784 599 3120
1785 1966 1877
1786 2352 1506
1787 692 1661
1788 1718 2981
1789 1446 1908
1790 3122 3923
1791 610 803
1792 3347 1778
1793 2193 3752
1794 521 3332
1795 3586 3572
1796 3832 2044
1797 2408 487
1798 2121 1345
1799 1748 3161
1800 1626 947
1801 1395 2300
1802 227 369
1803 3385 812
1804 214 669
1805 1227 657
1806 3615 2513
1807 2809 1557
1808 1878 1534
1809 1123 3996
1810 1703 1470
1811 2246 1108
1812 1797 2631
1813 4180 2029
1814 718 4119
1815 98 1929
1816 4073 3574
1817 927 1241
1818 2508 1700
1819 2004 2194
1820 2326 3746
1821 1767 510
1822 3993 4117
1823 2473 1466
1824 3162 3127
1825 138 3096
1826 3933 3300
1827 1017 3108
1828 2707 1344
1829 4019 3894
1830 264 121
1831 788 3769
1832 1938 1318
1833 3845 2420
1834 1721 4097
1835 3576 1409
1836 3980 2872
1837 2318 2011
1838 3932 3389
1839 195 1997
1840 2177 2310
1841 2657 171
1842 2035 3534
1843 3434 1893
1844 2340 345
1845 2444 150
1846 3539 2949
1847 3985 1979
1848 741 312
1849 1884 1111
1850 1113 641
1851 2775 2749
1852 806 2583
1853 3910 2636
1854 3196 3541
1855 2912 419
1856 3924 3020
1857 1303 401
1858 1984 2755
1859 682 2341
1860 3810 1601
1861 996 2744
1862 3849 1991
1863 1692 2740
1864 3780 363
1865 1879 3267
1866 2508 2106
1867 1798 616
1868 1468 3026
1869 970 225
1870 3133 335
1871 1448 3120
1872 109 937
1873 3046 952
1874 3712 3983
1875 4038 1697
1876 1881 3442
1877 1490 351
1878 2960 135
1879 314 2337
1880 1488 1832
1881 1804 1456
1882 2445 2250
1883 1558 36
1884 1335 2219
1885 3452 2866
1886 1741 3784
1887 3282 3482
1888 3851 1857
1889 2560 109
1890 2297 3966
1891 1793 950
1892 2844 2066
1893 639 2963
1894 3478 1950
1895 778 54
1896 336 1446
1897 2160 430
1898 2489 384
1899 1358 2585
1900 2361 2920
1901 201 2257
1902 2793 3883
1903 1287 999
1904 2836 1815
1905 480 1463
1906 847 2641
1907 2331 2266
1908 2381 4108
1909 1554 1493
1910 462 2301
1911 1223 2042
1912 1564 2179
1913 2217 2622
1914 3534 3946
1915 4159 3709
1916 1588 816
1917 3972 3029
1918 1766 4126
1919 2304 2352
1920 1541 2345
1921 1157 2096
1922 1054 1625
1923 1683 3930
1924 827 2685
1925 2245 3978
1926 3882 742
1927 3873 2192
1928 3431 3369
1929 1088 2449
1930 438 2288
1931 246 1527
1932 2641 3964
1933 716 4057
1934 670 557
1935 1254 1643
1936 1140 589
1937 3085 2895
1938 2756 1964
1939 1150 3466
1940 3919 600
1941 993 2062
1942 2842 3881
1943 3971 510
1944 2723 1470
1945 843 1141
1946 2214 1269
1947 752 2100
1948 1550 2284
1949 294 1142
1950 844 2720
1951 1332 162
1952 155 4130
1953 2346 2425
1954 2441 1440
1955 3001 645
1956 2595 3462
1957 1295 2581
1958 4042 3248
1959 1600 4190
1960 124 2621
1961 385 2228
1962 1951 1235
1963 267 1592
1964 174 3006
1965 590 1518
1966 2530 891
1967 259 1124
1968 2184 906
1969 1419 370
1970 868 1025
1971 2957 3606
1972 75 3366
1973 42 3606
1974 3200 3120
1975 3935 219
1976 968 195
1977 1899 45
1978 453 20
1979 2838 674
1980 3090 1347
1981 941 3223
1982 1112 2283
1983 593 3864
1984 2479 3044
1985 3376 1722
1986 1137 3799
1987 393 281
1988 1540 2089
1989 1275 886
1990 308 1830
1991 3975 1464
1992 4173 2192
1993 2147 1862
1994 861 581
1995 162 1183
1996 2762 2209
1997 3213 3910
1998 2694 3223
1999 597 2014
2000 3625 1848
2001 924 2708
2002 2242 775
2003 1458 2551
2004 3499 28
2005 1247 3860
2006 2640 2830
2007 1811 1338
2008 2242 1158
2009 3856 57
2010 277 4117
2011 4028 331
2012 2001 3420
2013 3421 3100
2014 143 1719
2015 687 4022
2016 3295 2924
2017 1118 2927
2018 1326 1084
2019 3386 583
2020 990 822
2021 1857 2133
2022 42 1370
2023 1622 869
2024 3391 2011
2025 2398 3386
2026 2763 2124
2027 2487 3697
2028 3325 2610
2029 537 1434
2030 2737 2833
2031 1176 3071
2032 1559 3625
2033 1721 1594
2034 3999 1790
2035 3306 2047
2036 2830 1787
2037 4092 1685
2038 708 1258
2039 1358 1401
2040 1043 3346
2041 3302 1522
2042 2151 1850
2043 1748 1595
2044 3589 970
2045 250 4106
2046 73 2994
2047 1090 4151
2048 1200 3039
2049 1952 2478
2050 4135 2817
2051 3187 851
2052 33 793
2053 833 2738
2054 1099 2611
2055 3806 2010
2056 3907 876
2057 3988 1266
2058 2241 1593
2059 1042 2594
2060 2791 2933
2061 3581 672
2062 3856 2250
2063 2789 3430
2064 2024 378
2065 1623 153
2066 632 832
2067 2958 3464
2068 2337 1206
2069 3496 2443
2070 1947 1967
2071 4022 578
2072 1381 3437
2073 2147 3658
2074 2727 2081
2075 247 3433
2076 211 1667
2077 2259 2754
2078 2666 1575
2079 2403 3946
2080 3545 3035
2081 2751 1377
2082 3111 4067
2083 1694 3773
2084 1246 3507
2085 2818 2505
2086 3641 550
2087 2653 3361
2088 409 3659
2089 2190 976
2090 3387 32
2091 2574 90
2092 2461 26
2093 3543 2140
2094 749 2876
2095 1657 2600
2096 3803 1447
2097 2254 705
2098 1078 2668
2099 2124 2855
2100 3980 1106
2101 3884 806
2102 960 2451
2103 1745 1347
2104 1945 420
2105 1170 2622
2106 216 2228
2107 3825 674
2108 2113 1418
2109 459 1624
2110 1679 2865
2111 1415 1226
2112 1298 2182
2113 762 2188
2114 131 1784
2115 1181 1775
2116 2963 3219
2117 2917 2041
2118 2839 1623
2119 2487 3776
2120 531 780
2121 4042 1173
2122 3042 2303
2123 1633 4150
2124 3261 2928
2125 3816 2108
2126 2994 1117
2127 1258 3153
2128 2618 1726
2129 676 682
2130 4019 3307
2131 3642 2341
2132 3649 1677
2133 3612 2137
2134 3041 1332
2135 2098 3122
2136 298 1286
2137 1528 3325
2138 3087 1271
2139 4162 3350
2140 149 2198
2141 3747 2924
2142 2312 2330
2143 2165 4070
2144 308 127
2145 1236 2476
2146 1316 923
2147 108 3665
2148 886 4119
2149 50 3834
2150 3796 1580
2151 3816 2482
2152 2399 3983
2153 2133 3140
2154 3041 320
2155 25 229
2156 800 1610
2157 3977 336
2158 3785 1814
2159 3508 410
2160 4130 673
2161 1952 2405
2162 1634 3325
2163 1595 2164
2164 2553 799
2165 2164 1106
2166 2043 1798
2167 1964 755
2168 822 3089
2169 1314 1923
2170 4178 819
2171 2873 920
2172 376 1417
2173 1628 856
2174 3266 1936
2175 689 2667
2176 4111 1081
2177 1424 1365
2178 161 1870
2179 750 3375
2180 978 1215
2181 1894 2368
2182 930 1164
2183 2580 2522
2184 1078 1756
2185 1244 2095
2186 976 2379
2187 3368 1233
2188 193 2424
2189 2476 724
2190 1635 4058
2191 67 1883
2192 3308 2310
2193 457 619
2194 2487 3674
2195 2258 256
2196 1523 166
2197 2839 3830
2198 3258 2472
2199 1285 1289
2200 1081 251
2201 932 1072
2202 2075 602
2203 2703 1910
2204 3531 1051
2205 2251 1062
2206 2112 588
2207 1779 906
2208 3301 3186
2209 2385 3298
2210 2787 1201
2211 1566 582
2212 3130 2888
2213 3930 3570
2214 97 314
2215 2727 3123
2216 3825 150
2217 3847 2760
2218 3626 1900
2219 3902 246
2220 3494 1466
2221 3833 1099
2222 2307 3127
2223 2415 1390
2224 3878 1155
2225 501 3768
2226 2196 4179
2227 465 298
2228 1015 1849
2229 1682 36
2230 2044 847
2231 1135 326
2232 3954 141
2233 2666 1870
2234 682 2230
2235 1076 3408
2236 1596 2701
2237 61 1936
2238 236 1003
2239 1471 1545
2240 663 3779
2241 2121 3960
2242 2688 56
2243 640 1786
2244 734 3392
2245 1264 1171
2246 2592 1277
2247 1702 3888
2248 762 221
2249 2906 1106
2250 3639 2990
2251 2305 2547
2252 2497 1652
2253 2309 2351
2254 3561 48
2255 274 3759
2256 58 1231
2257 3336 3913
2258 3632 2353
2259 1740 973
2260 2613 2599
2261 487 3467
2262 2943 488
2263 705 4159
2264 880 3626
2265 2730 98
2266 90 1996
2267 1490 2123
2268 251 4151
2269 3958 1492
2270 3590 1333
2271 3806 3532
2272 2798 1000
2273 1693 3603
2274 1796 1883
2275 4061 2476
2276 2063 44
2277 444 1097
2278 1700 2486
2279 3451 3296
2280 2586 394
2281 2828 350
2282 3605 1753
2283 1132 466
2284 1943 4016
2285 1671 3061
2286 3533 3420
2287 936 2052
2288 2451 2748
2289 2207 1116
2290 3164 2210
2291 918 2523
2292 1832 1048
2293 242 1168
2294 3995 3829
2295 1820 9
2296 3117 1314
2297 3409 3729
2298 12 5
2299 2123 84
2300 4049 1309
2301 9 1563
2302 2495 858
2303 1381 1998
2304 673 3253
2305 2539 2103
2306 1986 196
2307 2284 1522
2308 3946 3105
2309 2270 2023
2310 971 2754
2311 3165 196
2312 922 971
2313 2269 1404
2314 363 3802
2315 3316 36
2316 3508 1592
2317 1121 2184
2318 2670 2451
2319 1000 1099
2320 1835 599
2321 3307 3447
2322 976 1264
2323 84 2128
2324 1006 1576
2325 3494 1938
2326 2868 1114
2327 3670 3300
2328 4039 197
2329 1668 915
2330 538 929
2331 23 1628
2332 1909 1845
2333 3988 162
2334 2149 1169
2335 3178 80
2336 1639 1803
2337 1532 3903
2338 999 3386
2339 2149 2794
2340 150 759
2341 721 1493
2342 567 3950
2343 2855 1446
2344 1524 1130
2345 2199 4048
2346 1444 1050
2347 2279 1966
2348 2802 356
2349 237 234
2350 4049 3485
2351 881 3095
2352 1939 2621
2353 4070 2589
2354 315 2026
2355 1700 783
2356 4032 2064
2357 1346 450
2358 1793 3158
2359 2387 1254
2360 3839 1520
2361 3229 383
2362 1383 1436
2363 3254 402
2364 2573 2415
2365 3467 4063
2366 502 793
2367 292 536
2368 105 3549
2369 108 1249
2370 709 3461
2371 1740 3660
2372 2012 4020
2373 3472 2373
2374 3287 696
2375 1149 3211
2376 208 422
2377 3210 815
2378 2934 1795
2379 1707 3155
2380 1503 2475
2381 2412 1109
2382 1240 2176
2383 615 2984
2384 416 3706
2385 54 3925
2386 1364 3513
2387 224 3295
2388 4111 767
2389 1286 3568
2390 2626 203
2391 2856 164
2392 80 3142
2393 116 1350
2394 1884 2009
2395 485 747
2396 2589 55
2397 899 2901
2398 68 3576
2399 1703 2314
2400 2668 1260
2401 3521 1272
2402 3048 1186
2403 2955 1110
2404 4049 1073
2405 2568 1457
2406 2416 557
2407 59 3967
2408 3480 2966
2409 2830 3302
2410 3985 3645
2411 2651 878
2412 159 602
2413 2280 1133
2414 8 4117
2415 618 277
2416 241 626
2417 2016 1824
2418 3930 4045
2419 1557 3030
2420 949 2441
2421 2799 272
2422 2658 3066
2423 1960 4010
2424 582 1365
2425 2994 4162
2426 2507 67
2427 3968 3936
2428 3072 1306
2429 4053 1944
2430 1479 3104
2431 11 1297
2432 298 1833
2433 1391 1159
2434 1511 1137
2435 3879 894
2436 1589 2931
2437 4179 2359
2438 4190 1591
2439 2403 1814
2440 1463 3371
2441 2405 3288
2442 684 2329
2443 3853 412
2444 3136 1093
2445 3987 3453
2446 2301 19
2447 1679 1734
2448 1327 92
2449 3579 915
2450 3258 1888
2451 156 1358
2452 1070 1153
2453 801 865
2454 3743 1988
2455 2328 3078
2456 3661 495
2457 448 409
2458 3342 2216
2459 1621 3243
2460 569 2450
2461 877 712
2462 3813 1720
2463 2694 4060
2464 3784 1479
2465 3158 3849
2466 2218 642
2467 3723 2689
2468 3655 1968
2469 351 1123
2470 1895 1480
2471 1814 1675
2472 2166 1565
2473 216 1308
2474 1314 2330
2475 2928 1718
2476 669 793
2477 2169 1706
2478 1315 1168
2479 3461 2677
2480 1705 1560
2481 673 1265
2482 4095 305
2483 2673 2712
2484 742 1657
2485 3158 3458
2486 487 157
2487 1593 598
2488 378 2207
2489 2390 3007
2490 2600 3191
2491 1507 3381
2492 3822 3154
2493 1076 284
2494 3513 2892
2495 2348 1543
2496 4094 2903
2497 1130 2343
2498 2856 2775
2499 4009 1177
2500 201 66
2501 2949 2116
2502 1015 3977
2503 1861 897
2504 4091 2042
2505 293 957
2506 1209 128
2507 121 3196
2508 3998 1866
2509 216 2477
2510 3189 1715
2511 2562 1487
2512 3974 1428
2513 3682 4063
2514 1685 999
2515 2814 81
2516 45 2963
2517 1349 1593
2518 1622 3823
2519 454 174
2520 866 3930
2521 844 3547
2522 1873 1968
2523 1427 1812
2524 2504 2384
2525 1728 2865
2526 3093 4023
2527 3767 1074
2528 200 1563
2529 2062 330
2530 1164 1422
2531 3950 3665
2532 2938 2922
2533 1761 1380
2534 1284 3325
2535 2301 212
2536 1175 3226
2537 167 2770
2538 273 959
2539 3360 1370
2540 2608 1158
2541 1898 2840
2542 2622 3812
2543 3588 1865
2544 2726 2592
2545 1661 3681
2546 3463 356
2547 3794 3591
2548 185 1447
2549 1735 2514
2550 2502 3604
2551 1914 96
2552 1127 462
2553 3037 1622
2554 125 159
2555 3749 4002
2556 413 3998
2557 1473 2657
2558 1254 952
2559 2986 1974
2560 2517 1670
2561 2450 1877
2562 2456 1163
2563 876 643
2564 314 4036
2565 1026 1779
2566 2488 1772
2567 578 1158
2568 299 480
2569 1933 2713
2570 2973 1304
2571 1073 765
2572 862 834
2573 2226 1753
2574 58 2363
2575 1634 2944
2576 2065 694
2577 3488 558
2578 1985 2014
2579 2756 1290
2580 1996 2991
2581 4174 3954
2582 2729 1561
2583 2481 3969
2584 2915 3737
2585 992 2144
2586 884 1684
2587 2838 1720
2588 2479 88
2589 3515 1866
2590 1691 2898
2591 4045 2437
2592 1636 2870
2593 3356 3044
2594 2538 1257
2595 1629 171
2596 2859 1479
2597 414 2364
2598 2859 2694
2599 4078 2964
2600 1845 2111
2601 2369 1322
2602 3518 1455
2603 1941 3597
2604 62 1929
2605 779 481
2606 2015 273
2607 2808 3482
2608 3460 3574
2609 3162 3890
2610 1249 3112
2611 2914 2553
2612 2495 1287
2613 3962 3271
2614 1848 881
2615 3226 2453
2616 2233 174
2617 3869 1270
2618 424 3209
2619 308 1183
2620 2187 1384
2621 3052 2323
2622 418 1514
2623 3732 1786
2624 1095 243
2625 2781 3709
2626 279 3596
2627 855 369
2628 1709 4006
2629 2661 3742
2630 1002 3398
2631 1866 1795
2632 2811 43
2633 2819 1440
2634 2936 2084
2635 1266 1823
2636 1134 2417
2637 195 2170
2638 2063 3511
2639 2207 2613
2640 1881 2685
2641 1180 43
2642 4126 411
2643 2164 369
2644 2515 1466
2645 206 3142
2646 1715 186
2647 4093 3345
2648 82 2458
2649 1759 2406
2650 3027 1028
2651 3847 3291
2652 3714 4170
2653 3290 2043
2654 1883 3331
2655 1898 3156
2656 3305 1064
2657 1786 4123
2658 4054 4003
2659 3888 1665
2660 2448 1306
2661 3249 21
2662 2024 3069
2663 2078 317
2664 2827 1081
2665 62 164
2666 1131 2733
2667 854 1848
2668 439 4086
2669 806 3897
2670 2526 3164
2671 244 4037
2672 1055 923
2673 4110 3156
2674 2795 2115
2675 2969 4112
2676 2510 1408
2677 19 1676
2678 3059 1161
2679 1212 742
2680 844 1949
2681 3820 1710
2682 3464 940
2683 2500 189
2684 544 2417
2685 180 3608
2686 597 1936
2687 3710 2431
2688 2670 1916
2689 1809 724
2690 1665 3616
2691 1938 1429
2692 1908 3642
2693 720 2446
2694 339 517
2695 657 821
2696 1148 586
2697 382 1088
2698 1067 2136
2699 3637 3256
2700 3843 4159
2701 309 3864
2702 414 1010
2703 1899 1195
2704 2827 3065
2705 4070 3032
2706 878 1548
2707 3976 2582
2708 3314 2807
2709 4011 45
2710 106 3931
2711 3660 1688
2712 2835 2201
2713 2830 3342
2714 2577 1923
2715 3202 1907
2716 293 2291
2717 364 92
2718 1759 1173
2719 4076 1243
2720 2354 1693
2721 3161 641
2722 1488 2449
2723 340 90
2724 732 4139
2725 3880 181
2726 1055 1804
2727 2299 2533
2728 3527 2676
2729 1312 558
2730 3396 2523
2731 3037 3321
2732 2766 233
2733 3976 653
2734 2242 4145
2735 2644 2728
2736 2543 3626
2737 2687 1239
2738 3126 1973
2739 2705 964
2740 1944 3544
2741 1784 1301
2742 2718 1048
2743 2624 2537
2744 554 2203
2745 320 3456
2746 2767 1397
2747 4129 1343
2748 1388 1203
2749 3984 2458
2750 3317 2258
2751 537 3857
2752 1704 417
2753 403 1063
2754 1640 890
2755 2872 2644
2756 3378 3928
2757 2892 3720
2758 2025 2303
2759 2948 1621
2760 1590 3465
2761 2689 2169
2762 3456 1877
2763 1988 3884
2764 2324 1348
2765 1878 96
2766 1580 3281
2767 3270 3580
2768 3553 2440
2769 1962 1656
2770 590 903
2771 1242 4065
2772 3423 370
2773 1577 3179
2774 933 266
2775 2990 1202
2776 1448 2070
2777 2389 2024
2778 1436 4035
2779 3837 3587
2780 3064 3814
2781 1675 341
2782 3595 656
2783 569 838
2784 3131 421
2785 2225 1490
2786 3619 453
2787 3053 3398
2788 3614 1075
2789 1618 2229
2790 1480 3885
2791 3112 4188
2792 1844 625
2793 2796 3018
2794 1147 493
2795 2293 1466
2796 3817 2416
2797 1972 19
2798 2 1325
2799 4190 1758
2800 3138 3155
2801 2017 155
2802 705 3104
2803 3554 1061
2804 4015 2983
2805 2875 3788
2806 419 584
2807 888 911
2808 15 1542
2809 683 2829
2810 1738 2314
2811 3942 781
2812 3748 658
2813 454 3951
2814 3979 3276
2815 962 3326
2816 1040 3230
2817 2437 1798
2818 2858 776
2819 2403 2405
2820 1709 902
2821 3545 2760
2822 1462 1170
2823 2921 707
2824 3542 155
2825 2978 1757
2826 940 3229
2827 2694 1345
2828 3983 3346
2829 2708 2818
2830 211 3492
2831 1252 1336
2832 1209 2168
2833 1416 616
2834 220 3834
2835 2594 950
2836 1116 1260
2837 594 862
2838 2282 4060
2839 1205 1082
2840 2951 4173
2841 2054 3155
2842 3011 154
2843 3748 3711
2844 2673 587
2845 87 3676
2846 2042 3326
2847 2318 2639
2848 3535 2796
2849 2101 2240
2850 2788 2622
2851 136 847
2852 1744 724
2853 2649 3613
2854 2889 973
2855 3637 288
2856 620 3164
2857 12 3112
2858 1230 2001
2859 1558 795
2860 2619 3239
2861 226 2130
2862 2276 1622
2863 3250 322
2864 740 1621
2865 282 3102
2866 2378 984
2867 824 1289
2868 2809 707
2869 1848 891
2870 1877 562
2871 3508 755
2872 1317 572
2873 3844 1093
2874 1529 2604
2875 4121 3768
2876 956 2515
2877 4155 595
2878 673 840
2879 4109 786
2880 3518 3332
2881 1904 2690
2882 3030 2941
2883 2716 3720
2884 1301 3176
2885 3922 1205
2886 176 1350
2887 449 3719
2888 4150 3080
2889 3622 3802
2890 3049 1668
2891 1064 153
2892 2155 2755
2893 1357 349
2894 2023 1684
2895 2595 2792
2896 3577 1351
2897 616 3864
2898 3175 2381
2899 1082 2695
2900 3051 3020
2901 3058 1610
2902 3746 1282
2903 865 2782
2904 1056 3424
2905 2265 2305
2906 1574 2516
2907 928 3356
2908 836 1973
2909 3290 1855
2910 131 1597
2911 3501 2406
2912 713 3730
2913 221 3402
2914 143 2498
2915 221 388
2916 1777 630
2917 2094 3718
2918 3372 1489
2919 1493 3351
2920 1192 3270
2921 2959 2858
2922 2108 2524
2923 3768 1633
2924 3142 3682
2925 2240 246
2926 3712 2392
2927 3138 3312
2928 876 2317
2929 4044 2964
2930 2418 1725
2931 1641 1972
2932 1544 1889
2933 2205 1880
2934 2493 1026
2935 472 2015
2936 2360 4089
2937 3041 2197
2938 2107 4188
2939 4165 2247
2940 1173 2064
2941 1826 906
2942 4056 4126
2943 4157 1127
2944 2849 576
2945 1176 814
2946 1374 928
2947 2555 38
2948 2686 3350
2949 4087 3380
2950 1949 3637
2951 26 2227
2952 2819 1780
2953 3556 436
2954 1371 1802
2955 3470 1383
2956 811 3243
2957 573 1958
2958 1666 2088
2959 727 1770
2960 178 2098
2961 2684 92
2962 291 1902
2963 3834 490
2964 3312 1692
2965 2585 2121
2966 3413 2608
2967 3778 2059
2968 3545 1179
2969 3889 1491
2970 3218 3911
2971 3254 2846
2972 18 4012
2973 2214 3392
2974 138 2387
2975 2489 837
2976 3203 1143
2977 3146 2804
2978 2530 3185
2979 549 3099
2980 1988 1023
2981 1195 3432
2982 1767 2039
2983 4183 3012
2984 3718 44
2985 2943 1262
2986 1492 3233
2987 2727 115
2988 1406 3225
2989 1628 1379
2990 2400 3678
2991 718 3799
2992 266 1657
2993 3105 3692
2994 3478 51
2995 3247 4186
2996 1934 1815
2997 246 1947
2998 357 3521
2999 2722 1202
3000 2548 3567
3001 1399 3217
3002 1184 1792
3003 564 734
3004 1923 1038
3005 3845 830
3006 3836 604
3007 2913 107
3008 1123 512
3009 3377 118
3010 3981 2029
3011 667 3501
3012 3389 2407
3013 1845 1795
3014 4117 3883
3015 1526 1119
3016 2391 300
3017 1712 1303
3018 1998 4049
3019 280 3857
3020 1663 1602
3021 3104 3589
3022 2170 2062
3023 3150 1657
3024 2987 75
3025 2366 2384
3026 346 1313
3027 1214 355
3028 928 2447
3029 2675 3283
3030 2809 3139
3031 1438 3051
3032 3378 2236
3033 1669 3909
3034 2970 4005
3035 3780 2505
3036 3436 3497
3037 2294 1549
3038 152 366
3039 1842 2824
3040 3961 2517
3041 2933 2891
3042 1535 1662
3043 618 1675
3044 655 2133
3045 15 205
3046 3792 3415
3047 1695 2655
3048 1907 2474
3049 1584 3780
3050 2790 354
3051 1371 1505
3052 2132 3600
3053 1139 2978
3054 617 2834
3055 55 1731
3056 2933 1001
3057 589 3110
3058 3272 2074
3059 198 3313
3060 2255 1468
3061 977 3485
3062 1936 3147
3063 246 3207
3064 3971 364
3065 2042 3912
3066 1414 2278
3067 1948 304
3068 2234 3857
3069 389 1255
3070 3795 201
3071 3691 3368
3072 1934 2992
3073 2500 1867
3074 1687 3225
3075 3426 2616
3076 2436 578
3077 3382 775
3078 2082 3634
3079 3319 345
3080 767 2682
3081 3901 1973
3082 3394 447
3083 1304 1774
3084 3740 3004
3085 2565 1941
3086 2375 895
3087 4043 3153
3088 770 3515
3089 1280 2119
3090 4060 2534
3091 3788 1860
3092 2556 1324
3093 1886 289
3094 1527 3670
3095 3281 3772
3096 3395 2257
3097 2921 2444
3098 3482 531
3099 2002 2657
3100 1740 4094
3101 2086 651
3102 3204 2452
3103 682 685
3104 2393 1583
3105 3890 1489
3106 1748 3291
3107 1859 3316
3108 995 4190
3109 3989 1050
3110 657 2223
3111 28 3733
3112 2039 99
3113 2006 2542
3114 3712 1934
3115 1884 1939
3116 2846 849
3117 3522 1743
3118 1392 3341
3119 2958 1245
3120 1405 201
3121 3810 227
3122 1015 4022
3123 372 429
3124 2287 1830
3125 1450 937
3126 1128 1450
3127 3986 348
3128 1091 2714
3129 2400 604
3130 1260 372
3131 2121 528
3132 3820 1619
3133 2585 3069
3134 1269 2208
3135 670 2478
3136 3934 996
3137 915 2384
3138 584 1496
3139 447 1895
3140 1542 1529
3141 3818 455
3142 1560 2932
3143 3774 604
3144 35 1905
3145 1430 2958
3146 3271 1297
3147 1851 2334
3148 377 2737
3149 2458 1341
3150 3807 132
3151 1778 2769
3152 560 1206
3153 1800 1312
3154 13 1795
3155 1168 1141
3156 2280 1993
3157 2214 3161
3158 1843 51
3159 801 3418
3160 3002 2601
3161 1635 1798
3162 2467 1533
3163 106 940
3164 832 2596
3165 901 833
3166 3190 1811
3167 818 2750
3168 588 879
3169 2264 3300
3170 3135 3547
3171 3772 2221
3172 1284 3234
3173 3293 3415
3174 2270 2693
3175 3247 2004
3176 2765 401
3177 2390 2252
3178 2724 1516
3179 3011 987
3180 1823 2828
3181 3143 1999
3182 3567 1803
3183 167 3795
3184 1210 4054
3185 1818 497
3186 3550 1371
3187 1011 48
3188 2992 3131
3189 225 883
3190 1714 2662
3191 3931 202
3192 188 3595
3193 1407 2936
3194 3378 681
3195 3267 1732
3196 1519 247
3197 613 1466
3198 3478 3979
3199 600 2327
3200 81 2005
3201 995 1427
3202 4078 699
3203 3044 1663
3204 3925 2806
3205 1710 1725
3206 1391 1819
3207 1263 3347
3208 3790 2765
3209 3545 1332
3210 1597 1325
3211 4106 3175
3212 3922 2535
3213 588 1923
3214 1116 4007
3215 2352 1955
3216 1762 2134
3217 3610 3163
3218 4182 2950
3219 1234 3462
3220 1816 1997
3221 2217 3654
3222 1846 2961
3223 4186 2688
3224 97 2371
3225 3623 2484
3226 2580 3240
3227 1027 365
3228 3180 4176
3229 735 2985
3230 3141 2675
3231 1370 2089
3232 1387 3268
3233 3865 456
3234 3409 2848
3235 160 1402
3236 3235 1751
3237 1428 3999
3238 4031 1431
3239 4026 2358
3240 2739 547
3241 1672 3420
3242 3230 3706
3243 2748 478
3244 2281 2893
3245 2000 3882
3246 286 3956
3247 1872 948
3248 1000 597
3249 1175 242
3250 211 3671
3251 861 3246
3252 4150 1411
3253 48 1957
3254 1032 3386
3255 2640 784
3256 666 2861
3257 1435 2290
3258 1289 184
3259 4132 2304
3260 1987 3411
3261 658 3028
3262 881 1368
3263 1850 2863
3264 2350 3938
3265 2426 262
3266 1501 2002
3267 1584 2244
3268 233 447
3269 2494 1282
3270 3853 1090
3271 2535 3582
3272 1552 927
3273 1554 1045
3274 274 1700
3275 2623 3869
3276 2768 2628
3277 3141 1138
3278 1523 743
3279 1449 3346
3280 1522 1963
3281 4142 554
3282 1707 2981
3283 1978 769
3284 942 2317
3285 453 1904
3286 1128 2559
3287 3426 2284
3288 962 3675
3289 941 822
3290 3035 1880
3291 2006 2758
3292 3620 682
3293 146 3051
3294 1898 2400
3295 4147 2842
3296 2692 3662
3297 2684 1097
3298 1787 2363
3299 1587 1934
3300 2440 1905
3301 390 2938
3302 3278 2667
3303 1488 1305
3304 4050 393
3305 1471 2370
3306 3696 3230
3307 592 737
3308 2496 1272
3309 3591 4090
3310 3713 711
3311 2251 1031
3312 2865 3004
3313 1567 4164
3314 2783 2960
3315 2858 1967
3316 3285 1843
3317 2917 1607
3318 2863 3666
3319 2675 2040
3320 425 1117
3321 1418 3367
3322 3341 53
3323 2711 314
3324 3500 274
3325 2029 2197
3326 3386 3547
3327 2792 1348
3328 1011 1709
3329 1887 2837
3330 3887 882
3331 3193 1277
3332 3999 3063
3333 2041 2699
3334 3596 1537
3335 1770 2759
3336 354 1937
3337 2769 3361
3338 1204 2088
3339 3777 1302
3340 886 2494
3341 1799 3312
3342 3114 2952
3343 877 1518
3344 3436 2050
3345 2328 2379
3346 185 3056
3347 1396 2516
3348 2126 1681
3349 3109 2989
3350 464 389
3351 1081 2905
3352 809 2179
3353 2087 1515
3354 1545 2813
3355 3295 64
3356 3868 725
3357 1882 1921
3358 233 3714
3359 4081 1517
3360 3906 2667
3361 1847 1544
3362 169 2512
3363 3360 703
3364 612 1991
3365 2928 3806
3366 3039 3759
3367 3136 2983
3368 1912 544
3369 1473 3802
3370 1080 2760
3371 2165 2086
3372 4182 2387
3373 1533 3510
3374 2803 1240
3375 1180 2060
3376 2019 3502
3377 424 205
3378 1349 3846
3379 806 4163
3380 3615 465
3381 512 4161
3382 353 105
3383 3156 481
3384 1555 3161
3385 3728 3241
3386 2304 3391
3387 1938 1779
3388 896 3636
3389 2534 613
3390 2204 2180
3391 2547 1920
3392 1593 864
3393 3252 2037
3394 2072 2699
3395 924 1770
3396 2431 3257
3397 2347 4180
3398 3650 3203
3399 1528 828
3400 3036 708
3401 3869 3850
3402 3603 973
3403 2125 4178
3404 4178 3867
3405 2748 3640
3406 540 3047
3407 3196 3295
3408 1964 2251
3409 1293 769
3410 1518 2091
3411 2422 4087
3412 2890 2574
3413 1865 3607
3414 3634 684
3415 463 1061
3416 1730 2677
3417 3308 885
3418 1516 2267
3419 1383 235
3420 3703 1097
3421 3750 3919
3422 2681 535
3423 2980 2253
3424 2176 889
3425 287 3815
3426 1211 2960
3427 2723 2222
3428 968 1489
3429 3408 615
3430 2908 3996
3431 1644 3902
3432 2605 1605
3433 3298 4040
3434 3732 1211
3435 2023 660
3436 2928 3029
3437 3517 2280
3438 1337 2148
3439 3903 3230
3440 552 1946
3441 870 695
3442 1251 2557
3443 1831 3282
3444 2664 1698
3445 2459 2125
3446 721 1125
3447 2455 246
3448 3460 1218
3449 3109 2423
3450 1583 3739
3451 560 3584
3452 831 404
3453 729 2602
3454 3803 2249
3455 2170 1089
3456 62 2011
3457 1266 2565
3458 1396 244
3459 2653 1362
3460 1434 1257
3461 1217 166
3462 2103 3444
3463 178 2677
3464 3309 3540
3465 351 3776
3466 1745 707
3467 4039 251
3468 3293 2035
3469 3042 322
3470 3707 1824
3471 2586 1750
3472 2635 3171
3473 1906 425
3474 732 1254
3475 3804 3119
3476 3016 3721
3477 2156 3142
3478 347 49
3479 4132 890
3480 1623 1587
3481 2785 3635
3482 4099 660
3483 709 157
3484 648 2029
3485 868 2307
3486 3141 1285
3487 718 1561
3488 1098 3876
3489 3813 2727
3490 3375 1439
3491 2611 1875
3492 1034 1380
3493 3827 1130
3494 3657 4171
3495 1077 572
3496 4028 746
3497 938 2842
3498 1734 3944
3499 3102 974
3500 450 3427
3501 2405 535
3502 843 39
3503 1163 1803
3504 1305 444
3505 1087 3460
3506 2456 3701
3507 3927 3838
3508 212 2334
3509 3124 578
3510 2057 4082
3511 1626 2033
3512 4040 3522
3513 429 675
3514 3834 765
3515 761 361
3516 829 694
3517 3554 673
3518 2081 359
3519 1537 2992
3520 1194 1565
3521 987 4179
3522 1827 809
3523 2185 377
3524 788 2237
3525 2153 677
3526 1233 1550
3527 1034 628
3528 4016 1907
3529 2965 2899
3530 2474 3212
3531 639 3166
3532 1449 2922
3533 3495 371
3534 3827 3514
3535 2359 1771
3536 664 1226
3537 413 1861
3538 3919 1717
3539 96 2621
3540 3464 2668
3541 2540 3986
3542 2013 3466
3543 1327 3091
3544 4084 2951
3545 2140 1895
3546 880 1848
3547 2707 906
3548 2113 311
3549 175 4095
3550 3137 2568
3551 2542 891
3552 3513 3102
3553 2229 2982
3554 936 1804
3555 1770 1489
3556 589 1142
3557 3495 2047
3558 4128 1642
3559 3243 2073
3560 1397 1258
3561 2458 2226
3562 428 2995
3563 3396 4102
3564 3403 3813
3565 1699 3353
3566 911 3335
3567 3149 1164
3568 2932 1537
3569 9 3319
3570 3427 68
3571 1650 1213
3572 2163 2603
3573 1819 3095
3574 3200 637
3575 1297 2353
3576 1947 3051
3577 317 2698
3578 3330 4017
3579 1287 2317
3580 670 3983
3581 1186 2588
3582 68 1495
3583 3207 1455
3584 955 3569
3585 2101 3954
3586 1077 1375
3587 1704 2578
3588 1455 1483
3589 2960 2410
3590 3318 3257
3591 961 3760
3592 3807 4044
3593 1514 1731
3594 3502 3964
3595 1735 679
3596 3799 1816
3597 409 1990
3598 2426 1282
3599 133 3307
3600 2329 1212
3601 1874 1397
3602 1164 3896
3603 360 233
3604 4015 3834
3605 1575 581
3606 2531 2598
3607 2986 4176
3608 2821 3939
3609 1057 368
3610 2142 3564
3611 1931 2054
3612 1430 364
3613 2915 3297
3614 2262 3674
3615 3382 3631
3616 2378 2611
3617 162 2406
3618 1491 285
3619 3135 636
3620 594 3261
3621 219 3503
3622 3911 4077
3623 3075 725
3624 991 1061
3625 1100 1950
3626 3218 2973
3627 2402 1990
3628 2435 225
3629 3393 2490
3630 3069 3699
3631 1353 2767
3632 2580 3146
3633 3445 2286
3634 1878 456
3635 2126 673
3636 2603 49
3637 538 2182
3638 2238 4156
3639 2522 1907
3640 3461 411
3641 201 1376
3642 1973 593
3643 132 1395
3644 2068 2873
3645 4000 2360
3646 42 755
3647 607 3301
3648 1435 251
3649 2039 2403
3650 1799 3112
3651 709 1411
3652 3216 4168
3653 2948 561
3654 3760 3665
3655 585 202
3656 583 2927
3657 3313 2288
3658 4045 4132
3659 2636 741
3660 989 451
3661 2226 3809
3662 3286 2048
3663 3410 3620
3664 2846 3735
3665 1783 2985
3666 61 3269
3667 1406 3905
3668 2946 4010
3669 2009 2195
3670 739 2429
3671 4042 4092
3672 678 965
3673 406 3004
3674 2160 1282
3675 1319 1239
3676 2571 2419
3677 18 2734
3678 2795 2710
3679 2361 2851
3680 1289 3761
3681 1918 7
3682 1998 2241
3683 512 391
3684 831 2273
3685 935 2196
3686 343 454
3687 2379 666
3688 1462 2694
3689 4177 2528
3690 942 107
3691 1554 3340
3692 12 2779
3693 2608 3775
3694 1966 2675
3695 1775 3121
3696 405 1685
3697 2703 3560
3698 462 341
3699 3349 3294
3700 559 1779
3701 1279 2919
3702 2952 1358
3703 235 641
3704 3044 398
3705 3206 1410
3706 2417 794
3707 232 2111
3708 3300 2536
3709 2928 3563
3710 842 3877
3711 489 2354
3712 1286 1347
3713 485 3474
3714 2459 2249
3715 630 4077
3716 3593 2895
3717 3361 207
3718 4085 130
3719 962 1722
3720 1376 3353
3721 2352 2826
3722 1815 4136
3723 585 1742
3724 428 1743
3725 1809 4031
3726 305 481
3727 1428 1906
3728 3551 269
3729 2514 260
3730 2513 1004
3731 3916 2897
3732 1969 2676
3733 1648 2088
3734 2354 3754
3735 2865 101
3736 495 2265
3737 624 3439
3738 3586 3801
3739 3054 1472
3740 2306 2514
3741 2612 607
3742 2822 2406
3743 535 3443
3744 3086 2969
3745 2992 487
3746 1675 3148
3747 274 1080
3748 3013 4102
3749 764 3204
3750 645 2631
3751 278 2596
3752 709 641
3753 1491 280
3754 3129 3945
3755 3035 849
3756 3541 3323
3757 2093 2404
3758 631 1058
3759 2783 2925
3760 1935 447
3761 3592 777
3762 1832 893
3763 4065 268
3764 2689 393
3765 3351 2002
3766 1928 2921
3767 1185 8
3768 100 2114
3769 2572 2562
3770 439 3533
3771 3771 598
3772 3392 3201
3773 3403 2143
3774 3996 2521
3775 1974 2000
3776 2599 1771
3777 3250 52
3778 768 2640
3779 966 587
3780 1615 2082
3781 70 2235
3782 3885 1826
3783 461 1390
3784 649 1738
3785 1004 1171
3786 218 203
3787 3458 1750
3788 393 3988
3789 2660 2041
3790 4141 3498
3791 1689 3808
3792 3097 1303
3793 2247 1361
3794 2794 1711
3795 3196 217
3796 114 813
3797 554 396
3798 2778 1671
3799 2015 531
3800 174 63
3801 2578 1434
3802 695 3911
3803 1691 389
3804 417 2384
3805 875 1244
3806 1937 869
3807 1968 1163
3808 1481 839
3809 2320 1671
3810 3926 4175
3811 1167 3026
3812 2730 4036
3813 951 2473
3814 2903 3776
3815 2771 2274
3816 1576 2383
3817 356 3348
3818 1366 2337
3819 2905 2470
3820 1416 1337
3821 3090 16
3822 592 2328
3823 2749 1377
3824 2384 1543
3825 104 1325
3826 1016 2530
3827 2268 1051
3828 3078 1064
3829 1121 3006
3830 2947 3945
3831 2989 4147
3832 3595 3479
3833 2175 1153
3834 629 1602
3835 1867 2121
3836 1373 910
3837 1296 3178
3838 1467 1673
3839 3431 3691
3840 3272 3632
3841 1640 1030
3842 884 1266
3843 3901 2329
3844 3186 2713
3845 2701 2593
3846 496 3853
3847 2396 4098
3848 1242 2127
3849 1642 2025
3850 1908 1131
3851 870 3345
3852 3348 1722
3853 2584 2163
3854 312 3515
3855 2563 1644
3856 889 999
3857 3356 1860
3858 3558 1616
3859 680 2637
3860 597 3592
3861 3409 693
3862 99 2669
3863 4052 1140
3864 1803 3347
3865 1766 1689
3866 331 1278
3867 3606 2505
3868 2807 1507
3869 994 4027
3870 912 2331
3871 89 151
3872 3505 1416
3873 1521 2569
3874 1523 1552
3875 2688 3115
3876 943 3809
3877 52 140
3878 1769 3930
3879 598 1902
3880 2714 898
3881 2392 1176
3882 1747 3327
3883 2596 1649
3884 2548 2743
3885 721 3623
3886 1439 3089
3887 793 4118
3888 3090 4073
3889 305 3030
3890 3353 2232
3891 894 1777
3892 754 584
3893 25 3382
3894 658 1033
3895 1333 434
3896 1867 157
3897 3635 2636
3898 2954 360
3899 143 2816
3900 2395 834
3901 2795 4118
3902 2409 1373
3903 3232 3185
3904 3462 1841
3905 713 2728
3906 519 2735
3907 3240 2752
3908 3896 74
3909 1431 1416
3910 1138 3567
3911 946 2165
3912 1056 934
3913 3950 1710
3914 407 3900
3915 3386 1909
3916 3380 1621
3917 891 1848
3918 981 2077
3919 2420 3743
3920 3205 1466
3921 583 3772
3922 4021 1139
3923 806 595
3924 192 2113
3925 1895 429
3926 1538 1849
3927 3156 4131
3928 1350 903
3929 558 527
3930 959 2014
3931 3354 3954
3932 123 866
3933 1525 1466
3934 3530 2644
3935 1646 1857
3936 2867 1116
3937 3718 254
3938 2060 4076
3939 1329 1671
3940 872 2899
3941 1568 1281
3942 3709 448
3943 510 677
3944 2775 3667
3945 2342 1906
3946 1982 3896
3947 854 1398
3948 3709 3583
3949 1922 3047
3950 1262 4135
3951 2914 3467
3952 3457 1016
3953 1625 710
3954 430 3103
3955 2879 2770
3956 869 2621
3957 123 2512
3958 779 3361
3959 2213 2892
3960 3882 1134
3961 1696 3335
3962 1688 3662
3963 1533 2254
3964 1296 3203
3965 1515 3595
3966 2224 3169
3967 3936 1182
3968 317 2700
3969 156 718
3970 1575 3276
3971 2669 1428
3972 1270 90
3973 3950 343
3974 3899 1010
3975 2861 3918
3976 2933 3708
3977 417 3424
3978 2559 3986
3979 1370 1956
3980 2956 2411
3981 3767 1232
3982 3482 3415
3983 3068 2425
3984 3756 2558
3985 492 2666
3986 1144 696
3987 818 2797
3988 3619 2299
3989 2198 3929
3990 239 3
3991 1887 322
3992 3589 215
3993 1328 2650
3994 1041 843
3995 3118 870
3996 3213 1441
3997 1779 3579
3998 3690 1850
3999 1572 2793
4000 2411 1297
4001 2905 3618
4002 4002 3785
4003 777 3207
4004 1544 2288
4005 3305 1843
4006 3375 250
4007 878 2737
4008 3848 232
4009 3332 1858
4010 1289 273
4011 4053 105
4012 3927 3333
4013 310 2613
4014 2338 2071
4015 3293 3564
4016 2137 1359
4017 2998 571
4018 2531 2875
4019 1275 1668
4020 3955 3967
4021 3413 2038
4022 1397 2590
4023 4001 3090
4024 664 2074
4025 3672 3761
4026 2171 3548
4027 1346 3014
4028 1294 618
4029 955 3249
4030 2438 2159
4031 3160 2572
4032 869 1119
4033 1587 452
4034 3268 3305
4035 3621 3624
4036 2714 2240
4037 3873 3702
4038 4181 1166
4039 2321 1679
4040 584 1923
4041 3300 1555
4042 2638 1807
4043 1950 372
4044 1102 884
4045 638 452
4046 2466 3383
4047 190 2580
4048 1947 1443
4049 2015 2494
4050 3273 2211
4051 2898 3441
4052 3462 189
4053 2876 3703
4054 3423 2116
4055 3557 2982
4056 298 2639
4057 2257 943
4058 2480 3877
4059 2398 1957
4060 1971 2711
4061 3000 1372
4062 230 2247
4063 1675 2905
4064 1540 1813
4065 2205 603
4066 872 1848
4067 3968 3859
4068 482 2205
4069 384 3466
4070 3043 1442
4071 3508 1906
4072 397 3016
4073 2791 2298
4074 2320 1254
4075 2559 781
4076 1478 3729
4077 3576 2459
4078 2754 1127
4079 1050 1670
4080 1219 1516
4081 2606 1621
4082 3177 1966
4083 3960 1481
4084 2594 662
4085 71 2094
4086 2856 266
4087 875 2478
4088 2683 897
4089 2803 3674
4090 932 1186
4091 262 3166
4092 665 939
4093 3113 3968
4094 2643 4080
4095 780 3865
4096 3770 2648
4097 503 2443
4098 4062 3993
4099 652 1282
4100 1563 3314
4101 3950 3248
4102 2758 4077
4103 1885 3774
4104 1791 3813
4105 3151 3491
4106 4050 2723
4107 3118 1670
4108 285 2212
4109 4136 1146
4110 963 2774
4111 3224 4157
4112 3304 1413
4113 2584 1080
4114 3179 3844
4115 2356 1349
4116 2937 3643
4117 2487 4076
4118 1550 4041
4119 842 241
4120 1945 403
4121 2278 2792
4122 303 1651
4123 2624 4101
4124 3055 1469
4125 1060 673
4126 3809 3125
4127 1077 2894
4128 1591 2518
4129 3238 3539
4130 264 2123
4131 515 512
4132 906 2882
4133 2427 1344
4134 1555 3316
4135 4085 1570
4136 3643 54
4137 405 2232
4138 3541 3068
4139 2745 313
4140 3017 809
4141 1144 2720
4142 2104 2098
4143 2937 1171
4144 3547 1342
4145 2821 1687
4146 2335 794
4147 548 3285
4148 756 2069
4149 1227 2818
4150 1739 4059
4151 339 253
4152 211 895
4153 2213 3585
4154 2561 1186
4155 2721 1098
4156 1875 957
4157 3108 946
4158 926 595
4159 2793 819
4160 2730 2950
4161 3466 3014
4162 2421 816
4163 1641 3107
4164 1035 3544
4165 2738 4058
4166 4164 2909
4167 3363 3277
4168 265 3109
4169 839 2116
4170 317 2961
4171 183 1986
4172 2972 2436
4173 2935 1947
4174 1251 2382
4175 3663 226
4176 3043 387
4177 1131 2376
4178 78 4081
4179 1374 1033
4180 321 1824
4181 3027 994
4182 1089 2380
4183 1996 1179
4184 2242 2491
4185 3765 1834
4186 1352 275
4187 2544 3437
4188 1301 2133
4189 641 116
4190 698 336
