4460 4460
1 1937 655
2 3765 1328
3 1104 784
4 3338 4070
5 617 2044
6 1501 3010
7 2684 2908
8 101 3829
9 1327 1612
10 3270 2155
11 3860 3349
12 3128 2270
13 1538 2839
14 2576 330
15 3252 189
16 2680 1277
17 883 722
18 801 1413
19 1293 4181
20 62 534
21 3853 3895
22 1646 4332
23 3793 2935
24 3026 4342
25 926 1142
26 2652 4368
27 3479 925
28 4047 3838
29 2120 2992
30 2297 3009
31 3945 968
32 389 2470
33 1105 3219
34 1804 2333
35 1644 2998
36 3058 3684
37 104 2059
38 128 1119
39 194 112
40 889 2714
41 401 3844
42 3142 337
43 3659 1461
44 178 3219
45 1125 2442
46 1414 2438
47 1628 989
48 1048 4066
49 2404 2011
50 606 3472
51 3643 4243
52 2589 3221
53 3421 1532
54 3531 20
55 4167 291
56 618 100
57 1749 1453
58 678 149
59 2713 189
60 636 1824
61 4241 4148
62 2152 2865
63 2403 1976
64 672 2360
65 51 2998
66 3990 3508
67 1065 3204
68 49 1616
69 845 143
70 4078 2698
71 2435 3797
72 3608 1501
73 3986 2385
74 689 1721
75 524 2921
76 3551 3362
77 2158 3904
78 1663 457
79 562 4217
80 399 773
81 2630 637
82 4198 958
83 2631 4385
84 400 1087
85 98 566
86 2118 2922
87 2498 2144
88 3181 2564
89 1414 1880
90 250 2444
91 2640 3933
92 4429 2372
93 430 3713
94 3490 4422
95 519 925
96 3387 2109
97 3730 1418
98 228 1009
99 3527 754
100 347 142
101 102 1223
102 3027 4403
103 1412 3621
104 2235 1602
105 287 1390
106 287 3647
107 1253 2257
108 1171 1699
109 80 1323
110 3011 4058
111 2256 534
112 261 4279
113 1330 1755
114 2117 1130
115 324 319
116 350 138
117 889 2284
118 1101 2958
119 534 3249
120 1235 2134
121 3692 4119
122 2106 310
123 1776 133
124 2620 842
125 3429 2426
126 2176 150
127 1133 2674
128 4421 3400
129 714 4270
130 4176 4280
131 2814 2464
132 4256 3179
133 1241 2763
134 3036 4347
135 2607 986
136 1305 2973
137 2818 279
138 396 268
139 3636 98
140 3354 234
141 895 3814
142 3690 2069
143 4364 4355
144 1803 2343
145 1275 4421
146 4383 2421
147 2974 1046
148 467 652
149 3968 3422
150 2899 3521
151 1479 2914
152 2864 2315
153 615 1038
154 3793 2098
155 3189 3434
156 155 1422
157 2036 2668
158 357 632
159 4079 1523
160 4214 2185
161 604 2511
162 1280 557
163 1539 3411
164 3069 1170
165 3073 2319
166 2700 2280
167 1123 3392
168 2350 2567
169 4429 112
170 933 2303
171 1092 2802
172 936 2427
173 48 3926
174 2025 1250
175 4446 2065
176 276 473
177 2233 1960
178 172 1621
179 633 913
180 3147 2628
181 1413 3721
182 3833 2086
183 1073 3267
184 4413 3974
185 3512 342
186 3135 4420
187 2484 3175
188 705 2385
189 4350 3813
190 4365 4345
191 367 3881
192 3115 3244
193 3803 567
194 2287 833
195 857 1490
196 1365 3855
197 1591 268
198 707 2324
199 3804 405
200 2350 1887
201 2159 1858
202 3269 2540
203 1877 715
204 2686 1363
205 446 306
206 707 897
207 1700 2070
208 2672 1174
209 4064 3894
210 3781 3172
211 2650 1548
212 1958 334
213 3231 1280
214 1862 497
215 1157 3617
216 2133 1695
217 2866 2269
218 3689 700
219 2728 3716
220 295 546
221 3628 687
222 4333 935
223 3212 1134
224 15 3894
225 3435 4324
226 2926 2811
227 2016 3609
228 904 314
229 2978 1537
230 3025 1135
231 1294 2439
232 2838 797
233 2237 3664
234 4408 2596
235 2324 3109
236 2535 2049
237 2177 1978
238 3884 3311
239 4156 4136
240 4243 2581
241 529 453
242 3021 3865
243 624 3123
244 3757 1327
245 1682 3395
246 2225 690
247 382 3179
248 1288 2170
249 1085 1145
250 182 931
251 889 406
252 1047 1549
253 3692 37
254 2131 2260
255 3623 2604
256 1270 4454
257 3000 185
258 2111 2555
259 1713 293
260 1806 288
261 1678 678
262 971 2831
263 1986 3521
264 2341 802
265 1700 490
266 2810 4362
267 220 3238
268 1695 3393
269 3689 34
270 2416 3327
271 2093 3290
272 150 4286
273 407 1161
274 356 584
275 2355 4355
276 563 1238
277 3679 794
278 2885 1598
279 3501 1261
280 2591 168
281 485 3218
282 814 84
283 3132 1879
284 535 3758
285 3625 1332
286 2821 1063
287 1434 1227
288 2860 3788
289 82 2955
290 32 681
291 2559 4273
292 2920 3140
293 963 1071
294 3423 1158
295 3895 3595
296 843 3312
297 3869 2317
298 1304 3446
299 817 92
300 107 3032
301 426 586
302 2000 1697
303 1991 2209
304 388 1329
305 370 3800
306 1255 2138
307 807 955
308 3693 251
309 1481 2138
310 159 695
311 428 1540
312 3932 832
313 3474 2810
314 1677 2143
315 3511 573
316 3794 3898
317 1239 3762
318 3815 281
319 3947 313
320 3586 669
321 1094 3680
322 64 3722
323 4346 3161
324 2817 3866
325 4197 3277
326 1699 1783
327 669 4246
328 4428 3825
329 4231 2739
330 2809 3104
331 539 3218
332 530 1421
333 1305 3647
334 866 2178
335 3050 1927
336 3213 2223
337 1827 2968
338 809 3862
339 3965 3471
340 3801 2918
341 3548 2613
342 929 2740
343 193 1774
344 17 3390
345 2085 1711
346 504 2080
347 3548 3759
348 3937 3244
349 3174 2337
350 4163 29
351 713 1720
352 3886 4427
353 707 690
354 3944 461
355 766 2317
356 345 1831
357 2821 207
358 1767 1362
359 608 957
360 1065 3752
361 1647 1270
362 4329 2040
363 179 2685
364 1356 2020
365 405 1948
366 3164 1061
367 2831 662
368 3693 2190
369 84 2272
370 3121 2732
371 3244 243
372 1737 3416
373 2140 3509
374 4425 2294
375 3179 2729
376 570 2518
377 1637 1616
378 942 3880
379 394 778
380 3086 68
381 1235 2256
382 2827 1694
383 396 1387
384 1198 3368
385 874 2872
386 3030 3254
387 1895 1186
388 85 3861
389 1562 4253
390 2313 2467
391 1821 1136
392 1296 3050
393 2071 3337
394 2777 3511
395 3531 3579
396 3797 3921
397 634 1509
398 1302 738
399 2081 997
400 1633 640
401 827 952
402 190 3004
403 620 1820
404 4448 471
405 4170 1562
406 1238 2750
407 2122 2164
408 477 3453
409 1534 4314
410 3635 2514
411 2942 3361
412 3275 106
413 3609 1439
414 3318 2483
415 3017 1170
416 3334 3911
417 3637 1183
418 2156 885
419 62 666
420 2247 402
421 2328 955
422 1935 1939
423 2323 1815
424 3560 3130
425 1269 2629
426 979 3308
427 921 430
428 3333 116
429 1897 887
430 3886 413
431 2820 2513
432 1020 1717
433 911 2617
434 577 3018
435 2437 3913
436 950 94
437 349 2334
438 2613 2949
439 319 3756
440 360 869
441 4185 1215
442 399 1966
443 970 3944
444 619 83
445 552 2175
446 136 869
447 947 4382
448 1720 1733
449 2030 2961
450 2965 1435
451 3794 1751
452 1129 4289
453 927 1342
454 2232 801
455 38 1483
456 3470 3948
457 920 113
458 493 1591
459 605 1237
460 2725 3078
461 2825 3188
462 230 3842
463 2701 420
464 1474 551
465 1561 1861
466 3836 1207
467 204 2326
468 1104 3922
469 2233 1199
470 1868 3370
471 3884 804
472 4026 2916
473 72 2845
474 3710 3216
475 1824 695
476 1611 1274
477 3164 835
478 2617 4342
479 2942 2409
480 1258 3252
481 4104 3624
482 2918 2423
483 959 3793
484 4314 4419
485 3728 1237
486 1800 3265
487 538 3178
488 2559 1092
489 2613 4220
490 2598 1525
491 461 3624
492 3276 1338
493 1774 2510
494 489 2858
495 2378 3220
496 4256 1104
497 2543 930
498 506 3282
499 1812 143
500 4393 1672
501 1898 808
502 2878 4402
503 1187 2991
504 1811 1358
505 525 3711
506 925 2693
507 1292 978
508 3913 1951
509 3250 4167
510 986 4004
511 1558 1661
512 3843 2782
513 4439 1591
514 745 3009
515 86 3322
516 91 3159
517 2078 1200
518 3788 2984
519 3296 3843
520 720 3254
521 2018 4089
522 2843 3452
523 4287 664
524 374 2908
525 3200 1961
526 4444 4312
527 3965 116
528 2976 55
529 3719 428
530 2155 304
531 317 3453
532 2837 3905
533 1981 2357
534 3603 515
535 1440 708
536 435 4341
537 488 2505
538 59 12
539 2256 1598
540 3551 3390
541 77 1171
542 3030 4434
543 4004 3994
544 2359 2098
545 1984 2747
546 4192 3810
547 3969 1240
548 687 2968
549 797 152
550 782 2620
551 1867 2055
552 2580 3111
553 3821 3689
554 1142 70
555 3954 1812
556 4244 781
557 1184 95
558 2861 2949
559 2110 1157
560 260 1364
561 397 3961
562 3784 2443
563 515 595
564 3292 336
565 2112 4039
566 3275 2567
567 381 540
568 703 2083
569 819 2472
570 1849 521
571 1870 3910
572 4196 3864
573 3289 144
574 337 4105
575 2835 2250
576 3163 3069
577 1786 1050
578 158 2436
579 1750 4362
580 214 3121
581 3250 15
582 392 3383
583 183 763
584 660 1982
585 3693 2626
586 1781 3555
587 1711 3236
588 1353 56
589 3092 22
590 4442 4071
591 1835 1553
592 1735 1712
593 4267 303
594 2031 3673
595 4383 3665
596 875 1526
597 285 4137
598 1403 3481
599 2764 249
600 1778 4279
601 2472 939
602 4025 3652
603 1653 1622
604 325 3100
605 1686 3281
606 880 1587
607 3711 4295
608 686 3009
609 1429 3750
610 2395 3965
611 685 3304
612 432 1615
613 875 4355
614 2762 1929
615 720 4372
616 3862 2827
617 311 1775
618 400 3689
619 2808 1012
620 1925 1097
621 1458 297
622 4414 2424
623 2434 886
624 4018 598
625 171 1981
626 818 785
627 1972 3915
628 893 1649
629 2140 843
630 1678 3645
631 1416 2146
632 1552 2694
633 1846 4062
634 4229 1558
635 3217 2099
636 1616 3830
637 3365 1038
638 2069 2911
639 736 60
640 2832 2240
641 2865 3442
642 716 4460
643 3292 423
644 97 3732
645 1314 3079
646 3482 3924
647 1587 3997
648 3344 1143
649 2725 2288
650 4193 3730
651 3671 1593
652 1348 1448
653 738 2480
654 2557 3311
655 1374 1739
656 3815 2074
657 4260 679
658 2793 1131
659 1082 2974
660 4286 799
661 4303 4273
662 2060 3540
663 2453 3991
664 738 3926
665 4353 1797
666 3104 4138
667 3622 2143
668 2547 4418
669 221 255
670 46 637
671 1119 321
672 2485 4086
673 3678 1367
674 2864 1626
675 537 1078
676 786 1463
677 3563 1116
678 1150 18
679 3711 4043
680 3549 4348
681 693 3677
682 1246 833
683 631 1054
684 2474 3205
685 2382 2215
686 3020 112
687 2407 781
688 3752 1364
689 1558 1554
690 42 3052
691 2233 1013
692 1618 3619
693 400 2336
694 417 3553
695 252 3452
696 3051 4201
697 1933 301
698 4298 1812
699 1385 3112
700 3693 41
701 3262 3221
702 1142 3709
703 327 1018
704 4453 2857
705 2909 3499
706 199 1993
707 2311 1801
708 2802 1636
709 3428 3484
710 3373 338
711 2104 1632
712 3006 384
713 3266 903
714 486 2714
715 396 23
716 2056 2365
717 380 2611
718 2670 3956
719 89 594
720 3448 2336
721 661 2296
722 3951 3431
723 4306 1208
724 2749 2829
725 3350 2050
726 2082 2616
727 4024 4298
728 3379 2746
729 2911 2909
730 1084 204
731 1121 3173
732 1263 2442
733 4384 299
734 4410 3324
735 1108 2460
736 1805 1879
737 2601 796
738 2013 171
739 4038 1944
740 1897 3615
741 1271 185
742 4287 3088
743 791 4082
744 3245 4227
745 1748 1033
746 3193 706
747 847 1948
748 2945 2387
749 643 3771
750 4107 3761
751 1085 2308
752 2616 215
753 2886 507
754 3695 2156
755 1812 820
756 2704 4438
757 954 245
758 462 2665
759 3501 1284
760 3890 246
761 774 849
762 1569 1567
763 2894 771
764 291 3885
765 1216 1333
766 4349 2417
767 2026 2134
768 2260 1470
769 247 1962
770 2579 4240
771 3779 2499
772 1103 3761
773 3367 2062
774 1033 1920
775 3702 2508
776 2796 2267
777 732 575
778 455 975
779 1319 2998
780 529 3727
781 3167 4159
782 2651 3285
783 1498 4046
784 3786 1964
785 2084 4347
786 3286 571
787 4099 1475
788 2422 1165
789 3218 2577
790 3801 3997
791 3435 4186
792 3932 387
793 934 369
794 389 2604
795 2216 3177
796 1263 1186
797 3493 2695
798 11 1104
799 1370 3260
800 3346 497
801 2349 2595
802 720 4346
803 2780 4367
804 817 73
805 1156 664
806 1126 1047
807 1483 4410
808 1642 562
809 3353 590
810 1109 2227
811 1056 2160
812 573 4022
813 2033 2516
814 3999 368
815 436 2477
816 2212 1260
817 2483 2494
818 821 1477
819 1219 1799
820 1388 2114
821 3768 2776
822 1047 1175
823 1114 205
824 1214 2307
825 2704 3349
826 4288 2655
827 700 2643
828 1842 3086
829 3019 666
830 2188 2321
831 430 3327
832 2316 641
833 577 4029
834 2724 4111
835 2199 983
836 4070 3839
837 2462 2374
838 3254 128
839 977 721
840 2772 431
841 823 2044
842 2066 1710
843 942 62
844 2924 3727
845 3059 3313
846 3470 1676
847 1560 183
848 426 605
849 847 1562
850 310 208
851 973 2055
852 3452 2917
853 2143 3588
854 629 2051
855 4203 3575
856 4003 2321
857 2575 2474
858 3442 4248
859 1413 3529
860 4061 392
861 426 537
862 1012 177
863 777 1094
864 2705 3864
865 2798 1678
866 1407 2602
867 1736 803
868 3702 3956
869 90 287
870 1553 279
871 3297 488
872 3256 374
873 738 1539
874 330 4134
875 222 152
876 4426 1842
877 1875 2194
878 3664 591
879 3977 1206
880 4146 1049
881 41 2246
882 1215 4210
883 3880 2416
884 3640 2211
885 3983 1656
886 230 1005
887 2617 3046
888 1087 1113
889 1407 2535
890 1500 3812
891 2871 4095
892 4034 3208
893 899 320
894 1452 2251
895 604 57
896 3313 17
897 680 2885
898 3058 3439
899 2545 1724
900 1382 4338
901 3411 790
902 535 1161
903 1905 651
904 1624 3259
905 3231 1590
906 185 2289
907 4238 3059
908 467 371
909 2753 719
910 1449 2416
911 3790 757
912 978 3731
913 4200 3602
914 1723 1263
915 1448 48
916 4439 1634
917 4369 1272
918 906 66
919 925 2385
920 735 3736
921 152 861
922 653 961
923 2135 4242
924 883 3890
925 3705 663
926 1011 2467
927 2844 3436
928 120 1344
929 728 151
930 3404 1230
931 1416 1733
932 1780 4351
933 2317 1252
934 1893 976
935 827 4250
936 3867 215
937 4065 162
938 184 886
939 3316 3309
940 1271 4322
941 1319 3452
942 974 1895
943 3206 2877
944 1100 3691
945 1260 1867
946 2843 3269
947 21 4045
948 2237 1372
949 2932 629
950 341 984
951 3969 2357
952 2201 589
953 1218 694
954 3002 1046
955 2363 681
956 4103 2259
957 648 2491
958 1561 1033
959 1418 4259
960 847 609
961 3345 3730
962 2909 2508
963 2416 1638
964 2106 1902
965 1537 3783
966 1218 934
967 2446 3766
968 2505 117
969 1824 4230
970 3246 85
971 2800 1532
972 679 772
973 2031 122
974 2017 4333
975 4334 2776
976 4135 2070
977 2913 739
978 4126 4018
979 1576 1290
980 1071 4429
981 760 3834
982 2504 4242
983 1575 3632
984 1739 1184
985 2462 2276
986 1817 584
987 3529 2232
988 799 2502
989 2828 626
990 3703 2342
991 2169 1287
992 108 4233
993 291 1664
994 213 516
995 2333 2523
996 2571 2364
997 65 2842
998 1566 602
999 3415 689
1000 3531 1281
1001 1192 3022
1002 1731 138
1003 3480 1176
1004 1542 3648
1005 3244 1116
1006 4269 12
1007 276 36
1008 2236 2826
1009 1556 732
1010 572 485
1011 1988 3788
1012 1788 3615
1013 397 3255
1014 802 2853
1015 1314 4064
1016 153 381
1017 3379 4390
1018 3660 2013
1019 2784 4244
1020 3561 2891
1021 502 455
1022 1935 1957
1023 566 927
1024 4077 519
1025 890 1296
1026 241 238
1027 776 736
1028 1932 2095
1029 1083 3265
1030 1626 1189
1031 3204 3977
1032 1012 2300
1033 3850 418
1034 108 4302
1035 3146 2867
1036 796 26
1037 3590 2170
1038 3047 246
1039 2063 3248
1040 1033 1093
1041 1324 1086
1042 3749 1386
1043 321 1333
1044 2416 1936
1045 2932 3000
1046 1931 210
1047 2114 2776
1048 4161 3233
1049 1825 4364
1050 3350 1851
1051 101 3519
1052 1043 3154
1053 3405 1259
1054 2683 4454
1055 2267 575
1056 4274 3259
1057 4274 2499
1058 1632 742
1059 539 3186
1060 3312 2009
1061 2038 4156
1062 1541 898
1063 4291 194
1064 940 124
1065 917 390
1066 1203 2360
1067 2589 1135
1068 1110 2287
1069 1426 1841
1070 2500 1327
1071 2979 3073
1072 237 3927
1073 621 3859
1074 1285 2150
1075 1371 1471
1076 891 4035
1077 1987 2809
1078 2395 4074
1079 1080 2081
1080 4101 1503
1081 3121 983
1082 2987 4084
1083 1551 4327
1084 1192 3112
1085 1793 867
1086 446 937
1087 1378 1996
1088 4141 3853
1089 3476 3695
1090 3302 4285
1091 4144 396
1092 1007 14
1093 287 4344
1094 4275 3849
1095 1687 2754
1096 295 2083
1097 2993 4091
1098 2114 480
1099 2693 1067
1100 2331 601
1101 1206 139
1102 2409 1001
1103 3589 3641
1104 832 450
1105 3584 3833
1106 105 2572
1107 2655 1553
1108 4162 1085
1109 1749 967
1110 1519 4456
1111 1598 4198
1112 2232 427
1113 845 3406
1114 3216 772
1115 1282 3471
1116 3129 2492
1117 2306 1660
1118 3197 1807
1119 646 4133
1120 3936 2530
1121 539 1846
1122 4075 2378
1123 3919 3735
1124 2601 4392
1125 649 2932
1126 1052 2238
1127 2329 4231
1128 2158 2217
1129 1382 3476
1130 4120 1827
1131 4251 1652
1132 4399 2890
1133 3020 266
1134 4009 3118
1135 2999 74
1136 4078 632
1137 4155 3067
1138 4312 4088
1139 1596 3116
1140 4156 2188
1141 1663 3037
1142 1630 381
1143 2322 971
1144 722 689
1145 319 3045
1146 3224 1721
1147 2270 2308
1148 56 1114
1149 1209 1465
1150 975 1263
1151 4460 2926
1152 4190 1157
1153 3424 2747
1154 2684 3101
1155 2566 629
1156 2390 4133
1157 3391 296
1158 3941 185
1159 2775 3112
1160 3508 480
1161 677 2609
1162 1222 736
1163 590 3516
1164 4066 690
1165 2220 2234
1166 1073 965
1167 3323 3875
1168 3588 4064
1169 2012 801
1170 2990 486
1171 1718 1962
1172 449 66
1173 1454 4392
1174 3600 2611
1175 3544 444
1176 467 2882
1177 947 140
1178 743 3453
1179 3123 2101
1180 4291 1618
1181 2229 1115
1182 204 2149
1183 3734 3143
1184 699 1510
1185 3705 3359
1186 2412 4158
1187 2699 3996
1188 587 148
1189 3052 2912
1190 2616 1903
1191 2591 3801
1192 1417 2746
1193 2465 2550
1194 3802 1919
1195 2970 1189
1196 4184 3467
1197 3352 137
1198 3755 1302
1199 2304 2792
1200 3533 4422
1201 18 3556
1202 3156 2123
1203 1809 1177
1204 4357 726
1205 571 1674
1206 837 2616
1207 1002 2017
1208 3636 1865
1209 3587 848
1210 3881 1031
1211 2358 2658
1212 3213 3825
1213 82 4444
1214 1392 213
1215 2858 3636
1216 1368 997
1217 1972 2104
1218 627 66
1219 2561 4359
1220 407 2177
1221 2809 2237
1222 3139 1043
1223 4160 3423
1224 3333 50
1225 3966 2720
1226 2766 3988
1227 1807 4218
1228 3054 4307
1229 3318 3093
1230 1369 1878
1231 3419 3870
1232 3533 4211
1233 946 102
1234 4361 1421
1235 934 3936
1236 1892 2896
1237 285 541
1238 3134 3787
1239 998 1903
1240 2020 2690
1241 273 4044
1242 4363 1444
1243 130 2331
1244 219 3002
1245 2956 1818
1246 2043 4308
1247 1667 3350
1248 3540 1395
1249 3180 3316
1250 613 1908
1251 304 1070
1252 3426 2212
1253 3024 286
1254 4106 1817
1255 2587 373
1256 321 4272
1257 944 4178
1258 1126 1371
1259 806 4219
1260 615 661
1261 2205 3649
1262 2522 2080
1263 2863 3776
1264 204 18
1265 1466 2969
1266 3153 1182
1267 976 3040
1268 3007 3665
1269 45 2280
1270 3898 3600
1271 2183 3777
1272 2431 217
1273 2332 4052
1274 4287 4030
1275 963 928
1276 1891 3429
1277 2656 1532
1278 1118 4173
1279 89 1136
1280 1739 1475
1281 1909 958
1282 1103 2836
1283 3093 4042
1284 3940 2622
1285 2600 1895
1286 2655 789
1287 1803 695
1288 1376 441
1289 3816 520
1290 252 1601
1291 3761 3185
1292 2539 2089
1293 1373 453
1294 4082 4116
1295 2748 634
1296 723 1903
1297 2988 2477
1298 3544 2750
1299 815 3027
1300 4181 212
1301 4033 2079
1302 4001 3900
1303 389 2487
1304 1122 2411
1305 3160 4024
1306 2935 851
1307 369 2626
1308 2891 374
1309 4273 2871
1310 2128 2652
1311 2421 3310
1312 3777 1649
1313 204 911
1314 920 3467
1315 158 793
1316 3710 4318
1317 1897 160
1318 3392 2172
1319 4283 4333
1320 2022 3347
1321 973 179
1322 62 2017
1323 4095 3199
1324 1211 36
1325 3823 2529
1326 2826 1366
1327 3730 32
1328 3253 446
1329 3732 3596
1330 3630 3
1331 2519 2707
1332 1803 93
1333 2779 4139
1334 1311 2162
1335 1825 1709
1336 3355 1218
1337 705 1381
1338 859 3446
1339 4421 1408
1340 3794 3942
1341 1159 3845
1342 4033 4413
1343 2582 1353
1344 1083 689
1345 16 49
1346 1892 1411
1347 213 4149
1348 2855 2112
1349 2731 3014
1350 1908 1165
1351 2130 856
1352 787 1116
1353 4379 1209
1354 1927 4327
1355 1141 1793
1356 4034 2512
1357 1993 2518
1358 2809 2046
1359 3461 95
1360 1406 4160
1361 2008 1108
1362 2964 3207
1363 3421 2160
1364 1455 2036
1365 466 735
1366 1161 3326
1367 2322 752
1368 3836 145
1369 380 821
1370 3345 3692
1371 2806 2998
1372 625 664
1373 4414 644
1374 4338 2017
1375 1956 31
1376 1467 372
1377 3389 4254
1378 2843 1746
1379 1410 1630
1380 3135 2925
1381 2367 3368
1382 4355 432
1383 2277 674
1384 2116 2531
1385 878 3124
1386 2851 2776
1387 3064 1051
1388 296 1147
1389 1981 523
1390 3903 3997
1391 3962 1950
1392 3814 711
1393 3594 3080
1394 4101 3329
1395 4040 3104
1396 891 1582
1397 4098 527
1398 4330 224
1399 532 1743
1400 457 2969
1401 3044 4042
1402 479 1111
1403 2960 1197
1404 4426 2008
1405 1383 3111
1406 3549 2859
1407 3383 2658
1408 3915 4113
1409 1991 3029
1410 4054 535
1411 443 1598
1412 211 203
1413 2804 234
1414 318 2546
1415 1286 3825
1416 1623 1725
1417 3983 1068
1418 1294 618
1419 1829 2966
1420 3225 3769
1421 3599 1016
1422 4340 506
1423 1520 2173
1424 4090 161
1425 792 1196
1426 585 1713
1427 344 4257
1428 1234 3465
1429 1384 251
1430 4318 2257
1431 2755 1078
1432 4396 2911
1433 3641 3912
1434 2008 2693
1435 1944 3275
1436 939 514
1437 253 247
1438 3632 4143
1439 876 806
1440 1311 3220
1441 3690 707
1442 1252 4403
1443 1474 2043
1444 1849 684
1445 1306 89
1446 407 2797
1447 84 1333
1448 3755 1473
1449 1901 375
1450 85 3931
1451 1139 701
1452 2293 3552
1453 925 1190
1454 3809 1245
1455 1067 528
1456 3493 2010
1457 3841 613
1458 3893 2708
1459 1589 4241
1460 420 3227
1461 3787 1011
1462 1906 2440
1463 271 886
1464 2895 656
1465 120 761
1466 4024 405
1467 2916 122
1468 1023 3191
1469 3112 162
1470 3546 2797
1471 3098 697
1472 9 2474
1473 155 170
1474 3821 2041
1475 2746 2408
1476 2163 911
1477 4150 1759
1478 1764 3759
1479 1239 2152
1480 4125 3279
1481 2320 2199
1482 2143 2591
1483 1879 2256
1484 1809 954
1485 1329 2604
1486 2089 4147
1487 3352 3876
1488 95 1388
1489 582 1934
1490 195 101
1491 2380 1775
1492 2302 4056
1493 3475 4188
1494 3972 4165
1495 745 473
1496 1309 4351
1497 3716 2203
1498 4260 1236
1499 1390 3469
1500 2435 3942
1501 1856 2326
1502 796 3398
1503 4061 2641
1504 1815 737
1505 2349 2840
1506 3029 1436
1507 2411 2045
1508 2912 3161
1509 4322 1438
1510 1437 3636
1511 4131 1768
1512 1171 1183
1513 2368 43
1514 2924 1308
1515 3291 2159
1516 1528 3894
1517 438 3814
1518 3328 1043
1519 1473 148
1520 981 3805
1521 4165 1395
1522 3881 4248
1523 140 3036
1524 3451 126
1525 80 417
1526 3926 1812
1527 3012 1969
1528 3354 4213
1529 2093 1197
1530 1903 1612
1531 1889 4205
1532 4201 1039
1533 122 3018
1534 1897 1509
1535 2145 1213
1536 2800 2791
1537 1757 1132
1538 705 1751
1539 3173 1947
1540 1305 880
1541 2092 865
1542 2572 3634
1543 2409 216
1544 3887 2513
1545 3726 2431
1546 2436 1792
1547 1801 1039
1548 2846 996
1549 2524 3468
1550 2846 1513
1551 3552 2212
1552 2857 4392
1553 1069 4060
1554 2671 3113
1555 4217 734
1556 3259 1999
1557 2063 1362
1558 1091 322
1559 4269 1769
1560 823 1016
1561 479 896
1562 2057 4063
1563 3022 3593
1564 3895 3130
1565 1637 158
1566 2805 158
1567 3195 4093
1568 308 1491
1569 3517 3839
1570 132 3599
1571 273 3013
1572 2013 3902
1573 2280 693
1574 855 411
1575 3008 1901
1576 3339 4222
1577 3520 2867
1578 1960 2746
1579 1112 2343
1580 1060 1729
1581 3216 1670
1582 1880 2033
1583 1324 2276
1584 3889 1285
1585 4442 1705
1586 483 3957
1587 203 3960
1588 1210 2302
1589 1683 2304
1590 3804 81
1591 3350 3550
1592 3438 2818
1593 2830 82
1594 998 556
1595 391 1441
1596 2092 1116
1597 1117 495
1598 2480 3829
1599 4042 2762
1600 3608 1618
1601 3575 3559
1602 42 3046
1603 3786 227
1604 3792 1215
1605 3788 4208
1606 3709 2546
1607 940 3945
1608 4063 3353
1609 1885 3868
1610 3051 1418
1611 2108 2239
1612 2025 2087
1613 961 2893
1614 3121 351
1615 2726 13
1616 2148 4361
1617 2128 2307
1618 4427 3662
1619 359 962
1620 4253 4223
1621 2940 4438
1622 2467 24
1623 1913 610
1624 2993 1474
1625 2543 545
1626 2283 4088
1627 1526 561
1628 2373 3644
1629 3838 1948
1630 1522 2171
1631 3158 3534
1632 4219 2034
1633 1062 1531
1634 807 707
1635 32 497
1636 846 4013
1637 3882 48
1638 994 2235
1639 229 286
1640 1581 1318
1641 590 485
1642 2529 2521
1643 1122 1263
1644 1037 2620
1645 1671 4328
1646 3345 3228
1647 3953 3922
1648 3355 4383
1649 4364 3649
1650 582 570
1651 744 2380
1652 4315 391
1653 3918 3044
1654 3870 536
1655 3253 1087
1656 291 581
1657 3573 1068
1658 2186 617
1659 3395 3673
1660 852 66
1661 1421 797
1662 256 1215
1663 3383 803
1664 4037 1513
1665 2390 3731
1666 1160 202
1667 3548 171
1668 3763 4382
1669 101 3516
1670 3047 2234
1671 348 4339
1672 3343 986
1673 2680 1242
1674 403 3301
1675 401 1408
1676 3952 3784
1677 882 3075
1678 2332 3951
1679 4205 3207
1680 1120 3855
1681 3453 327
1682 3428 2033
1683 1786 2471
1684 3884 1365
1685 2794 2230
1686 1512 2098
1687 1654 4289
1688 2053 2277
1689 3776 3439
1690 1353 1593
1691 3240 1758
1692 1111 3490
1693 689 2334
1694 829 893
1695 94 2433
1696 406 466
1697 2232 4027
1698 3019 599
1699 653 334
1700 924 137
1701 1541 153
1702 4187 2112
1703 3772 4216
1704 412 855
1705 2372 1192
1706 3959 4012
1707 737 296
1708 1606 1665
1709 2958 603
1710 2683 360
1711 2590 544
1712 2529 3825
1713 711 1958
1714 594 1929
1715 909 1406
1716 896 2869
1717 562 1737
1718 634 3551
1719 1777 3422
1720 1526 1424
1721 1101 435
1722 1884 2079
1723 2491 1995
1724 629 357
1725 818 3024
1726 3565 2777
1727 2137 1266
1728 1230 2126
1729 991 2388
1730 3571 1059
1731 2971 1793
1732 2916 2566
1733 2646 986
1734 6 1528
1735 1053 2866
1736 1785 883
1737 4257 1301
1738 2739 354
1739 3014 1469
1740 4316 1181
1741 524 3114
1742 1264 672
1743 4132 1430
1744 4289 3885
1745 3370 1773
1746 550 56
1747 3002 813
1748 3847 535
1749 1408 2759
1750 558 914
1751 3912 3804
1752 4066 3073
1753 958 2763
1754 1509 4419
1755 1303 1188
1756 75 862
1757 2440 2150
1758 3056 976
1759 430 2256
1760 3854 895
1761 711 1601
1762 3185 649
1763 1282 988
1764 1031 3661
1765 865 1838
1766 4028 234
1767 675 1780
1768 2984 2481
1769 4100 2631
1770 2666 3045
1771 3565 3915
1772 2917 2879
1773 2403 3158
1774 677 2726
1775 568 984
1776 3017 624
1777 731 3380
1778 4306 2309
1779 2576 864
1780 3118 3468
1781 1868 578
1782 3798 3496
1783 889 190
1784 1373 536
1785 2661 1835
1786 966 766
1787 1104 694
1788 23 181
1789 456 2000
1790 4271 1521
1791 2273 1158
1792 1253 7
1793 3528 1634
1794 595 1441
1795 4114 460
1796 1397 1331
1797 925 1724
1798 2925 2351
1799 2111 994
1800 2539 1146
1801 483 1689
1802 653 3327
1803 176 3800
1804 1717 4303
1805 4131 2295
1806 3798 1358
1807 17 426
1808 1427 4101
1809 1573 2923
1810 4042 1112
1811 59 276
1812 1196 1291
1813 116 850
1814 2121 1307
1815 372 2172
1816 1715 414
1817 4250 803
1818 3810 3931
1819 3598 3323
1820 2507 1138
1821 4417 494
1822 253 1432
1823 1676 1376
1824 1240 2786
1825 2382 2363
1826 631 4051
1827 3796 2472
1828 2679 3859
1829 1638 2657
1830 1302 73
1831 464 452
1832 1981 4297
1833 4100 3996
1834 2622 1451
1835 2561 1662
1836 3569 4454
1837 2701 2175
1838 2757 1780
1839 39 3796
1840 597 3348
1841 1204 1098
1842 764 630
1843 3343 3680
1844 3574 196
1845 1610 1765
1846 3864 3657
1847 4107 3142
1848 4349 478
1849 575 4460
1850 309 58
1851 2842 2877
1852 3642 3554
1853 3215 4381
1854 3342 733
1855 2845 3311
1856 2797 2178
1857 2322 2209
1858 664 1632
1859 1483 644
1860 720 233
1861 3457 555
1862 3670 434
1863 2578 3102
1864 4299 1422
1865 3066 1598
1866 3939 3585
1867 2684 3952
1868 2312 3786
1869 2568 2812
1870 432 3289
1871 4295 299
1872 147 1054
1873 2397 58
1874 34 2390
1875 2389 872
1876 722 3187
1877 65 3157
1878 977 557
1879 1920 3773
1880 2614 2868
1881 1510 4124
1882 3124 1959
1883 355 619
1884 2549 4060
1885 1942 4024
1886 2123 905
1887 1339 4357
1888 3270 2873
1889 931 2595
1890 879 807
1891 1335 3248
1892 3104 3197
1893 732 1893
1894 2801 274
1895 3557 1517
1896 555 4401
1897 2066 17
1898 1607 3973
1899 1335 3835
1900 3710 2849
1901 724 1397
1902 3882 3723
1903 1423 4442
1904 2699 1178
1905 458 314
1906 1311 3184
1907 2176 944
1908 3958 1529
1909 4034 121
1910 1798 2863
1911 18 368
1912 226 3808
1913 3454 3041
1914 2338 3151
1915 661 2366
1916 4262 1112
1917 1323 347
1918 3111 2155
1919 2911 1820
1920 3006 2277
1921 1710 393
1922 1558 552
1923 49 809
1924 4128 3288
1925 2653 4135
1926 3208 2163
1927 4422 192
1928 4207 2722
1929 2778 1769
1930 3007 1412
1931 764 3301
1932 239 3647
1933 77 2402
1934 2420 2380
1935 1093 969
1936 503 1764
1937 1073 2654
1938 4147 4356
1939 3132 2613
1940 2389 1320
1941 4135 1409
1942 4102 3500
1943 1605 4067
1944 3906 979
1945 2899 87
1946 3239 1701
1947 2368 2009
1948 347 262
1949 625 3102
1950 713 2867
1951 23 3564
1952 3993 2169
1953 693 4399
1954 159 120
1955 1784 233
1956 2454 4329
1957 3755 3289
1958 574 4307
1959 1640 3532
1960 310 894
1961 2332 1904
1962 2046 613
1963 1762 1524
1964 575 2266
1965 2079 1471
1966 376 12
1967 3776 2840
1968 642 2496
1969 2645 219
1970 3727 1335
1971 1133 42
1972 2871 1198
1973 2914 3666
1974 2846 1491
1975 1058 2254
1976 3988 2620
1977 2254 4328
1978 3467 45
1979 1081 2268
1980 3395 1331
1981 572 4110
1982 1448 1702
1983 4437 1067
1984 572 2866
1985 1382 2750
1986 2788 33
1987 324 966
1988 1300 2680
1989 4307 4192
1990 3871 357
1991 2239 2651
1992 3868 236
1993 2407 2940
1994 3192 1736
1995 753 3407
1996 107 2076
1997 3815 165
1998 1808 1921
1999 1301 808
2000 2736 1419
2001 391 4080
2002 965 2835
2003 1252 867
2004 3433 1255
2005 3006 2263
2006 3360 44
2007 32 62
2008 4282 403
2009 3833 4174
2010 2119 3623
2011 2779 4407
2012 511 1134
2013 1797 2838
2014 2817 138
2015 2608 3559
2016 2101 3234
2017 1360 1145
2018 897 3821
2019 2741 3908
2020 3790 802
2021 3120 1487
2022 1411 533
2023 1139 3503
2024 2850 3708
2025 132 2840
2026 353 3486
2027 2990 566
2028 1686 3624
2029 728 135
2030 579 2853
2031 147 460
2032 3401 4039
2033 85 5
2034 1515 4286
2035 727 2348
2036 462 3221
2037 2495 2764
2038 1966 4191
2039 275 4262
2040 948 1020
2041 1126 4416
2042 1477 1492
2043 154 862
2044 2737 855
2045 2110 2938
2046 3782 2661
2047 472 971
2048 1558 2044
2049 4127 1100
2050 772 3271
2051 2819 2493
2052 4218 3973
2053 3557 2922
2054 619 4311
2055 909 3027
2056 427 2347
2057 1645 2756
2058 2457 1746
2059 1800 4098
2060 3612 1542
2061 186 1393
2062 929 3651
2063 1062 2832
2064 2442 1030
2065 41 3526
2066 1832 2572
2067 173 1654
2068 2454 4094
2069 4018 3453
2070 1083 2397
2071 2079 2146
2072 3800 2152
2073 2456 835
2074 2188 3551
2075 2099 3366
2076 3187 3318
2077 781 3878
2078 3394 466
2079 778 1167
2080 747 4168
2081 1260 943
2082 2603 364
2083 259 3631
2084 2798 2639
2085 1521 3141
2086 273 4072
2087 4024 4263
2088 2407 2023
2089 2712 3564
2090 3413 4140
2091 3983 2522
2092 2730 655
2093 730 1132
2094 999 607
2095 58 1680
2096 2298 2360
2097 26 411
2098 13 491
2099 1471 504
2100 2885 1145
2101 4110 2523
2102 3040 1057
2103 1184 3399
2104 1628 1570
2105 2860 1133
2106 1889 3316
2107 1304 1258
2108 2436 788
2109 4357 3487
2110 3525 950
2111 3453 2999
2112 3110 2370
2113 718 3555
2114 3757 266
2115 676 3853
2116 1197 715
2117 3285 2521
2118 1791 3935
2119 1036 1240
2120 1494 4242
2121 368 409
2122 132 1908
2123 2867 926
2124 3347 1601
2125 2355 2275
2126 568 3486
2127 795 4049
2128 1225 1611
2129 4361 185
2130 1617 937
2131 591 3438
2132 2696 474
2133 3859 2716
2134 4248 2015
2135 795 1319
2136 2699 4326
2137 3105 2640
2138 2773 219
2139 839 262
2140 4065 3460
2141 275 1047
2142 315 2679
2143 3873 952
2144 1533 1523
2145 85 1439
2146 1511 499
2147 3770 2511
2148 4087 2026
2149 3203 3077
2150 2405 3468
2151 430 4369
2152 585 1496
2153 846 3270
2154 86 4222
2155 793 2758
2156 3855 1834
2157 505 3562
2158 2420 4118
2159 2382 598
2160 1847 2929
2161 797 631
2162 1644 2249
2163 3875 3256
2164 4282 2082
2165 4445 2226
2166 1026 1199
2167 1295 1132
2168 261 820
2169 2687 2591
2170 2481 1341
2171 3679 3283
2172 2640 686
2173 4001 397
2174 97 2767
2175 1966 4161
2176 2371 1946
2177 2861 387
2178 3699 222
2179 1778 3510
2180 4216 2931
2181 178 725
2182 801 968
2183 128 3218
2184 4215 1111
2185 4276 2647
2186 187 959
2187 8 1275
2188 1006 446
2189 4096 3457
2190 3239 1801
2191 4018 2831
2192 873 4357
2193 2573 3717
2194 1194 4223
2195 2834 1587
2196 4123 1784
2197 949 2249
2198 3169 638
2199 1245 3509
2200 1034 565
2201 1010 2774
2202 292 3017
2203 2425 4027
2204 1743 1114
2205 2973 3914
2206 374 2693
2207 3577 1286
2208 1604 3867
2209 2170 3371
2210 3139 2964
2211 3319 376
2212 3345 1430
2213 3490 393
2214 1401 2009
2215 1244 3739
2216 536 41
2217 3328 1149
2218 3264 2654
2219 1304 2836
2220 3660 3807
2221 2748 700
2222 1350 1747
2223 3263 44
2224 2290 2483
2225 2088 2768
2226 1275 3836
2227 2445 1698
2228 3251 1128
2229 374 975
2230 1170 2082
2231 2575 295
2232 1363 1331
2233 482 3522
2234 2767 1859
2235 236 940
2236 1949 105
2237 2374 508
2238 3202 2482
2239 1077 1464
2240 4041 1782
2241 4425 1256
2242 3022 3424
2243 2177 1476
2244 1593 2803
2245 1575 2642
2246 4440 245
2247 1701 1509
2248 2820 1337
2249 4141 2654
2250 404 731
2251 1105 2061
2252 1198 543
2253 2282 4224
2254 2356 338
2255 3778 646
2256 2806 1360
2257 563 4395
2258 2988 883
2259 42 2121
2260 1059 1754
2261 3808 2698
2262 363 1554
2263 935 2628
2264 1959 2349
2265 3420 3526
2266 1628 3307
2267 4456 4205
2268 831 1846
2269 2837 2841
2270 78 2248
2271 310 2090
2272 4113 380
2273 1201 1473
2274 809 2217
2275 964 3247
2276 720 1954
2277 2166 383
2278 2506 1435
2279 1064 3842
2280 2316 3315
2281 3843 852
2282 443 1267
2283 203 2582
2284 931 121
2285 1237 752
2286 3033 2788
2287 209 1488
2288 2133 2035
2289 2228 190
2290 1332 4172
2291 2151 1665
2292 3037 3847
2293 1963 4061
2294 1526 3899
2295 1168 3902
2296 3626 2752
2297 399 3118
2298 525 3790
2299 405 251
2300 511 149
2301 2172 1371
2302 428 469
2303 1204 652
2304 3716 1528
2305 3555 2442
2306 4150 1418
2307 2384 3586
2308 846 4348
2309 2618 1548
2310 296 2144
2311 3263 3404
2312 3375 107
2313 1203 1170
2314 293 3056
2315 847 384
2316 4071 85
2317 4069 764
2318 3161 3932
2319 678 510
2320 4352 2552
2321 934 4321
2322 1867 119
2323 3195 3504
2324 2571 1490
2325 388 1800
2326 1074 678
2327 3382 3241
2328 2617 1769
2329 2655 2538
2330 1649 1375
2331 2983 2173
2332 3023 3662
2333 1013 1390
2334 3306 1720
2335 2048 3466
2336 1742 994
2337 3061 2491
2338 1403 3004
2339 1678 2030
2340 3732 1792
2341 379 2146
2342 2228 2123
2343 1856 139
2344 157 3410
2345 3816 3121
2346 4331 344
2347 3828 2010
2348 91 2348
2349 1763 4365
2350 3977 62
2351 1197 388
2352 1618 2595
2353 909 1008
2354 2690 1993
2355 2143 256
2356 693 3787
2357 3173 116
2358 1332 4112
2359 1954 1407
2360 1283 1633
2361 3677 571
2362 4188 1410
2363 3335 1043
2364 22 374
2365 1631 2272
2366 116 1566
2367 4317 1828
2368 3000 2194
2369 1673 41
2370 403 313
2371 2913 934
2372 2125 2662
2373 1726 4099
2374 2532 3944
2375 2322 1453
2376 3022 2895
2377 1346 300
2378 2096 847
2379 1111 2080
2380 2218 1540
2381 322 1281
2382 2163 943
2383 4060 795
2384 1107 208
2385 2013 1324
2386 256 3764
2387 2337 2652
2388 1253 3458
2389 940 1752
2390 3174 1300
2391 86 2170
2392 1699 2935
2393 4415 552
2394 2779 1963
2395 1432 3949
2396 2461 296
2397 1747 3303
2398 376 1485
2399 3387 2239
2400 556 897
2401 1434 2523
2402 1339 4244
2403 4425 1198
2404 697 1862
2405 1009 3417
2406 1352 2899
2407 2678 1468
2408 123 4434
2409 1389 2687
2410 3972 1719
2411 2406 1130
2412 4384 4035
2413 2562 354
2414 2054 2866
2415 821 4222
2416 2347 3812
2417 2467 1504
2418 217 678
2419 4295 3309
2420 825 2051
2421 693 440
2422 1555 1551
2423 3988 1833
2424 3308 536
2425 1271 2629
2426 2617 2559
2427 1982 3327
2428 1994 336
2429 2083 946
2430 136 1503
2431 2098 454
2432 2132 3430
2433 1384 2349
2434 3125 3489
2435 1363 3815
2436 1117 1761
2437 1594 3571
2438 3198 1560
2439 2394 1583
2440 455 428
2441 1166 2330
2442 864 3306
2443 1043 1153
2444 3341 5
2445 2655 416
2446 3243 667
2447 4059 1421
2448 3595 2714
2449 582 3516
2450 577 3183
2451 2440 2489
2452 3260 2755
2453 2154 288
2454 259 2247
2455 572 3980
2456 811 3946
2457 2569 4130
2458 1434 1081
2459 3409 442
2460 3751 222
2461 361 1858
2462 4271 1735
2463 1835 1425
2464 3708 2649
2465 3568 3855
2466 1491 212
2467 2346 764
2468 3595 358
2469 2293 3482
2470 3756 2592
2471 1036 378
2472 2454 1391
2473 3812 289
2474 242 2763
2475 2273 4231
2476 3489 3376
2477 3418 4297
2478 4055 1106
2479 3962 2440
2480 1466 3787
2481 586 2233
2482 796 2061
2483 201 366
2484 670 4205
2485 313 2585
2486 1614 2414
2487 1868 2003
2488 1022 2019
2489 247 927
2490 4242 1513
2491 1318 4021
2492 751 1139
2493 3312 2501
2494 2821 2206
2495 976 2457
2496 1170 1787
2497 2564 1002
2498 4272 3858
2499 4070 3321
2500 2429 1385
2501 460 2160
2502 165 1194
2503 2535 802
2504 1736 4185
2505 539 445
2506 384 3346
2507 2520 526
2508 1581 4138
2509 1933 363
2510 4271 3479
2511 2642 944
2512 1588 3709
2513 2339 1170
2514 611 206
2515 4016 3027
2516 4280 2034
2517 3813 2517
2518 2033 3895
2519 798 2583
2520 3104 1354
2521 1267 3729
2522 1401 1923
2523 324 584
2524 1035 1450
2525 1101 2161
2526 846 4394
2527 3820 945
2528 3880 1254
2529 3331 4133
2530 4285 1662
2531 3323 554
2532 743 4207
2533 917 2987
2534 4401 30
2535 448 4346
2536 2746 2850
2537 3403 2493
2538 1389 3760
2539 2577 3954
2540 2016 2838
2541 2566 549
2542 2030 2531
2543 756 2520
2544 2126 3530
2545 1150 1023
2546 2393 1965
2547 839 3273
2548 3289 884
2549 271 1374
2550 3843 2618
2551 2021 475
2552 3401 4184
2553 480 3763
2554 1020 1652
2555 491 224
2556 2265 3887
2557 2006 213
2558 219 953
2559 2920 1749
2560 3265 1372
2561 446 1200
2562 1808 1704
2563 1261 827
2564 203 906
2565 2567 514
2566 1773 308
2567 3166 3490
2568 4010 1800
2569 705 1393
2570 3082 2799
2571 3143 3125
2572 1546 1480
2573 2401 407
2574 3121 653
2575 415 832
2576 2698 2841
2577 2702 2396
2578 2782 2674
2579 3116 2730
2580 1 849
2581 1241 3264
2582 1908 3524
2583 1369 3907
2584 4174 3727
2585 3298 2818
2586 2194 314
2587 1792 2839
2588 467 3718
2589 3749 3498
2590 2903 3830
2591 1025 717
2592 2677 2368
2593 414 4095
2594 127 3052
2595 497 2129
2596 4119 2680
2597 1310 2582
2598 2708 49
2599 2880 1274
2600 2602 3997
2601 2952 1117
2602 2466 2081
2603 734 125
2604 112 3525
2605 1340 3137
2606 2770 3057
2607 3639 4380
2608 1470 2690
2609 2303 1525
2610 2787 674
2611 2263 1572
2612 4368 564
2613 349 3465
2614 1652 992
2615 3503 1627
2616 217 669
2617 1662 2772
2618 1200 348
2619 1377 2231
2620 2224 3676
2621 3957 2286
2622 2034 2582
2623 2524 4257
2624 1101 1651
2625 728 3683
2626 3981 3319
2627 3734 807
2628 594 64
2629 326 830
2630 1434 3556
2631 429 2195
2632 1510 1840
2633 2904 1270
2634 912 401
2635 510 41
2636 3385 2055
2637 3841 2744
2638 759 3032
2639 709 2369
2640 4069 2670
2641 4274 3475
2642 3506 404
2643 254 2974
2644 2403 3217
2645 3142 3175
2646 2400 1510
2647 2706 3412
2648 2712 3157
2649 982 771
2650 3140 1183
2651 768 1211
2652 2197 3488
2653 535 507
2654 2489 1783
2655 2792 3758
2656 3252 2543
2657 519 2935
2658 3275 3120
2659 1752 858
2660 3404 4255
2661 1524 1549
2662 1007 1477
2663 1382 188
2664 716 4297
2665 2149 4275
2666 2799 4020
2667 3264 314
2668 2385 532
2669 2435 879
2670 1235 4425
2671 1199 1934
2672 2652 2279
2673 2373 2933
2674 1489 1568
2675 3435 2649
2676 2509 1437
2677 3244 2133
2678 471 2370
2679 2274 2469
2680 1994 2955
2681 2120 3154
2682 2744 2345
2683 28 2500
2684 3872 62
2685 29 3360
2686 314 1459
2687 1758 4079
2688 742 3818
2689 3287 3183
2690 4295 1615
2691 1716 1724
2692 3749 1328
2693 3807 842
2694 3027 3941
2695 753 4209
2696 298 857
2697 3916 816
2698 2124 1081
2699 958 22
2700 2784 960
2701 30 2014
2702 2430 524
2703 1215 1199
2704 1297 2659
2705 922 2051
2706 3660 4146
2707 401 3771
2708 2714 1323
2709 3292 4447
2710 2745 4053
2711 951 2566
2712 1872 2204
2713 1568 4153
2714 655 3264
2715 2226 3085
2716 363 3410
2717 1709 1394
2718 1935 3089
2719 3716 1068
2720 4295 4339
2721 3521 1391
2722 2771 785
2723 228 2759
2724 294 4027
2725 1527 2086
2726 3179 3142
2727 1017 3918
2728 239 3398
2729 872 3786
2730 3265 3852
2731 1759 2799
2732 2974 3885
2733 1175 3342
2734 2669 2549
2735 1413 4204
2736 1266 1946
2737 4148 1526
2738 2289 471
2739 1957 506
2740 954 4423
2741 1369 2486
2742 2630 4034
2743 3397 8
2744 2965 3135
2745 3096 4101
2746 521 3467
2747 2964 2590
2748 2713 1521
2749 1838 2719
2750 1852 3786
2751 4136 4046
2752 879 4427
2753 1808 3352
2754 2078 4248
2755 3090 494
2756 2262 1340
2757 961 2747
2758 1514 3202
2759 1646 715
2760 1980 1410
2761 2069 2319
2762 221 661
2763 540 168
2764 2804 845
2765 1220 1962
2766 183 876
2767 2355 1702
2768 630 1094
2769 4356 413
2770 1206 2353
2771 4069 3585
2772 2630 2093
2773 1475 357
2774 3911 4157
2775 2533 2837
2776 1709 516
2777 286 325
2778 75 3931
2779 852 2463
2780 4035 3042
2781 2597 2345
2782 2027 2116
2783 2853 1487
2784 1403 1396
2785 192 1569
2786 3952 790
2787 898 1837
2788 945 3099
2789 2467 380
2790 2636 2325
2791 2204 553
2792 1227 2312
2793 1723 3301
2794 280 2044
2795 1190 221
2796 3577 1307
2797 255 2437
2798 3580 718
2799 1787 643
2800 466 1153
2801 2860 956
2802 1602 3674
2803 1251 4077
2804 1216 342
2805 330 2260
2806 1543 350
2807 1470 1535
2808 272 855
2809 1369 3441
2810 2964 2633
2811 1778 3876
2812 1991 1785
2813 248 2559
2814 58 2565
2815 2708 1165
2816 206 1576
2817 625 3382
2818 4214 2766
2819 2362 3137
2820 3835 1205
2821 3403 4281
2822 3686 1717
2823 2164 1919
2824 2334 1601
2825 1515 1876
2826 538 3886
2827 2862 3403
2828 3593 4179
2829 1188 322
2830 808 1370
2831 3184 3798
2832 3489 350
2833 886 663
2834 1481 1318
2835 2850 3792
2836 750 3720
2837 3483 471
2838 3770 2014
2839 3413 4145
2840 2462 2017
2841 4385 309
2842 3824 554
2843 1436 2270
2844 1527 1938
2845 1433 2645
2846 820 2153
2847 623 2024
2848 2189 734
2849 692 4207
2850 1687 3421
2851 2724 2380
2852 861 1029
2853 4128 3086
2854 3259 948
2855 1089 3394
2856 2372 688
2857 120 2014
2858 728 3342
2859 523 2877
2860 2793 4186
2861 3921 1726
2862 3388 672
2863 4290 3188
2864 3402 1097
2865 1297 3326
2866 1852 2543
2867 3379 1356
2868 532 3494
2869 3008 3650
2870 1088 615
2871 4284 4060
2872 1528 3137
2873 4186 1730
2874 479 129
2875 1440 364
2876 3218 3322
2877 3963 3528
2878 361 3998
2879 988 1366
2880 3238 739
2881 3891 4013
2882 1111 365
2883 3139 560
2884 2610 3391
2885 1999 1632
2886 2955 1225
2887 1363 1916
2888 4330 1077
2889 2130 1773
2890 2405 2120
2891 882 635
2892 2388 3146
2893 2628 3751
2894 2179 2381
2895 1209 2947
2896 2740 75
2897 3770 630
2898 3813 4235
2899 1716 1493
2900 136 1301
2901 1544 4074
2902 1742 4008
2903 1281 3498
2904 4189 3443
2905 1725 1935
2906 3858 2339
2907 213 970
2908 3273 1204
2909 2463 2943
2910 645 3574
2911 2090 2597
2912 3795 453
2913 3349 1127
2914 2858 3136
2915 3307 1489
2916 3286 1831
2917 1835 1934
2918 2918 752
2919 2550 527
2920 818 1084
2921 1761 664
2922 1025 2021
2923 1817 309
2924 770 245
2925 124 492
2926 2877 4336
2927 606 1289
2928 2760 2791
2929 700 2006
2930 3914 3369
2931 2843 1277
2932 1960 3150
2933 1632 4394
2934 687 3658
2935 611 129
2936 781 3619
2937 2321 4168
2938 1315 698
2939 3827 3897
2940 718 2776
2941 2299 1814
2942 633 3999
2943 945 108
2944 4207 3110
2945 1015 4437
2946 1201 426
2947 4385 1697
2948 1646 82
2949 991 1456
2950 288 3649
2951 4123 2174
2952 3746 3761
2953 3606 4115
2954 872 292
2955 2666 3892
2956 699 3311
2957 865 2429
2958 802 4285
2959 1496 2165
2960 4448 4377
2961 2230 870
2962 1707 2653
2963 2727 974
2964 2483 3310
2965 4361 2895
2966 1707 46
2967 1018 817
2968 1121 1346
2969 2466 2845
2970 3964 2196
2971 3518 3035
2972 2047 394
2973 1009 973
2974 2288 748
2975 302 215
2976 3366 3114
2977 482 439
2978 3883 221
2979 1611 538
2980 2360 2151
2981 4290 666
2982 2582 2113
2983 1185 2341
2984 1265 53
2985 1879 1354
2986 499 3009
2987 2672 1451
2988 2115 2422
2989 3392 2295
2990 103 68
2991 75 3788
2992 3055 4333
2993 759 647
2994 2658 3524
2995 1705 754
2996 1189 3328
2997 444 679
2998 2670 3845
2999 4251 132
3000 1367 1767
3001 109 2575
3002 525 3260
3003 715 1106
3004 463 4163
3005 3960 2709
3006 3206 4310
3007 1636 3319
3008 257 3695
3009 2155 3846
3010 3812 1683
3011 603 551
3012 2638 1302
3013 3077 3037
3014 2479 263
3015 2128 1065
3016 2187 383
3017 2723 2270
3018 1277 48
3019 1171 2534
3020 1771 2680
3021 1691 1648
3022 3471 1449
3023 2916 1372
3024 4209 3800
3025 604 2124
3026 3409 1317
3027 3299 2248
3028 3479 1933
3029 4348 2040
3030 1537 790
3031 132 480
3032 3781 1198
3033 477 2232
3034 2108 1959
3035 2945 3833
3036 2459 3526
3037 1317 3393
3038 2256 4335
3039 3235 806
3040 1142 807
3041 2253 4249
3042 2724 967
3043 2609 4000
3044 2692 1544
3045 3722 1480
3046 124 2311
3047 508 4297
3048 2221 1703
3049 351 366
3050 1574 581
3051 504 305
3052 2518 4448
3053 128 3506
3054 3222 1625
3055 1753 1867
3056 1614 3824
3057 2899 2901
3058 507 3292
3059 3387 2713
3060 4376 671
3061 778 709
3062 3547 1554
3063 879 3988
3064 247 3235
3065 154 602
3066 1895 3639
3067 2900 741
3068 4149 4127
3069 4270 853
3070 3040 845
3071 567 1998
3072 3460 2141
3073 1180 2980
3074 900 3057
3075 4323 46
3076 1276 2147
3077 668 1015
3078 27 1910
3079 258 1605
3080 1258 2422
3081 2268 1254
3082 1399 1857
3083 2918 4129
3084 4204 2358
3085 1795 508
3086 3596 2987
3087 1612 487
3088 2263 2451
3089 3043 670
3090 3972 3421
3091 1032 3779
3092 3272 1184
3093 2652 2342
3094 652 2155
3095 3688 1044
3096 1943 4195
3097 1456 2385
3098 3625 1910
3099 552 465
3100 3107 2782
3101 1621 1929
3102 4428 1331
3103 2389 4291
3104 1640 2101
3105 981 1463
3106 1623 1197
3107 3899 4332
3108 1516 1113
3109 3011 562
3110 786 3270
3111 2489 3401
3112 2378 2586
3113 4239 2898
3114 666 2579
3115 285 2709
3116 2126 4331
3117 586 3227
3118 4281 3376
3119 237 2820
3120 1407 3825
3121 804 588
3122 4344 45
3123 1031 2705
3124 4111 2107
3125 3780 672
3126 4100 2983
3127 1385 4244
3128 2119 1665
3129 2331 1903
3130 3390 3667
3131 1974 4361
3132 1456 3772
3133 3013 4450
3134 4016 1354
3135 1256 2075
3136 2039 1007
3137 2243 1031
3138 2261 372
3139 1128 1558
3140 619 3721
3141 3831 2046
3142 2636 2957
3143 3577 3714
3144 4109 3517
3145 3483 3355
3146 2297 4455
3147 2409 2497
3148 2139 3449
3149 2507 2754
3150 598 3450
3151 1102 980
3152 3126 4440
3153 3414 161
3154 1176 514
3155 898 1119
3156 462 620
3157 605 2902
3158 1384 2969
3159 3184 2429
3160 122 881
3161 2184 946
3162 471 3883
3163 1313 313
3164 1229 3728
3165 1707 3239
3166 2218 3944
3167 2828 1668
3168 3550 636
3169 3914 3107
3170 90 2745
3171 1534 1544
3172 345 416
3173 393 3022
3174 2625 723
3175 174 4034
3176 1976 802
3177 1589 2136
3178 3111 366
3179 1163 2665
3180 1087 1626
3181 3001 741
3182 1154 2599
3183 1953 2105
3184 2672 886
3185 1722 3183
3186 3031 75
3187 2519 2105
3188 2092 4280
3189 315 2764
3190 3751 2501
3191 364 3734
3192 1216 979
3193 1874 2757
3194 4339 3628
3195 4457 1509
3196 3000 1106
3197 2885 768
3198 4004 204
3199 1209 3469
3200 2060 1307
3201 2122 1651
3202 1399 4380
3203 3362 2186
3204 814 4033
3205 520 954
3206 3902 686
3207 673 2851
3208 3426 222
3209 3147 3305
3210 205 2302
3211 1705 746
3212 1730 3962
3213 2064 1660
3214 2818 118
3215 1805 4318
3216 1030 3222
3217 2959 1338
3218 3453 253
3219 3409 3016
3220 4117 1346
3221 2451 1454
3222 1605 2060
3223 2137 95
3224 3017 2736
3225 3901 3117
3226 894 788
3227 2643 294
3228 4343 1458
3229 4269 2145
3230 2417 3630
3231 2060 414
3232 2469 336
3233 3372 999
3234 3463 2981
3235 1850 3021
3236 3787 555
3237 3024 771
3238 3513 1052
3239 1541 3205
3240 1071 3372
3241 3923 367
3242 2414 3145
3243 553 1734
3244 912 3447
3245 2697 1155
3246 3728 1219
3247 4410 2740
3248 1007 3576
3249 2433 1144
3250 539 753
3251 993 927
3252 2925 3834
3253 636 3172
3254 370 485
3255 1332 1012
3256 506 2374
3257 1570 808
3258 2704 894
3259 393 935
3260 2921 145
3261 3670 3835
3262 2425 2230
3263 2396 3188
3264 2214 1139
3265 694 4032
3266 2102 3533
3267 4164 396
3268 3559 1273
3269 2350 4395
3270 148 4392
3271 886 2034
3272 811 2652
3273 4048 296
3274 641 143
3275 1319 3163
3276 1578 2087
3277 1799 2335
3278 3666 739
3279 4324 4413
3280 3587 1541
3281 2916 1843
3282 1212 8
3283 157 562
3284 1005 4
3285 418 195
3286 3831 2716
3287 1152 4430
3288 3314 2035
3289 3387 2080
3290 1494 3379
3291 777 3332
3292 3679 4450
3293 1721 3757
3294 4444 581
3295 2053 3361
3296 186 3945
3297 594 3253
3298 600 2191
3299 1084 1219
3300 1706 1088
3301 3316 1828
3302 1323 1538
3303 1184 832
3304 1267 3934
3305 651 2606
3306 813 918
3307 517 4205
3308 1935 429
3309 822 2207
3310 3867 3888
3311 2204 3095
3312 4022 1076
3313 1265 1034
3314 656 2365
3315 2787 2093
3316 751 1873
3317 1429 1182
3318 935 221
3319 1797 2008
3320 1777 2403
3321 4206 2804
3322 3822 1757
3323 763 1286
3324 1367 629
3325 692 1103
3326 1611 254
3327 959 2699
3328 4105 153
3329 564 1542
3330 2334 2575
3331 1136 475
3332 1444 2370
3333 1732 2549
3334 4176 3982
3335 1908 4094
3336 3878 4262
3337 1418 2441
3338 1387 2720
3339 1761 842
3340 1831 1841
3341 2858 967
3342 2564 4140
3343 161 1369
3344 1933 3321
3345 1615 2417
3346 1335 3160
3347 3486 2689
3348 193 611
3349 298 2870
3350 4386 853
3351 3559 1974
3352 2616 2704
3353 3431 124
3354 2962 3018
3355 2053 519
3356 931 3338
3357 2765 4261
3358 349 2729
3359 1863 3058
3360 2579 459
3361 1282 1687
3362 1483 3753
3363 4022 3523
3364 2986 1570
3365 2418 1019
3366 2845 1009
3367 1073 2844
3368 1256 589
3369 3479 2223
3370 2281 1340
3371 18 1168
3372 4119 3960
3373 255 1632
3374 991 699
3375 3311 1728
3376 1491 404
3377 2370 3593
3378 4257 734
3379 4139 2521
3380 1727 3777
3381 1116 3449
3382 221 2087
3383 3726 633
3384 626 2076
3385 556 381
3386 2562 3589
3387 1617 2389
3388 2946 3478
3389 2656 592
3390 2530 3570
3391 1779 376
3392 1965 3819
3393 1606 3657
3394 1423 3338
3395 613 2435
3396 627 3968
3397 4276 3620
3398 477 2746
3399 4159 1579
3400 849 1790
3401 2505 1558
3402 406 34
3403 3544 1166
3404 4186 2780
3405 566 2848
3406 3390 231
3407 3299 930
3408 3680 3749
3409 3206 2252
3410 3151 3986
3411 3624 1853
3412 1831 1176
3413 1875 4117
3414 1142 4219
3415 1043 203
3416 2527 2842
3417 811 902
3418 352 4451
3419 2522 2151
3420 525 775
3421 4091 2942
3422 2747 1346
3423 545 971
3424 2517 4454
3425 2215 2867
3426 3890 1945
3427 893 2571
3428 1951 3104
3429 1660 1902
3430 128 4301
3431 3175 242
3432 2642 357
3433 3181 2869
3434 1686 419
3435 1116 2921
3436 1788 3311
3437 3694 1625
3438 528 3674
3439 779 3017
3440 2388 1025
3441 4076 2004
3442 388 3700
3443 915 3769
3444 2903 365
3445 843 153
3446 2107 1813
3447 169 4362
3448 3115 2591
3449 779 1835
3450 2894 666
3451 372 2710
3452 1798 2424
3453 3336 1586
3454 1506 2088
3455 3913 782
3456 309 1319
3457 601 3745
3458 1793 3194
3459 195 1828
3460 1255 2711
3461 2393 3796
3462 3399 3971
3463 687 417
3464 2250 2255
3465 4089 1300
3466 3033 4201
3467 1173 1051
3468 1233 1549
3469 715 2619
3470 4017 4315
3471 777 1652
3472 3060 3839
3473 3107 541
3474 3076 4316
3475 2447 978
3476 58 1437
3477 3385 3221
3478 3987 2722
3479 2945 1949
3480 1738 549
3481 1228 2056
3482 3459 2136
3483 4243 3781
3484 2791 3690
3485 2569 449
3486 773 2816
3487 2981 3029
3488 1605 3562
3489 3269 159
3490 2875 146
3491 1129 2652
3492 1661 788
3493 827 851
3494 1512 2870
3495 3633 500
3496 4117 1338
3497 995 3735
3498 1452 4262
3499 4323 2102
3500 913 2500
3501 2002 4384
3502 1714 2906
3503 1037 2424
3504 947 1223
3505 3163 1469
3506 3304 2627
3507 1185 1207
3508 3064 3027
3509 3307 1046
3510 3103 1324
3511 649 2649
3512 565 3410
3513 3202 3262
3514 4147 828
3515 636 2260
3516 4079 4395
3517 2517 272
3518 3967 3554
3519 1955 741
3520 3839 4131
3521 3250 3910
3522 1408 2427
3523 393 29
3524 1927 2615
3525 3238 2362
3526 1894 3572
3527 1016 528
3528 2311 660
3529 38 859
3530 2774 2309
3531 4078 2057
3532 677 2162
3533 1542 4022
3534 2318 3204
3535 2121 543
3536 129 1690
3537 1009 2482
3538 623 1524
3539 3563 76
3540 1030 2316
3541 151 830
3542 1873 2562
3543 2495 4221
3544 1855 4393
3545 3010 4327
3546 2691 818
3547 1722 3871
3548 323 4265
3549 897 3436
3550 1221 2871
3551 3766 3144
3552 4357 343
3553 2588 3041
3554 676 3099
3555 2147 3779
3556 2265 185
3557 2615 1424
3558 1774 1368
3559 1321 443
3560 1277 1633
3561 1259 4015
3562 2455 4419
3563 1231 3000
3564 3192 1082
3565 2335 88
3566 2605 3047
3567 3139 2963
3568 319 3375
3569 871 2727
3570 3413 3807
3571 999 2217
3572 811 3946
3573 2469 768
3574 1079 3909
3575 2674 2968
3576 404 1271
3577 147 2490
3578 2738 1447
3579 2921 3962
3580 1017 3123
3581 4443 3308
3582 3326 2338
3583 2335 3268
3584 3690 2985
3585 1871 432
3586 2508 1321
3587 173 1512
3588 4341 3236
3589 2137 4424
3590 2753 379
3591 1106 1832
3592 2637 2663
3593 3424 3887
3594 1867 467
3595 2489 4012
3596 4030 4176
3597 2829 1698
3598 3719 1733
3599 3290 435
3600 4047 1410
3601 2611 4356
3602 2490 1900
3603 4388 3435
3604 3347 2003
3605 879 3601
3606 3140 1202
3607 3026 4025
3608 21 2006
3609 1389 2448
3610 472 782
3611 4389 3798
3612 3735 3606
3613 405 721
3614 414 3435
3615 3504 4332
3616 2094 3365
3617 48 1967
3618 4179 3718
3619 3093 4414
3620 3909 850
3621 800 2907
3622 516 172
3623 2849 176
3624 370 3800
3625 3663 4448
3626 4023 1173
3627 4184 1168
3628 4312 161
3629 16 2949
3630 3985 1562
3631 1682 1460
3632 559 4215
3633 4448 510
3634 226 3063
3635 2235 3901
3636 750 2678
3637 1023 1514
3638 2829 2386
3639 840 3693
3640 4420 3008
3641 1773 1622
3642 4001 2807
3643 1731 274
3644 132 1076
3645 2890 3969
3646 1913 1726
3647 4107 3825
3648 1466 1804
3649 2165 2971
3650 3057 345
3651 3142 1644
3652 2636 1218
3653 421 3259
3654 2486 591
3655 1561 2884
3656 373 355
3657 3655 3752
3658 4286 3601
3659 2740 2468
3660 2521 1323
3661 2813 939
3662 1634 280
3663 427 2796
3664 1490 2463
3665 235 2259
3666 2182 1269
3667 2522 783
3668 4245 55
3669 892 348
3670 4112 1932
3671 682 1282
3672 935 1956
3673 702 3165
3674 590 946
3675 926 3574
3676 2709 4179
3677 2243 3418
3678 867 1788
3679 1067 2054
3680 3793 3172
3681 4260 1955
3682 2426 2285
3683 2932 3022
3684 734 2341
3685 2722 1487
3686 1435 1204
3687 4179 4077
3688 2815 4392
3689 528 1313
3690 4120 2179
3691 1861 1076
3692 4421 2204
3693 2203 234
3694 2362 3101
3695 3094 2477
3696 1909 296
3697 206 1381
3698 445 3777
3699 4039 3173
3700 1483 327
3701 119 2570
3702 399 3141
3703 26 3379
3704 2201 2446
3705 1948 1400
3706 1441 732
3707 2038 127
3708 1572 3818
3709 3650 2903
3710 697 2096
3711 3232 3879
3712 3415 235
3713 913 251
3714 1019 2693
3715 2256 3533
3716 1419 577
3717 2149 1063
3718 1876 123
3719 2801 3606
3720 217 2303
3721 1971 2558
3722 1986 3076
3723 884 1897
3724 2304 3444
3725 1278 2393
3726 4401 3496
3727 2874 174
3728 70 1584
3729 2675 28
3730 575 1464
3731 1389 3780
3732 2324 2037
3733 1338 640
3734 2845 483
3735 3440 1920
3736 3107 3707
3737 3551 2576
3738 2557 3144
3739 3676 1663
3740 1851 4178
3741 3281 3257
3742 3366 2766
3743 3067 688
3744 3684 2324
3745 174 831
3746 2119 634
3747 3724 2527
3748 444 2848
3749 609 907
3750 3952 3109
3751 4365 1600
3752 1482 1509
3753 651 4088
3754 710 3447
3755 2148 2554
3756 570 2493
3757 2855 1513
3758 68 2217
3759 423 1476
3760 4423 1551
3761 1402 3170
3762 2033 224
3763 917 1411
3764 244 3821
3765 2635 123
3766 3495 1904
3767 3750 3493
3768 2908 1962
3769 1911 1015
3770 3307 150
3771 1442 1984
3772 2573 1985
3773 3411 3854
3774 462 2274
3775 315 3349
3776 2036 840
3777 2449 1932
3778 182 1278
3779 4034 998
3780 840 2418
3781 1283 2944
3782 343 3813
3783 970 1005
3784 2227 3513
3785 4072 3958
3786 3214 3636
3787 530 2127
3788 1980 1357
3789 2469 2249
3790 973 1473
3791 766 2957
3792 1391 4247
3793 705 2677
3794 3005 4315
3795 137 2154
3796 644 1495
3797 637 3762
3798 123 327
3799 1250 1399
3800 2316 2447
3801 893 2967
3802 1240 1650
3803 1318 989
3804 1311 1609
3805 1757 3980
3806 2870 3649
3807 3916 3251
3808 3372 2017
3809 2409 701
3810 4316 596
3811 4434 1394
3812 3003 3293
3813 1618 269
3814 113 439
3815 2465 1767
3816 886 3719
3817 626 1679
3818 493 800
3819 2644 1152
3820 465 1947
3821 1572 1609
3822 3894 2015
3823 98 2835
3824 2335 254
3825 3266 608
3826 2953 244
3827 3847 173
3828 94 3980
3829 2348 829
3830 2615 600
3831 2147 861
3832 2135 4298
3833 1356 1207
3834 3101 2709
3835 3367 4311
3836 187 2689
3837 3505 1462
3838 2176 1090
3839 1782 3705
3840 3579 1717
3841 2006 4294
3842 1422 844
3843 70 1609
3844 1045 1835
3845 517 3726
3846 1766 19
3847 949 2373
3848 3545 3632
3849 3826 4230
3850 4388 1106
3851 2004 258
3852 3245 443
3853 1708 2701
3854 2603 1775
3855 2078 2145
3856 2598 4091
3857 24 2027
3858 1429 1187
3859 642 3105
3860 2448 3994
3861 4397 2988
3862 4286 3204
3863 725 1187
3864 165 736
3865 1340 1983
3866 1977 2758
3867 190 2929
3868 1235 2038
3869 3462 229
3870 3258 1901
3871 1306 3655
3872 1550 1715
3873 3285 755
3874 790 4002
3875 1112 2545
3876 2735 3415
3877 4167 403
3878 4083 2306
3879 3357 1403
3880 4179 3114
3881 3427 2200
3882 2981 3442
3883 3861 1344
3884 2705 3217
3885 1233 1169
3886 4342 1505
3887 4269 2016
3888 3255 1878
3889 4127 259
3890 2535 4121
3891 2875 837
3892 1182 1723
3893 1955 2424
3894 1641 2518
3895 1645 45
3896 123 2912
3897 158 4080
3898 153 2869
3899 3866 1111
3900 570 2390
3901 3716 1019
3902 2163 282
3903 2231 406
3904 3639 3880
3905 825 3433
3906 2703 311
3907 4255 733
3908 2184 4393
3909 4097 4057
3910 1107 951
3911 1792 1806
3912 2865 759
3913 2473 2567
3914 558 412
3915 1543 578
3916 3152 3354
3917 1692 3034
3918 1337 3413
3919 4320 2118
3920 2381 3676
3921 3419 3278
3922 2729 2833
3923 504 821
3924 330 1719
3925 3482 1879
3926 1374 1934
3927 2286 1204
3928 2720 1134
3929 3220 365
3930 2731 926
3931 986 3033
3932 225 559
3933 623 1754
3934 2404 3722
3935 3029 3369
3936 4280 1066
3937 4042 3283
3938 1522 2218
3939 3191 4445
3940 2700 1221
3941 2033 3323
3942 1902 166
3943 1639 613
3944 4045 3803
3945 1188 382
3946 3043 4284
3947 303 44
3948 2978 1401
3949 2988 2391
3950 831 2428
3951 2889 2033
3952 1233 64
3953 3677 2862
3954 1654 3219
3955 2971 318
3956 742 2616
3957 1238 1095
3958 2903 476
3959 1300 967
3960 1388 3458
3961 2468 1454
3962 2893 914
3963 537 2679
3964 2322 3740
3965 2280 3173
3966 2940 1776
3967 3628 928
3968 908 2515
3969 144 3185
3970 441 2875
3971 2172 1294
3972 2856 3640
3973 1338 1673
3974 697 4072
3975 1008 3684
3976 1789 368
3977 1253 2621
3978 2886 291
3979 1024 187
3980 483 726
3981 2205 3896
3982 3969 3669
3983 539 1432
3984 3893 4014
3985 1664 1163
3986 1774 2163
3987 235 4050
3988 3357 1596
3989 3684 1268
3990 2639 2901
3991 527 6
3992 4212 193
3993 3314 1763
3994 2830 3812
3995 4036 1314
3996 1523 4286
3997 3494 3196
3998 4187 3480
3999 2317 3859
4000 4247 2630
4001 3008 3015
4002 4290 4446
4003 3811 1099
4004 1498 729
4005 824 939
4006 3459 3315
4007 2373 679
4008 3636 2336
4009 2707 1424
4010 1553 3612
4011 2950 177
4012 1431 514
4013 3708 98
4014 153 2064
4015 3934 2808
4016 2516 282
4017 244 239
4018 2734 917
4019 189 175
4020 288 3302
4021 1531 588
4022 2911 3772
4023 167 3546
4024 162 2490
4025 2156 2989
4026 182 224
4027 4177 1657
4028 4227 3383
4029 3441 4112
4030 3741 4398
4031 3483 2094
4032 4362 184
4033 2752 4106
4034 4432 84
4035 343 3304
4036 296 2228
4037 943 1682
4038 4416 653
4039 3661 554
4040 559 2106
4041 4318 672
4042 415 2575
4043 957 460
4044 1211 2584
4045 3032 1475
4046 3909 1370
4047 259 2919
4048 2730 292
4049 3553 3792
4050 988 3922
4051 3259 3884
4052 4305 3367
4053 3239 253
4054 3042 3385
4055 1877 425
4056 1784 3569
4057 4408 2459
4058 3150 1414
4059 4027 2060
4060 635 2305
4061 1389 3840
4062 3566 1551
4063 2502 586
4064 144 1412
4065 1422 2057
4066 2600 688
4067 1936 1437
4068 2374 130
4069 3420 4369
4070 616 114
4071 1521 1706
4072 3008 1274
4073 302 2972
4074 936 345
4075 1846 208
4076 1126 112
4077 1629 761
4078 1728 2338
4079 2000 4259
4080 2699 2181
4081 3988 501
4082 642 3509
4083 3959 3334
4084 1514 3337
4085 3980 2
4086 2447 764
4087 1580 3241
4088 962 2566
4089 461 1869
4090 453 3995
4091 554 3880
4092 1789 3787
4093 975 3120
4094 2623 970
4095 850 4010
4096 861 809
4097 970 4024
4098 624 4054
4099 3739 766
4100 2026 4173
4101 2698 3368
4102 1216 4452
4103 2799 4170
4104 2141 4072
4105 4172 372
4106 28 176
4107 3403 1411
4108 1024 4022
4109 3955 3976
4110 2126 1352
4111 3899 3587
4112 3592 3992
4113 4320 1438
4114 1248 1023
4115 2716 1699
4116 1774 3490
4117 382 2579
4118 2001 3762
4119 2480 2381
4120 1502 258
4121 187 95
4122 1655 2938
4123 4382 2371
4124 803 3094
4125 3014 4332
4126 2875 4135
4127 4188 3938
4128 2493 154
4129 526 1147
4130 1786 1695
4131 2539 828
4132 3926 1891
4133 3597 3792
4134 1714 4317
4135 1050 2067
4136 853 1629
4137 4135 2853
4138 2068 774
4139 1962 147
4140 3758 2846
4141 994 2302
4142 3428 2076
4143 603 3396
4144 476 3861
4145 4317 2840
4146 3812 810
4147 2963 701
4148 109 3825
4149 998 169
4150 2481 3845
4151 318 3070
4152 1114 1787
4153 3083 381
4154 3032 2227
4155 3560 1803
4156 2712 48
4157 674 845
4158 3282 3698
4159 2158 2135
4160 928 1128
4161 2044 2131
4162 1908 1689
4163 2404 1066
4164 3733 3023
4165 1926 7
4166 2348 916
4167 3302 1255
4168 768 2820
4169 3419 2461
4170 1055 2299
4171 2867 4415
4172 1619 137
4173 3211 213
4174 953 894
4175 1597 444
4176 527 4293
4177 743 3761
4178 1880 4216
4179 3578 1967
4180 1920 3070
4181 907 4435
4182 301 2860
4183 2757 1519
4184 2057 1924
4185 995 1420
4186 3680 1294
4187 1155 2075
4188 629 383
4189 3691 2410
4190 4444 2688
4191 1971 456
4192 1067 1233
4193 1559 3939
4194 2726 1742
4195 1670 833
4196 295 1110
4197 4051 2951
4198 1714 1373
4199 1563 3228
4200 323 137
4201 2064 3170
4202 4277 2089
4203 2448 1372
4204 3467 2266
4205 1589 2272
4206 1761 3019
4207 164 1685
4208 1909 1875
4209 923 1987
4210 1103 660
4211 623 2758
4212 682 4322
4213 2654 189
4214 3795 2740
4215 2625 2951
4216 3587 4262
4217 2341 3543
4218 4336 4124
4219 1691 1448
4220 1136 826
4221 774 2395
4222 3774 1128
4223 2004 3761
4224 1709 3700
4225 1207 531
4226 3154 2377
4227 2857 1119
4228 1104 2978
4229 1322 4079
4230 1410 3800
4231 1314 2013
4232 4053 2457
4233 387 123
4234 4370 1854
4235 1407 3476
4236 1594 3865
4237 585 2667
4238 2720 3286
4239 1328 2330
4240 4243 2207
4241 1620 1034
4242 2397 406
4243 1897 3152
4244 1795 3212
4245 1501 3555
4246 458 2418
4247 214 669
4248 592 2022
4249 2064 4079
4250 1183 2776
4251 864 2733
4252 259 1102
4253 1658 268
4254 323 498
4255 730 526
4256 382 1385
4257 2849 2251
4258 3382 4211
4259 4302 4374
4260 549 1985
4261 107 2496
4262 34 3490
4263 570 650
4264 3022 2271
4265 1339 205
4266 2615 1845
4267 3631 2345
4268 401 3935
4269 1649 1503
4270 3519 1083
4271 1285 1959
4272 4144 329
4273 1054 3144
4274 3858 3343
4275 1913 1959
4276 283 4384
4277 2906 3806
4278 2899 3831
4279 1733 2806
4280 4161 533
4281 1025 262
4282 782 2598
4283 3015 4190
4284 121 1033
4285 1059 4142
4286 1971 3918
4287 3902 2983
4288 1895 3528
4289 4160 1512
4290 777 394
4291 1152 2485
4292 3209 499
4293 2220 3036
4294 3645 1466
4295 3263 2088
4296 218 3995
4297 776 1471
4298 1931 674
4299 3996 1518
4300 2646 19
4301 319 3250
4302 2389 1531
4303 599 245
4304 4328 294
4305 634 2915
4306 579 346
4307 1097 3718
4308 3095 558
4309 584 2136
4310 1708 4362
4311 1464 4212
4312 3173 1750
4313 175 2802
4314 2411 1658
4315 927 1259
4316 4303 1893
4317 2705 3016
4318 1763 2401
4319 3983 1157
4320 679 1622
4321 1176 4197
4322 1536 3376
4323 3575 2360
4324 1924 978
4325 2015 1709
4326 1919 3488
4327 37 1810
4328 1634 1669
4329 3198 521
4330 3782 1690
4331 199 3079
4332 715 37
4333 958 3554
4334 2114 4017
4335 4387 2775
4336 1411 236
4337 3038 1042
4338 4035 223
4339 2883 2778
4340 3705 655
4341 4451 1199
4342 2124 1488
4343 4069 4102
4344 2892 2082
4345 374 3110
4346 3712 3941
4347 2036 1120
4348 2911 1957
4349 1313 726
4350 206 1978
4351 3814 1271
4352 1542 1810
4353 1857 2718
4354 113 484
4355 2260 532
4356 1275 2696
4357 1307 438
4358 2465 297
4359 2197 4312
4360 1337 2621
4361 1366 4331
4362 621 591
4363 3591 3013
4364 1828 4445
4365 650 1062
4366 3838 1829
4367 1380 3213
4368 1022 2661
4369 2120 2589
4370 3310 1406
4371 3238 2129
4372 1507 489
4373 3764 827
4374 2107 1511
4375 920 236
4376 4031 3667
4377 1026 4338
4378 2416 2869
4379 491 578
4380 2439 3862
4381 3522 1016
4382 2175 1217
4383 1865 721
4384 464 44
4385 2240 47
4386 1158 4167
4387 1366 2359
4388 1472 3652
4389 2004 1240
4390 3877 379
4391 1934 618
4392 3771 3804
4393 4422 1945
4394 1282 543
4395 1584 491
4396 1463 1959
4397 848 3251
4398 1426 1727
4399 4066 1139
4400 4236 4157
4401 2107 3793
4402 2509 687
4403 4046 2129
4404 1993 3158
4405 1066 2122
4406 889 1909
4407 1135 3846
4408 2933 1183
4409 1627 2359
4410 623 2429
4411 814 988
4412 2098 2970
4413 2684 351
4414 809 3055
4415 2342 1456
4416 890 4016
4417 1363 429
4418 3586 3116
4419 685 1279
4420 2821 206
4421 4374 30
4422 3297 484
4423 3180 4145
4424 92 2261
4425 485 1888
4426 1315 341
4427 886 1965
4428 834 408
4429 2910 4308
4430 480 3008
4431 2726 3598
4432 389 1402
4433 1312 796
4434 4095 3871
4435 2824 1310
4436 93 2746
4437 1905 3370
4438 2439 1613
4439 2096 677
4440 310 2777
4441 2946 1872
4442 526 686
4443 2979 3614
4444 2373 555
4445 979 926
4446 2529 234
4447 804 2234
4448 1526 3671
4449 2820 2375
4450 3126 858
4451 1281 2652
4452 2437 642
4453 4318 1735
4454 3781 1728
4455 2403 3003
4456 2117 3864
4457 1792 3671
4458 1999 238
4459 2290 3511
4460 4340 1887
