3910 3910
1 1791 3018
2 2248 530
3 3675 633
4 1354 461
5 3051 231
6 1750 1911
7 781 392
8 3235 2830
9 929 972
10 1397 1580
11 1831 3620
12 750 538
13 1850 1599
14 235 2855
15 1843 1421
16 1640 3765
17 2944 3254
18 2688 732
19 1246 2169
20 2964 756
21 3120 1570
22 1980 354
23 755 2605
24 2811 669
25 2401 2054
26 3579 2150
27 508 615
28 3088 3638
29 696 1242
30 1734 2616
31 1093 2996
32 1873 1367
33 309 1515
34 859 868
35 3060 1379
36 1217 3412
37 3225 3428
38 2690 720
39 3471 1402
40 3605 1295
41 1695 238
42 2542 2529
43 74 2360
44 2998 2220
45 1780 3541
46 842 2117
47 2003 3843
48 2331 1752
49 714 1329
50 2190 1599
51 1550 3825
52 1391 2655
53 2443 2611
54 1933 1411
55 876 273
56 2956 2261
57 2244 304
58 3480 2588
59 739 1336
60 1055 886
61 1532 969
62 966 2134
63 1129 3870
64 1239 755
65 2708 1846
66 2891 2557
67 787 85
68 289 1177
69 2926 1408
70 1203 3156
71 3444 1876
72 1465 654
73 313 3037
74 3859 2100
75 1130 2413
76 3510 3779
77 6 616
78 2246 369
79 1821 2706
80 79 1185
81 269 3615
82 3551 683
83 3265 562
84 1327 2702
85 592 535
86 598 3057
87 2004 2812
88 2430 3521
89 637 933
90 128 189
91 336 3847
92 702 48
93 1822 2218
94 827 764
95 3427 3615
96 3037 3528
97 2559 3743
98 7 1194
99 207 677
100 936 3779
101 3361 2658
102 2729 1094
103 2000 341
104 3653 3297
105 3759 2593
106 1109 2215
107 1267 263
108 930 3885
109 1452 2620
110 1320 1210
111 359 2313
112 1910 1475
113 3373 2778
114 2717 3260
115 2295 1524
116 3092 1986
117 2124 670
118 434 2933
119 3387 1303
120 1175 3306
121 2503 2935
122 2875 3581
123 2828 159
124 1979 719
125 2398 70
126 984 1925
127 3511 573
128 511 2584
129 3487 246
130 1744 3
131 3545 9
132 874 3370
133 3127 2635
134 792 3345
135 3603 3889
136 3600 3054
137 2626 1249
138 1591 1081
139 3833 3000
140 979 1019
141 1925 2586
142 2014 3032
143 779 443
144 1440 1290
145 3778 1537
146 3262 1578
147 1237 3001
148 3283 2340
149 1541 888
150 177 3338
151 551 1721
152 261 3633
153 1229 3626
154 776 1099
155 1136 2578
156 3159 1197
157 3349 3015
158 2784 2514
159 1005 3139
160 313 3850
161 1484 3752
162 2740 3336
163 1487 2008
164 48 3643
165 1008 517
166 2321 3271
167 3217 3228
168 323 3804
169 3888 48
170 1065 619
171 1187 2265
172 2300 736
173 396 1555
174 3625 3104
175 1210 3820
176 1781 2465
177 3250 2418
178 1134 3890
179 457 2408
180 730 941
181 979 1674
182 1733 429
183 2988 1478
184 565 936
185 2676 513
186 1694 3792
187 3632 694
188 1769 1079
189 3084 2225
190 1983 3526
191 742 2767
192 3508 2645
193 3152 967
194 803 1200
195 2591 3526
196 2505 658
197 1000 2558
198 1772 1310
199 2886 2475
200 470 864
201 2049 3754
202 1434 2944
203 585 2171
204 371 2450
205 3467 2247
206 794 2792
207 3325 2405
208 461 1244
209 2808 2743
210 842 2443
211 511 2366
212 2828 2044
213 1827 345
214 1418 3389
215 2869 1706
216 1288 1144
217 3205 1152
218 1569 3904
219 2305 1416
220 2967 1637
221 203 793
222 483 1304
223 857 33
224 2595 2474
225 574 380
226 3236 922
227 1453 671
228 1857 1465
229 1889 3472
230 3653 1621
231 2419 3133
232 3060 534
233 174 3169
234 1432 673
235 3696 3666
236 2590 3897
237 3778 2348
238 3059 2722
239 3764 498
240 593 3373
241 3282 3552
242 3730 91
243 832 3265
244 3008 2825
245 3243 1295
246 2622 554
247 1864 2239
248 2752 689
249 857 3605
250 2867 2244
251 127 3641
252 2793 1915
253 936 1620
254 1307 1306
255 2272 1099
256 2548 2565
257 2773 1914
258 1514 329
259 300 2026
260 664 2679
261 781 3182
262 933 731
263 2924 2986
264 33 2042
265 586 3058
266 3897 2805
267 3069 623
268 3501 3557
269 2533 669
270 1706 3328
271 3267 2213
272 3613 2675
273 3271 3651
274 1645 3788
275 1975 3263
276 3266 3630
277 286 3330
278 1663 555
279 899 2722
280 2671 3080
281 2234 724
282 1529 1296
283 3794 1059
284 1008 3186
285 1462 2954
286 24 2298
287 2190 3561
288 2199 1026
289 1832 3261
290 2940 3771
291 1547 1276
292 360 2041
293 1862 3287
294 3517 1310
295 2724 2984
296 3627 1447
297 18 3530
298 2167 469
299 372 321
300 1195 1589
301 2615 3649
302 875 1322
303 3319 1609
304 906 3407
305 3049 2594
306 774 3171
307 3372 1817
308 944 3124
309 3843 603
310 2866 101
311 157 3542
312 3410 283
313 534 809
314 1508 3358
315 1574 2810
316 1471 1137
317 189 812
318 1144 431
319 978 3341
320 2613 2484
321 2862 1923
322 1409 2744
323 534 3093
324 1079 2498
325 3727 3156
326 1951 1375
327 2926 3888
328 3362 398
329 3214 975
330 3540 2663
331 439 2964
332 457 2804
333 2805 1344
334 2095 1984
335 749 1311
336 239 1813
337 1770 3098
338 783 3705
339 1669 2481
340 1015 1651
341 3574 2161
342 126 1490
343 3539 3789
344 2127 2694
345 3294 1178
346 3588 3095
347 159 717
348 32 396
349 3540 2748
350 1171 1356
351 2724 3434
352 199 3557
353 926 991
354 1806 664
355 1166 2098
356 2769 3278
357 1252 3453
358 1678 2106
359 1852 2736
360 2164 351
361 1510 2390
362 1356 2939
363 475 192
364 3841 3450
365 2075 1128
366 1685 1093
367 17 3197
368 3792 1217
369 2132 2293
370 1528 2846
371 1143 1737
372 819 1788
373 125 668
374 3165 3300
375 985 1430
376 2677 3769
377 2222 1758
378 1481 1316
379 1037 3365
380 1105 2049
381 2102 870
382 2195 2157
383 2398 694
384 3841 2542
385 579 388
386 3422 204
387 2692 539
388 3143 3419
389 853 2060
390 1616 3009
391 610 291
392 3707 1468
393 1138 1741
394 2360 1542
395 2891 584
396 3850 3496
397 3118 3854
398 2661 2439
399 1863 2073
400 3693 2709
401 1797 2898
402 1188 3638
403 2903 719
404 2354 902
405 2706 1262
406 481 2986
407 2729 951
408 729 1616
409 1501 2841
410 1370 505
411 1593 1088
412 2409 1971
413 3784 3668
414 716 2154
415 178 2028
416 641 2388
417 793 3204
418 1833 3845
419 2684 2346
420 659 3637
421 1317 3552
422 1811 2843
423 2921 3832
424 3652 3718
425 2743 3050
426 1378 2264
427 2469 622
428 615 123
429 2482 3676
430 1344 3290
431 3862 1306
432 1569 855
433 2531 553
434 1105 1116
435 1917 3725
436 2962 3057
437 234 3494
438 3285 612
439 3556 1254
440 1625 1977
441 3080 2868
442 876 1472
443 2379 1538
444 2025 693
445 1599 2312
446 314 2342
447 343 3355
448 3394 2879
449 2768 55
450 2664 1041
451 392 460
452 851 1483
453 1239 965
454 3604 559
455 3005 2390
456 2695 2418
457 3248 1772
458 313 3864
459 2555 2000
460 2278 1119
461 3795 1448
462 3171 2039
463 420 3521
464 342 657
465 2931 3376
466 1881 3167
467 3205 1095
468 2215 777
469 430 771
470 2495 3876
471 1035 494
472 1035 1473
473 345 2130
474 3205 1859
475 227 2870
476 2135 1909
477 1032 2872
478 2333 2039
479 1582 2273
480 689 3055
481 79 3340
482 555 607
483 3631 2720
484 2178 94
485 893 3720
486 708 1801
487 3651 826
488 2830 1446
489 3297 440
490 321 2867
491 1842 1756
492 1151 2732
493 1185 634
494 2040 3773
495 3266 1288
496 3128 38
497 851 1610
498 950 915
499 1736 1592
500 2855 2971
501 1519 3819
502 1504 1114
503 1680 2970
504 2814 446
505 2132 555
506 3557 3406
507 1088 3427
508 2689 2795
509 2916 2851
510 1600 2242
511 1841 1034
512 3832 1212
513 257 1252
514 2066 2792
515 3829 2066
516 2353 930
517 1297 941
518 2284 1611
519 1500 3809
520 1398 30
521 3724 1395
522 1818 1387
523 319 1580
524 532 1955
525 2186 3018
526 413 552
527 473 2631
528 3543 642
529 1776 3372
530 398 1314
531 3463 1887
532 1479 2162
533 1913 1202
534 2959 20
535 1574 1439
536 1697 916
537 3316 857
538 1229 3757
539 859 2851
540 3448 160
541 1939 1431
542 1880 780
543 2233 2634
544 1414 301
545 786 791
546 1838 3192
547 982 2428
548 2810 2285
549 2726 562
550 2044 236
551 3249 2982
552 3748 2983
553 1264 282
554 3540 3770
555 1522 3356
556 2422 2854
557 3350 1824
558 562 1375
559 1347 3097
560 789 2815
561 2070 1881
562 83 333
563 3908 1434
564 2315 926
565 1326 2713
566 10 2150
567 2385 2621
568 2472 3226
569 1936 2965
570 727 2231
571 1026 1908
572 1939 1421
573 423 3002
574 421 1625
575 702 1506
576 3805 1593
577 3800 393
578 3074 3545
579 2160 2146
580 2197 222
581 3775 83
582 3752 2025
583 1633 591
584 888 3199
585 660 3356
586 501 1889
587 2465 955
588 1364 1
589 3458 325
590 3462 722
591 2716 3823
592 214 382
593 1821 2277
594 3580 2502
595 3627 2303
596 1962 2029
597 3569 271
598 1637 493
599 1131 2250
600 1363 1575
601 686 1771
602 3772 380
603 464 241
604 1832 2452
605 3853 2837
606 55 3541
607 3760 645
608 531 1153
609 1940 2215
610 3770 3357
611 3445 1236
612 461 854
613 1742 2036
614 2608 3314
615 3347 10
616 1145 3071
617 1068 1416
618 747 1576
619 3329 723
620 2334 2862
621 2970 1986
622 2076 707
623 3645 2778
624 3443 2996
625 371 1690
626 1437 3792
627 565 2461
628 3159 228
629 1468 2180
630 991 2001
631 3391 1648
632 1671 215
633 1516 2603
634 3139 3856
635 2145 1591
636 655 1363
637 1332 1415
638 2875 259
639 1533 816
640 1963 2673
641 1249 3204
642 3220 1391
643 1667 2884
644 713 1731
645 621 947
646 2377 3055
647 1126 1998
648 2791 1824
649 3877 3138
650 3203 1037
651 1126 3799
652 1745 3029
653 1602 2259
654 1289 3252
655 961 163
656 1670 1505
657 2648 2838
658 1141 3334
659 675 3042
660 1570 3685
661 2746 915
662 719 1153
663 2272 460
664 1107 3589
665 2277 2777
666 548 994
667 481 2624
668 591 1849
669 3188 340
670 2958 3760
671 1463 169
672 602 2773
673 2187 118
674 3885 2550
675 3151 775
676 2345 594
677 687 837
678 2168 1495
679 3152 3596
680 2424 1850
681 3777 1745
682 2695 2196
683 882 887
684 1216 2150
685 3725 2188
686 1883 2093
687 1548 3259
688 1920 3141
689 176 1364
690 125 2496
691 1901 2949
692 2357 1760
693 227 868
694 303 1923
695 2418 1495
696 549 1796
697 1941 3707
698 505 1909
699 1422 3172
700 655 3507
701 13 1581
702 908 888
703 564 1892
704 2354 3658
705 2 701
706 594 3174
707 2303 3491
708 3626 1877
709 1469 3116
710 1835 561
711 673 164
712 1294 3863
713 3646 3489
714 3547 3255
715 1099 1501
716 1069 2614
717 2722 2070
718 3900 3064
719 2234 3891
720 1718 2663
721 860 1473
722 1411 1898
723 2377 893
724 3607 195
725 702 847
726 2391 1768
727 3269 1421
728 1065 766
729 2270 2711
730 2309 1267
731 3286 3812
732 1541 723
733 1202 2830
734 2534 1203
735 2369 1160
736 1209 458
737 553 224
738 3627 1282
739 52 1742
740 36 2388
741 819 1011
742 488 2921
743 384 474
744 1393 948
745 3574 1594
746 586 742
747 467 3613
748 3858 3091
749 541 525
750 1237 1390
751 596 1519
752 268 3392
753 1066 2717
754 11 2355
755 2470 3596
756 239 76
757 3326 3757
758 2556 751
759 163 3049
760 2600 1775
761 1304 2692
762 1157 3786
763 1229 1953
764 3753 3337
765 2190 659
766 618 1792
767 914 1713
768 652 778
769 2063 2520
770 1483 99
771 1044 3177
772 2509 611
773 2178 3751
774 404 3617
775 417 2863
776 3419 3126
777 3459 825
778 557 2168
779 2334 1093
780 3573 574
781 809 3250
782 3242 3837
783 347 2676
784 1428 1574
785 3857 3905
786 436 3552
787 1801 462
788 2069 261
789 1670 585
790 1022 1171
791 1844 3599
792 3799 3487
793 247 966
794 257 223
795 1944 593
796 2588 892
797 641 2069
798 970 1972
799 2710 2638
800 1004 2169
801 2016 2859
802 530 3041
803 1365 2415
804 1683 236
805 3396 2140
806 692 475
807 3559 2884
808 1545 1993
809 2459 3713
810 3684 1637
811 547 2711
812 347 3593
813 1563 3466
814 2326 787
815 1484 488
816 1980 2953
817 199 678
818 1606 3881
819 736 2124
820 2529 903
821 291 1121
822 3605 673
823 2164 2907
824 142 1781
825 117 1372
826 1139 693
827 1519 2540
828 37 1739
829 3721 2143
830 283 317
831 303 3210
832 905 505
833 1612 3587
834 2486 3472
835 1753 218
836 668 1237
837 3071 2432
838 2694 263
839 1055 3717
840 931 2173
841 2895 3292
842 1074 2752
843 3297 3272
844 833 768
845 2519 2959
846 15 2917
847 838 935
848 3361 2288
849 1910 1152
850 2635 52
851 1319 960
852 2682 859
853 578 1197
854 2711 1554
855 3536 617
856 2559 1652
857 2119 2713
858 2168 3772
859 2738 2973
860 704 818
861 2763 1550
862 2878 2477
863 1693 1581
864 1611 2646
865 758 2951
866 502 1452
867 712 2003
868 346 419
869 2410 2317
870 123 3231
871 1089 3892
872 595 3637
873 2435 3582
874 3192 2972
875 2008 2790
876 2741 631
877 227 2771
878 3427 3030
879 2868 2542
880 864 2900
881 2934 969
882 2445 2188
883 2983 2206
884 2290 2703
885 1689 1850
886 1730 1458
887 2232 3447
888 1133 466
889 1871 73
890 963 961
891 3178 1723
892 2117 1083
893 1021 3192
894 2091 1629
895 3338 3
896 276 556
897 653 3296
898 2627 588
899 1404 3132
900 2340 730
901 1498 230
902 651 3483
903 2727 1192
904 300 212
905 2467 2462
906 210 1055
907 2450 2404
908 62 2594
909 3711 779
910 1806 72
911 495 2534
912 2257 1035
913 933 2847
914 1634 666
915 2373 664
916 929 1383
917 2593 1333
918 3312 262
919 2154 1735
920 3816 1732
921 2068 3432
922 2220 1630
923 1712 854
924 2549 3807
925 72 3829
926 1690 999
927 16 2406
928 2616 1096
929 2691 3802
930 3499 939
931 1400 1203
932 264 3820
933 3029 1680
934 968 2204
935 2 1031
936 2039 2110
937 3082 2463
938 2040 1347
939 892 2126
940 1681 485
941 1702 3422
942 1332 66
943 3021 2791
944 413 16
945 95 2429
946 1548 3186
947 3765 3054
948 1339 962
949 2447 3104
950 3028 1941
951 3485 712
952 1246 1880
953 2237 55
954 2071 1191
955 2248 1686
956 2503 3189
957 747 965
958 410 1585
959 3827 801
960 389 2561
961 2674 2905
962 3348 3689
963 3860 3309
964 586 2396
965 203 2125
966 1862 1317
967 2220 3616
968 1664 2225
969 1757 2017
970 1830 565
971 680 3096
972 3076 1537
973 3223 3178
974 559 468
975 946 3515
976 677 3353
977 505 1498
978 364 1060
979 450 2692
980 116 2718
981 2641 573
982 1105 2461
983 2306 1510
984 3799 510
985 3584 475
986 369 3617
987 3661 1820
988 2673 2923
989 3134 3091
990 2018 2705
991 1730 2093
992 245 82
993 1997 2762
994 724 3501
995 959 715
996 831 2017
997 2601 744
998 19 2006
999 1927 3564
1000 2104 2950
1001 2492 3657
1002 3161 2120
1003 1995 2352
1004 1403 1064
1005 2402 1089
1006 1204 3392
1007 3573 1189
1008 2253 1706
1009 1505 540
1010 3336 1989
1011 3034 1455
1012 2 2896
1013 3821 2043
1014 3355 1888
1015 1221 1541
1016 621 1320
1017 1727 2198
1018 1065 1897
1019 3525 153
1020 587 1119
1021 245 2866
1022 1338 3865
1023 1913 714
1024 829 1261
1025 1859 1808
1026 3673 1558
1027 3676 2935
1028 1134 3209
1029 1934 3790
1030 3115 1352
1031 1165 147
1032 2186 3510
1033 2765 2837
1034 2536 1794
1035 1850 3072
1036 2382 3879
1037 1378 430
1038 3307 3874
1039 1401 2346
1040 1179 1562
1041 206 3762
1042 1757 260
1043 3321 1412
1044 570 1839
1045 3468 2411
1046 698 2521
1047 222 2872
1048 3578 1484
1049 849 1052
1050 3457 4
1051 716 3593
1052 3826 2960
1053 3899 3382
1054 3626 3451
1055 2133 3571
1056 970 3652
1057 2166 1645
1058 2927 342
1059 275 3657
1060 3863 3713
1061 3872 3555
1062 2439 2959
1063 3652 3623
1064 3349 3875
1065 2667 2091
1066 179 957
1067 1359 3230
1068 3724 2318
1069 3585 753
1070 2255 2536
1071 2244 112
1072 2058 846
1073 3769 472
1074 2368 597
1075 188 529
1076 650 635
1077 738 2159
1078 3411 1068
1079 980 2914
1080 1817 3768
1081 1411 1429
1082 321 1167
1083 3052 3218
1084 3585 3579
1085 775 2144
1086 731 3392
1087 3690 3607
1088 246 706
1089 208 1263
1090 2623 2525
1091 3224 1221
1092 400 143
1093 1615 2383
1094 267 2421
1095 1190 47
1096 514 295
1097 3585 3760
1098 1349 2277
1099 512 607
1100 352 1195
1101 921 1425
1102 3484 2236
1103 2000 3443
1104 926 3622
1105 2972 3632
1106 3347 1198
1107 144 3852
1108 3173 3538
1109 2421 95
1110 3346 763
1111 510 377
1112 1805 3859
1113 3685 1580
1114 2686 55
1115 1585 539
1116 558 3314
1117 269 1308
1118 3306 3007
1119 2854 1396
1120 1952 3193
1121 1290 2265
1122 3733 1281
1123 3209 487
1124 934 1971
1125 1769 1874
1126 3529 3343
1127 2896 1164
1128 516 2049
1129 3187 3491
1130 2358 2281
1131 2846 61
1132 218 668
1133 178 3485
1134 3316 1175
1135 664 2490
1136 3875 3906
1137 2555 130
1138 640 1944
1139 2065 2462
1140 2124 3817
1141 1343 612
1142 1474 3160
1143 482 1428
1144 1996 611
1145 1801 498
1146 1839 449
1147 1713 3761
1148 93 1209
1149 237 2290
1150 3199 2356
1151 1481 3100
1152 2688 102
1153 3635 664
1154 1641 771
1155 3391 1285
1156 3178 414
1157 506 2885
1158 1838 2806
1159 1504 848
1160 3119 542
1161 3796 3624
1162 3622 1594
1163 1464 309
1164 1223 703
1165 1624 3322
1166 1791 2209
1167 1953 3786
1168 57 1853
1169 3538 2924
1170 2668 3454
1171 177 2891
1172 433 3303
1173 3736 2517
1174 1930 1801
1175 889 1800
1176 2526 1442
1177 2364 898
1178 988 3349
1179 2309 1176
1180 3439 959
1181 3744 3337
1182 822 205
1183 681 2408
1184 1840 3690
1185 1371 3460
1186 3652 2922
1187 2829 3632
1188 3168 99
1189 524 3105
1190 635 504
1191 1289 1537
1192 2496 588
1193 656 2783
1194 2389 3629
1195 1944 1363
1196 522 3882
1197 323 3467
1198 3601 2052
1199 3439 2879
1200 958 3208
1201 3776 3748
1202 2019 209
1203 2665 132
1204 3816 1596
1205 1494 894
1206 2708 3086
1207 423 1881
1208 1296 3719
1209 990 2706
1210 3151 1742
1211 949 990
1212 2725 2161
1213 2313 466
1214 2176 2013
1215 2312 1570
1216 2895 523
1217 1477 2757
1218 2173 1652
1219 1708 2892
1220 1041 2485
1221 2840 3391
1222 3684 3761
1223 1316 1016
1224 2319 479
1225 1 1822
1226 559 256
1227 2234 2875
1228 2901 864
1229 3810 3283
1230 1902 2073
1231 1954 2394
1232 1130 306
1233 932 2897
1234 1717 2140
1235 2820 1650
1236 1052 2016
1237 850 1437
1238 2546 2980
1239 2988 2249
1240 1417 3129
1241 375 3240
1242 3717 1090
1243 1351 804
1244 133 2177
1245 2918 1232
1246 2274 2634
1247 3575 1162
1248 774 437
1249 501 3134
1250 2640 378
1251 1508 571
1252 3073 468
1253 3818 497
1254 2276 3518
1255 461 788
1256 1607 3542
1257 2475 1783
1258 1714 667
1259 2515 2437
1260 1606 3537
1261 3791 837
1262 1387 1961
1263 469 2721
1264 1264 378
1265 3102 1411
1266 3106 2238
1267 3428 2991
1268 1212 2675
1269 1516 1654
1270 2415 615
1271 945 3292
1272 789 14
1273 47 2981
1274 1793 3135
1275 2580 3425
1276 77 2473
1277 3415 3139
1278 2272 2131
1279 3904 460
1280 451 2662
1281 579 1537
1282 2305 3259
1283 1481 3764
1284 648 1840
1285 566 125
1286 173 2634
1287 766 3481
1288 1608 247
1289 2578 3522
1290 1423 3619
1291 2222 1185
1292 869 1074
1293 2404 3311
1294 2096 3084
1295 3635 1642
1296 1308 607
1297 2553 2943
1298 2874 192
1299 203 3801
1300 1448 2984
1301 1907 349
1302 1052 3134
1303 2107 1679
1304 2524 305
1305 3632 2601
1306 2075 122
1307 3509 121
1308 3252 966
1309 2959 1459
1310 2028 2243
1311 501 1524
1312 3734 3817
1313 2170 125
1314 3629 1980
1315 1620 3734
1316 43 985
1317 2667 1452
1318 397 2845
1319 1108 2779
1320 2830 3231
1321 402 816
1322 3266 1728
1323 3023 69
1324 2311 2940
1325 1598 1507
1326 1838 1223
1327 1204 3458
1328 3443 1890
1329 2536 2199
1330 1433 2210
1331 1330 2983
1332 1524 120
1333 2668 984
1334 1849 3335
1335 1257 219
1336 613 2855
1337 1906 1649
1338 695 2166
1339 1714 1520
1340 3275 3031
1341 893 3004
1342 277 56
1343 1555 1210
1344 892 2197
1345 2011 1241
1346 507 2192
1347 2663 2177
1348 2883 3274
1349 3318 1424
1350 1314 3101
1351 2039 377
1352 1124 3897
1353 1244 297
1354 1326 3441
1355 2866 780
1356 2343 2217
1357 2576 2054
1358 652 2588
1359 3226 552
1360 730 2897
1361 161 3387
1362 316 1096
1363 2522 3157
1364 3436 2248
1365 2767 3297
1366 3544 542
1367 3784 2466
1368 588 3352
1369 3894 3218
1370 1416 23
1371 914 1313
1372 3816 2120
1373 2703 2113
1374 3762 2708
1375 3333 2513
1376 1552 3729
1377 560 157
1378 3219 1910
1379 3117 2088
1380 1293 1602
1381 1305 3130
1382 3520 3651
1383 950 1133
1384 907 3705
1385 350 2629
1386 2157 439
1387 1932 356
1388 3519 551
1389 1888 2638
1390 1744 539
1391 942 1134
1392 747 3039
1393 168 3083
1394 2355 3059
1395 233 3227
1396 1171 1146
1397 1362 3865
1398 1710 3195
1399 2053 3411
1400 1840 2138
1401 3727 2946
1402 369 2322
1403 1659 819
1404 3891 253
1405 1401 2621
1406 2843 954
1407 2293 3775
1408 1380 3731
1409 3863 705
1410 2685 2874
1411 3718 1251
1412 3229 3761
1413 3044 3514
1414 2961 2510
1415 3790 1900
1416 3428 2813
1417 2464 293
1418 777 2656
1419 1143 1424
1420 1318 1266
1421 739 582
1422 3666 354
1423 1425 10
1424 466 3406
1425 3577 1581
1426 1819 2390
1427 419 417
1428 80 136
1429 3754 2979
1430 481 372
1431 897 3630
1432 2080 3655
1433 1675 1505
1434 2250 3727
1435 3759 2102
1436 285 192
1437 986 354
1438 354 2865
1439 1036 173
1440 696 2733
1441 3071 2068
1442 1366 3101
1443 552 240
1444 3239 2647
1445 990 2690
1446 1168 3282
1447 1616 3625
1448 3795 1193
1449 2833 1218
1450 2254 286
1451 1615 2508
1452 3137 2099
1453 2010 3813
1454 3292 233
1455 1313 2035
1456 3555 2476
1457 1911 1411
1458 2473 2875
1459 1024 2935
1460 3458 2727
1461 1279 3547
1462 275 2937
1463 1988 3513
1464 698 426
1465 3600 865
1466 769 1138
1467 2368 1084
1468 3743 3399
1469 3776 3059
1470 1362 683
1471 3839 290
1472 565 2006
1473 319 1745
1474 977 1907
1475 689 3172
1476 2013 1209
1477 70 580
1478 1905 3049
1479 381 3160
1480 3258 3469
1481 1356 2348
1482 2156 3264
1483 3338 2326
1484 2032 1529
1485 572 899
1486 1597 1546
1487 1348 526
1488 3077 3762
1489 3075 2314
1490 2495 3650
1491 1668 187
1492 1015 2931
1493 2215 1951
1494 384 3879
1495 1407 3638
1496 250 2290
1497 1953 3187
1498 623 16
1499 2690 764
1500 3229 908
1501 554 1162
1502 3302 2480
1503 3060 790
1504 3728 36
1505 2397 1339
1506 2490 3643
1507 2633 1312
1508 2854 162
1509 558 3626
1510 1860 2994
1511 3804 3875
1512 835 1235
1513 1099 2305
1514 1643 294
1515 2026 3314
1516 557 3624
1517 798 3678
1518 852 2494
1519 1525 1271
1520 2699 343
1521 3435 1420
1522 3229 682
1523 3653 1870
1524 2379 1837
1525 322 1100
1526 2710 842
1527 3246 1969
1528 681 3257
1529 1106 3554
1530 918 2104
1531 3791 39
1532 735 2555
1533 1457 3899
1534 1932 2921
1535 1489 2437
1536 1007 1072
1537 1199 775
1538 2224 2225
1539 792 3240
1540 2541 3388
1541 3472 1510
1542 1822 3554
1543 2198 2622
1544 1687 605
1545 2897 456
1546 3550 2800
1547 93 276
1548 2944 3889
1549 2401 1653
1550 3519 535
1551 3139 564
1552 882 2617
1553 656 2935
1554 1366 2414
1555 1755 745
1556 237 1276
1557 898 3707
1558 595 1523
1559 611 1508
1560 636 2372
1561 3754 1705
1562 955 1132
1563 80 1907
1564 1800 2731
1565 243 209
1566 3062 3745
1567 3214 1896
1568 1476 3599
1569 3516 3142
1570 2637 2559
1571 1491 1156
1572 1954 1362
1573 1267 675
1574 3876 1067
1575 3745 351
1576 2409 60
1577 3482 820
1578 281 976
1579 2562 3470
1580 18 3035
1581 999 329
1582 2009 3179
1583 786 2707
1584 2226 2176
1585 411 1014
1586 3646 2390
1587 2675 176
1588 2727 3270
1589 2169 16
1590 406 2077
1591 2059 2642
1592 3415 1463
1593 3092 2030
1594 3749 2754
1595 1417 3778
1596 595 1029
1597 2586 815
1598 1897 1104
1599 784 1417
1600 3778 1069
1601 2175 2033
1602 1537 3407
1603 70 2154
1604 295 386
1605 358 3465
1606 990 1370
1607 3603 1730
1608 2763 2737
1609 1268 1275
1610 2492 844
1611 1604 3791
1612 474 2898
1613 1151 4
1614 3247 65
1615 2094 80
1616 1283 1599
1617 3720 1350
1618 1364 2168
1619 2122 1299
1620 1050 3319
1621 126 1496
1622 3304 3868
1623 1629 2039
1624 1332 130
1625 326 2781
1626 2268 2190
1627 2212 831
1628 1724 2635
1629 3732 54
1630 336 1582
1631 708 1022
1632 412 342
1633 1544 2958
1634 3805 1851
1635 1922 3828
1636 2355 1732
1637 3441 2173
1638 1583 245
1639 647 3801
1640 3256 3206
1641 3230 998
1642 1100 420
1643 753 3675
1644 2402 1214
1645 3871 232
1646 1131 1124
1647 726 2385
1648 1720 297
1649 3593 519
1650 1259 1625
1651 2886 3015
1652 3343 2512
1653 1747 3787
1654 949 76
1655 1545 1575
1656 664 2071
1657 2804 2017
1658 462 2668
1659 3018 3693
1660 293 2679
1661 603 273
1662 1957 2820
1663 3354 2029
1664 2684 1202
1665 1337 1933
1666 1850 565
1667 2386 610
1668 1003 2396
1669 1293 2117
1670 1597 1108
1671 3251 1925
1672 3648 3117
1673 2383 287
1674 428 329
1675 2423 1839
1676 347 373
1677 3478 378
1678 3521 3814
1679 2821 514
1680 1997 2336
1681 2538 1794
1682 22 450
1683 2166 2548
1684 1360 1192
1685 3579 297
1686 1389 1373
1687 3667 1829
1688 56 2038
1689 1491 410
1690 607 2766
1691 3642 3632
1692 2395 2438
1693 1105 2699
1694 286 1158
1695 1081 2034
1696 3095 3624
1697 2947 2047
1698 2040 542
1699 1456 1271
1700 3451 2158
1701 518 436
1702 144 2718
1703 50 963
1704 2025 17
1705 3280 3164
1706 3122 73
1707 1395 3139
1708 1706 2956
1709 430 2971
1710 405 6
1711 553 1748
1712 2807 243
1713 3808 262
1714 486 3363
1715 328 2711
1716 2685 447
1717 3291 3241
1718 2617 6
1719 3334 212
1720 1874 1309
1721 3733 3841
1722 323 3291
1723 3148 1968
1724 1647 17
1725 2162 1857
1726 390 1505
1727 2076 3291
1728 1219 2547
1729 689 803
1730 695 544
1731 804 1729
1732 1082 992
1733 1202 2447
1734 1921 3092
1735 3327 1673
1736 571 3375
1737 422 2662
1738 289 1767
1739 2503 1449
1740 1957 1110
1741 1331 489
1742 1132 1309
1743 62 1822
1744 186 1992
1745 602 683
1746 1762 3168
1747 3326 3703
1748 2983 621
1749 3761 2116
1750 2437 694
1751 2959 1766
1752 3276 1903
1753 1431 2739
1754 394 397
1755 1345 1700
1756 231 602
1757 1439 1395
1758 3614 754
1759 1119 975
1760 2776 3344
1761 2841 3711
1762 275 3054
1763 3400 2002
1764 1660 1101
1765 642 2865
1766 2683 3410
1767 2650 1097
1768 1278 1429
1769 788 1314
1770 3882 3424
1771 530 139
1772 2166 1325
1773 2730 306
1774 3509 2015
1775 1897 3172
1776 1160 665
1777 82 2055
1778 1284 3652
1779 1285 2938
1780 3505 381
1781 237 382
1782 1266 2570
1783 302 3904
1784 2719 1740
1785 996 8
1786 2352 2712
1787 271 1725
1788 1073 811
1789 2191 1238
1790 3294 2324
1791 2488 2736
1792 3431 399
1793 3719 455
1794 1006 2922
1795 1609 1365
1796 2901 2457
1797 1345 125
1798 1729 1690
1799 61 3904
1800 2422 1227
1801 2787 2394
1802 2585 3248
1803 2731 899
1804 3209 2082
1805 434 853
1806 2178 2558
1807 3823 1535
1808 833 1261
1809 847 2252
1810 1141 3016
1811 158 3038
1812 1403 1557
1813 1930 3177
1814 3239 1598
1815 2622 870
1816 335 1353
1817 3635 784
1818 3072 2481
1819 670 1131
1820 2446 1921
1821 2082 1122
1822 2264 136
1823 963 3197
1824 3505 574
1825 806 456
1826 1440 3566
1827 2310 3745
1828 3262 378
1829 3583 1224
1830 1145 601
1831 768 1737
1832 2086 3672
1833 1667 2104
1834 3888 1675
1835 2954 1703
1836 2243 1116
1837 2722 2616
1838 1834 3562
1839 2478 1767
1840 2317 1705
1841 3726 3249
1842 254 2070
1843 2733 2906
1844 2773 2264
1845 1664 1678
1846 1506 268
1847 411 3296
1848 3337 1082
1849 3479 2574
1850 175 1445
1851 672 3660
1852 3365 549
1853 3434 973
1854 193 3559
1855 2311 1253
1856 150 1230
1857 3123 3639
1858 1804 1326
1859 843 3572
1860 2880 3211
1861 556 1620
1862 1719 2070
1863 482 1686
1864 32 3147
1865 3659 1298
1866 1873 2308
1867 3057 1820
1868 3499 1751
1869 556 2539
1870 2516 2486
1871 92 3516
1872 164 1217
1873 1919 2919
1874 157 2926
1875 3788 3674
1876 2345 421
1877 831 88
1878 1137 3853
1879 3351 3006
1880 1614 2949
1881 799 270
1882 3753 2644
1883 83 3557
1884 614 1881
1885 3358 2950
1886 2336 3538
1887 3733 834
1888 20 3829
1889 332 2850
1890 648 1104
1891 3535 865
1892 3188 3851
1893 1845 492
1894 1627 3367
1895 2922 1347
1896 676 554
1897 99 1018
1898 3097 3160
1899 3221 2198
1900 777 1723
1901 728 1664
1902 544 2929
1903 2992 3819
1904 1951 2567
1905 2588 3236
1906 1260 1551
1907 2202 3312
1908 3794 2515
1909 77 2801
1910 3103 689
1911 2869 1320
1912 2377 3385
1913 1456 1622
1914 2120 1488
1915 391 653
1916 2517 114
1917 1753 3068
1918 541 133
1919 753 1770
1920 268 2758
1921 2389 437
1922 622 1664
1923 3303 294
1924 411 782
1925 1583 2605
1926 1658 88
1927 3799 3347
1928 1359 1453
1929 1129 2120
1930 153 2435
1931 459 66
1932 2220 1934
1933 2020 287
1934 2844 861
1935 742 3811
1936 740 3488
1937 421 587
1938 254 2478
1939 18 3888
1940 1295 1071
1941 790 803
1942 2231 895
1943 1380 306
1944 1851 501
1945 1810 36
1946 1459 2886
1947 2891 3344
1948 461 1366
1949 193 1063
1950 619 1418
1951 816 3147
1952 1215 2453
1953 1933 977
1954 1765 89
1955 2563 1879
1956 830 119
1957 597 1739
1958 2409 1234
1959 2921 1370
1960 3520 969
1961 1996 3225
1962 2019 569
1963 1283 3256
1964 2561 2543
1965 3405 940
1966 1827 3793
1967 1159 2950
1968 200 417
1969 2581 855
1970 2391 185
1971 3000 3368
1972 1499 1086
1973 2130 911
1974 425 2113
1975 2975 2773
1976 913 2458
1977 2325 3812
1978 1813 2801
1979 315 3642
1980 347 2811
1981 446 2260
1982 3170 2056
1983 3355 1820
1984 2435 1213
1985 1099 2907
1986 394 539
1987 3541 2471
1988 3644 3320
1989 838 2660
1990 3734 912
1991 3820 3443
1992 2077 3172
1993 1111 1277
1994 2778 2652
1995 1219 2666
1996 3610 3517
1997 2176 1498
1998 2929 1361
1999 2560 3860
2000 1212 395
2001 3755 1914
2002 454 3116
2003 2950 2888
2004 68 2905
2005 1576 3418
2006 1821 311
2007 2247 545
2008 1186 1968
2009 1784 3382
2010 1544 1297
2011 2713 3612
2012 1381 1260
2013 177 3417
2014 2276 1366
2015 1661 784
2016 1828 1985
2017 2767 1495
2018 2879 1033
2019 834 3577
2020 3403 3283
2021 2583 636
2022 833 1790
2023 2395 1761
2024 1447 213
2025 3028 2718
2026 3586 2235
2027 1936 732
2028 101 3526
2029 281 1516
2030 50 3499
2031 2519 602
2032 2046 3767
2033 1797 1828
2034 3604 906
2035 1169 1349
2036 678 3704
2037 1262 988
2038 3480 3375
2039 2357 2765
2040 2992 861
2041 1203 1649
2042 696 2539
2043 2818 663
2044 157 1706
2045 1706 2040
2046 960 342
2047 1503 2292
2048 2880 644
2049 1253 2065
2050 140 885
2051 1510 559
2052 1730 1467
2053 2003 2856
2054 2315 1886
2055 2176 1928
2056 3812 3047
2057 762 583
2058 3371 3473
2059 1381 2500
2060 3152 3473
2061 1347 1844
2062 3472 1332
2063 3264 3619
2064 2650 1384
2065 704 893
2066 2200 2932
2067 254 3796
2068 480 1407
2069 3513 1181
2070 2650 3359
2071 318 1255
2072 3111 3579
2073 3277 3749
2074 3030 1745
2075 437 215
2076 1280 2447
2077 3634 2709
2078 2611 726
2079 1568 3006
2080 511 141
2081 3348 2308
2082 2458 2025
2083 1655 1257
2084 993 2499
2085 308 677
2086 2445 2382
2087 552 50
2088 3348 2336
2089 1287 3735
2090 3845 2339
2091 1222 166
2092 2100 1093
2093 1922 550
2094 3735 883
2095 2370 3061
2096 3716 475
2097 3727 1084
2098 9 316
2099 571 375
2100 726 3433
2101 220 1126
2102 2725 331
2103 224 2737
2104 3354 223
2105 647 857
2106 3191 3635
2107 2454 3588
2108 3765 1591
2109 460 1992
2110 1497 1091
2111 2226 3692
2112 2673 2681
2113 945 3637
2114 1306 793
2115 2007 101
2116 394 18
2117 3 353
2118 1077 2780
2119 3474 1732
2120 2239 1216
2121 3017 2786
2122 2444 11
2123 3317 265
2124 242 2686
2125 3212 2395
2126 1815 2031
2127 2064 3040
2128 1283 1198
2129 156 274
2130 606 2436
2131 2676 2464
2132 3413 1372
2133 1527 2984
2134 21 1986
2135 2066 3878
2136 3856 3054
2137 1405 530
2138 1029 1386
2139 2346 1117
2140 486 2835
2141 1580 2983
2142 2876 755
2143 2166 3435
2144 1311 3394
2145 3256 1320
2146 2500 2091
2147 2558 3439
2148 814 2560
2149 1362 509
2150 2166 2776
2151 2932 103
2152 55 3568
2153 2685 268
2154 1816 2325
2155 27 2257
2156 2554 3012
2157 3255 1535
2158 2405 556
2159 2342 39
2160 2374 2964
2161 1063 437
2162 2360 2837
2163 604 2632
2164 1972 2645
2165 260 3883
2166 350 570
2167 3604 3579
2168 1583 684
2169 1169 1762
2170 2920 1205
2171 3085 453
2172 1255 1864
2173 2428 3185
2174 1571 3137
2175 3244 2999
2176 465 2065
2177 2175 1615
2178 2913 2261
2179 1072 3281
2180 1454 3765
2181 2981 1066
2182 3142 3360
2183 34 3743
2184 2892 3219
2185 1126 1880
2186 3862 1152
2187 94 2991
2188 3027 2039
2189 1765 2733
2190 147 1736
2191 588 3567
2192 2094 2953
2193 1136 1870
2194 1025 2142
2195 1796 525
2196 1375 1263
2197 3207 2075
2198 1518 1358
2199 366 2971
2200 2069 2954
2201 1146 381
2202 3317 3155
2203 571 2172
2204 1369 2374
2205 671 2334
2206 1351 3644
2207 241 537
2208 1389 1643
2209 3005 3701
2210 539 3230
2211 2940 578
2212 772 2861
2213 3647 3624
2214 695 319
2215 2411 3360
2216 3435 139
2217 1405 1399
2218 1920 1772
2219 2212 2859
2220 1792 860
2221 3114 3120
2222 670 1351
2223 3131 798
2224 2067 577
2225 1206 213
2226 1857 2649
2227 1220 3420
2228 1386 736
2229 1707 1021
2230 1518 2927
2231 909 1888
2232 793 2384
2233 863 780
2234 1329 1157
2235 1688 3684
2236 3753 985
2237 3472 356
2238 3370 850
2239 3765 721
2240 2726 424
2241 3037 1171
2242 2494 1338
2243 1080 1490
2244 393 2797
2245 467 1219
2246 3433 974
2247 373 3071
2248 1446 1374
2249 3422 2101
2250 315 2944
2251 3395 3555
2252 659 3352
2253 685 1506
2254 1590 3192
2255 1956 1243
2256 3731 1391
2257 2292 3584
2258 57 1072
2259 1474 166
2260 1580 2896
2261 2547 460
2262 1511 1243
2263 760 3884
2264 311 2484
2265 3014 1207
2266 162 2164
2267 3820 2590
2268 347 2882
2269 677 1832
2270 222 405
2271 2266 1151
2272 3307 2846
2273 3663 1023
2274 3417 2978
2275 331 3613
2276 2683 378
2277 1535 3272
2278 222 2599
2279 3040 469
2280 2829 9
2281 2423 2609
2282 1691 2127
2283 2333 2117
2284 694 3342
2285 2758 1909
2286 2205 3038
2287 969 1382
2288 3867 342
2289 3736 739
2290 3855 2686
2291 2371 3437
2292 3207 1012
2293 3398 3852
2294 43 1770
2295 655 2461
2296 2990 3042
2297 1729 658
2298 2836 95
2299 2123 3185
2300 2831 2262
2301 2426 1843
2302 328 884
2303 1510 169
2304 286 1808
2305 687 1695
2306 561 3000
2307 2917 824
2308 2936 3396
2309 1537 2817
2310 1160 3209
2311 724 1158
2312 1949 2155
2313 3152 3775
2314 2554 3477
2315 2374 235
2316 2773 2664
2317 2718 2206
2318 1067 769
2319 3886 3841
2320 2423 562
2321 2649 2768
2322 3056 1228
2323 2598 2083
2324 1934 825
2325 3226 695
2326 3674 2896
2327 2454 2662
2328 3565 2720
2329 1191 359
2330 828 414
2331 2736 647
2332 3146 2821
2333 3410 2547
2334 191 2538
2335 2607 3745
2336 1803 3234
2337 3322 3854
2338 3270 912
2339 3436 26
2340 2031 2325
2341 748 2944
2342 2934 1564
2343 119 2178
2344 799 2384
2345 856 313
2346 2573 2966
2347 1275 3703
2348 1077 544
2349 1023 1950
2350 3802 1474
2351 2884 257
2352 92 2397
2353 1348 2339
2354 1979 3460
2355 1033 1893
2356 2920 1935
2357 2679 782
2358 2577 2266
2359 562 410
2360 492 2796
2361 926 790
2362 3488 2440
2363 1367 1140
2364 307 1179
2365 2038 3871
2366 3387 1519
2367 3505 3337
2368 1103 25
2369 1973 2026
2370 2466 874
2371 2626 493
2372 3081 2536
2373 2607 3021
2374 3910 3500
2375 1781 2802
2376 1563 856
2377 832 3318
2378 2717 3263
2379 2383 60
2380 1879 3281
2381 2789 505
2382 1698 1121
2383 1678 1075
2384 3153 2094
2385 3275 1235
2386 1224 3120
2387 1208 1577
2388 342 2264
2389 1658 2364
2390 888 2177
2391 748 747
2392 237 2867
2393 654 2625
2394 2849 2327
2395 2668 397
2396 2828 99
2397 2308 151
2398 1022 3477
2399 1405 1940
2400 3349 526
2401 2496 790
2402 608 3878
2403 2901 1310
2404 633 3256
2405 2544 2224
2406 776 2380
2407 675 3045
2408 3814 518
2409 1682 1171
2410 1167 3314
2411 478 2918
2412 2335 237
2413 2143 1335
2414 2804 3312
2415 264 353
2416 2056 1486
2417 1440 2918
2418 647 1573
2419 3490 2462
2420 2339 2901
2421 2297 147
2422 2000 274
2423 2260 3508
2424 1257 1787
2425 2879 2435
2426 1374 883
2427 1794 2159
2428 1905 110
2429 1142 623
2430 2071 1589
2431 3561 1806
2432 851 1546
2433 141 69
2434 3323 868
2435 1091 2683
2436 220 3523
2437 2511 2899
2438 2141 1617
2439 1265 3113
2440 427 1529
2441 2372 1056
2442 3735 2814
2443 2818 3728
2444 346 689
2445 1224 1383
2446 3250 106
2447 870 2205
2448 659 2217
2449 773 799
2450 3824 3352
2451 3590 3257
2452 1598 278
2453 3011 2625
2454 740 2763
2455 3603 2003
2456 709 1577
2457 3407 1446
2458 3759 595
2459 1528 3092
2460 3631 2486
2461 2539 3535
2462 2483 1504
2463 1778 3510
2464 2683 1192
2465 765 1465
2466 2274 657
2467 2587 1276
2468 1791 2566
2469 361 1247
2470 2270 2393
2471 940 3022
2472 2703 1437
2473 2993 3085
2474 1337 2196
2475 3250 460
2476 887 1817
2477 1979 2623
2478 2333 2924
2479 2559 1624
2480 2076 724
2481 2105 3736
2482 1304 2935
2483 386 2865
2484 860 883
2485 3511 3017
2486 500 958
2487 1047 1466
2488 959 155
2489 1768 1075
2490 2780 2270
2491 934 3028
2492 1623 3847
2493 998 2479
2494 990 3284
2495 886 3905
2496 3578 181
2497 1105 2480
2498 664 3495
2499 3663 2694
2500 1569 3331
2501 2509 2034
2502 3439 2724
2503 807 2045
2504 1099 402
2505 3444 2714
2506 2207 2641
2507 3632 2628
2508 924 3591
2509 1702 2000
2510 92 1403
2511 2160 1789
2512 1412 1071
2513 123 297
2514 2060 946
2515 2809 3909
2516 2119 3572
2517 3699 2550
2518 1506 3488
2519 2406 2475
2520 2141 1965
2521 2143 2547
2522 1646 2062
2523 2243 2544
2524 3461 70
2525 517 2037
2526 1362 3271
2527 2933 2077
2528 2367 529
2529 1619 807
2530 1890 1068
2531 1892 624
2532 3412 1138
2533 3831 529
2534 849 1371
2535 3098 1130
2536 28 2305
2537 2881 2473
2538 3594 3098
2539 1723 938
2540 1523 771
2541 853 1487
2542 3643 1565
2543 1157 1602
2544 292 2672
2545 2924 276
2546 551 1172
2547 3403 1380
2548 297 3099
2549 2733 220
2550 1753 1665
2551 41 2994
2552 1224 1951
2553 2572 946
2554 1886 780
2555 2095 2959
2556 341 2480
2557 1928 3622
2558 2332 40
2559 1021 278
2560 2536 1467
2561 533 3255
2562 1333 3869
2563 1921 3647
2564 1123 2845
2565 1436 1496
2566 684 259
2567 3523 1039
2568 742 39
2569 3627 3218
2570 3489 3258
2571 3290 436
2572 584 1143
2573 636 1937
2574 2230 2356
2575 1778 3689
2576 152 2706
2577 350 57
2578 1285 1814
2579 304 323
2580 1299 3720
2581 3491 232
2582 1466 210
2583 277 3603
2584 763 1197
2585 352 2342
2586 376 2396
2587 300 939
2588 3200 3043
2589 1410 3060
2590 1337 727
2591 2592 1505
2592 3471 3522
2593 3150 2118
2594 2389 2649
2595 2256 1538
2596 980 3768
2597 3416 2627
2598 3544 2992
2599 3381 1234
2600 2258 3816
2601 3348 3570
2602 3050 1136
2603 2181 3560
2604 662 3379
2605 1512 1417
2606 3523 490
2607 1598 1176
2608 197 3562
2609 1987 682
2610 764 3682
2611 1697 1126
2612 45 2612
2613 2710 3068
2614 2549 675
2615 873 779
2616 1636 2469
2617 408 3308
2618 2556 834
2619 3742 226
2620 2299 2289
2621 1282 2699
2622 1953 932
2623 3172 188
2624 3261 2568
2625 1363 1230
2626 441 80
2627 3635 1394
2628 697 1459
2629 549 868
2630 1463 320
2631 803 2473
2632 1916 3554
2633 3434 2895
2634 2692 1266
2635 254 2693
2636 3566 2048
2637 3196 778
2638 1611 2734
2639 2844 3017
2640 3350 930
2641 2522 3380
2642 2009 1068
2643 3295 3437
2644 2442 1608
2645 291 2138
2646 2806 2938
2647 333 2920
2648 67 2388
2649 1524 1158
2650 1393 1555
2651 3473 1397
2652 754 2981
2653 144 2276
2654 684 1461
2655 3872 1747
2656 2225 1555
2657 1962 2748
2658 1305 1067
2659 2142 3230
2660 2643 2031
2661 928 3215
2662 3791 2180
2663 997 3286
2664 223 712
2665 65 1303
2666 3572 3152
2667 3088 2693
2668 1608 1218
2669 3726 1063
2670 253 1891
2671 3090 852
2672 1929 1110
2673 1297 3793
2674 32 1669
2675 1552 2801
2676 1921 1794
2677 790 3323
2678 2654 733
2679 2749 1106
2680 2333 2784
2681 252 1221
2682 3814 1458
2683 3403 1861
2684 2979 250
2685 316 3204
2686 2041 1820
2687 2638 2102
2688 1427 2690
2689 751 3619
2690 3341 461
2691 938 1478
2692 2109 1546
2693 1662 2706
2694 2564 255
2695 2095 1456
2696 3271 3268
2697 2447 3559
2698 3682 1087
2699 810 2277
2700 2931 1792
2701 397 2568
2702 423 2305
2703 654 3636
2704 346 3703
2705 3243 2217
2706 1766 710
2707 1490 3708
2708 1966 3516
2709 200 1520
2710 3805 266
2711 293 1314
2712 1680 1767
2713 2263 3232
2714 2785 605
2715 917 706
2716 1849 768
2717 3375 2243
2718 105 2817
2719 583 337
2720 3610 2589
2721 3033 601
2722 3058 3166
2723 2438 2487
2724 1463 720
2725 1535 3362
2726 2289 1125
2727 1485 3332
2728 2814 3375
2729 2852 2886
2730 1758 905
2731 2908 1457
2732 3755 1504
2733 1487 2427
2734 1418 691
2735 3353 3007
2736 228 3278
2737 2856 3603
2738 3710 3465
2739 2920 3193
2740 1407 41
2741 2142 3543
2742 345 1605
2743 968 21
2744 477 614
2745 198 3764
2746 2258 2228
2747 477 740
2748 289 3577
2749 843 2296
2750 874 49
2751 3471 1128
2752 3504 1972
2753 701 3860
2754 1237 124
2755 1048 687
2756 2330 2502
2757 633 1195
2758 1332 1318
2759 2698 2786
2760 1035 1744
2761 2667 1626
2762 636 3233
2763 3420 1373
2764 494 1258
2765 382 3
2766 855 3813
2767 750 1589
2768 3009 3345
2769 3580 1360
2770 3488 1250
2771 2109 1835
2772 753 3443
2773 2608 380
2774 320 715
2775 1789 3203
2776 2765 1898
2777 2149 1068
2778 598 993
2779 403 3474
2780 481 3620
2781 2119 2543
2782 852 655
2783 3662 1138
2784 3853 2855
2785 545 3823
2786 1272 1637
2787 1607 6
2788 3166 721
2789 163 228
2790 2713 1083
2791 145 1324
2792 2351 3191
2793 1982 823
2794 2963 3662
2795 105 551
2796 3522 2700
2797 3874 248
2798 2874 2055
2799 3083 1263
2800 1563 2384
2801 2335 438
2802 1510 1762
2803 355 3000
2804 2742 659
2805 756 1822
2806 1722 3060
2807 3492 453
2808 1603 1497
2809 2246 1023
2810 1756 3104
2811 2736 1473
2812 1441 1426
2813 2634 3466
2814 640 3207
2815 35 1131
2816 322 556
2817 791 1347
2818 3391 1070
2819 8 1207
2820 1687 3723
2821 210 1316
2822 2377 3279
2823 2755 3061
2824 191 608
2825 2185 3754
2826 1332 396
2827 2640 3103
2828 1983 1332
2829 2923 3461
2830 3605 3116
2831 850 742
2832 2170 1485
2833 139 2068
2834 798 3202
2835 1192 936
2836 3040 2274
2837 1887 3700
2838 869 3119
2839 1605 1656
2840 3458 498
2841 3184 392
2842 1674 807
2843 1885 2579
2844 1442 691
2845 1543 337
2846 3627 139
2847 3011 194
2848 118 1003
2849 2832 1010
2850 1301 904
2851 1089 397
2852 1748 2917
2853 3469 1215
2854 1855 1822
2855 94 194
2856 1393 300
2857 945 286
2858 2299 1691
2859 963 2159
2860 1789 290
2861 413 1929
2862 3832 2777
2863 934 1906
2864 3098 2480
2865 1734 957
2866 275 2470
2867 2563 1432
2868 1411 622
2869 313 3140
2870 2640 2445
2871 1709 867
2872 1387 1664
2873 579 3565
2874 2816 1241
2875 824 3268
2876 433 1011
2877 2101 3876
2878 1106 3242
2879 2715 2066
2880 1327 2491
2881 1537 2736
2882 73 3811
2883 190 2248
2884 3486 3671
2885 3137 1715
2886 67 3482
2887 538 747
2888 1809 2
2889 583 1515
2890 2369 908
2891 842 344
2892 1393 2897
2893 2945 2282
2894 2108 3893
2895 1652 1047
2896 387 683
2897 319 3733
2898 540 190
2899 2603 1710
2900 403 2379
2901 2270 2306
2902 2798 3336
2903 3795 1089
2904 3345 3105
2905 1037 40
2906 3547 560
2907 850 2629
2908 3572 2173
2909 485 3025
2910 2796 2526
2911 1747 435
2912 2783 150
2913 3142 1796
2914 2167 1478
2915 2704 447
2916 2935 2793
2917 3401 1994
2918 968 688
2919 2962 2316
2920 1011 1173
2921 255 665
2922 1210 3325
2923 36 94
2924 373 2979
2925 3159 3140
2926 1638 3178
2927 3000 46
2928 1060 2771
2929 3056 640
2930 2938 3125
2931 1676 2163
2932 2204 814
2933 3560 747
2934 2311 3436
2935 2647 1219
2936 2388 3675
2937 2598 2962
2938 1486 1994
2939 1025 1981
2940 567 796
2941 504 3107
2942 2970 2898
2943 475 3885
2944 705 1585
2945 1029 535
2946 1480 3462
2947 59 598
2948 3209 1742
2949 432 487
2950 500 3185
2951 100 1196
2952 3606 1552
2953 3772 79
2954 3702 3792
2955 1889 1614
2956 2028 1439
2957 772 2380
2958 974 2000
2959 874 1526
2960 2643 1080
2961 724 3704
2962 1735 1101
2963 1828 2434
2964 2477 1668
2965 2595 2114
2966 1407 1133
2967 3656 2391
2968 2562 550
2969 134 1827
2970 2817 3186
2971 1159 412
2972 1421 2064
2973 3178 2370
2974 2037 2187
2975 1499 2748
2976 258 437
2977 1989 1109
2978 2892 3871
2979 71 3275
2980 3700 1235
2981 1772 1215
2982 3173 2847
2983 2559 3735
2984 3767 1108
2985 980 2288
2986 207 1257
2987 1185 452
2988 1090 3831
2989 1640 2531
2990 901 1537
2991 3091 3457
2992 431 420
2993 1971 2236
2994 699 1817
2995 2490 2914
2996 53 2119
2997 2999 2045
2998 3477 3380
2999 1604 528
3000 3256 2827
3001 2483 1962
3002 3672 3455
3003 1804 1664
3004 3661 175
3005 3009 3716
3006 2089 455
3007 2766 211
3008 2504 400
3009 337 466
3010 301 533
3011 3478 865
3012 1186 2731
3013 1172 2612
3014 1020 3089
3015 650 2874
3016 1256 1490
3017 2023 2748
3018 1933 808
3019 2758 2212
3020 3281 1751
3021 1571 2403
3022 2392 182
3023 148 643
3024 3679 1882
3025 2421 1375
3026 1917 3472
3027 309 828
3028 2324 2511
3029 1697 1770
3030 1861 3166
3031 395 3094
3032 3671 2283
3033 1542 682
3034 928 2865
3035 1278 1470
3036 3137 2736
3037 1572 930
3038 3536 376
3039 2965 2245
3040 1433 2002
3041 441 3185
3042 1010 774
3043 964 1761
3044 459 1548
3045 1328 881
3046 1906 247
3047 2003 3472
3048 1978 2666
3049 2146 82
3050 732 3817
3051 1388 22
3052 1847 2243
3053 2512 2104
3054 3809 1534
3055 1349 2785
3056 1349 967
3057 2904 2161
3058 2823 546
3059 1048 475
3060 1236 22
3061 2311 1772
3062 1440 2046
3063 210 1170
3064 219 1682
3065 2238 891
3066 24 736
3067 1623 3571
3068 1287 2456
3069 3610 3799
3070 651 1079
3071 976 307
3072 2952 2052
3073 1461 1369
3074 1892 935
3075 3511 3748
3076 720 2122
3077 1770 1341
3078 840 3515
3079 3816 891
3080 295 2376
3081 2738 540
3082 2415 1221
3083 1911 1904
3084 1572 809
3085 270 1933
3086 3704 629
3087 2590 3752
3088 3631 1741
3089 2016 3403
3090 1596 1481
3091 2840 2990
3092 2694 395
3093 834 858
3094 951 3804
3095 3464 730
3096 3832 3045
3097 1865 2327
3098 812 2531
3099 3580 1657
3100 2716 3585
3101 3811 2197
3102 1663 3749
3103 2376 1301
3104 3472 1076
3105 1434 3506
3106 941 521
3107 3292 1999
3108 427 3681
3109 351 1128
3110 1776 476
3111 502 3901
3112 625 2077
3113 2400 1258
3114 1808 3698
3115 3018 3410
3116 3524 3007
3117 702 509
3118 3796 3490
3119 2380 2448
3120 3397 2128
3121 3011 2230
3122 513 758
3123 3632 3363
3124 684 807
3125 1821 1932
3126 1364 688
3127 95 676
3128 2169 380
3129 3863 1562
3130 358 3659
3131 2857 24
3132 1595 3677
3133 587 515
3134 844 628
3135 2134 2637
3136 1634 3704
3137 1007 1146
3138 1363 1270
3139 2533 2123
3140 1204 2288
3141 3486 164
3142 3634 323
3143 987 1533
3144 2730 3418
3145 2519 1601
3146 1748 3121
3147 1724 833
3148 1692 1918
3149 3524 2040
3150 213 2175
3151 2012 1497
3152 3572 797
3153 576 3782
3154 728 1974
3155 1555 308
3156 2047 1603
3157 2752 2868
3158 2351 393
3159 339 3073
3160 3184 2041
3161 683 3179
3162 3 274
3163 196 1671
3164 1040 97
3165 3333 3331
3166 2515 1276
3167 2850 2846
3168 179 222
3169 638 1844
3170 219 1201
3171 2163 1713
3172 1510 146
3173 2141 2472
3174 2548 3302
3175 1173 2556
3176 2270 969
3177 2254 3168
3178 969 1413
3179 2117 519
3180 2540 3098
3181 2864 1236
3182 73 286
3183 1482 3334
3184 383 2557
3185 385 1279
3186 609 2031
3187 3309 2034
3188 1702 3869
3189 363 1174
3190 2461 563
3191 1956 2912
3192 3846 550
3193 607 2815
3194 2209 3427
3195 60 2519
3196 67 260
3197 1152 331
3198 946 358
3199 2470 3246
3200 174 654
3201 41 125
3202 1648 563
3203 2919 3021
3204 546 2625
3205 1244 152
3206 3771 1099
3207 1614 2332
3208 3853 3266
3209 2436 3836
3210 3797 3110
3211 2147 2673
3212 59 3540
3213 860 2305
3214 3416 3101
3215 1530 2208
3216 2152 2166
3217 1037 1349
3218 2244 1551
3219 3671 2789
3220 3133 131
3221 2377 1052
3222 431 2009
3223 1960 2258
3224 378 3323
3225 2420 3565
3226 1433 2938
3227 2256 3144
3228 2347 42
3229 462 4
3230 459 1101
3231 3594 2924
3232 448 132
3233 3031 2989
3234 289 350
3235 885 666
3236 680 2621
3237 2558 3560
3238 2502 1227
3239 250 877
3240 1652 3392
3241 3711 3714
3242 3569 3804
3243 3481 2843
3244 711 3401
3245 2437 3868
3246 228 1000
3247 2707 2975
3248 1198 1458
3249 3360 1123
3250 646 1901
3251 1519 2030
3252 1260 784
3253 3106 2988
3254 2075 3861
3255 2023 11
3256 1478 3818
3257 3227 1065
3258 3112 2039
3259 3426 956
3260 9 3883
3261 3585 1343
3262 3145 1525
3263 2681 1154
3264 2067 861
3265 1501 2540
3266 1767 812
3267 709 3230
3268 2048 107
3269 1702 888
3270 1017 1703
3271 2481 820
3272 3249 2062
3273 3002 2171
3274 3676 1700
3275 157 2723
3276 3886 1161
3277 424 3800
3278 3769 751
3279 354 2862
3280 1932 3012
3281 556 1830
3282 2746 2214
3283 2807 3312
3284 2924 2262
3285 2454 388
3286 3709 3021
3287 648 3635
3288 1882 1632
3289 324 1387
3290 214 793
3291 3379 442
3292 2121 1328
3293 366 1107
3294 3083 14
3295 2330 1
3296 1440 1881
3297 3729 1869
3298 1659 3877
3299 897 489
3300 687 1196
3301 438 1554
3302 2337 2773
3303 850 3664
3304 1330 3154
3305 953 802
3306 3787 1143
3307 1664 3261
3308 408 3310
3309 2167 3144
3310 116 555
3311 1353 1325
3312 582 3817
3313 3697 600
3314 2069 3856
3315 1570 1627
3316 2109 256
3317 2555 3047
3318 906 109
3319 3415 2722
3320 2469 1017
3321 1059 2036
3322 599 9
3323 3599 2921
3324 813 2214
3325 391 710
3326 875 3897
3327 2909 226
3328 3541 555
3329 121 899
3330 3166 1042
3331 700 1026
3332 2130 1950
3333 2206 1018
3334 3892 967
3335 3731 861
3336 3478 2920
3337 3796 3819
3338 406 3313
3339 3527 1683
3340 839 1996
3341 3473 3684
3342 1039 292
3343 112 990
3344 1560 1053
3345 3559 1640
3346 2189 563
3347 1339 3507
3348 813 3483
3349 1821 460
3350 222 2265
3351 1008 3249
3352 3372 2505
3353 307 1816
3354 1700 2172
3355 2962 2083
3356 2178 929
3357 393 2310
3358 3265 760
3359 687 916
3360 3292 766
3361 3800 2720
3362 1864 566
3363 1599 948
3364 2413 664
3365 2437 3855
3366 3306 1376
3367 2181 3603
3368 3866 2817
3369 2868 3511
3370 89 1760
3371 528 3403
3372 2891 1288
3373 890 2554
3374 437 3562
3375 2026 1314
3376 2583 3441
3377 974 3012
3378 1476 1522
3379 992 1523
3380 2710 747
3381 2388 2421
3382 2629 2291
3383 1430 205
3384 3047 107
3385 16 2144
3386 580 270
3387 532 2224
3388 2809 2467
3389 3625 3411
3390 3590 910
3391 3851 2836
3392 3246 2298
3393 2749 1858
3394 3378 1765
3395 1356 3439
3396 1673 2706
3397 3082 125
3398 432 1083
3399 2151 921
3400 768 584
3401 2912 732
3402 828 3062
3403 1411 250
3404 553 599
3405 1022 51
3406 3746 1492
3407 14 1946
3408 3597 1827
3409 3293 3526
3410 1083 3444
3411 151 3139
3412 3462 766
3413 247 2336
3414 1467 3418
3415 762 1054
3416 140 2174
3417 2883 335
3418 1002 2187
3419 25 945
3420 1912 1217
3421 867 2262
3422 773 686
3423 3271 227
3424 746 1769
3425 3758 470
3426 2348 236
3427 2942 2186
3428 2276 3396
3429 3481 2225
3430 2201 2203
3431 3451 3072
3432 89 2521
3433 662 3412
3434 2294 2258
3435 959 1546
3436 2711 3063
3437 1353 1682
3438 956 2525
3439 958 1408
3440 2874 3445
3441 3526 1800
3442 1800 2297
3443 3093 928
3444 1901 1653
3445 2930 2180
3446 1614 2356
3447 3096 787
3448 1862 2716
3449 613 1715
3450 3009 911
3451 2929 3475
3452 1479 1618
3453 3747 2698
3454 2302 2573
3455 803 185
3456 2254 1386
3457 1143 900
3458 2912 1072
3459 208 3347
3460 1004 1772
3461 1677 1701
3462 646 3305
3463 1791 20
3464 101 1524
3465 3839 1610
3466 2478 2949
3467 1583 3032
3468 934 275
3469 2151 857
3470 3837 209
3471 1688 1772
3472 2784 1564
3473 272 2972
3474 3294 1125
3475 1619 1419
3476 22 1329
3477 3454 3178
3478 322 3826
3479 1538 3890
3480 2014 2266
3481 1299 3600
3482 1054 2839
3483 297 148
3484 717 2522
3485 624 2967
3486 3191 1980
3487 3891 3285
3488 270 187
3489 3183 3819
3490 2133 423
3491 3390 56
3492 2647 970
3493 918 1643
3494 2696 2598
3495 892 2023
3496 378 1472
3497 801 833
3498 2538 3150
3499 2909 810
3500 1684 3188
3501 2390 1596
3502 3863 2055
3503 3689 1561
3504 107 995
3505 3113 2686
3506 2998 3717
3507 5 2027
3508 565 2370
3509 1530 1906
3510 48 1561
3511 735 1445
3512 1474 1165
3513 6 1075
3514 3000 958
3515 2923 1038
3516 2551 2037
3517 2571 574
3518 1621 3812
3519 240 48
3520 703 1868
3521 2705 2262
3522 3214 3383
3523 2984 3870
3524 1007 2452
3525 736 2907
3526 2810 3493
3527 1860 2022
3528 1616 2525
3529 3180 1381
3530 467 3485
3531 1017 2906
3532 1375 1908
3533 3273 286
3534 3498 3097
3535 2855 424
3536 191 2826
3537 407 1237
3538 3000 2874
3539 1783 1465
3540 1617 3632
3541 970 2567
3542 465 1769
3543 124 916
3544 2798 1433
3545 3891 1696
3546 3299 3152
3547 1307 390
3548 2831 2372
3549 922 1585
3550 1913 1990
3551 269 3712
3552 2938 71
3553 167 809
3554 241 3126
3555 1406 3078
3556 2364 601
3557 2892 3181
3558 1583 842
3559 3020 3387
3560 1897 744
3561 823 2430
3562 1332 3458
3563 932 3382
3564 139 1057
3565 1350 3367
3566 3525 2473
3567 673 3216
3568 3727 139
3569 3226 3575
3570 1668 3872
3571 3410 122
3572 519 1360
3573 2420 247
3574 119 3582
3575 1375 1201
3576 2955 3412
3577 199 549
3578 3483 921
3579 3822 1945
3580 1507 1634
3581 1353 3506
3582 3735 2906
3583 436 889
3584 1153 2398
3585 1615 870
3586 1816 3813
3587 3305 863
3588 2009 3209
3589 3007 901
3590 1293 480
3591 1567 1483
3592 985 752
3593 517 371
3594 1637 1272
3595 3577 2994
3596 3694 2471
3597 1735 3318
3598 1008 617
3599 302 3252
3600 1355 910
3601 858 1623
3602 156 1935
3603 3019 1555
3604 755 740
3605 3361 84
3606 172 3900
3607 571 2880
3608 2077 1302
3609 930 1282
3610 427 1216
3611 33 3857
3612 3738 1097
3613 3019 674
3614 2101 1970
3615 3342 3884
3616 3488 1559
3617 2110 2562
3618 3514 1039
3619 854 1152
3620 822 750
3621 2841 88
3622 2537 3589
3623 1222 1721
3624 873 1031
3625 863 711
3626 118 1273
3627 1312 2138
3628 2866 1465
3629 2467 2668
3630 642 2061
3631 2294 3903
3632 1588 1573
3633 467 1817
3634 743 3274
3635 976 3730
3636 1155 441
3637 2949 3117
3638 105 368
3639 1802 2430
3640 2533 3266
3641 3192 465
3642 1994 380
3643 734 560
3644 1653 1291
3645 2841 3258
3646 590 2599
3647 3021 1729
3648 3188 2181
3649 3787 962
3650 3140 2874
3651 3546 2288
3652 3403 1017
3653 1926 3086
3654 3681 365
3655 2540 2820
3656 3745 3229
3657 1761 394
3658 3521 3154
3659 3815 83
3660 3374 1362
3661 1773 3203
3662 2465 355
3663 3477 2392
3664 1951 2286
3665 650 545
3666 1606 2178
3667 2301 897
3668 2228 2292
3669 154 3687
3670 144 681
3671 3574 429
3672 1478 3503
3673 1304 1748
3674 214 3875
3675 336 451
3676 1344 1069
3677 907 751
3678 2035 1690
3679 587 1332
3680 2060 882
3681 3194 1583
3682 1666 2493
3683 1131 376
3684 1325 815
3685 3511 3676
3686 3835 1299
3687 1974 887
3688 2287 1919
3689 2367 2887
3690 341 3440
3691 1025 199
3692 2374 1386
3693 1601 567
3694 1865 586
3695 1428 2089
3696 1648 972
3697 2237 2203
3698 180 2435
3699 1963 331
3700 2803 3472
3701 1954 3766
3702 3682 2484
3703 2158 2663
3704 1280 867
3705 1680 2636
3706 2951 3202
3707 3299 2427
3708 3315 3382
3709 1959 899
3710 706 2659
3711 318 2523
3712 614 3779
3713 979 440
3714 809 2566
3715 2169 90
3716 3097 1604
3717 1729 2713
3718 2854 496
3719 79 3013
3720 1660 3212
3721 1093 2710
3722 2721 3311
3723 2618 2691
3724 743 952
3725 3156 3433
3726 3726 2634
3727 2282 1707
3728 627 3185
3729 851 3175
3730 2461 757
3731 3493 1678
3732 966 2838
3733 1917 2160
3734 1636 2675
3735 1457 403
3736 2071 1289
3737 3105 445
3738 3170 3821
3739 3101 1666
3740 2863 3172
3741 2176 1950
3742 2413 2404
3743 3878 1410
3744 3634 2091
3745 23 622
3746 3027 2601
3747 3677 2935
3748 3267 1679
3749 3739 1797
3750 3757 626
3751 3549 3817
3752 2369 192
3753 2494 3885
3754 2511 1715
3755 22 2173
3756 3455 217
3757 2987 2046
3758 1010 791
3759 3615 704
3760 1068 2939
3761 2718 593
3762 487 1867
3763 3347 1419
3764 945 543
3765 2179 3264
3766 3730 388
3767 1651 3344
3768 3243 2687
3769 2130 1990
3770 2402 1144
3771 2716 1910
3772 1979 3392
3773 3877 1408
3774 3849 432
3775 2329 3223
3776 3811 3422
3777 1527 3542
3778 1664 1914
3779 61 2787
3780 1971 3432
3781 3672 3272
3782 2488 2127
3783 1210 1081
3784 266 3815
3785 3493 2801
3786 1614 2255
3787 1427 1273
3788 592 3059
3789 2298 3590
3790 1579 336
3791 3743 2638
3792 1432 2813
3793 3462 1084
3794 255 1542
3795 1147 3109
3796 3249 1776
3797 1153 485
3798 1436 1830
3799 1246 2756
3800 1020 1685
3801 1449 3098
3802 2919 3054
3803 462 1314
3804 3779 2892
3805 3240 3854
3806 3003 2393
3807 2180 161
3808 2952 2902
3809 2973 2980
3810 2155 943
3811 1558 2640
3812 1578 2737
3813 871 3340
3814 580 3760
3815 3667 1155
3816 2190 2322
3817 3246 2545
3818 252 1455
3819 3101 939
3820 106 328
3821 1549 2775
3822 818 958
3823 242 636
3824 3898 730
3825 3 290
3826 3109 2082
3827 3592 806
3828 2796 357
3829 973 1193
3830 1503 735
3831 3400 2938
3832 1676 113
3833 3566 341
3834 855 1052
3835 2291 3619
3836 947 716
3837 3519 459
3838 477 2018
3839 1377 3784
3840 633 2738
3841 1099 1284
3842 819 1428
3843 1084 281
3844 2777 3475
3845 2683 1924
3846 861 3540
3847 3654 3310
3848 3058 1270
3849 1653 994
3850 3685 2919
3851 3548 1373
3852 829 746
3853 1944 3810
3854 3611 115
3855 1672 1231
3856 3017 2244
3857 2667 2417
3858 1830 199
3859 61 1976
3860 1584 1476
3861 1542 1218
3862 1734 1824
3863 3639 2045
3864 3859 923
3865 2802 2211
3866 905 598
3867 1124 1581
3868 510 1113
3869 1447 2135
3870 2081 1980
3871 1033 1449
3872 2573 3456
3873 1762 2097
3874 1048 2874
3875 2545 191
3876 2538 2453
3877 3052 3045
3878 1889 227
3879 2470 677
3880 1887 629
3881 293 2167
3882 2829 3173
3883 3881 3525
3884 473 3538
3885 2456 3825
3886 501 3830
3887 761 2393
3888 3389 1369
3889 2978 1620
3890 3159 3592
3891 2650 678
3892 2353 3798
3893 1083 2533
3894 123 1805
3895 3635 2887
3896 626 3525
3897 1660 437
3898 2178 1014
3899 489 2852
3900 549 1638
3901 1210 1543
3902 598 853
3903 580 1739
3904 526 1866
3905 3187 880
3906 2138 3109
3907 3703 156
3908 2486 3552
3909 1507 3649
3910 2584 3567
