4110 4110
1 810 1972
2 2909 620
3 2736 3156
4 3189 3335
5 2416 109
6 463 1575
7 1054 766
8 6 3645
9 907 289
10 2673 2348
11 3988 912
12 355 1638
13 3382 2016
14 724 2205
15 175 279
16 2118 2424
17 3466 549
18 2344 206
19 363 1393
20 1580 1113
21 1055 752
22 3938 479
23 2787 3988
24 3549 2671
25 2395 1093
26 3477 3120
27 3066 92
28 242 2278
29 2812 3906
30 811 1332
31 3525 1124
32 1703 1495
33 3198 3365
34 2873 728
35 3081 853
36 2556 26
37 821 3720
38 3637 678
39 2869 2806
40 286 534
41 1903 3346
42 1288 577
43 3648 3188
44 2843 3930
45 290 1074
46 2365 2056
47 3745 1935
48 1908 1716
49 1996 90
50 2806 3114
51 4087 2155
52 460 911
53 3963 2023
54 287 183
55 2679 1053
56 3347 3251
57 2018 3375
58 3108 2343
59 3611 1005
60 3168 1322
61 2825 1126
62 2418 1147
63 2613 787
64 4031 3611
65 3155 1700
66 1397 1247
67 1486 2731
68 3186 1168
69 1587 1981
70 3439 2296
71 508 3490
72 2086 1408
73 2183 2481
74 663 556
75 1291 1828
76 1109 2970
77 1952 769
78 3277 215
79 3378 1128
80 2146 158
81 2605 4047
82 3283 2182
83 2517 944
84 2736 3428
85 2321 2680
86 3709 3049
87 7 3808
88 3405 3041
89 3147 3288
90 3060 1086
91 608 2536
92 1776 1624
93 2506 1576
94 3852 2048
95 1647 3222
96 3653 1897
97 1353 3969
98 1487 1712
99 3335 523
100 888 3115
101 3208 187
102 534 3877
103 1404 735
104 3096 868
105 2180 843
106 3791 2088
107 2173 1047
108 3055 3597
109 2292 2217
110 222 2279
111 2605 40
112 509 164
113 1376 3393
114 2529 917
115 1009 1794
116 4078 881
117 2706 3771
118 2848 2722
119 2288 2257
120 1610 722
121 1965 3842
122 1961 3010
123 3622 427
124 3940 3772
125 85 2233
126 1736 1719
127 3907 2253
128 2328 3296
129 1955 1232
130 1760 1718
131 1738 2456
132 3634 2389
133 3902 3467
134 4085 3037
135 825 847
136 951 1341
137 2156 1414
138 1277 252
139 3614 895
140 311 2151
141 3847 2369
142 2240 1909
143 568 797
144 3060 540
145 2893 1265
146 3580 3107
147 865 799
148 100 2205
149 3193 2511
150 2617 788
151 652 2456
152 3899 2693
153 3153 108
154 2721 3613
155 1722 3258
156 1374 4080
157 2181 131
158 970 1566
159 623 4087
160 1869 2142
161 1186 482
162 1111 804
163 2304 486
164 3124 3677
165 1940 787
166 2426 1335
167 2095 1744
168 1896 1537
169 2433 3458
170 111 3182
171 2876 1367
172 892 3361
173 875 2340
174 1984 479
175 800 1248
176 3253 3702
177 3129 741
178 858 4040
179 3444 1994
180 3025 3614
181 2362 3720
182 3988 2775
183 2618 2518
184 3936 3636
185 2669 3539
186 196 2447
187 363 2550
188 1953 3249
189 2800 469
190 2288 3273
191 3184 2770
192 148 1158
193 3544 997
194 2267 2561
195 2252 2842
196 3221 3500
197 3759 1275
198 723 272
199 371 1401
200 3453 3884
201 3386 1738
202 3005 1848
203 1273 2623
204 424 3789
205 3686 3302
206 161 3645
207 2441 3742
208 3154 13
209 2556 961
210 1617 3395
211 1939 1472
212 246 1827
213 2288 617
214 3432 2274
215 3201 277
216 3437 2067
217 973 649
218 1178 3118
219 943 2772
220 1388 1925
221 342 280
222 2707 246
223 2819 289
224 3090 2673
225 1257 1552
226 124 2417
227 2856 1478
228 3620 2322
229 3519 2006
230 3639 1630
231 3310 2068
232 3537 3094
233 1114 3512
234 734 275
235 179 661
236 2925 3831
237 2541 2150
238 1753 1012
239 917 1905
240 439 332
241 1594 782
242 393 681
243 1818 3268
244 3873 1389
245 1437 2354
246 2031 702
247 2034 2179
248 289 553
249 2467 2780
250 413 1069
251 586 3776
252 3779 475
253 1145 540
254 2735 2391
255 2808 2907
256 233 1413
257 2598 1535
258 1632 79
259 1336 402
260 299 775
261 3660 3999
262 11 2802
263 1846 1610
264 3891 1484
265 214 3880
266 119 1762
267 909 3639
268 4023 162
269 3863 54
270 3582 2120
271 3478 2309
272 949 3241
273 381 3565
274 107 3572
275 274 3474
276 1524 3016
277 2109 1815
278 367 3867
279 2132 2061
280 540 1607
281 3278 1005
282 808 4015
283 691 1588
284 504 3766
285 3605 2393
286 3500 2890
287 2601 392
288 1725 4042
289 4015 3720
290 1240 3080
291 3077 3787
292 951 3546
293 2341 106
294 2833 1234
295 3525 2276
296 2317 1873
297 893 1658
298 154 2113
299 725 3553
300 3510 1397
301 1910 2130
302 2412 350
303 1324 2579
304 2695 3160
305 3331 4056
306 3513 3582
307 2774 2016
308 1088 3034
309 2548 46
310 3633 1081
311 3126 2034
312 1743 4021
313 3809 2331
314 1105 3512
315 2602 395
316 3772 58
317 1732 2818
318 1514 3430
319 1481 3118
320 1103 840
321 1565 3275
322 2122 3018
323 1524 3646
324 1440 2934
325 2001 3789
326 495 2764
327 3504 2041
328 671 2692
329 3418 162
330 3439 518
331 943 231
332 1238 3987
333 2994 1217
334 2945 1578
335 1931 1066
336 3186 2558
337 2812 1395
338 1427 166
339 2400 3095
340 2511 2047
341 1052 2369
342 192 2151
343 4032 44
344 1837 1977
345 299 1828
346 4101 2943
347 3498 220
348 1074 2103
349 2255 2958
350 1787 1638
351 2670 853
352 182 2582
353 3913 3306
354 2839 3317
355 1725 4040
356 1576 3737
357 1022 3903
358 2330 618
359 1108 3046
360 753 2537
361 4108 2432
362 861 890
363 2936 2222
364 1110 554
365 1375 2654
366 2171 3296
367 610 3838
368 432 188
369 2903 2771
370 714 1053
371 622 2749
372 1353 604
373 89 1500
374 3233 497
375 261 2426
376 2484 2265
377 1146 2618
378 652 2083
379 836 1139
380 396 2384
381 3181 3901
382 1057 3086
383 1566 3972
384 943 3769
385 3005 2869
386 2342 3684
387 1236 866
388 1223 2365
389 1620 1467
390 725 742
391 3935 3152
392 422 4062
393 3341 3453
394 3239 2754
395 4021 1244
396 2976 3766
397 3473 3278
398 683 2826
399 501 691
400 163 2516
401 80 3213
402 73 1699
403 2852 1071
404 1672 3530
405 1844 2762
406 1342 1705
407 3270 3014
408 1624 3509
409 2814 3658
410 1553 316
411 3900 3288
412 1672 1434
413 2906 2569
414 113 1181
415 1505 2242
416 1089 2957
417 3397 849
418 3413 3544
419 1332 2635
420 75 3617
421 2066 1663
422 678 474
423 2867 614
424 1589 1530
425 1212 2265
426 1347 1466
427 1348 1402
428 2521 1911
429 3438 207
430 3577 1878
431 1138 1916
432 166 188
433 2757 1689
434 2594 1727
435 2117 1982
436 3134 3041
437 563 3203
438 3375 3307
439 137 3922
440 1032 59
441 1260 4071
442 1657 1416
443 1928 2634
444 447 3953
445 3884 51
446 4023 1717
447 1655 1927
448 2605 2645
449 1258 522
450 782 2603
451 3230 908
452 1996 3678
453 689 1401
454 3021 1427
455 1505 1400
456 1776 1815
457 2319 1963
458 2119 662
459 343 2856
460 3591 3772
461 3805 2609
462 3563 2110
463 1776 1530
464 2395 3781
465 3077 1337
466 2755 701
467 3940 1800
468 1467 3964
469 2655 3702
470 2140 2889
471 2432 3096
472 2533 2645
473 1054 2813
474 3761 769
475 206 3198
476 652 2367
477 66 1487
478 1248 1988
479 1468 904
480 2968 1499
481 1031 998
482 1454 287
483 208 4083
484 2907 3460
485 3867 1978
486 423 1049
487 3172 3654
488 3008 3404
489 2872 1698
490 104 33
491 2379 1492
492 1985 1858
493 2720 3492
494 1292 1011
495 1612 1491
496 529 3603
497 1345 1238
498 3535 2131
499 1459 337
500 672 2624
501 2476 1418
502 2496 2095
503 1231 2870
504 4015 1844
505 2489 3119
506 2498 2038
507 303 1058
508 2277 1264
509 2236 4081
510 741 3903
511 113 1438
512 276 2131
513 2994 1108
514 46 188
515 1704 61
516 2448 3259
517 1822 191
518 1935 1066
519 3024 1351
520 3141 727
521 3248 342
522 2459 3102
523 663 1582
524 1548 617
525 2495 3805
526 1691 13
527 12 40
528 407 2461
529 2033 418
530 3633 1584
531 199 1796
532 474 3847
533 2326 1451
534 1248 2398
535 3995 968
536 3082 53
537 1689 3943
538 999 608
539 3282 236
540 811 1179
541 349 421
542 3292 533
543 1151 1517
544 228 2985
545 3483 73
546 3562 2069
547 997 900
548 427 3876
549 933 1222
550 113 3037
551 387 518
552 3753 604
553 3542 1157
554 3844 1227
555 565 3118
556 2075 891
557 1501 665
558 1636 941
559 397 3131
560 3927 2880
561 1338 1958
562 2029 2681
563 1404 2101
564 763 3959
565 337 737
566 3254 1219
567 1911 3835
568 1733 66
569 3170 301
570 1892 253
571 2492 1033
572 240 2813
573 854 149
574 1751 2006
575 3750 3183
576 584 2671
577 2665 945
578 2510 1301
579 3414 2834
580 819 1608
581 3639 2205
582 4009 355
583 2749 3461
584 2814 1353
585 244 3128
586 2974 2266
587 3514 2154
588 3417 3019
589 2161 3352
590 1833 1228
591 1907 786
592 713 3444
593 3618 885
594 1422 877
595 2268 1570
596 1153 3564
597 3027 602
598 1099 478
599 2327 1197
600 1681 284
601 3282 3590
602 3976 470
603 3329 3360
604 388 2591
605 2037 3963
606 907 1394
607 3140 427
608 3382 3745
609 985 2723
610 9 1421
611 2233 1706
612 3431 1253
613 3988 104
614 2182 2798
615 1212 3990
616 2122 1682
617 1670 1183
618 2727 1576
619 2548 2681
620 1257 3620
621 2509 652
622 3269 2362
623 4078 3294
624 772 2681
625 961 279
626 678 3901
627 263 4013
628 1759 3435
629 646 1869
630 3973 1483
631 654 3386
632 813 3275
633 2091 381
634 2106 809
635 3029 3183
636 1020 989
637 2352 956
638 1716 606
639 2712 3509
640 2161 596
641 2719 462
642 2781 2133
643 2670 1745
644 3905 3331
645 422 45
646 3682 3761
647 3266 190
648 3535 4021
649 4087 2528
650 1931 2792
651 3207 863
652 3665 3144
653 1083 1734
654 2539 2001
655 1941 340
656 1834 3062
657 2061 3276
658 2609 3214
659 575 1524
660 2081 3839
661 3599 1753
662 240 1821
663 129 241
664 846 3667
665 59 2070
666 3076 880
667 2879 638
668 1959 2877
669 3860 381
670 748 1045
671 1692 2311
672 2956 112
673 93 1380
674 1504 2865
675 2226 2903
676 2050 311
677 3318 3104
678 1180 802
679 13 2309
680 744 3081
681 3704 2317
682 3465 1494
683 2752 692
684 2104 2322
685 140 3715
686 517 1633
687 3027 2324
688 1689 3226
689 3000 739
690 1973 2321
691 566 2361
692 2236 1438
693 1910 1076
694 3090 3134
695 160 1981
696 3775 4029
697 1475 3561
698 1742 123
699 225 3910
700 3081 512
701 903 3212
702 2959 285
703 3585 2873
704 3415 681
705 1718 309
706 3238 3322
707 2118 1303
708 1950 820
709 2785 2189
710 3613 3645
711 3054 214
712 3713 1178
713 1009 3418
714 1934 1206
715 2388 2331
716 645 1714
717 1991 3545
718 2019 2803
719 2479 3154
720 2179 1757
721 144 4023
722 1578 790
723 1649 2393
724 1723 947
725 2212 1165
726 1107 2787
727 3985 2666
728 3209 2762
729 2801 4033
730 900 2142
731 466 916
732 4098 2760
733 4099 2263
734 1029 3952
735 3618 3405
736 1354 860
737 3593 469
738 2543 2818
739 3620 1005
740 3191 1436
741 1315 2487
742 3538 1742
743 3490 42
744 2137 1245
745 208 875
746 440 1507
747 3485 1663
748 3080 1716
749 896 2229
750 4034 3224
751 3829 901
752 1202 1181
753 1794 3878
754 294 2352
755 960 1769
756 546 2801
757 2635 3065
758 3373 2645
759 2792 187
760 1030 2546
761 4106 2499
762 3403 2605
763 835 3726
764 777 1880
765 3458 2955
766 4026 1513
767 961 1953
768 2754 3258
769 2110 803
770 2371 1172
771 66 2019
772 1527 2679
773 1236 1015
774 2012 591
775 479 3877
776 1868 1599
777 1790 2003
778 1585 1921
779 3475 2960
780 1151 3113
781 3278 1049
782 3157 330
783 2109 1690
784 378 195
785 204 3552
786 930 2351
787 4023 467
788 2539 3606
789 1593 3656
790 2359 4070
791 44 708
792 3178 2007
793 1851 1912
794 3938 1007
795 2732 370
796 1049 2627
797 1262 2210
798 409 2591
799 3172 390
800 1208 2433
801 1601 532
802 1505 1807
803 839 410
804 986 1016
805 819 2959
806 3808 1976
807 1787 1753
808 598 726
809 1852 1620
810 140 2141
811 3505 2107
812 2648 2302
813 3395 899
814 150 3830
815 851 3479
816 1604 1100
817 3900 2016
818 2354 521
819 3865 2635
820 3373 3798
821 1328 98
822 3035 596
823 3144 2457
824 3204 3714
825 214 1507
826 1359 786
827 3391 3143
828 792 1369
829 77 1005
830 3354 650
831 1314 1094
832 2808 772
833 2345 2708
834 2784 319
835 3269 409
836 1210 1300
837 2279 1227
838 1651 3288
839 2351 3751
840 407 1502
841 658 2933
842 3264 1578
843 894 3375
844 3536 3954
845 3449 3063
846 54 3049
847 3308 400
848 2836 2816
849 915 2517
850 3154 315
851 2011 256
852 2995 95
853 138 1489
854 2320 1918
855 3113 3268
856 3161 2070
857 3765 243
858 2573 1775
859 3988 3848
860 3716 2974
861 2074 483
862 1434 1428
863 2832 1830
864 1037 1163
865 676 2220
866 880 356
867 413 1854
868 2118 3883
869 4110 894
870 425 1975
871 1716 3902
872 2981 2190
873 2862 871
874 1281 3922
875 1123 2536
876 3384 467
877 1922 211
878 3629 3697
879 793 2518
880 1639 3535
881 3772 3913
882 2423 1354
883 3817 1586
884 1073 930
885 379 768
886 736 1569
887 3579 1253
888 597 3753
889 466 1239
890 2323 3412
891 2094 2561
892 1590 3699
893 1597 1844
894 3602 2388
895 3122 753
896 1985 1996
897 1096 2230
898 2855 1401
899 1930 869
900 3462 1177
901 420 3199
902 964 3985
903 3038 180
904 2070 1442
905 397 2750
906 1351 589
907 1397 3862
908 2155 511
909 900 1737
910 3587 3320
911 556 3964
912 4076 1954
913 615 1344
914 2746 3316
915 2366 2384
916 1665 3132
917 350 3258
918 3535 1023
919 3560 2468
920 1676 3279
921 2996 3677
922 3405 1085
923 2770 3528
924 2233 191
925 819 1898
926 2540 1047
927 1298 73
928 3246 1715
929 3603 1850
930 3382 2990
931 988 1628
932 1052 2091
933 1586 998
934 4043 2433
935 1642 2833
936 3471 1968
937 1802 3388
938 2243 3266
939 2979 3349
940 3751 706
941 3089 648
942 689 3518
943 2131 2585
944 3825 710
945 3969 1889
946 3103 1489
947 3125 3021
948 330 2915
949 2405 1673
950 3132 2034
951 2575 1028
952 4059 3329
953 3426 2234
954 675 2566
955 3587 2604
956 1523 1148
957 2303 1846
958 3092 3087
959 865 1720
960 2803 3152
961 701 22
962 1189 609
963 2801 27
964 2861 3034
965 2051 3527
966 2387 3154
967 794 1840
968 1044 2086
969 3343 1770
970 2672 3480
971 3296 1048
972 3802 1615
973 2356 1890
974 3974 1726
975 551 618
976 2616 2385
977 1865 463
978 2195 3660
979 3398 3365
980 1013 884
981 847 1338
982 444 1967
983 3974 3099
984 1355 2304
985 2105 312
986 927 3351
987 1609 4034
988 3394 3106
989 113 2718
990 2162 2028
991 1047 3794
992 2359 643
993 610 4074
994 3393 2128
995 761 242
996 364 360
997 4083 3643
998 880 3596
999 42 3338
1000 700 504
1001 1231 1268
1002 1406 699
1003 3498 1174
1004 2213 3743
1005 1293 2693
1006 1984 3653
1007 3233 136
1008 2348 1285
1009 2941 370
1010 2886 1118
1011 433 3452
1012 3494 1920
1013 1914 3298
1014 328 2350
1015 2832 2461
1016 3666 2772
1017 3433 921
1018 3016 2994
1019 2404 3784
1020 3389 2434
1021 699 1495
1022 485 3329
1023 1128 118
1024 3783 795
1025 3831 620
1026 277 2805
1027 308 2392
1028 1645 3033
1029 1790 2473
1030 356 1376
1031 2541 1191
1032 71 3874
1033 4060 644
1034 1383 2667
1035 1014 3665
1036 2832 3542
1037 2212 4006
1038 3759 2847
1039 1547 3150
1040 863 329
1041 3225 636
1042 4102 1761
1043 3640 3487
1044 3611 2293
1045 4020 435
1046 3700 886
1047 2609 1395
1048 604 3472
1049 3650 3018
1050 1629 990
1051 3149 1878
1052 1443 3998
1053 2460 3428
1054 2960 621
1055 334 1233
1056 780 2276
1057 2367 1099
1058 3291 2292
1059 2602 2319
1060 2515 3298
1061 1775 1205
1062 1702 2160
1063 3616 1649
1064 1071 2461
1065 3820 3272
1066 1372 745
1067 1214 408
1068 1232 1742
1069 3260 2722
1070 1952 685
1071 2688 3736
1072 3948 1929
1073 3135 120
1074 264 990
1075 2272 3504
1076 1033 2663
1077 1411 1903
1078 3200 3212
1079 2715 1900
1080 2160 2748
1081 3047 1728
1082 3728 1113
1083 966 2391
1084 1318 4056
1085 3513 1498
1086 2214 3584
1087 2279 737
1088 3443 3587
1089 716 455
1090 2719 70
1091 867 255
1092 2612 1898
1093 2143 744
1094 1641 3342
1095 2423 2799
1096 1557 3139
1097 774 3912
1098 200 2676
1099 1304 3782
1100 1595 2792
1101 2862 237
1102 1492 3044
1103 2134 3907
1104 1448 449
1105 3034 2069
1106 2739 2479
1107 1628 3485
1108 3814 3634
1109 269 920
1110 3742 2695
1111 2278 2034
1112 2055 3338
1113 1860 117
1114 4002 2747
1115 1590 1459
1116 3062 3254
1117 2256 624
1118 3257 1628
1119 2081 1065
1120 1253 3170
1121 3212 1796
1122 1568 4009
1123 598 263
1124 1858 3295
1125 1276 2388
1126 947 2481
1127 2508 2445
1128 3330 173
1129 3687 1830
1130 633 3930
1131 2545 1675
1132 3605 3423
1133 3386 1442
1134 3251 3192
1135 3083 1735
1136 3146 2861
1137 3227 1567
1138 1838 1630
1139 3066 3466
1140 3516 1533
1141 3286 2307
1142 1965 978
1143 704 3910
1144 2059 3699
1145 606 1307
1146 1304 1559
1147 2030 3271
1148 2107 2292
1149 917 2117
1150 2715 324
1151 3019 4034
1152 192 3861
1153 2024 67
1154 2786 1262
1155 3126 2350
1156 117 13
1157 1502 2933
1158 454 1192
1159 3140 3009
1160 25 436
1161 379 4005
1162 1611 33
1163 2478 2133
1164 2890 3973
1165 3034 3509
1166 3827 2897
1167 679 3344
1168 2777 3413
1169 3964 1414
1170 706 2006
1171 4003 3649
1172 87 1297
1173 317 3279
1174 3006 3644
1175 1233 1475
1176 4 2458
1177 3629 145
1178 2540 930
1179 3686 3626
1180 2607 1594
1181 2004 2900
1182 1601 1299
1183 322 3858
1184 2073 3879
1185 1709 2485
1186 938 3808
1187 1615 2694
1188 1081 737
1189 1092 3566
1190 1049 1144
1191 3642 2185
1192 1662 2302
1193 3614 1369
1194 1791 2672
1195 2139 1376
1196 3352 1175
1197 4063 3222
1198 96 3536
1199 2674 2697
1200 2238 635
1201 1442 1029
1202 1988 3342
1203 1350 3960
1204 1413 3250
1205 2048 772
1206 3391 118
1207 3384 838
1208 1771 2069
1209 3004 4086
1210 2342 636
1211 3792 2602
1212 108 1749
1213 3748 4059
1214 537 2127
1215 1602 2355
1216 658 2061
1217 2319 3994
1218 3081 2797
1219 1395 1079
1220 618 1988
1221 2485 1306
1222 3452 3839
1223 3170 2391
1224 1989 427
1225 1213 1239
1226 4110 3374
1227 3068 3341
1228 957 3473
1229 900 1976
1230 982 2877
1231 4102 2031
1232 3484 1330
1233 243 3210
1234 607 980
1235 854 492
1236 3334 3999
1237 2670 4109
1238 4037 204
1239 2287 172
1240 1081 1160
1241 3074 3754
1242 3730 62
1243 3748 333
1244 2650 3403
1245 324 2630
1246 538 214
1247 1865 1848
1248 1759 848
1249 304 3705
1250 3890 2101
1251 3963 1904
1252 2645 344
1253 3839 1225
1254 444 2727
1255 1048 1323
1256 2806 1293
1257 1941 2654
1258 3226 1495
1259 2416 4023
1260 3382 3603
1261 3909 552
1262 3251 2298
1263 50 3192
1264 4077 3915
1265 563 3156
1266 3317 2764
1267 3764 1501
1268 1295 3979
1269 313 2005
1270 1692 1324
1271 1125 1474
1272 3814 2410
1273 246 2384
1274 1337 2981
1275 789 1008
1276 1894 3037
1277 2293 3698
1278 2225 1355
1279 616 267
1280 3249 2850
1281 51 559
1282 2206 1091
1283 2430 954
1284 2804 323
1285 3596 455
1286 1076 3420
1287 879 1400
1288 1860 3555
1289 1838 488
1290 2077 893
1291 1498 3584
1292 2369 1903
1293 3297 345
1294 3722 3455
1295 2326 422
1296 1863 2974
1297 2763 3888
1298 821 4038
1299 3159 2858
1300 3577 4018
1301 1611 3782
1302 1272 1065
1303 3582 2804
1304 3804 224
1305 2977 3152
1306 2068 781
1307 312 538
1308 1769 1184
1309 3717 187
1310 2614 3067
1311 1079 3822
1312 2943 2625
1313 1670 1774
1314 698 3413
1315 2178 2515
1316 1015 2502
1317 3913 4069
1318 1902 3591
1319 1650 429
1320 1062 1588
1321 1226 1889
1322 3430 1037
1323 1798 2131
1324 1935 3099
1325 1318 2135
1326 3157 3948
1327 1908 3676
1328 2737 1035
1329 3040 380
1330 95 312
1331 511 488
1332 1626 442
1333 586 2378
1334 3637 958
1335 624 2163
1336 2710 1278
1337 3338 962
1338 667 1122
1339 3662 3111
1340 1931 2544
1341 3052 1518
1342 2327 2700
1343 2649 2337
1344 2487 2671
1345 1666 2406
1346 2429 555
1347 429 2486
1348 1029 3514
1349 3119 978
1350 3866 519
1351 2965 604
1352 2268 2155
1353 592 1956
1354 2002 1450
1355 411 3599
1356 1705 3645
1357 398 3096
1358 2262 1213
1359 2273 3085
1360 433 679
1361 1755 3874
1362 4061 3372
1363 1119 2815
1364 3612 1963
1365 3756 2894
1366 1369 2587
1367 3821 1607
1368 2473 4088
1369 1677 3101
1370 43 3500
1371 19 529
1372 2313 3541
1373 2581 390
1374 2154 1995
1375 553 2130
1376 4031 1657
1377 148 1453
1378 2071 275
1379 2790 1041
1380 2653 3711
1381 3706 252
1382 3747 96
1383 3812 4067
1384 3169 3740
1385 33 3725
1386 783 1600
1387 2929 98
1388 1697 160
1389 3016 122
1390 2136 847
1391 2618 607
1392 960 547
1393 3212 1236
1394 3144 509
1395 2343 1655
1396 870 1134
1397 1259 2376
1398 3438 3598
1399 249 3360
1400 865 3114
1401 2397 250
1402 3047 3470
1403 2835 1203
1404 2793 768
1405 534 2113
1406 3166 2522
1407 2181 1023
1408 890 1968
1409 1728 2080
1410 2464 1941
1411 2148 2188
1412 1753 3837
1413 3892 3245
1414 2264 3825
1415 3684 459
1416 1622 777
1417 36 2296
1418 2599 1235
1419 2338 3896
1420 1425 1314
1421 3153 2606
1422 3372 508
1423 2309 2478
1424 2049 3219
1425 3775 3710
1426 377 3619
1427 1376 1099
1428 1680 2444
1429 3612 1928
1430 2651 1242
1431 1368 1259
1432 3938 978
1433 1735 3917
1434 369 527
1435 1291 932
1436 2969 2866
1437 3418 3609
1438 1930 1801
1439 2761 1225
1440 3433 2384
1441 2406 3172
1442 2391 1207
1443 111 1992
1444 2136 359
1445 1836 2700
1446 305 1156
1447 1904 365
1448 3425 83
1449 920 595
1450 2109 3822
1451 121 2657
1452 1019 3503
1453 3176 3443
1454 2846 1797
1455 545 2661
1456 1264 3115
1457 3750 2268
1458 2736 3992
1459 3684 1294
1460 1601 2443
1461 839 2596
1462 3866 1495
1463 2587 1637
1464 1021 250
1465 95 786
1466 2857 2443
1467 729 3904
1468 2720 2317
1469 1354 1857
1470 3290 1291
1471 1688 780
1472 976 1406
1473 2685 4007
1474 692 1664
1475 2009 462
1476 3664 2016
1477 4087 3856
1478 2812 1701
1479 1738 1645
1480 2438 88
1481 2840 1938
1482 2250 888
1483 1705 654
1484 4104 3292
1485 1623 3581
1486 1376 2146
1487 800 3169
1488 783 2816
1489 3388 4046
1490 702 1195
1491 2351 2220
1492 580 1848
1493 3571 1370
1494 3778 1722
1495 3034 2328
1496 2275 3665
1497 1711 2142
1498 1201 607
1499 2662 2145
1500 1979 3653
1501 736 2110
1502 153 2845
1503 2185 1787
1504 3778 1474
1505 2786 3360
1506 150 2738
1507 895 1771
1508 1925 1276
1509 807 3565
1510 2454 3019
1511 2622 2331
1512 349 3501
1513 2227 1033
1514 1678 121
1515 128 2102
1516 2477 1298
1517 526 138
1518 3835 3157
1519 2386 2074
1520 2169 850
1521 2994 3903
1522 1361 3069
1523 2957 3913
1524 2283 982
1525 1942 3408
1526 3245 3564
1527 2006 1335
1528 1474 1461
1529 2990 3000
1530 2476 2790
1531 4099 3730
1532 512 3579
1533 3904 1346
1534 1248 3699
1535 3646 2289
1536 1265 1314
1537 3099 507
1538 3714 26
1539 2434 1928
1540 1005 2657
1541 2320 3069
1542 4060 2615
1543 3601 396
1544 3237 530
1545 3345 1309
1546 3443 933
1547 930 2941
1548 4096 2193
1549 2421 2395
1550 2932 2264
1551 559 1502
1552 3376 24
1553 2930 1090
1554 3527 848
1555 2580 2467
1556 2660 561
1557 2362 1703
1558 3185 275
1559 2964 1049
1560 336 484
1561 4054 2427
1562 1257 268
1563 2442 572
1564 2139 2515
1565 1037 709
1566 3591 1597
1567 1187 162
1568 3473 3368
1569 3846 2556
1570 2060 1173
1571 3676 1000
1572 486 2626
1573 3123 3443
1574 298 2046
1575 224 2090
1576 571 2106
1577 2515 1582
1578 2092 3017
1579 1261 3054
1580 536 2373
1581 1569 3135
1582 3427 1289
1583 2623 3524
1584 2082 2639
1585 3615 2683
1586 1733 2262
1587 2692 2029
1588 1380 1245
1589 2963 1411
1590 123 1941
1591 982 3246
1592 744 3191
1593 1311 3432
1594 508 701
1595 3145 1081
1596 2517 941
1597 2694 1064
1598 3694 1996
1599 2423 1782
1600 165 2248
1601 1308 341
1602 1912 1775
1603 1955 3102
1604 458 1926
1605 1209 1706
1606 220 3038
1607 3753 1278
1608 2427 2658
1609 1 1061
1610 562 1898
1611 2659 2714
1612 3976 2513
1613 169 3530
1614 2252 1554
1615 3836 2157
1616 129 3505
1617 1075 3712
1618 3012 2880
1619 484 2578
1620 2388 3414
1621 2267 3523
1622 3308 1705
1623 3744 2098
1624 417 99
1625 3217 1088
1626 3138 3921
1627 3386 945
1628 1691 3837
1629 2939 3777
1630 2460 2639
1631 2580 915
1632 1152 510
1633 4038 1190
1634 2279 1258
1635 2654 80
1636 504 1021
1637 3180 2930
1638 605 3039
1639 1406 211
1640 2498 561
1641 233 2783
1642 1731 1042
1643 2164 1915
1644 1880 3006
1645 701 475
1646 282 772
1647 3619 3469
1648 3523 814
1649 3950 3146
1650 2121 2211
1651 1424 153
1652 1354 3619
1653 2406 1087
1654 1157 1208
1655 2214 3715
1656 1349 1884
1657 1842 2512
1658 3666 1037
1659 512 467
1660 3313 3235
1661 226 1606
1662 733 874
1663 830 3938
1664 195 651
1665 4094 49
1666 1888 3327
1667 3105 273
1668 488 543
1669 3256 25
1670 2284 3663
1671 560 973
1672 2639 2690
1673 3476 1622
1674 317 85
1675 1203 707
1676 2206 528
1677 1367 3472
1678 2220 487
1679 1114 1478
1680 1778 1483
1681 272 12
1682 1870 3819
1683 2816 2952
1684 2224 2575
1685 1791 3203
1686 2694 2260
1687 3965 1934
1688 1148 2950
1689 1646 2664
1690 1002 3874
1691 3918 3778
1692 3319 7
1693 837 3803
1694 3527 2441
1695 509 506
1696 3218 1451
1697 1810 4023
1698 3633 3408
1699 585 3633
1700 218 1069
1701 3706 2398
1702 1923 2359
1703 650 1370
1704 652 3532
1705 1941 840
1706 3309 2718
1707 1148 3306
1708 639 3806
1709 426 1085
1710 832 2300
1711 3963 2365
1712 901 3927
1713 2563 1610
1714 1127 3217
1715 1797 2905
1716 781 718
1717 2888 2921
1718 559 2057
1719 72 3088
1720 1809 1980
1721 2920 667
1722 1996 3988
1723 2731 2624
1724 1364 2738
1725 3115 3346
1726 3356 803
1727 1121 1105
1728 3983 1186
1729 1575 3946
1730 2132 1097
1731 421 2172
1732 3557 3118
1733 2747 2846
1734 354 740
1735 720 3823
1736 2391 1405
1737 2 3644
1738 1202 244
1739 3315 1543
1740 1249 1070
1741 301 2818
1742 1047 3644
1743 3089 35
1744 2622 2732
1745 3079 2858
1746 2702 81
1747 3778 4101
1748 858 2651
1749 3662 1229
1750 3888 2410
1751 2105 1125
1752 938 1485
1753 2014 3809
1754 1560 876
1755 2459 1137
1756 1379 3854
1757 1235 1157
1758 1008 1475
1759 1782 3612
1760 194 2635
1761 3833 3150
1762 279 42
1763 3887 4063
1764 2316 3156
1765 2871 2443
1766 2576 364
1767 318 2027
1768 1548 3128
1769 2201 628
1770 984 351
1771 857 3631
1772 3720 1160
1773 3472 1341
1774 3625 2121
1775 2135 780
1776 844 312
1777 2013 2725
1778 1242 2031
1779 2009 2578
1780 2235 925
1781 2691 3397
1782 1100 849
1783 1141 2156
1784 532 35
1785 3219 2770
1786 2435 2196
1787 226 3730
1788 3130 4058
1789 1648 2657
1790 1665 2141
1791 1885 1960
1792 1830 187
1793 645 578
1794 1025 3833
1795 319 1205
1796 133 1815
1797 2296 2319
1798 1087 2958
1799 2711 2288
1800 4090 3244
1801 471 3332
1802 1483 2787
1803 3197 1512
1804 3792 416
1805 3808 1938
1806 1278 3385
1807 131 2505
1808 1294 3584
1809 3837 462
1810 3890 300
1811 1903 2539
1812 638 142
1813 2163 2306
1814 1218 2848
1815 529 15
1816 2418 254
1817 2660 729
1818 3306 3448
1819 1429 2092
1820 2441 3659
1821 2638 659
1822 1782 321
1823 657 2469
1824 2596 618
1825 450 3335
1826 3041 3790
1827 3098 1882
1828 1151 3782
1829 3515 3437
1830 1000 1858
1831 3224 2524
1832 3596 127
1833 3351 2464
1834 1580 2799
1835 3711 3401
1836 1257 3676
1837 4011 1614
1838 3099 816
1839 610 3168
1840 1872 2743
1841 637 3033
1842 1070 2955
1843 707 3907
1844 4068 850
1845 434 3000
1846 1104 2053
1847 3899 1150
1848 260 601
1849 965 807
1850 3251 74
1851 3526 299
1852 3189 3471
1853 2549 247
1854 2317 1584
1855 1600 2959
1856 252 2317
1857 3639 2479
1858 1170 3728
1859 1335 1881
1860 898 1356
1861 523 3040
1862 3032 2790
1863 901 822
1864 2146 539
1865 3109 1228
1866 3988 21
1867 3603 1126
1868 77 3284
1869 2061 1429
1870 1575 181
1871 2824 1011
1872 198 483
1873 1108 1470
1874 3812 1004
1875 3945 2664
1876 141 3765
1877 3910 2696
1878 1451 4046
1879 2047 3394
1880 3994 3811
1881 2256 2184
1882 733 4010
1883 3696 2707
1884 1085 4028
1885 3552 2679
1886 4061 3449
1887 3942 1643
1888 834 3951
1889 2327 1007
1890 2302 3073
1891 526 1488
1892 3294 3445
1893 3920 2090
1894 3963 3089
1895 3510 3430
1896 1429 2967
1897 4063 2888
1898 3477 2144
1899 248 3127
1900 4043 3743
1901 549 2499
1902 1688 2967
1903 1975 2101
1904 2393 3552
1905 1221 2962
1906 2989 2515
1907 533 3068
1908 745 992
1909 2729 2326
1910 3117 2251
1911 2601 752
1912 3287 122
1913 2939 3760
1914 2937 2368
1915 3170 1175
1916 4003 1699
1917 4101 598
1918 3749 3488
1919 2854 561
1920 1991 3907
1921 901 2082
1922 1057 1420
1923 2001 713
1924 95 2237
1925 3816 1605
1926 513 596
1927 1988 217
1928 3299 2065
1929 2368 2093
1930 2873 693
1931 2957 1010
1932 787 1841
1933 1788 1775
1934 260 2722
1935 1426 345
1936 1965 2203
1937 1450 2425
1938 1186 2720
1939 4103 1102
1940 1830 1578
1941 3298 2994
1942 2910 2363
1943 804 3499
1944 4076 378
1945 3139 494
1946 329 2863
1947 3348 3832
1948 3657 1239
1949 2483 3592
1950 2395 3331
1951 1784 1701
1952 1538 856
1953 3806 704
1954 440 2304
1955 2925 3729
1956 3325 2643
1957 2592 2660
1958 1792 642
1959 3766 1316
1960 1450 95
1961 2677 2329
1962 1057 3246
1963 996 3323
1964 2434 1970
1965 3923 372
1966 2050 935
1967 600 1921
1968 926 3183
1969 1990 3052
1970 1381 1239
1971 3796 798
1972 3062 1849
1973 3973 1748
1974 1690 1803
1975 61 1417
1976 25 3150
1977 3371 3727
1978 4093 1161
1979 1576 2536
1980 4036 3238
1981 925 196
1982 509 327
1983 4013 3331
1984 1345 1515
1985 3210 37
1986 3289 1321
1987 741 2213
1988 520 960
1989 2575 2386
1990 188 954
1991 228 704
1992 1848 45
1993 920 2357
1994 854 1217
1995 3789 1674
1996 388 807
1997 1269 3572
1998 3991 3371
1999 2748 849
2000 1006 966
2001 3313 3756
2002 2387 1750
2003 913 2362
2004 169 2522
2005 2943 3798
2006 147 2379
2007 3610 784
2008 1182 2841
2009 3983 309
2010 585 869
2011 3141 1643
2012 739 10
2013 1823 3995
2014 3328 327
2015 770 3213
2016 3227 108
2017 3447 2965
2018 169 2119
2019 609 561
2020 3593 1874
2021 2147 1857
2022 921 3093
2023 2580 522
2024 2181 175
2025 1751 1216
2026 1032 2409
2027 379 390
2028 2890 2855
2029 307 4048
2030 2621 3410
2031 3182 3308
2032 4101 2300
2033 1617 3731
2034 2958 3650
2035 922 1608
2036 1150 3920
2037 2560 1860
2038 3253 1401
2039 2752 3712
2040 1324 2131
2041 934 1470
2042 990 1313
2043 1277 1008
2044 1752 366
2045 3631 3635
2046 3252 791
2047 3667 3615
2048 832 3690
2049 796 659
2050 2137 183
2051 85 2893
2052 414 2019
2053 3524 1979
2054 603 450
2055 2319 2965
2056 309 3251
2057 1213 2336
2058 419 2121
2059 301 3519
2060 1455 680
2061 3346 3082
2062 3094 2596
2063 1156 3205
2064 3835 1548
2065 1262 1891
2066 1908 2619
2067 1128 2848
2068 1732 2761
2069 1126 1369
2070 3703 566
2071 724 4038
2072 2054 3533
2073 3015 2169
2074 4105 2327
2075 1384 764
2076 2900 728
2077 302 260
2078 1185 3349
2079 3710 2524
2080 198 2261
2081 3812 224
2082 3867 3046
2083 220 941
2084 2785 1748
2085 979 4051
2086 9 2805
2087 2542 1730
2088 2141 3648
2089 3847 311
2090 1782 158
2091 929 2948
2092 3986 2896
2093 426 1680
2094 1950 2642
2095 4088 2720
2096 2217 1234
2097 2552 1429
2098 2215 2277
2099 2775 1898
2100 1805 3591
2101 1107 3147
2102 2357 1404
2103 932 3985
2104 1258 1505
2105 2186 1417
2106 453 3239
2107 808 989
2108 3835 1800
2109 2394 3067
2110 2195 1241
2111 182 1982
2112 3082 2766
2113 441 602
2114 201 2306
2115 2567 3155
2116 2351 1804
2117 837 870
2118 4082 3663
2119 2629 3233
2120 1313 4018
2121 1809 2570
2122 4060 3929
2123 3580 2947
2124 2338 1958
2125 2078 1013
2126 5 980
2127 3125 3757
2128 865 57
2129 1741 1482
2130 2353 1967
2131 3057 3071
2132 983 3016
2133 577 413
2134 4017 1504
2135 2728 1499
2136 876 2783
2137 3017 2280
2138 1160 3767
2139 723 1817
2140 383 6
2141 200 1093
2142 2848 427
2143 640 90
2144 3191 3647
2145 3349 904
2146 2030 1387
2147 292 1269
2148 3141 2651
2149 1592 1730
2150 1490 360
2151 1905 1396
2152 3848 2848
2153 3416 4041
2154 1911 1019
2155 1292 3512
2156 190 2481
2157 2674 1974
2158 2357 3322
2159 1686 501
2160 1902 652
2161 3244 908
2162 1416 1534
2163 3444 2293
2164 3267 1473
2165 2116 2095
2166 1324 2395
2167 1411 2803
2168 2681 1826
2169 1579 3995
2170 860 3353
2171 2699 3215
2172 529 44
2173 55 3310
2174 3992 2257
2175 144 3111
2176 2393 3518
2177 483 294
2178 4083 107
2179 2721 3622
2180 909 923
2181 1462 3651
2182 1175 2730
2183 3746 2300
2184 3380 2789
2185 934 3710
2186 2159 3059
2187 3603 695
2188 1502 1029
2189 304 1736
2190 1603 3104
2191 3135 3075
2192 2835 1380
2193 3201 2955
2194 2213 208
2195 1238 3655
2196 385 3675
2197 3911 1301
2198 3525 1665
2199 105 1731
2200 392 1371
2201 2328 1406
2202 2572 1604
2203 3689 1094
2204 4096 2338
2205 134 2866
2206 2418 361
2207 2366 701
2208 2504 822
2209 397 1658
2210 1146 1891
2211 3133 1946
2212 3460 1083
2213 2604 3598
2214 3912 226
2215 3368 3976
2216 1711 2439
2217 2905 729
2218 3797 1519
2219 3776 2596
2220 2071 2219
2221 1447 1303
2222 2615 1812
2223 2784 1330
2224 1564 882
2225 2142 2484
2226 3388 1945
2227 1685 3194
2228 226 2062
2229 96 3299
2230 3036 844
2231 2442 621
2232 4001 3760
2233 1448 1747
2234 704 2182
2235 1263 3864
2236 2628 3591
2237 3002 738
2238 3082 200
2239 2255 3234
2240 1284 2168
2241 3482 164
2242 55 2334
2243 2969 583
2244 2436 3874
2245 3571 2588
2246 2426 2457
2247 38 510
2248 697 116
2249 1484 2076
2250 1318 4033
2251 3016 1047
2252 1634 2501
2253 418 1847
2254 2101 1216
2255 3774 1501
2256 4041 1851
2257 206 2742
2258 3865 1978
2259 2088 890
2260 2513 1237
2261 1190 745
2262 774 1519
2263 3552 1304
2264 3006 3623
2265 3509 4085
2266 2499 473
2267 596 3327
2268 59 115
2269 2722 2178
2270 2665 3511
2271 3257 590
2272 657 2225
2273 1739 2916
2274 3817 863
2275 3391 3596
2276 1981 1652
2277 2521 1807
2278 1601 2985
2279 1189 1928
2280 2360 2750
2281 878 3019
2282 1934 2072
2283 2917 487
2284 4095 2495
2285 3471 262
2286 936 2803
2287 1640 1663
2288 3833 2704
2289 1920 2699
2290 2401 40
2291 3917 1001
2292 3140 1747
2293 1549 3019
2294 1596 1221
2295 2617 2007
2296 3514 3527
2297 469 3323
2298 2475 140
2299 3255 3672
2300 376 721
2301 1635 4054
2302 2012 3760
2303 658 3032
2304 2495 3491
2305 3778 862
2306 2938 1292
2307 1731 2884
2308 1623 3157
2309 1670 2385
2310 2271 3313
2311 2201 2429
2312 114 664
2313 1685 2429
2314 27 3381
2315 463 742
2316 1084 2875
2317 925 1831
2318 4047 9
2319 3520 3827
2320 2893 1911
2321 3424 1381
2322 1805 3693
2323 255 3508
2324 1831 198
2325 3361 3002
2326 2308 1536
2327 3213 675
2328 3242 2099
2329 898 2637
2330 3654 790
2331 2196 810
2332 3290 1944
2333 2135 3400
2334 2025 2462
2335 1904 327
2336 279 412
2337 1713 1107
2338 426 3049
2339 3486 2509
2340 1280 746
2341 3623 1175
2342 1213 999
2343 2176 3929
2344 92 451
2345 4003 3344
2346 2922 3316
2347 1136 1919
2348 615 4033
2349 3142 3447
2350 4088 2655
2351 729 1957
2352 3119 2224
2353 915 1981
2354 1057 230
2355 566 338
2356 2477 1136
2357 872 1964
2358 3770 4106
2359 525 3530
2360 3962 1794
2361 1089 929
2362 668 1975
2363 2985 3039
2364 457 152
2365 2566 1414
2366 3326 1189
2367 2165 2961
2368 213 3818
2369 4043 2817
2370 3005 1505
2371 1765 2703
2372 818 3158
2373 2487 3416
2374 3369 1657
2375 605 405
2376 40 766
2377 99 863
2378 890 1515
2379 2252 68
2380 2539 2535
2381 218 2172
2382 1877 4063
2383 739 2288
2384 2131 2226
2385 2974 3524
2386 2744 1657
2387 2156 3913
2388 803 1167
2389 600 672
2390 2676 2298
2391 1789 410
2392 3504 1237
2393 1278 1601
2394 421 3192
2395 2801 2161
2396 3919 101
2397 1101 3128
2398 2932 1681
2399 669 479
2400 3887 3934
2401 2881 881
2402 1573 532
2403 1952 3419
2404 4042 2973
2405 530 2074
2406 1296 2847
2407 699 2216
2408 1759 93
2409 2400 2245
2410 1031 1555
2411 1187 3293
2412 2427 3108
2413 2852 3120
2414 2399 1837
2415 2862 2780
2416 1827 222
2417 1799 982
2418 1734 3264
2419 2273 1827
2420 699 840
2421 679 507
2422 3997 1750
2423 2528 1535
2424 3641 3111
2425 1870 3439
2426 1769 4104
2427 3098 2477
2428 1223 2382
2429 192 1521
2430 1463 1289
2431 1031 3478
2432 1178 3593
2433 2727 2571
2434 2856 3611
2435 1267 666
2436 2596 487
2437 192 2277
2438 4045 2183
2439 1724 3226
2440 2993 974
2441 3284 2364
2442 2285 3073
2443 3142 3648
2444 242 2204
2445 1027 3354
2446 2249 1631
2447 2242 1561
2448 52 3126
2449 1638 1489
2450 951 618
2451 2217 2392
2452 2001 534
2453 3630 2347
2454 204 165
2455 1868 854
2456 2314 1705
2457 3100 1515
2458 3509 4095
2459 944 3896
2460 412 3530
2461 2124 1848
2462 3933 1640
2463 2366 1502
2464 1895 1127
2465 3803 2665
2466 1639 2171
2467 1209 2616
2468 510 611
2469 3854 990
2470 174 1001
2471 3230 1465
2472 1546 2006
2473 2849 148
2474 3197 1425
2475 1269 1125
2476 3884 329
2477 1220 3877
2478 2413 933
2479 2185 590
2480 2701 1136
2481 2909 18
2482 3148 1338
2483 3460 1759
2484 492 1133
2485 3475 3240
2486 489 3068
2487 3217 590
2488 1183 3811
2489 1150 2948
2490 273 2829
2491 1905 2498
2492 1250 3911
2493 1128 861
2494 2856 196
2495 3954 1039
2496 3798 3369
2497 2278 440
2498 761 4026
2499 2994 1282
2500 1423 3752
2501 1624 3340
2502 2845 1138
2503 150 3128
2504 3272 1731
2505 1583 3025
2506 2594 359
2507 1218 3996
2508 875 2156
2509 1632 1751
2510 3597 1289
2511 2171 1992
2512 3397 1055
2513 1865 3814
2514 3140 990
2515 3193 3905
2516 4003 2906
2517 2737 290
2518 1659 3826
2519 1817 2687
2520 2300 3832
2521 590 2808
2522 3078 3912
2523 3157 2415
2524 3561 173
2525 3598 4040
2526 3466 2807
2527 1025 3964
2528 705 653
2529 2707 3003
2530 3226 382
2531 4013 724
2532 1256 2378
2533 3993 2405
2534 505 42
2535 141 2134
2536 1973 2858
2537 3802 1816
2538 3578 3452
2539 140 4034
2540 3338 82
2541 636 2203
2542 2566 412
2543 1397 3951
2544 4036 1411
2545 2809 3851
2546 3679 3196
2547 2662 647
2548 96 2626
2549 3656 2652
2550 238 84
2551 960 1262
2552 3216 450
2553 1600 219
2554 2668 2787
2555 2048 3614
2556 3112 1015
2557 3878 30
2558 2165 2826
2559 1192 211
2560 2483 3811
2561 1258 1187
2562 3654 3163
2563 1371 1064
2564 3871 1119
2565 1068 3313
2566 2317 3325
2567 2469 679
2568 3617 3704
2569 1776 3612
2570 531 2121
2571 3460 1401
2572 2903 3001
2573 653 2181
2574 249 3732
2575 3339 149
2576 2464 789
2577 2105 3041
2578 3579 3299
2579 3281 407
2580 937 673
2581 536 3319
2582 1254 1647
2583 112 2255
2584 1872 175
2585 531 2134
2586 1953 3171
2587 3975 2230
2588 3724 2971
2589 31 2081
2590 4076 1768
2591 3569 100
2592 3061 3067
2593 2375 2210
2594 716 3688
2595 454 2365
2596 857 664
2597 3451 2917
2598 725 328
2599 2350 791
2600 1671 2867
2601 3707 3456
2602 554 54
2603 220 202
2604 3475 3199
2605 3941 2691
2606 1406 744
2607 2973 1101
2608 354 1714
2609 4058 579
2610 1708 1034
2611 2299 3223
2612 2197 1817
2613 3839 3225
2614 1457 1826
2615 2454 4006
2616 4038 1578
2617 1672 3678
2618 3561 394
2619 2062 2339
2620 1051 2523
2621 2727 3398
2622 1713 1317
2623 3553 1563
2624 3973 1141
2625 2227 1128
2626 1584 1550
2627 2814 526
2628 296 1420
2629 1138 2458
2630 895 996
2631 3049 445
2632 2325 3111
2633 2090 330
2634 2586 775
2635 4066 485
2636 680 1127
2637 481 795
2638 2970 1211
2639 4000 712
2640 3770 2658
2641 920 3709
2642 762 4074
2643 1129 854
2644 3710 2440
2645 3643 3697
2646 1649 2205
2647 3340 127
2648 3546 3284
2649 1374 3919
2650 2402 2397
2651 1708 3963
2652 3249 205
2653 2146 678
2654 201 3101
2655 257 2698
2656 3148 589
2657 1146 937
2658 821 398
2659 1396 3830
2660 1886 77
2661 622 2898
2662 3380 2553
2663 3891 1780
2664 3157 2810
2665 1128 1608
2666 1061 3863
2667 4041 2470
2668 2646 1736
2669 1085 1717
2670 1591 2623
2671 1395 940
2672 2393 2261
2673 995 3072
2674 3945 3708
2675 905 1668
2676 1260 3203
2677 2416 1446
2678 2692 318
2679 2067 1172
2680 2169 3751
2681 3925 1869
2682 1330 398
2683 258 3071
2684 1864 715
2685 404 3453
2686 161 361
2687 1183 1551
2688 2566 22
2689 3523 804
2690 1264 3822
2691 1861 66
2692 1381 1041
2693 230 1369
2694 1127 2728
2695 256 2994
2696 2026 619
2697 1087 2051
2698 3139 735
2699 1460 1873
2700 1003 1254
2701 3843 2409
2702 2087 2414
2703 2744 3911
2704 1950 3218
2705 646 2137
2706 1512 3727
2707 3266 1536
2708 2679 487
2709 2455 1908
2710 1279 1860
2711 1984 867
2712 1734 1493
2713 1455 483
2714 3140 2115
2715 3110 4018
2716 826 479
2717 119 313
2718 2495 3056
2719 1671 107
2720 3819 1994
2721 1581 3836
2722 1809 3254
2723 1262 1631
2724 2585 1003
2725 2232 3056
2726 2908 3077
2727 3576 1781
2728 843 3131
2729 2510 811
2730 3367 3187
2731 1805 3132
2732 3539 412
2733 3016 3874
2734 1333 2184
2735 3136 3700
2736 229 3832
2737 292 3762
2738 663 3526
2739 1125 605
2740 3747 3172
2741 2004 1907
2742 2380 366
2743 2275 1435
2744 15 3301
2745 2587 3218
2746 2576 3102
2747 3388 2436
2748 4013 86
2749 3409 567
2750 3939 540
2751 892 632
2752 668 1007
2753 3819 755
2754 1296 2285
2755 930 310
2756 1478 482
2757 846 644
2758 1447 994
2759 788 562
2760 1240 780
2761 1439 983
2762 572 2525
2763 2395 1965
2764 2110 3768
2765 1027 3286
2766 148 3702
2767 2047 2320
2768 3294 2799
2769 70 2973
2770 4096 2673
2771 6 3077
2772 192 3643
2773 3361 2545
2774 2801 1306
2775 2516 822
2776 3062 3578
2777 3559 698
2778 2435 2853
2779 2493 2793
2780 3025 182
2781 563 1359
2782 1285 2325
2783 2293 1003
2784 3260 3726
2785 2240 3114
2786 2396 565
2787 2474 279
2788 1641 4052
2789 2677 3651
2790 1743 2371
2791 3659 1139
2792 1132 161
2793 2304 1606
2794 1854 2550
2795 378 2699
2796 507 3834
2797 20 1649
2798 3402 235
2799 2675 1953
2800 714 2757
2801 398 2964
2802 2572 901
2803 1267 656
2804 125 2447
2805 885 871
2806 3179 2326
2807 1667 1252
2808 430 782
2809 442 155
2810 1681 1034
2811 1767 834
2812 1741 1358
2813 2142 3668
2814 3600 2100
2815 1046 3372
2816 1133 430
2817 1455 1522
2818 4059 1575
2819 2779 1657
2820 3162 127
2821 1606 653
2822 517 488
2823 3235 1825
2824 2486 39
2825 1372 1776
2826 1707 2787
2827 1182 1274
2828 2578 1060
2829 2532 24
2830 3807 1547
2831 388 503
2832 2549 2179
2833 1526 2761
2834 3010 1662
2835 2100 1767
2836 3159 76
2837 983 2096
2838 431 901
2839 3415 672
2840 1942 1759
2841 1802 770
2842 3000 1026
2843 2500 914
2844 4090 4035
2845 2208 415
2846 3341 1380
2847 599 1620
2848 101 2117
2849 1575 3308
2850 850 966
2851 3453 398
2852 1515 1614
2853 239 1169
2854 2543 1015
2855 2840 535
2856 2768 2786
2857 3184 533
2858 3234 2590
2859 2180 1795
2860 122 172
2861 2821 3524
2862 2124 1131
2863 2602 41
2864 2255 3590
2865 3760 1332
2866 56 468
2867 3976 2334
2868 964 1300
2869 1899 3156
2870 3525 2783
2871 2833 1193
2872 1598 746
2873 3935 1442
2874 1248 2717
2875 1926 2999
2876 1732 695
2877 3103 797
2878 1467 1737
2879 123 2120
2880 2146 2954
2881 3100 3531
2882 3936 2218
2883 1718 732
2884 787 700
2885 902 2106
2886 657 1455
2887 1741 3352
2888 60 2834
2889 3670 859
2890 928 1709
2891 467 312
2892 984 1734
2893 2977 1103
2894 3282 642
2895 353 2916
2896 2010 1576
2897 3465 1815
2898 631 996
2899 3974 2340
2900 1598 2501
2901 1822 1044
2902 936 1227
2903 3271 761
2904 1002 590
2905 3079 1239
2906 3217 1270
2907 1555 3001
2908 2708 204
2909 3224 1961
2910 2876 689
2911 3176 2749
2912 972 1720
2913 2032 1074
2914 3882 871
2915 2845 2500
2916 673 2183
2917 1868 316
2918 3744 3478
2919 3485 199
2920 48 3004
2921 3486 2019
2922 1777 3833
2923 1635 819
2924 848 2253
2925 1593 1986
2926 45 1456
2927 1282 2866
2928 3374 2773
2929 834 3291
2930 3713 2867
2931 3564 1818
2932 730 342
2933 3329 1027
2934 1743 2096
2935 4026 1601
2936 2151 3859
2937 3522 3396
2938 3765 457
2939 2509 999
2940 2562 2929
2941 801 772
2942 196 3919
2943 822 1552
2944 2337 1025
2945 3094 3213
2946 3639 630
2947 169 1823
2948 1149 2585
2949 1352 1152
2950 417 478
2951 3228 1491
2952 703 1724
2953 2673 2884
2954 611 42
2955 2780 3589
2956 3786 2291
2957 758 3121
2958 1229 1343
2959 533 2017
2960 195 1768
2961 451 789
2962 3894 1313
2963 4049 1085
2964 2306 3422
2965 386 4095
2966 2640 2866
2967 339 1657
2968 2650 736
2969 1504 2757
2970 1577 3998
2971 2077 1236
2972 1228 1407
2973 2341 2485
2974 2436 724
2975 395 626
2976 170 3311
2977 2175 837
2978 1878 919
2979 3182 2987
2980 1800 2371
2981 1736 1576
2982 3894 2234
2983 184 925
2984 3712 1704
2985 1662 2495
2986 197 2471
2987 1275 285
2988 1260 2466
2989 3062 1516
2990 3710 1679
2991 1414 2552
2992 2478 862
2993 2399 1385
2994 3927 178
2995 2675 3952
2996 1997 71
2997 3679 3074
2998 489 957
2999 3836 3155
3000 385 2231
3001 1650 2446
3002 3615 3225
3003 1827 3790
3004 2695 338
3005 1851 3964
3006 2222 896
3007 1287 2125
3008 227 3080
3009 3997 1220
3010 1438 1334
3011 886 1667
3012 2488 2284
3013 1236 2608
3014 2453 2139
3015 1840 807
3016 2823 1262
3017 829 58
3018 3472 2423
3019 2435 3510
3020 1341 3341
3021 2487 2340
3022 196 123
3023 3292 2486
3024 3845 2973
3025 3040 109
3026 2849 3139
3027 858 2626
3028 3748 3224
3029 3176 3288
3030 92 2066
3031 1539 3929
3032 1294 2638
3033 3972 1642
3034 570 1630
3035 2824 463
3036 2450 144
3037 1839 2357
3038 569 2065
3039 2950 3926
3040 212 2999
3041 452 3249
3042 1325 1413
3043 2774 2259
3044 3135 2676
3045 2459 1323
3046 1205 1863
3047 3411 3055
3048 3947 3216
3049 382 2611
3050 985 3364
3051 3633 816
3052 3822 1311
3053 1625 2712
3054 3557 2272
3055 1254 3777
3056 2085 2519
3057 2570 152
3058 3301 1373
3059 3842 1030
3060 3229 1098
3061 1344 1786
3062 2310 3724
3063 852 2091
3064 3152 638
3065 879 3356
3066 3400 2989
3067 2413 3552
3068 371 1528
3069 535 2861
3070 2208 1582
3071 331 186
3072 2220 1679
3073 261 1978
3074 45 860
3075 2181 551
3076 3381 181
3077 3396 2850
3078 980 2909
3079 165 1868
3080 831 1888
3081 698 1141
3082 3779 932
3083 1962 585
3084 333 1048
3085 2674 3579
3086 2616 1675
3087 2998 556
3088 3149 1971
3089 1575 429
3090 97 2778
3091 933 3476
3092 164 2517
3093 592 3555
3094 3948 3519
3095 1016 3921
3096 3676 2742
3097 714 2432
3098 2797 2799
3099 1994 972
3100 502 912
3101 336 2286
3102 3931 1186
3103 1101 999
3104 3842 1562
3105 3534 517
3106 715 3101
3107 267 940
3108 3256 3484
3109 2431 41
3110 2669 2835
3111 3758 3161
3112 3383 4095
3113 2208 2796
3114 2519 2816
3115 3019 2811
3116 2887 3283
3117 3894 1947
3118 2133 3816
3119 3613 2999
3120 715 3965
3121 23 20
3122 213 2755
3123 1375 1670
3124 2778 3807
3125 3162 1645
3126 1644 2981
3127 1438 3310
3128 640 3520
3129 3769 2330
3130 1613 500
3131 2799 909
3132 2498 2998
3133 3692 1945
3134 2362 2225
3135 318 411
3136 2950 1261
3137 2554 1918
3138 1951 3619
3139 2586 3211
3140 2402 998
3141 1890 2248
3142 2767 3145
3143 904 1020
3144 1353 47
3145 954 2451
3146 26 431
3147 4007 3435
3148 3225 244
3149 3598 2986
3150 2926 2245
3151 2351 904
3152 623 2978
3153 2612 2063
3154 2349 756
3155 2695 4035
3156 2462 1575
3157 3245 1157
3158 425 3697
3159 1470 2202
3160 4092 1488
3161 2284 1782
3162 2754 3921
3163 2231 3385
3164 2182 100
3165 447 2757
3166 2737 2553
3167 1432 521
3168 1246 3440
3169 1652 1291
3170 2650 2176
3171 2191 3540
3172 626 1295
3173 158 2436
3174 2387 1511
3175 3479 1585
3176 539 673
3177 1366 3479
3178 3404 1353
3179 2190 2674
3180 1141 771
3181 156 3814
3182 1872 2671
3183 2634 562
3184 886 1757
3185 1427 1529
3186 1264 627
3187 2029 2387
3188 3330 589
3189 3306 3136
3190 1037 3085
3191 297 2933
3192 3587 3323
3193 662 4020
3194 742 282
3195 1520 259
3196 3318 1138
3197 1385 1700
3198 1457 3519
3199 3836 3369
3200 713 2491
3201 1106 1690
3202 1539 2253
3203 525 1937
3204 1902 1009
3205 3670 1512
3206 2138 3543
3207 2421 2941
3208 2910 292
3209 3821 642
3210 3033 1220
3211 2993 466
3212 483 1315
3213 3988 1270
3214 3674 2528
3215 3827 4100
3216 3120 2773
3217 716 1555
3218 3989 1821
3219 680 817
3220 884 1231
3221 1533 688
3222 176 2957
3223 1268 3338
3224 1063 3542
3225 3247 4004
3226 2818 1523
3227 2068 4106
3228 1730 2426
3229 568 30
3230 3645 2640
3231 2534 2947
3232 3164 967
3233 1362 2112
3234 1624 3387
3235 2970 2576
3236 1928 717
3237 2366 772
3238 3019 2693
3239 1274 3006
3240 2045 1724
3241 530 1200
3242 1908 3611
3243 3566 916
3244 1046 2495
3245 1135 691
3246 1210 3417
3247 1019 1256
3248 1118 445
3249 1009 1221
3250 948 3849
3251 116 3582
3252 3349 51
3253 280 2855
3254 2924 733
3255 3791 1530
3256 2293 601
3257 2225 857
3258 3390 2861
3259 997 2338
3260 1295 555
3261 338 2834
3262 1816 1600
3263 1143 1297
3264 2249 1591
3265 2699 1723
3266 1409 1062
3267 2638 1353
3268 457 938
3269 2906 1124
3270 1641 462
3271 3195 3977
3272 3910 3287
3273 3975 139
3274 2962 3939
3275 1339 187
3276 2678 761
3277 2128 3025
3278 3406 2882
3279 1795 2378
3280 717 1576
3281 2445 3553
3282 3395 2166
3283 1529 2554
3284 2116 1761
3285 2069 2632
3286 1863 1995
3287 2996 3787
3288 1106 1236
3289 2054 1643
3290 1481 19
3291 3927 3533
3292 1834 58
3293 3202 2923
3294 1092 2027
3295 2886 627
3296 3893 2918
3297 1340 3519
3298 4013 3036
3299 1026 2444
3300 1518 2248
3301 3339 3641
3302 3000 2518
3303 3619 3771
3304 2086 3579
3305 2259 610
3306 857 1896
3307 1571 2271
3308 1065 731
3309 1227 1280
3310 2917 2525
3311 1355 1427
3312 3928 585
3313 1443 3522
3314 1755 503
3315 2279 1767
3316 1187 2801
3317 923 1175
3318 1741 279
3319 2401 3890
3320 3498 3904
3321 2912 1376
3322 3939 656
3323 3984 3548
3324 3113 1747
3325 3280 1609
3326 2097 1272
3327 3047 2981
3328 1856 3336
3329 1673 2445
3330 4053 684
3331 3462 1858
3332 641 1169
3333 2104 1458
3334 3820 2479
3335 1704 586
3336 2761 1143
3337 3752 1484
3338 2525 892
3339 1579 3220
3340 55 3079
3341 744 515
3342 560 4002
3343 2951 418
3344 152 164
3345 2251 266
3346 3171 2539
3347 3666 1426
3348 398 3774
3349 3361 3586
3350 3697 1168
3351 1135 4005
3352 2851 3234
3353 1151 3235
3354 1344 158
3355 2343 2403
3356 956 1824
3357 2857 3810
3358 1622 1074
3359 852 2236
3360 2064 1513
3361 4032 1832
3362 313 1762
3363 3001 3769
3364 1857 2276
3365 1583 3643
3366 878 1792
3367 882 448
3368 3515 2796
3369 780 2026
3370 2629 732
3371 2735 3028
3372 3662 201
3373 3048 1957
3374 1319 579
3375 1895 1531
3376 3616 2729
3377 1066 864
3378 2177 3559
3379 2828 1453
3380 3528 1230
3381 3517 2691
3382 147 2307
3383 2603 2136
3384 1276 1681
3385 1172 2233
3386 770 2187
3387 460 179
3388 3238 1102
3389 274 2619
3390 625 3005
3391 3916 658
3392 2164 4057
3393 588 398
3394 3851 1756
3395 1196 77
3396 918 2202
3397 4102 3108
3398 3115 2070
3399 536 1556
3400 2206 2747
3401 1826 1106
3402 4102 827
3403 2357 1858
3404 3518 657
3405 2342 2444
3406 1790 2134
3407 1664 2784
3408 3945 2865
3409 2470 343
3410 1696 3243
3411 1290 2054
3412 2415 3770
3413 3690 3812
3414 227 1170
3415 2160 451
3416 598 1868
3417 3211 1324
3418 1013 2241
3419 3846 1005
3420 1560 3
3421 1925 3064
3422 3895 474
3423 3132 234
3424 85 1417
3425 3892 1588
3426 1234 92
3427 3431 2953
3428 1520 1299
3429 3712 1038
3430 3197 761
3431 3873 1715
3432 520 3814
3433 2989 1988
3434 1606 757
3435 1594 3813
3436 3414 1178
3437 882 3205
3438 2848 2046
3439 1343 2248
3440 2923 3211
3441 2661 1895
3442 594 1212
3443 410 3265
3444 839 3832
3445 2347 3887
3446 576 3287
3447 2986 948
3448 2591 2368
3449 3675 3742
3450 705 3871
3451 1514 963
3452 4020 3340
3453 2042 2349
3454 4056 3271
3455 2116 3004
3456 1581 312
3457 1892 233
3458 3406 472
3459 2704 410
3460 3751 423
3461 2962 2450
3462 2070 3702
3463 2167 3121
3464 539 319
3465 533 3655
3466 2073 46
3467 1985 723
3468 3312 2326
3469 1205 1188
3470 1312 1859
3471 410 1826
3472 2394 2237
3473 1777 436
3474 1795 918
3475 1378 954
3476 2634 2022
3477 1786 4017
3478 2109 2247
3479 549 1799
3480 973 1692
3481 2575 224
3482 2753 2798
3483 2860 4071
3484 2220 3314
3485 3022 1282
3486 2013 696
3487 94 3073
3488 584 3184
3489 3254 3439
3490 1045 2436
3491 514 508
3492 3083 4037
3493 124 420
3494 397 231
3495 2737 3804
3496 3950 3189
3497 3112 1037
3498 390 2385
3499 680 915
3500 2783 385
3501 1455 1509
3502 2166 3398
3503 2173 3922
3504 257 2583
3505 346 3157
3506 3831 1983
3507 1443 3491
3508 3580 2998
3509 251 1138
3510 1576 3802
3511 2028 893
3512 1741 2522
3513 539 2335
3514 2013 2348
3515 1232 2302
3516 37 627
3517 3206 1285
3518 2719 2428
3519 347 2480
3520 2738 538
3521 149 2264
3522 1211 1579
3523 2300 3367
3524 3604 554
3525 1522 78
3526 3121 3958
3527 965 1851
3528 279 2634
3529 2657 1339
3530 3264 3187
3531 3106 328
3532 1899 140
3533 4058 1230
3534 1895 3872
3535 1777 2220
3536 2240 2720
3537 2618 863
3538 1626 4086
3539 2130 2747
3540 3515 3364
3541 40 575
3542 3780 1095
3543 2889 398
3544 2498 3371
3545 1801 699
3546 1170 2242
3547 1917 3895
3548 1290 4033
3549 656 3168
3550 2855 2100
3551 2323 3324
3552 1971 3146
3553 906 3814
3554 2462 1325
3555 1116 944
3556 899 2768
3557 1431 2497
3558 3020 448
3559 61 3287
3560 3881 1363
3561 3711 3712
3562 1471 2032
3563 2525 3066
3564 232 2208
3565 3162 1465
3566 1595 995
3567 2753 3012
3568 2134 1289
3569 902 856
3570 2046 2514
3571 575 2756
3572 2218 3446
3573 3620 3260
3574 1472 4099
3575 2317 2314
3576 1131 2697
3577 2655 2660
3578 3186 2031
3579 2259 710
3580 1859 1793
3581 1934 4020
3582 3268 1170
3583 1084 3538
3584 4041 1402
3585 1805 3034
3586 3752 1381
3587 2514 1466
3588 2940 3091
3589 2064 588
3590 816 3310
3591 3628 2312
3592 170 1915
3593 2426 3030
3594 1943 2666
3595 31 1071
3596 1854 3041
3597 1077 3164
3598 1974 421
3599 245 202
3600 1780 870
3601 3556 2162
3602 3902 943
3603 2191 3723
3604 3636 4071
3605 1070 2077
3606 3676 2182
3607 3660 814
3608 3579 3124
3609 3450 3177
3610 2751 1211
3611 3660 987
3612 1454 2771
3613 1329 764
3614 749 1268
3615 78 1333
3616 2765 1970
3617 3180 3143
3618 3864 1284
3619 3659 887
3620 1539 1988
3621 1917 3643
3622 1506 1995
3623 2657 730
3624 3166 2888
3625 3234 2443
3626 3453 336
3627 1329 2669
3628 2447 3146
3629 285 3556
3630 3793 3638
3631 1672 4082
3632 3076 3991
3633 2778 3864
3634 1840 3105
3635 115 1573
3636 3325 1565
3637 2964 2294
3638 3032 872
3639 2106 1895
3640 3505 3223
3641 255 1149
3642 2829 3444
3643 3242 809
3644 3952 3225
3645 1067 2818
3646 30 3965
3647 2807 2749
3648 4011 3236
3649 1312 3083
3650 1414 516
3651 1882 3326
3652 447 202
3653 3316 352
3654 1700 2115
3655 414 850
3656 2507 2824
3657 2401 935
3658 714 2897
3659 3626 3689
3660 1751 3195
3661 3209 3477
3662 3985 85
3663 2288 448
3664 3754 1127
3665 2929 877
3666 2892 347
3667 3981 396
3668 1347 643
3669 3381 1013
3670 232 1868
3671 1117 3615
3672 2738 1619
3673 1750 3976
3674 1992 118
3675 2291 4081
3676 1066 4025
3677 3546 2996
3678 2238 2782
3679 167 1665
3680 1373 3982
3681 643 1965
3682 3631 2725
3683 2455 625
3684 3581 2419
3685 312 120
3686 2399 1342
3687 557 588
3688 4101 321
3689 133 1657
3690 606 1821
3691 4070 126
3692 3781 3696
3693 3885 45
3694 3198 3579
3695 1405 3703
3696 1491 3024
3697 316 279
3698 1817 398
3699 2705 340
3700 1367 1851
3701 676 3168
3702 471 2701
3703 99 3977
3704 3160 768
3705 120 2451
3706 3318 3116
3707 2377 2887
3708 670 1425
3709 2886 2497
3710 3884 3287
3711 3881 458
3712 1056 2595
3713 1341 2951
3714 910 3508
3715 2822 1126
3716 2473 827
3717 3562 4078
3718 212 1066
3719 2131 2142
3720 1698 1806
3721 1030 3704
3722 1953 518
3723 3979 250
3724 55 1212
3725 515 2541
3726 2364 3558
3727 2499 3528
3728 2349 47
3729 3409 1432
3730 1312 2824
3731 1923 1498
3732 3333 1797
3733 1257 1864
3734 218 847
3735 2180 1037
3736 2491 3406
3737 3596 3748
3738 1494 3713
3739 565 1357
3740 2699 71
3741 1593 2129
3742 1760 3000
3743 958 1002
3744 539 1741
3745 3740 819
3746 367 2290
3747 148 782
3748 1266 225
3749 3118 856
3750 25 3070
3751 573 3430
3752 1207 2102
3753 1188 2007
3754 3640 2791
3755 727 170
3756 2586 248
3757 3912 3860
3758 2244 1399
3759 544 2219
3760 4006 3053
3761 297 3083
3762 357 2914
3763 2770 3793
3764 2916 805
3765 3368 2145
3766 445 1946
3767 2769 1019
3768 2614 3882
3769 476 2883
3770 3370 1461
3771 2309 3682
3772 2807 776
3773 2009 3317
3774 822 3604
3775 3008 1341
3776 1804 32
3777 120 2955
3778 618 2663
3779 3870 3712
3780 3596 1132
3781 1306 3916
3782 2894 635
3783 3147 2648
3784 374 3525
3785 986 3768
3786 268 55
3787 3848 3821
3788 3227 1588
3789 3945 1064
3790 3769 2979
3791 3240 1789
3792 196 2182
3793 3447 259
3794 1650 456
3795 2661 3319
3796 3949 3811
3797 1311 1004
3798 1957 3475
3799 1106 1869
3800 1360 709
3801 3214 2921
3802 3635 79
3803 902 1549
3804 818 3851
3805 2307 2870
3806 1861 2506
3807 1039 3686
3808 2555 3909
3809 3035 135
3810 672 279
3811 3268 1871
3812 1277 126
3813 621 2001
3814 1264 3539
3815 1069 1602
3816 1112 564
3817 629 3919
3818 2939 3996
3819 2274 3201
3820 1660 1630
3821 3094 3266
3822 3589 1678
3823 1564 198
3824 923 296
3825 1058 374
3826 4060 3070
3827 2842 4110
3828 2326 3033
3829 1439 3819
3830 1502 3076
3831 486 1699
3832 387 789
3833 3995 2987
3834 1142 3115
3835 1573 3370
3836 607 1888
3837 829 1876
3838 1723 1276
3839 2552 1857
3840 665 3987
3841 432 3745
3842 3142 2728
3843 3558 3486
3844 2281 1837
3845 3276 464
3846 76 1291
3847 1828 2711
3848 1053 92
3849 607 1555
3850 2257 1920
3851 1542 2358
3852 1733 824
3853 3671 3416
3854 2524 3150
3855 2990 3794
3856 4033 4088
3857 1491 2118
3858 2288 2213
3859 506 2372
3860 1769 3296
3861 2163 3250
3862 3996 2338
3863 371 2567
3864 1749 2412
3865 3165 2035
3866 2909 2071
3867 1724 1057
3868 1885 3643
3869 4082 1367
3870 1088 1656
3871 2775 2176
3872 1945 2820
3873 978 564
3874 2926 1441
3875 2129 292
3876 2192 2732
3877 3545 153
3878 330 3443
3879 637 3894
3880 2223 483
3881 1127 3824
3882 993 1740
3883 2912 1510
3884 3240 10
3885 3935 2632
3886 1448 775
3887 2830 2318
3888 2979 3641
3889 1051 800
3890 3310 1394
3891 1343 2028
3892 2171 926
3893 1503 567
3894 1967 2676
3895 4057 2362
3896 3219 263
3897 1018 3301
3898 3568 385
3899 2699 2799
3900 642 1261
3901 1963 2656
3902 802 1107
3903 991 2575
3904 157 2907
3905 727 1752
3906 2862 9
3907 310 738
3908 988 3442
3909 3754 2424
3910 2634 3503
3911 874 3011
3912 2256 391
3913 2565 1715
3914 2192 2755
3915 3702 708
3916 2146 3526
3917 2199 2085
3918 1289 320
3919 339 2005
3920 3937 1873
3921 4100 3441
3922 1829 289
3923 2323 3169
3924 3367 638
3925 2094 756
3926 551 1791
3927 2676 3476
3928 2404 851
3929 2012 1630
3930 1805 1885
3931 1677 395
3932 476 3832
3933 1202 2552
3934 1877 1146
3935 647 1040
3936 1226 2915
3937 15 2421
3938 1735 2081
3939 3485 668
3940 2474 321
3941 2176 4016
3942 3767 3028
3943 1751 2428
3944 3062 2301
3945 1019 2375
3946 404 547
3947 1175 3943
3948 2018 4105
3949 831 2668
3950 2699 3384
3951 2934 815
3952 474 1310
3953 2835 903
3954 709 2408
3955 806 1834
3956 915 2978
3957 2067 979
3958 498 1214
3959 3630 3687
3960 1186 2746
3961 2327 257
3962 697 2015
3963 4110 2144
3964 1488 3503
3965 3915 2143
3966 827 3455
3967 1025 3837
3968 3022 1344
3969 3453 1626
3970 2269 3139
3971 766 201
3972 2292 2109
3973 1136 2062
3974 674 3745
3975 2649 6
3976 2389 755
3977 1088 678
3978 2674 2860
3979 756 3269
3980 2931 2085
3981 2144 1554
3982 2497 3292
3983 1873 986
3984 2763 425
3985 1728 432
3986 2762 3319
3987 2314 2223
3988 2983 444
3989 3832 2225
3990 2611 2530
3991 2275 1166
3992 1507 353
3993 2201 2135
3994 3039 270
3995 3180 73
3996 3165 919
3997 281 2573
3998 2775 1444
3999 1351 733
4000 3027 860
4001 2932 2362
4002 3474 2835
4003 1536 3511
4004 474 1387
4005 3128 1744
4006 2127 3101
4007 2891 1883
4008 2148 2461
4009 2979 3996
4010 3662 943
4011 3817 2791
4012 343 2194
4013 396 3857
4014 1557 1754
4015 353 367
4016 148 1967
4017 862 1111
4018 2746 2530
4019 3873 264
4020 1132 1692
4021 1523 1654
4022 3640 3272
4023 1792 2022
4024 1028 572
4025 2037 2501
4026 3463 312
4027 231 2255
4028 1497 780
4029 971 820
4030 123 795
4031 908 2102
4032 3334 3961
4033 2950 3683
4034 3966 538
4035 3350 2386
4036 659 2784
4037 2258 4082
4038 850 2598
4039 1633 2148
4040 4083 1739
4041 2958 3093
4042 2194 2762
4043 3342 2558
4044 2550 885
4045 2011 2417
4046 697 204
4047 1960 1195
4048 2803 186
4049 821 1852
4050 3469 3719
4051 3010 46
4052 3417 3214
4053 1660 145
4054 391 1026
4055 1757 203
4056 1690 1695
4057 2295 90
4058 768 1638
4059 659 605
4060 306 3732
4061 49 2139
4062 2218 3022
4063 3255 1935
4064 1648 1096
4065 3843 702
4066 2639 8
4067 3148 1113
4068 2766 2654
4069 909 2041
4070 1842 3906
4071 2421 2828
4072 1886 1295
4073 1345 1120
4074 1151 3566
4075 928 2563
4076 901 2997
4077 1136 2572
4078 680 465
4079 1672 1430
4080 297 1942
4081 1801 1964
4082 3913 2397
4083 859 1717
4084 1398 1562
4085 2488 2965
4086 1721 1210
4087 1243 1820
4088 1265 2403
4089 3044 2355
4090 2027 3910
4091 1812 3307
4092 3355 1922
4093 3965 3395
4094 1349 1591
4095 3452 2160
4096 3948 2982
4097 1890 468
4098 2333 728
4099 2484 3697
4100 2661 1629
4101 1406 750
4102 1712 419
4103 414 2009
4104 1524 3895
4105 2515 1170
4106 3244 3100
4107 1776 2971
4108 3578 648
4109 196 1161
4110 2323 3969
