3690 3690
1 1235 2
2 3399 2296
3 598 1909
4 335 2649
5 124 651
6 573 1937
7 3237 673
8 3622 2502
9 557 2613
10 3556 3444
11 226 2636
12 1477 1090
13 21 2255
14 3301 3153
15 3601 3091
16 3569 202
17 1110 3183
18 2817 2968
19 1278 2643
20 771 1161
21 2617 1911
22 3458 127
23 599 407
24 3163 3573
25 187 83
26 771 3198
27 263 2797
28 803 2116
29 1845 539
30 2892 959
31 2950 3503
32 1372 1305
33 3632 3225
34 1370 1794
35 2677 183
36 3118 2031
37 768 1347
38 560 2936
39 3398 2408
40 2904 1043
41 1009 957
42 781 1601
43 3481 2524
44 3617 3093
45 314 2275
46 2236 2384
47 1254 647
48 3254 1898
49 547 758
50 2712 2492
51 2864 691
52 778 1514
53 281 1557
54 543 833
55 2809 1634
56 1660 2973
57 910 2351
58 1978 2956
59 1915 259
60 3446 1674
61 2839 351
62 3111 106
63 3282 2279
64 2397 665
65 1344 3261
66 1302 2128
67 2151 2274
68 2161 2349
69 3343 3285
70 1543 3023
71 2878 193
72 1299 3245
73 164 2774
74 1381 2703
75 1790 1597
76 1886 667
77 3136 2925
78 899 78
79 1728 1169
80 2858 2329
81 3135 1600
82 3214 2781
83 729 445
84 722 3281
85 2133 2174
86 323 2023
87 3397 3211
88 3495 1780
89 1585 3458
90 1128 258
91 66 2600
92 2261 2577
93 3358 3309
94 237 716
95 235 1366
96 238 685
97 1445 3237
98 2075 316
99 3393 1560
100 352 1275
101 515 2196
102 2455 1706
103 2711 2592
104 2790 1446
105 3436 88
106 654 928
107 2880 1906
108 1647 2074
109 819 3148
110 3500 3086
111 2476 194
112 1455 1620
113 1559 2710
114 325 2109
115 57 1556
116 615 815
117 2533 3550
118 3428 328
119 1847 197
120 469 82
121 1944 372
122 1268 2046
123 1488 2498
124 2537 24
125 2600 2672
126 178 3517
127 2259 1243
128 2163 1861
129 679 83
130 1830 2823
131 1327 2637
132 881 1354
133 2219 2812
134 1048 118
135 3191 2670
136 432 240
137 3104 862
138 2019 3146
139 3265 188
140 1178 80
141 754 702
142 2885 2318
143 1689 1818
144 1512 2406
145 1196 1830
146 819 812
147 1160 723
148 768 2486
149 717 163
150 601 1380
151 2512 1669
152 3575 921
153 1573 2311
154 3383 800
155 1144 1190
156 118 1909
157 3156 1143
158 281 1115
159 1862 2687
160 821 702
161 1988 175
162 330 3418
163 327 3016
164 2947 1141
165 1119 423
166 2752 1014
167 2989 2936
168 2339 2594
169 449 809
170 3578 283
171 2851 2182
172 1269 3391
173 2652 2353
174 460 1378
175 3314 1580
176 2544 3485
177 2552 2016
178 1583 855
179 1401 1286
180 1191 2206
181 1675 2872
182 1773 2253
183 742 2243
184 923 254
185 3448 2107
186 3138 3021
187 2557 1980
188 3543 3432
189 532 2166
190 2320 288
191 557 2491
192 673 508
193 3001 444
194 2653 1185
195 2699 2717
196 1916 2296
197 2577 3010
198 1630 2720
199 1072 2950
200 1125 3356
201 2951 1837
202 2698 2017
203 2727 934
204 1083 1079
205 2391 2612
206 2501 1805
207 2298 3133
208 3327 555
209 3626 1895
210 1126 1689
211 1091 3193
212 2638 966
213 507 3347
214 2261 758
215 1334 369
216 3507 1122
217 219 2042
218 1517 1630
219 1131 2416
220 2601 1418
221 126 1507
222 2760 1024
223 1037 1430
224 421 1479
225 2085 3575
226 1184 1407
227 2185 3384
228 1121 2933
229 143 2614
230 3553 612
231 3490 1533
232 2098 1363
233 380 2908
234 286 3407
235 1914 2627
236 967 2294
237 126 864
238 2594 3512
239 2586 2014
240 129 3485
241 790 832
242 24 2472
243 840 2847
244 989 57
245 2647 495
246 1809 1790
247 2885 1734
248 2686 3172
249 2243 2329
250 1125 2685
251 391 2113
252 1698 2578
253 2019 2611
254 126 3606
255 1124 2792
256 1721 3669
257 1443 2366
258 1442 2283
259 1093 1790
260 3307 2348
261 3307 3525
262 2583 3202
263 2715 1934
264 237 2090
265 217 1357
266 645 3501
267 1500 306
268 83 2163
269 2804 2248
270 962 1099
271 3256 2322
272 1471 150
273 3114 701
274 919 2656
275 1402 195
276 684 27
277 390 744
278 1789 2717
279 2811 655
280 2957 2063
281 2168 1558
282 138 3240
283 1793 1866
284 810 3294
285 538 1243
286 2393 3446
287 706 1742
288 2835 2700
289 2689 387
290 2307 2157
291 3352 2384
292 294 1462
293 1047 1917
294 902 2177
295 666 2531
296 1291 1125
297 53 277
298 1880 608
299 507 2959
300 2469 3339
301 3199 2458
302 2259 1860
303 875 2840
304 813 1302
305 33 869
306 256 516
307 3388 1825
308 1737 2610
309 1533 196
310 2388 1497
311 594 12
312 3058 1578
313 2531 3634
314 278 1974
315 2809 1289
316 1537 2457
317 2259 847
318 710 1270
319 412 682
320 1283 3644
321 205 1065
322 1919 2919
323 640 2822
324 3534 3260
325 2854 2081
326 3201 3242
327 884 78
328 1122 3502
329 2794 1135
330 912 1155
331 908 826
332 350 1390
333 879 2944
334 2577 3202
335 1015 729
336 2987 1313
337 616 3650
338 1118 77
339 3419 1631
340 767 975
341 2060 707
342 1728 2880
343 146 177
344 2913 180
345 110 2571
346 164 3320
347 764 2062
348 608 1021
349 2394 437
350 2608 3561
351 129 1716
352 3593 1240
353 180 146
354 42 2913
355 1020 3423
356 3080 1724
357 1394 2554
358 1033 1773
359 1597 333
360 907 1120
361 3226 2448
362 2784 3450
363 839 2454
364 569 1334
365 2937 284
366 2439 1789
367 687 1709
368 1013 308
369 1236 1474
370 3639 3303
371 2989 1628
372 1476 987
373 25 2065
374 2804 688
375 508 1225
376 1261 2093
377 1133 3601
378 1517 1824
379 509 3358
380 2428 1568
381 140 651
382 3368 3222
383 927 309
384 3596 116
385 3490 1943
386 2197 340
387 3548 1400
388 197 3531
389 3353 1572
390 2336 2593
391 2216 3299
392 3445 3143
393 566 2881
394 726 3293
395 2274 1771
396 2730 3314
397 2885 1983
398 1626 2851
399 2213 3384
400 603 3286
401 3580 2711
402 3081 2708
403 1968 3531
404 926 2753
405 1157 2880
406 488 115
407 3227 279
408 2599 2534
409 2380 298
410 2513 1921
411 3500 2724
412 3283 921
413 1336 3310
414 2698 3487
415 3136 2254
416 3244 3277
417 2450 1759
418 3573 481
419 1086 1645
420 139 2220
421 956 1363
422 2797 1519
423 1409 3663
424 168 1913
425 3475 949
426 3472 1799
427 103 829
428 685 1276
429 2359 1370
430 1544 2170
431 1721 3653
432 1275 185
433 777 229
434 21 257
435 1409 1532
436 1936 1066
437 260 2499
438 2351 1480
439 2769 3467
440 1533 1151
441 2253 1138
442 1627 2729
443 2193 216
444 1526 1219
445 1930 2113
446 2818 1393
447 3253 3015
448 943 147
449 1183 215
450 2752 1978
451 72 930
452 3288 335
453 446 2970
454 3414 3373
455 2720 1427
456 814 1580
457 541 2254
458 563 2589
459 3234 2860
460 2899 2745
461 3137 2701
462 1534 2608
463 2419 118
464 1362 2943
465 1892 2842
466 348 3665
467 1623 1037
468 2893 2975
469 3507 3662
470 1938 3479
471 683 1417
472 2561 1426
473 1666 581
474 723 420
475 3062 3568
476 380 169
477 3188 2571
478 1073 2979
479 1607 1007
480 2336 1554
481 2631 3246
482 2747 2734
483 744 457
484 139 122
485 1869 1682
486 2239 283
487 686 1908
488 3311 2746
489 868 1622
490 1173 281
491 63 168
492 417 1666
493 3161 2554
494 3001 2755
495 431 2192
496 1264 1057
497 3301 2977
498 948 136
499 3662 813
500 2041 23
501 1569 2469
502 3570 3184
503 2946 700
504 3538 2566
505 2712 2088
506 1967 1494
507 2249 1767
508 1887 3599
509 1943 2072
510 2488 1591
511 2516 3204
512 812 613
513 732 843
514 1255 1832
515 2162 689
516 3027 3683
517 3206 2673
518 1155 1204
519 2098 2301
520 3522 2183
521 425 524
522 1783 861
523 2305 3367
524 2587 989
525 521 2380
526 1152 1342
527 1773 3344
528 2564 3657
529 3443 2508
530 773 192
531 458 1690
532 1459 2948
533 618 335
534 796 2098
535 3284 2129
536 2465 230
537 2613 1001
538 3534 3003
539 2098 3430
540 1007 953
541 2708 2438
542 1159 21
543 2178 3006
544 91 3577
545 1677 3073
546 1730 3670
547 1317 2827
548 2004 1311
549 2138 791
550 1903 1068
551 1934 984
552 3064 52
553 51 2049
554 938 2638
555 2045 630
556 2377 3366
557 982 1120
558 1970 1974
559 3454 2358
560 1529 3048
561 1940 1243
562 400 2550
563 2 2437
564 3079 3294
565 2396 1623
566 1625 540
567 295 1204
568 444 1888
569 3021 1225
570 209 3185
571 2000 791
572 667 2191
573 2757 1058
574 1670 2685
575 2106 1334
576 59 755
577 2650 3174
578 2312 394
579 957 3201
580 1584 3371
581 3582 769
582 2233 1893
583 3296 1207
584 1047 945
585 288 287
586 1614 1410
587 369 2569
588 3083 678
589 1748 666
590 218 2055
591 3224 3332
592 3431 979
593 922 615
594 2470 165
595 3047 635
596 2043 730
597 2006 367
598 489 1338
599 2908 2871
600 2415 2758
601 1601 907
602 353 3225
603 1049 2027
604 3205 890
605 2914 3000
606 1366 1748
607 1745 2215
608 305 2089
609 3347 144
610 1881 534
611 1323 650
612 84 156
613 1091 2028
614 1081 2303
615 1163 1348
616 2780 893
617 1534 1577
618 3241 2425
619 433 1049
620 1359 1188
621 1206 3651
622 994 1943
623 2667 1803
624 1290 1708
625 454 431
626 3427 1939
627 3265 2431
628 285 1559
629 1189 490
630 383 238
631 2781 2631
632 2985 3373
633 446 703
634 75 917
635 3211 3060
636 37 3319
637 3261 2407
638 2465 741
639 2165 2438
640 2040 695
641 512 1982
642 2710 2291
643 1029 1246
644 1132 1588
645 22 1478
646 2694 622
647 2768 1410
648 433 1239
649 200 7
650 1416 1925
651 2882 3433
652 3309 2234
653 691 1337
654 831 3617
655 3224 1426
656 821 2853
657 2223 2565
658 1781 828
659 84 836
660 2687 2201
661 2869 157
662 3118 511
663 139 1297
664 2961 1756
665 26 2009
666 360 1137
667 2123 1882
668 1767 2170
669 1812 1098
670 1872 2456
671 2812 3223
672 3526 3267
673 775 3553
674 430 318
675 1201 581
676 3488 1651
677 865 2231
678 2317 3298
679 2206 654
680 3006 1703
681 1699 2359
682 2063 1022
683 3490 1143
684 1897 1010
685 2721 490
686 3499 2418
687 1462 985
688 1538 851
689 3045 3136
690 2683 2486
691 3263 3321
692 1883 697
693 524 3290
694 1502 1150
695 1399 2191
696 639 2571
697 2436 2233
698 3369 2564
699 2634 1354
700 2613 465
701 1899 3401
702 1362 682
703 1509 476
704 2728 3364
705 1766 2227
706 561 1079
707 455 1481
708 3402 2888
709 2041 1198
710 949 392
711 3018 1888
712 2229 3187
713 1557 1838
714 1665 3340
715 3346 1985
716 864 467
717 810 2117
718 2285 766
719 589 1772
720 1778 1141
721 919 3574
722 952 3119
723 717 2455
724 2314 1287
725 1211 233
726 1037 1735
727 730 2437
728 75 153
729 765 2772
730 3590 2251
731 2954 3157
732 2111 2409
733 1978 508
734 1087 1899
735 1832 3239
736 2480 299
737 2294 692
738 1984 1151
739 3161 1898
740 2878 165
741 3596 1490
742 1213 2482
743 187 243
744 3408 2164
745 1498 1977
746 2013 2170
747 1471 630
748 3359 3255
749 724 1913
750 957 1825
751 3670 2129
752 1496 601
753 3287 3689
754 3660 997
755 1762 1134
756 3108 2013
757 2981 2288
758 1470 2144
759 421 1668
760 8 2854
761 1681 1033
762 3186 2124
763 2476 2329
764 1860 2759
765 1250 438
766 17 2703
767 722 481
768 3112 1948
769 3236 3257
770 3280 501
771 557 2738
772 2742 2965
773 704 459
774 3670 73
775 942 3100
776 2407 2782
777 739 112
778 3278 2018
779 3527 1192
780 1610 1256
781 110 2210
782 183 194
783 2842 2907
784 2717 97
785 1211 1665
786 3263 150
787 2136 192
788 2211 2984
789 494 684
790 479 1074
791 1135 255
792 803 1762
793 1964 2102
794 333 2927
795 734 552
796 1836 2913
797 1860 1319
798 1995 2195
799 1312 359
800 521 246
801 594 1096
802 81 3085
803 704 1070
804 867 1136
805 1234 775
806 313 2858
807 3071 1015
808 401 1515
809 1445 3467
810 317 3557
811 272 2033
812 3342 3176
813 1043 1510
814 42 2725
815 1169 2447
816 1710 3446
817 1692 998
818 3586 2097
819 86 2084
820 2000 3125
821 2872 2148
822 2386 2092
823 2354 1962
824 1640 1098
825 3266 2946
826 885 3339
827 812 1129
828 392 1320
829 202 543
830 1858 1102
831 1867 3353
832 2416 3510
833 2184 2652
834 1597 1491
835 2660 604
836 1326 2240
837 2723 3039
838 2772 1783
839 2735 2254
840 1074 149
841 2390 1115
842 237 3028
843 1059 3579
844 3587 1777
845 1169 2147
846 759 771
847 1859 1600
848 498 2211
849 3171 3122
850 3138 3487
851 2419 1147
852 420 2544
853 1970 1598
854 739 646
855 1053 3029
856 2443 3019
857 3252 1712
858 2577 3661
859 919 1609
860 308 2624
861 787 372
862 200 2215
863 1392 3303
864 1445 3232
865 3567 3230
866 3460 117
867 3418 178
868 1991 2623
869 2853 3424
870 3042 3294
871 1852 1063
872 1913 766
873 1608 721
874 1585 1545
875 1219 940
876 3575 2077
877 2565 3061
878 49 741
879 1038 2838
880 2288 3014
881 2020 464
882 2937 2590
883 1 2641
884 731 2531
885 3218 2515
886 3546 3552
887 3651 283
888 1951 233
889 3573 2304
890 1076 3455
891 1774 1605
892 3628 1143
893 449 1442
894 2487 2570
895 1840 3054
896 1186 350
897 2371 3450
898 121 1738
899 1150 2619
900 440 2905
901 2853 2088
902 1239 1143
903 716 1577
904 2026 1906
905 2448 3311
906 839 3172
907 1398 1482
908 1587 529
909 2876 2456
910 58 1367
911 1031 3323
912 2164 667
913 371 2278
914 1493 2994
915 3330 904
916 3244 831
917 1721 3506
918 1109 2569
919 184 1475
920 970 2720
921 1893 3312
922 612 2140
923 1586 1912
924 2506 1965
925 452 1885
926 1934 827
927 1774 1461
928 1669 1116
929 1097 2308
930 1529 123
931 672 2632
932 1926 2682
933 3652 2585
934 429 2661
935 804 1289
936 3475 2404
937 2943 465
938 3485 1202
939 1502 758
940 2542 2150
941 46 3405
942 3076 1679
943 2537 954
944 3334 2235
945 1536 550
946 3073 3412
947 2389 2081
948 589 1981
949 2466 671
950 553 1706
951 320 2105
952 1047 383
953 3555 1703
954 544 3408
955 189 2589
956 2230 288
957 879 2338
958 758 2286
959 3146 1368
960 3220 2779
961 620 3673
962 2576 1736
963 1042 237
964 2699 2575
965 3230 1826
966 1613 715
967 1967 1085
968 2122 798
969 2309 1032
970 2312 3388
971 2178 2000
972 1472 2508
973 3233 3668
974 621 410
975 58 1155
976 441 2529
977 705 1287
978 2938 51
979 1621 2873
980 900 3283
981 998 3246
982 3690 2907
983 1476 3429
984 3429 1875
985 1648 2561
986 2294 2989
987 3615 739
988 2778 318
989 187 1815
990 2801 1476
991 1714 306
992 1297 1404
993 634 3292
994 3027 3596
995 2056 769
996 1518 3062
997 2517 2038
998 3282 3078
999 2875 3034
1000 2389 3305
1001 1828 723
1002 2804 3022
1003 2888 321
1004 2413 567
1005 3444 2629
1006 1480 1163
1007 1675 2269
1008 823 1233
1009 750 3412
1010 1222 1809
1011 2078 2928
1012 56 2779
1013 2750 393
1014 3329 2803
1015 2690 948
1016 2724 789
1017 2840 2854
1018 648 2
1019 628 3358
1020 2059 502
1021 822 955
1022 2901 2812
1023 2679 2443
1024 801 735
1025 1573 1343
1026 137 1538
1027 3216 115
1028 2454 3440
1029 2741 1457
1030 3188 3058
1031 2938 3005
1032 582 198
1033 2043 564
1034 1884 478
1035 1032 278
1036 398 2524
1037 1571 1739
1038 1302 1344
1039 2330 571
1040 2373 97
1041 552 2303
1042 567 2088
1043 3188 2638
1044 2942 578
1045 3265 907
1046 839 88
1047 939 3297
1048 2986 3412
1049 221 1172
1050 1161 2572
1051 1393 1055
1052 3297 1796
1053 1242 1135
1054 1653 1706
1055 914 1179
1056 436 87
1057 2690 1396
1058 1492 402
1059 1513 803
1060 133 1379
1061 1143 2311
1062 3071 607
1063 385 3508
1064 1566 2709
1065 3350 3647
1066 903 118
1067 3012 3479
1068 788 2767
1069 134 823
1070 1493 1309
1071 1841 3109
1072 2242 2938
1073 3423 575
1074 1992 1965
1075 3640 1210
1076 1747 2985
1077 2960 1329
1078 98 2464
1079 2640 1844
1080 2956 2015
1081 2823 975
1082 2750 1554
1083 1611 3630
1084 1155 3090
1085 1972 187
1086 1274 3017
1087 2503 242
1088 1414 396
1089 1611 3188
1090 658 2962
1091 2943 1969
1092 1433 3115
1093 276 2395
1094 1126 104
1095 2447 413
1096 1203 228
1097 2162 3619
1098 473 2317
1099 2976 3412
1100 1421 1441
1101 27 889
1102 1394 2597
1103 3416 2911
1104 1570 435
1105 865 100
1106 3564 2221
1107 2419 2724
1108 471 2286
1109 2393 267
1110 2918 804
1111 1962 1977
1112 2997 3325
1113 931 1297
1114 2706 1824
1115 3624 1693
1116 2546 1651
1117 143 3621
1118 1916 1713
1119 2762 850
1120 2440 978
1121 838 2465
1122 1089 2546
1123 367 2451
1124 1865 3072
1125 2992 245
1126 2782 1057
1127 3662 363
1128 1554 298
1129 3448 3571
1130 1946 1250
1131 3196 1685
1132 3527 313
1133 76 2205
1134 2409 1431
1135 2737 2010
1136 315 536
1137 3129 688
1138 2611 1126
1139 1019 3141
1140 2816 655
1141 1982 1202
1142 1223 2809
1143 752 2003
1144 1849 54
1145 3576 1467
1146 3635 1618
1147 329 2681
1148 1248 2864
1149 2775 1006
1150 2107 1770
1151 3202 3485
1152 1477 2329
1153 1689 3097
1154 926 2371
1155 222 1386
1156 1810 102
1157 1218 596
1158 2101 909
1159 192 2474
1160 1285 571
1161 3178 1281
1162 2687 2904
1163 1953 3299
1164 2139 1891
1165 735 1648
1166 190 3039
1167 3014 1697
1168 943 417
1169 1716 523
1170 1333 1826
1171 3442 3292
1172 2154 1891
1173 1402 1856
1174 958 3483
1175 115 371
1176 3566 1737
1177 600 959
1178 3271 1680
1179 1004 3257
1180 1811 747
1181 1388 1540
1182 2442 3174
1183 3270 1544
1184 919 71
1185 2972 832
1186 3622 3144
1187 3632 1301
1188 2832 2507
1189 2378 2867
1190 1707 2856
1191 1336 2320
1192 2016 327
1193 3074 3531
1194 357 2779
1195 1960 2039
1196 1734 1005
1197 1715 3175
1198 3081 3645
1199 372 3562
1200 2971 647
1201 380 3101
1202 749 3476
1203 3361 1943
1204 1746 787
1205 1954 2905
1206 1868 2706
1207 3223 3209
1208 3641 1968
1209 1920 3236
1210 530 247
1211 1795 3035
1212 1261 1129
1213 2561 3058
1214 1005 2075
1215 344 2003
1216 1536 2082
1217 1875 3668
1218 2743 701
1219 1391 1332
1220 1623 2644
1221 764 280
1222 1717 1094
1223 3255 2709
1224 50 1352
1225 2355 3526
1226 2506 2731
1227 171 2906
1228 1034 1048
1229 3026 414
1230 234 1540
1231 825 1517
1232 1042 2533
1233 809 2476
1234 2616 1841
1235 1087 3174
1236 2785 1583
1237 2870 2515
1238 2076 3305
1239 2919 703
1240 1553 2461
1241 625 2755
1242 527 2636
1243 1795 447
1244 3265 1274
1245 1061 3687
1246 2083 1267
1247 1694 3276
1248 2475 737
1249 1339 3223
1250 2186 2689
1251 1561 3566
1252 190 1433
1253 1437 3325
1254 1948 2069
1255 487 2901
1256 3502 2480
1257 2300 1109
1258 3548 1951
1259 3432 126
1260 827 97
1261 249 572
1262 3243 3574
1263 1383 1727
1264 2495 3395
1265 2626 2145
1266 572 2571
1267 1362 2946
1268 1151 1879
1269 1762 32
1270 1326 1469
1271 2374 2672
1272 616 59
1273 2499 614
1274 2177 2951
1275 397 1604
1276 2042 74
1277 218 3624
1278 511 2359
1279 1009 1270
1280 815 222
1281 2682 3364
1282 2896 2137
1283 3643 1083
1284 2603 2303
1285 1936 1977
1286 2958 3663
1287 707 2458
1288 1295 1809
1289 3453 996
1290 405 2735
1291 1760 1507
1292 3526 1102
1293 1215 1407
1294 819 1102
1295 239 466
1296 1530 409
1297 1464 3540
1298 507 2316
1299 3614 2090
1300 845 2668
1301 1111 1888
1302 1874 3272
1303 2252 2991
1304 310 1049
1305 632 1899
1306 3214 1936
1307 383 363
1308 1258 1291
1309 1296 1884
1310 574 3127
1311 1426 894
1312 3524 3100
1313 1467 3530
1314 1389 2559
1315 54 2467
1316 3490 1599
1317 2748 2151
1318 3240 1254
1319 1257 199
1320 1985 2306
1321 2520 2590
1322 2252 3392
1323 1999 2160
1324 2538 2583
1325 1504 1863
1326 1748 531
1327 1782 1094
1328 2239 1082
1329 3441 3221
1330 3440 2595
1331 2842 2620
1332 1877 1991
1333 3101 50
1334 2581 1656
1335 1593 1292
1336 260 1831
1337 1692 3134
1338 2112 1960
1339 1589 28
1340 2514 565
1341 688 2794
1342 359 1491
1343 1207 2186
1344 303 2927
1345 1817 649
1346 2301 233
1347 922 3606
1348 2791 3191
1349 2737 1643
1350 544 3353
1351 2433 3064
1352 1876 2067
1353 3294 3667
1354 1436 3411
1355 1548 2069
1356 717 111
1357 1568 583
1358 1238 152
1359 956 3577
1360 2955 224
1361 502 2621
1362 58 499
1363 2163 2562
1364 1753 3646
1365 2835 506
1366 2453 1812
1367 1062 2079
1368 3635 871
1369 1576 3352
1370 296 518
1371 1783 2279
1372 2095 2102
1373 99 795
1374 17 3492
1375 2606 2677
1376 924 2709
1377 2984 657
1378 2590 3247
1379 3240 3336
1380 3394 1061
1381 1949 3121
1382 744 2530
1383 2020 2494
1384 1702 371
1385 3364 2747
1386 636 658
1387 3118 479
1388 1657 2390
1389 677 200
1390 1138 3570
1391 1268 3007
1392 3194 1212
1393 3337 1989
1394 2449 1236
1395 2629 241
1396 2848 2427
1397 1612 3047
1398 795 1697
1399 581 853
1400 2679 2834
1401 13 1882
1402 813 2784
1403 2123 2157
1404 1159 1101
1405 3301 655
1406 2209 2475
1407 3444 2403
1408 2911 3383
1409 2154 925
1410 2319 58
1411 2375 1237
1412 1109 1001
1413 2054 250
1414 1591 3166
1415 755 1737
1416 1458 1809
1417 2390 1739
1418 2826 1561
1419 859 1063
1420 1275 2628
1421 2974 2604
1422 345 1252
1423 2235 236
1424 1291 2103
1425 3008 2315
1426 2185 1014
1427 1304 620
1428 3109 2133
1429 2798 2589
1430 3550 2370
1431 3622 2117
1432 562 2495
1433 279 1888
1434 955 2565
1435 379 1783
1436 3372 1766
1437 931 948
1438 147 1232
1439 3609 2586
1440 1719 132
1441 2712 449
1442 2577 2001
1443 2257 3084
1444 2073 684
1445 293 2635
1446 1578 1078
1447 112 3305
1448 2319 3295
1449 2094 46
1450 3306 1181
1451 731 2181
1452 3606 1709
1453 3596 3049
1454 707 935
1455 3231 1427
1456 893 3025
1457 2826 3408
1458 3091 2236
1459 2489 2465
1460 2105 805
1461 3119 2172
1462 2642 902
1463 2287 1813
1464 157 3634
1465 1663 3143
1466 81 1785
1467 516 3577
1468 2513 3429
1469 3255 1427
1470 2989 48
1471 924 2821
1472 1809 1273
1473 1400 3098
1474 178 1222
1475 1502 633
1476 2979 3537
1477 2025 1134
1478 1261 1530
1479 3193 3510
1480 147 1599
1481 1695 1940
1482 1803 2254
1483 1017 569
1484 434 217
1485 189 179
1486 1123 465
1487 3332 3299
1488 334 2036
1489 1232 202
1490 428 1109
1491 2363 2918
1492 588 3125
1493 3136 846
1494 325 2930
1495 1370 1197
1496 2269 1470
1497 944 546
1498 2419 1190
1499 1186 2282
1500 3130 2031
1501 1795 1548
1502 3506 2155
1503 1772 1523
1504 2325 2430
1505 1605 929
1506 2709 2562
1507 1676 102
1508 1699 3100
1509 800 1663
1510 460 3588
1511 1288 286
1512 3499 132
1513 2914 3577
1514 553 2649
1515 3543 2409
1516 2733 2286
1517 1768 3562
1518 3440 2564
1519 3238 944
1520 2820 3397
1521 1979 2693
1522 1710 2841
1523 2862 1188
1524 1376 3445
1525 2822 1647
1526 35 1391
1527 3161 2708
1528 1064 223
1529 216 1249
1530 391 3589
1531 1781 3564
1532 2251 1477
1533 2686 1508
1534 669 901
1535 3533 1534
1536 349 409
1537 68 1500
1538 487 1414
1539 512 1070
1540 2307 2360
1541 1979 1577
1542 2980 1005
1543 1627 1901
1544 1740 236
1545 1279 2292
1546 2975 2295
1547 2904 748
1548 3172 1121
1549 2730 774
1550 2866 2715
1551 1142 2594
1552 190 591
1553 3506 2127
1554 2641 834
1555 3415 1796
1556 2415 1874
1557 2295 3185
1558 3143 2805
1559 1385 221
1560 1038 1609
1561 391 152
1562 1916 1463
1563 1396 2609
1564 3542 1397
1565 1139 320
1566 1566 2326
1567 2847 828
1568 2849 1462
1569 3422 559
1570 214 2618
1571 3265 1932
1572 3560 2236
1573 1916 3543
1574 376 1109
1575 1998 2600
1576 2542 1191
1577 2644 1178
1578 676 2307
1579 1809 883
1580 1654 1739
1581 1461 1826
1582 807 391
1583 991 2900
1584 2144 1567
1585 2190 2000
1586 108 739
1587 1824 3508
1588 2834 585
1589 2855 1117
1590 2456 2917
1591 2020 306
1592 932 3353
1593 3121 2043
1594 2663 1311
1595 306 1836
1596 1663 682
1597 482 1428
1598 1921 216
1599 785 2691
1600 2771 32
1601 1916 2417
1602 30 1568
1603 729 1824
1604 1708 2024
1605 3609 1225
1606 1026 1344
1607 2694 2385
1608 2209 1535
1609 2095 1259
1610 322 2176
1611 1347 3683
1612 591 150
1613 2545 788
1614 735 818
1615 1861 3154
1616 522 696
1617 2964 56
1618 3248 1569
1619 2093 3466
1620 136 2934
1621 47 1873
1622 228 423
1623 3367 529
1624 1109 3038
1625 2381 497
1626 3613 186
1627 3217 2484
1628 3088 286
1629 1981 598
1630 1443 613
1631 40 1403
1632 3395 1486
1633 1739 2379
1634 3389 3104
1635 967 3275
1636 2448 3528
1637 2971 981
1638 618 776
1639 1943 3325
1640 2359 102
1641 1356 1939
1642 901 209
1643 983 568
1644 1213 1814
1645 679 1618
1646 3615 222
1647 3569 1699
1648 2662 1351
1649 3088 3482
1650 2451 2920
1651 1583 879
1652 1271 909
1653 2108 1554
1654 2702 3465
1655 3139 3329
1656 309 1636
1657 264 3549
1658 434 17
1659 220 917
1660 2478 2791
1661 2027 1274
1662 2793 552
1663 2124 694
1664 1358 3514
1665 520 623
1666 610 2179
1667 3036 2614
1668 2471 1470
1669 2115 608
1670 2957 535
1671 2845 2172
1672 2545 1928
1673 525 995
1674 1700 2835
1675 1362 2594
1676 2243 2742
1677 1329 1193
1678 1406 140
1679 1499 2632
1680 2322 2035
1681 117 2640
1682 3165 558
1683 3413 267
1684 2860 1115
1685 1334 1572
1686 1061 2918
1687 2884 3023
1688 2586 863
1689 930 2852
1690 1488 1545
1691 593 1181
1692 3499 1772
1693 2327 2471
1694 1989 2383
1695 3235 1341
1696 3628 1741
1697 757 3525
1698 2084 384
1699 238 1042
1700 535 903
1701 1528 2331
1702 482 573
1703 381 554
1704 252 3042
1705 444 1078
1706 1706 980
1707 2391 740
1708 778 570
1709 2441 3470
1710 2894 928
1711 3291 1489
1712 346 2430
1713 1495 1470
1714 2719 134
1715 2579 399
1716 1223 2477
1717 2273 2603
1718 2873 2791
1719 1642 2049
1720 2549 2135
1721 2784 1424
1722 2443 3450
1723 40 84
1724 3178 2616
1725 2961 1136
1726 2135 336
1727 754 134
1728 347 352
1729 3328 1078
1730 2703 51
1731 1817 2272
1732 3518 1564
1733 3322 256
1734 246 1579
1735 1340 2605
1736 1970 1098
1737 770 3654
1738 1089 1516
1739 582 3254
1740 2478 2823
1741 1661 2077
1742 40 435
1743 199 2368
1744 1563 1040
1745 2414 1405
1746 2870 1545
1747 1759 2546
1748 1246 1413
1749 1354 2371
1750 1686 1338
1751 78 1663
1752 1445 3474
1753 3046 1989
1754 592 2785
1755 1786 2110
1756 2373 2588
1757 1505 3222
1758 2498 10
1759 1506 1541
1760 848 2351
1761 546 3347
1762 1348 2773
1763 1959 1007
1764 2799 241
1765 605 299
1766 2508 3061
1767 702 2569
1768 2380 2755
1769 3228 747
1770 1201 1866
1771 3223 675
1772 1194 3446
1773 1505 530
1774 1628 1822
1775 3107 3612
1776 2241 1238
1777 2497 2252
1778 1388 3061
1779 2888 1344
1780 2056 97
1781 3123 1548
1782 2263 3011
1783 1362 1056
1784 820 1724
1785 122 1070
1786 2230 1476
1787 1092 3185
1788 2244 1020
1789 1730 1985
1790 2490 2572
1791 2871 2353
1792 2652 1296
1793 225 3572
1794 3538 253
1795 2529 517
1796 2449 363
1797 2869 257
1798 3255 3346
1799 2009 892
1800 1032 2418
1801 94 320
1802 2654 2404
1803 331 1692
1804 3026 2141
1805 2427 3528
1806 62 3379
1807 465 2821
1808 1599 1085
1809 183 2195
1810 31 1774
1811 2147 2197
1812 1158 1886
1813 2684 1108
1814 1398 1933
1815 2028 1483
1816 1480 2730
1817 2304 505
1818 959 709
1819 1183 413
1820 2767 1674
1821 1211 2937
1822 1822 3434
1823 1489 3347
1824 1657 3439
1825 1618 307
1826 1657 579
1827 518 2887
1828 784 2849
1829 2781 2355
1830 1860 615
1831 3048 3331
1832 2794 3055
1833 32 2218
1834 3553 113
1835 1998 91
1836 942 1118
1837 6 3516
1838 3244 1330
1839 3158 2030
1840 1958 705
1841 2474 601
1842 3508 2893
1843 586 3431
1844 1369 2015
1845 2221 1724
1846 3413 2997
1847 1116 2134
1848 1724 2892
1849 614 951
1850 269 2853
1851 1451 1233
1852 1408 3440
1853 470 3467
1854 3153 2881
1855 1237 1313
1856 1881 1897
1857 2352 1553
1858 783 2835
1859 2365 315
1860 1434 3305
1861 2452 699
1862 3015 574
1863 3670 2508
1864 3086 2320
1865 2257 528
1866 377 2304
1867 2375 872
1868 1927 2886
1869 2074 1944
1870 3574 904
1871 2440 2528
1872 2536 1850
1873 431 3032
1874 2948 2183
1875 2209 2188
1876 192 592
1877 524 1120
1878 2740 325
1879 172 133
1880 2799 2002
1881 2904 112
1882 701 387
1883 106 3190
1884 1835 337
1885 773 1705
1886 2945 14
1887 2886 720
1888 2471 557
1889 1679 3056
1890 680 1233
1891 928 2268
1892 3158 3093
1893 2370 1647
1894 1963 2731
1895 2545 50
1896 276 3624
1897 1556 1147
1898 2743 3595
1899 41 1953
1900 2638 2274
1901 522 2329
1902 2460 2456
1903 2260 1774
1904 2849 1397
1905 1496 1918
1906 2617 2488
1907 687 1806
1908 890 3481
1909 2585 3660
1910 2371 1617
1911 1486 2493
1912 2561 2957
1913 639 2778
1914 2054 3501
1915 1998 1768
1916 1957 998
1917 2202 2422
1918 3416 2939
1919 2932 1604
1920 948 2721
1921 33 1748
1922 2737 1796
1923 2647 1384
1924 2204 1510
1925 958 2112
1926 3394 396
1927 2773 531
1928 1298 487
1929 833 2298
1930 2997 2592
1931 216 71
1932 1795 2232
1933 3181 1987
1934 2489 3392
1935 1692 1945
1936 1232 213
1937 421 2823
1938 1025 16
1939 3271 2235
1940 964 2969
1941 699 2937
1942 1314 1880
1943 2031 2647
1944 1816 1416
1945 1669 3407
1946 736 1870
1947 764 1894
1948 2192 3573
1949 2329 57
1950 1471 130
1951 1263 1497
1952 148 766
1953 357 3563
1954 2585 1983
1955 1265 2557
1956 1023 3164
1957 2392 1955
1958 2110 900
1959 2583 1889
1960 3195 12
1961 1372 3380
1962 2935 1736
1963 2364 1407
1964 188 1280
1965 1941 304
1966 2261 3626
1967 554 498
1968 1331 2554
1969 517 1421
1970 2881 3666
1971 825 3124
1972 3234 1671
1973 3105 66
1974 2120 1875
1975 1289 3033
1976 2995 717
1977 1151 1769
1978 238 1550
1979 369 3624
1980 3257 2820
1981 1238 2628
1982 2133 2499
1983 3524 878
1984 400 3008
1985 3525 2181
1986 2496 878
1987 1894 2117
1988 3242 3221
1989 964 1336
1990 2360 1242
1991 2268 436
1992 2271 292
1993 3272 1289
1994 3168 73
1995 3442 2697
1996 228 2369
1997 502 3303
1998 232 1891
1999 1611 2416
2000 1040 2350
2001 667 3278
2002 3446 3149
2003 3407 1616
2004 1513 2943
2005 1655 151
2006 2911 3104
2007 3615 2101
2008 2328 652
2009 2801 1030
2010 1540 2845
2011 3155 374
2012 1437 2502
2013 633 1327
2014 3190 2211
2015 896 526
2016 1732 941
2017 1853 3538
2018 1793 74
2019 2411 2590
2020 240 237
2021 852 3365
2022 713 1372
2023 3304 1928
2024 145 606
2025 3684 2805
2026 1800 3294
2027 2913 2302
2028 2704 3575
2029 2266 2105
2030 1941 906
2031 1432 2349
2032 759 610
2033 491 821
2034 2854 3231
2035 2324 3413
2036 2309 2464
2037 1783 2983
2038 628 2197
2039 668 1848
2040 3132 428
2041 2219 519
2042 312 1184
2043 2460 2829
2044 2464 2392
2045 157 925
2046 2728 3681
2047 2271 478
2048 342 2883
2049 3597 1315
2050 1863 1460
2051 988 3114
2052 2586 2
2053 918 2149
2054 91 2423
2055 1854 3121
2056 3305 1857
2057 2706 2461
2058 2692 3064
2059 1423 647
2060 2646 912
2061 306 2732
2062 2595 2651
2063 1898 1591
2064 2068 1449
2065 1679 2862
2066 3305 1004
2067 253 2853
2068 3126 2704
2069 2280 3037
2070 330 1541
2071 492 281
2072 1194 3084
2073 3123 2516
2074 1225 118
2075 2991 1156
2076 2182 2562
2077 1955 3240
2078 900 2321
2079 599 1954
2080 3639 766
2081 185 1447
2082 2028 3380
2083 2441 2084
2084 2099 190
2085 768 3161
2086 754 3018
2087 3524 2392
2088 2301 74
2089 2064 2462
2090 257 940
2091 3010 3472
2092 1286 3528
2093 829 438
2094 794 3350
2095 461 2173
2096 1679 2185
2097 1047 2271
2098 2128 2119
2099 2818 2391
2100 287 3475
2101 1199 987
2102 1763 1897
2103 2569 3528
2104 2636 1330
2105 1109 3546
2106 2754 2455
2107 1333 2349
2108 1749 1903
2109 1537 1090
2110 3613 2106
2111 3447 1302
2112 882 2468
2113 3565 1304
2114 870 786
2115 1696 2768
2116 2410 96
2117 2955 507
2118 2819 1925
2119 1230 2991
2120 375 733
2121 531 1030
2122 2045 545
2123 499 575
2124 593 53
2125 1039 363
2126 1933 852
2127 2251 813
2128 1173 880
2129 281 481
2130 1522 2341
2131 2511 2418
2132 1481 310
2133 1462 1495
2134 3491 635
2135 3432 2217
2136 882 1454
2137 3145 2640
2138 3516 1561
2139 270 266
2140 2026 1369
2141 1050 1311
2142 391 2136
2143 73 184
2144 2285 3170
2145 2360 3574
2146 1401 1766
2147 3123 314
2148 1391 640
2149 587 987
2150 1529 1458
2151 137 3297
2152 2391 3113
2153 3522 372
2154 2912 3434
2155 732 945
2156 1798 2885
2157 207 2331
2158 920 2891
2159 1030 428
2160 66 907
2161 3137 989
2162 2505 382
2163 383 2140
2164 2588 2764
2165 681 1545
2166 687 3092
2167 2561 2035
2168 2055 3547
2169 1580 3260
2170 1543 3494
2171 3327 1460
2172 38 3100
2173 134 3655
2174 832 3139
2175 2178 1445
2176 1682 1004
2177 694 1054
2178 1320 2157
2179 1650 1239
2180 310 1561
2181 2714 1514
2182 2016 3192
2183 98 504
2184 965 1177
2185 3313 2398
2186 2587 1276
2187 1109 1316
2188 3179 1097
2189 1590 414
2190 787 3186
2191 2371 983
2192 1267 326
2193 674 1979
2194 3145 3520
2195 437 2833
2196 1113 315
2197 1337 2994
2198 3425 2946
2199 1064 989
2200 2826 2826
2201 132 3554
2202 2391 732
2203 890 230
2204 3141 672
2205 937 200
2206 957 968
2207 2267 3498
2208 1466 1339
2209 1510 120
2210 390 3108
2211 1648 248
2212 288 3335
2213 2445 1065
2214 2330 2501
2215 3029 3178
2216 520 2025
2217 1630 2378
2218 3305 199
2219 1094 934
2220 1836 3396
2221 1652 1375
2222 2498 2090
2223 2841 2146
2224 159 2954
2225 3584 2376
2226 771 3088
2227 475 3262
2228 314 2077
2229 1482 2383
2230 383 1403
2231 1229 1959
2232 1494 3513
2233 896 930
2234 1286 219
2235 1501 3128
2236 1866 353
2237 2216 1769
2238 176 3288
2239 1854 1807
2240 2850 1863
2241 2435 1835
2242 3689 13
2243 2175 609
2244 2150 2454
2245 1891 684
2246 666 961
2247 1404 693
2248 1050 2869
2249 1378 1781
2250 1104 2501
2251 1331 3031
2252 622 2102
2253 845 2974
2254 1701 700
2255 1074 3441
2256 2898 3160
2257 2927 1246
2258 1714 2231
2259 3175 127
2260 945 1219
2261 351 684
2262 311 3654
2263 470 2511
2264 2556 3633
2265 1092 475
2266 2901 2256
2267 2486 764
2268 3568 2217
2269 2870 3244
2270 1892 1378
2271 383 1724
2272 1289 1892
2273 2721 1504
2274 3602 1403
2275 3472 1161
2276 520 3086
2277 1540 3481
2278 2453 1770
2279 831 2495
2280 483 3430
2281 592 8
2282 2352 2799
2283 1728 3159
2284 326 2675
2285 1246 1347
2286 246 3505
2287 1461 1289
2288 1620 1070
2289 2900 1647
2290 2418 3351
2291 3534 17
2292 2576 3164
2293 2933 2262
2294 3395 2640
2295 1077 1394
2296 619 468
2297 2816 2402
2298 2461 1831
2299 1313 3381
2300 2467 1905
2301 2539 2016
2302 1382 538
2303 2174 3288
2304 800 1921
2305 2360 2995
2306 1958 2229
2307 905 1038
2308 3162 835
2309 3505 3121
2310 1311 1926
2311 1160 1650
2312 1178 1360
2313 2618 1333
2314 3087 583
2315 2930 1304
2316 2916 1126
2317 499 1635
2318 720 88
2319 2634 2151
2320 2482 2124
2321 1058 1321
2322 1393 2656
2323 981 515
2324 2267 1080
2325 1524 2034
2326 3627 1187
2327 907 3553
2328 180 3114
2329 3290 2053
2330 1832 2936
2331 2690 1146
2332 1787 373
2333 2929 346
2334 2490 2676
2335 177 338
2336 1416 1265
2337 1931 1614
2338 1327 393
2339 2538 2770
2340 569 1197
2341 450 1829
2342 307 1381
2343 621 3031
2344 1946 72
2345 918 1910
2346 1414 1100
2347 270 3647
2348 2244 2471
2349 682 2779
2350 839 2318
2351 721 2447
2352 866 2759
2353 1597 74
2354 100 1665
2355 1140 387
2356 32 391
2357 230 3038
2358 1194 2865
2359 1806 798
2360 3225 1916
2361 916 2891
2362 2736 1002
2363 396 1495
2364 3570 3007
2365 3681 2120
2366 3300 1138
2367 2840 3540
2368 3462 861
2369 983 2114
2370 291 1917
2371 3297 1803
2372 503 2583
2373 1869 649
2374 3687 1266
2375 3197 144
2376 1455 907
2377 3413 2766
2378 1192 591
2379 3098 2792
2380 721 3165
2381 3131 2981
2382 385 219
2383 2178 2143
2384 3373 1034
2385 2515 224
2386 296 1601
2387 2999 465
2388 312 1204
2389 2860 3440
2390 1598 2237
2391 2075 1765
2392 3182 1837
2393 3546 257
2394 102 20
2395 3269 1093
2396 3219 136
2397 2810 2662
2398 1160 2849
2399 2231 239
2400 2396 2829
2401 94 3490
2402 1862 1013
2403 172 663
2404 1281 2665
2405 870 2691
2406 3007 647
2407 2542 1996
2408 1324 3144
2409 3564 3302
2410 968 3418
2411 2616 1232
2412 2384 843
2413 2540 1625
2414 3571 1087
2415 3571 23
2416 2136 323
2417 187 694
2418 2557 3098
2419 1113 3206
2420 2235 2446
2421 2449 3472
2422 896 508
2423 3117 1955
2424 2480 159
2425 2645 861
2426 3473 2358
2427 515 3684
2428 3217 1719
2429 3646 2169
2430 1536 1154
2431 3551 657
2432 3119 1611
2433 2504 2230
2434 491 14
2435 2851 2178
2436 36 1182
2437 3253 1620
2438 2514 1099
2439 2640 1649
2440 1546 748
2441 1027 1296
2442 910 2575
2443 3601 2640
2444 3147 3029
2445 247 604
2446 3240 3211
2447 3094 628
2448 2428 2376
2449 3680 110
2450 2145 3690
2451 2291 2061
2452 57 91
2453 3247 1743
2454 899 2426
2455 3232 2181
2456 1042 2730
2457 2373 45
2458 2761 1381
2459 1857 3128
2460 2657 6
2461 1399 2902
2462 1330 1651
2463 2115 2768
2464 645 3017
2465 969 1020
2466 2437 511
2467 1829 1053
2468 2022 2300
2469 2128 103
2470 2027 2129
2471 1278 731
2472 2855 818
2473 776 2646
2474 2372 2867
2475 1827 2570
2476 2916 3227
2477 2017 2549
2478 3604 2816
2479 1888 2299
2480 960 382
2481 2872 1528
2482 3327 764
2483 1529 370
2484 3535 5
2485 1538 1290
2486 1795 1375
2487 1460 2075
2488 1738 2702
2489 1577 1714
2490 1457 3145
2491 2996 2286
2492 3579 2152
2493 2206 2251
2494 2762 2261
2495 3565 2478
2496 3124 606
2497 56 923
2498 2592 1146
2499 1776 1440
2500 683 2070
2501 2854 2432
2502 1660 737
2503 2881 3376
2504 1555 1009
2505 2910 2325
2506 2717 534
2507 2073 1006
2508 855 2024
2509 1364 1972
2510 1198 1438
2511 1835 2197
2512 3003 3028
2513 2258 3133
2514 1364 2481
2515 1505 1771
2516 3676 2737
2517 1131 721
2518 822 3430
2519 1272 2451
2520 802 2229
2521 283 766
2522 3347 574
2523 3026 3281
2524 1829 1289
2525 834 1594
2526 2293 1200
2527 3217 1447
2528 2765 1071
2529 1822 492
2530 279 3070
2531 1011 410
2532 832 1409
2533 2671 647
2534 349 563
2535 1103 580
2536 2954 1039
2537 890 2540
2538 2855 382
2539 112 3689
2540 1440 303
2541 1249 1948
2542 233 2241
2543 3636 3236
2544 1577 3502
2545 2784 1042
2546 80 2979
2547 464 2225
2548 2414 2640
2549 3324 269
2550 2300 1532
2551 2590 2500
2552 663 1403
2553 1471 665
2554 1295 167
2555 1782 709
2556 2696 3689
2557 1055 2453
2558 2142 80
2559 2582 2963
2560 779 1660
2561 1090 789
2562 575 1675
2563 1396 2555
2564 3292 56
2565 3249 3173
2566 2783 2739
2567 370 2975
2568 2031 1812
2569 2636 627
2570 151 2343
2571 280 415
2572 3395 1898
2573 2123 235
2574 933 266
2575 1349 1694
2576 1955 3112
2577 2008 377
2578 2117 2156
2579 1525 2563
2580 1828 3510
2581 3222 1347
2582 220 872
2583 2390 3477
2584 2570 3263
2585 1921 1
2586 2778 2227
2587 1604 384
2588 2024 2486
2589 443 2517
2590 2901 809
2591 1107 1749
2592 2366 1246
2593 3606 368
2594 3244 2245
2595 3615 1257
2596 2689 2180
2597 945 1606
2598 517 2642
2599 1717 2442
2600 845 2605
2601 1168 562
2602 3336 591
2603 2041 174
2604 126 1197
2605 2814 3599
2606 130 2365
2607 250 44
2608 404 1985
2609 435 1389
2610 672 2415
2611 2490 1551
2612 602 585
2613 2564 55
2614 1707 2653
2615 3402 882
2616 245 519
2617 3283 2676
2618 217 1740
2619 1886 1920
2620 2298 3506
2621 2329 2865
2622 2658 863
2623 302 207
2624 2684 766
2625 2868 292
2626 2736 3422
2627 2594 1109
2628 3095 138
2629 2444 1125
2630 1929 2287
2631 1305 1789
2632 2638 1956
2633 275 2488
2634 1952 1556
2635 2794 144
2636 1870 1151
2637 526 2861
2638 1738 2697
2639 1337 2826
2640 2196 1870
2641 3444 1818
2642 2076 3653
2643 3231 3269
2644 374 468
2645 143 2823
2646 1636 1442
2647 2598 3351
2648 2318 2707
2649 3223 344
2650 1973 2700
2651 2163 1979
2652 2608 769
2653 1480 2512
2654 2006 2594
2655 2863 441
2656 3244 2782
2657 2259 2361
2658 2505 2222
2659 3145 3314
2660 2827 2230
2661 3660 3511
2662 2265 299
2663 1936 279
2664 1207 2834
2665 1682 2558
2666 1041 3545
2667 2002 2373
2668 1148 3526
2669 1025 654
2670 2148 1617
2671 2502 1445
2672 793 2893
2673 28 1032
2674 2773 450
2675 1993 430
2676 3520 2528
2677 1834 1619
2678 2999 804
2679 3152 2253
2680 148 3422
2681 144 3404
2682 24 979
2683 1386 1061
2684 866 102
2685 1668 1210
2686 3164 3479
2687 3363 2490
2688 1567 1294
2689 2213 1143
2690 3056 2305
2691 3444 511
2692 1823 373
2693 3016 2872
2694 2083 1498
2695 2578 718
2696 3483 2450
2697 471 2240
2698 1216 2359
2699 753 351
2700 1258 646
2701 2400 2559
2702 2025 221
2703 1497 440
2704 1026 2672
2705 3386 1347
2706 1715 526
2707 1895 361
2708 1046 2739
2709 2296 2432
2710 1114 3569
2711 2037 2533
2712 596 245
2713 1896 260
2714 2290 125
2715 2780 3209
2716 738 2019
2717 25 1665
2718 2592 2178
2719 807 3441
2720 931 2112
2721 1983 2130
2722 1346 688
2723 924 2166
2724 2533 3308
2725 1440 2316
2726 315 2588
2727 1902 2371
2728 3262 966
2729 2500 494
2730 580 3242
2731 1759 2623
2732 2545 1659
2733 3036 579
2734 2333 2555
2735 2269 1401
2736 3294 2218
2737 2073 2127
2738 3169 1710
2739 739 2270
2740 2268 3277
2741 3272 1361
2742 2222 1792
2743 1541 3381
2744 36 1972
2745 3194 1313
2746 749 2508
2747 1605 1541
2748 574 1720
2749 766 382
2750 2952 3107
2751 837 3332
2752 1665 2927
2753 2886 2250
2754 2453 145
2755 2023 35
2756 1649 2509
2757 162 2448
2758 2095 126
2759 3007 1105
2760 538 2532
2761 46 2037
2762 3435 1996
2763 1977 3119
2764 41 2575
2765 3385 3547
2766 1971 3220
2767 646 2372
2768 1799 2396
2769 2348 1558
2770 2396 209
2771 1645 3299
2772 1883 559
2773 304 704
2774 755 2433
2775 2771 2363
2776 1198 2937
2777 1258 1461
2778 74 1491
2779 1087 101
2780 2716 162
2781 1906 65
2782 705 1679
2783 2017 3383
2784 3355 2610
2785 484 943
2786 2010 1385
2787 2850 336
2788 733 3028
2789 554 2243
2790 1781 1442
2791 873 3121
2792 619 372
2793 1330 3022
2794 3311 176
2795 1753 3448
2796 2356 1032
2797 2718 216
2798 2343 1245
2799 134 1254
2800 189 84
2801 3393 3137
2802 3662 2557
2803 2858 2657
2804 2267 892
2805 2074 3500
2806 1034 1238
2807 1518 2360
2808 15 3673
2809 2316 1363
2810 64 3574
2811 176 2636
2812 2709 3614
2813 2643 911
2814 1317 2309
2815 3052 385
2816 3083 2099
2817 2591 2076
2818 1404 684
2819 2462 3090
2820 169 471
2821 152 2747
2822 818 289
2823 2291 600
2824 2174 2327
2825 2760 785
2826 1262 1404
2827 1735 787
2828 391 863
2829 1928 2224
2830 3233 2300
2831 3058 2586
2832 488 280
2833 841 916
2834 1345 388
2835 559 1175
2836 1366 3498
2837 435 975
2838 737 1036
2839 2136 937
2840 542 3087
2841 2706 2854
2842 1259 1237
2843 2099 2561
2844 2893 1078
2845 1436 1933
2846 2135 409
2847 2504 2495
2848 3242 709
2849 1080 956
2850 841 2000
2851 1983 1676
2852 2404 3581
2853 3136 3378
2854 1827 3553
2855 2239 3431
2856 3572 736
2857 2372 1667
2858 2331 2663
2859 503 876
2860 2313 3395
2861 3533 2900
2862 2357 3051
2863 2295 1904
2864 2655 3553
2865 1252 2083
2866 596 237
2867 3620 1309
2868 1999 3615
2869 820 301
2870 3302 1262
2871 3223 532
2872 633 1269
2873 1714 2901
2874 2575 981
2875 2557 3622
2876 2063 2957
2877 2055 3327
2878 802 396
2879 2328 2371
2880 1797 2624
2881 957 2333
2882 1267 1169
2883 29 688
2884 3247 141
2885 989 1493
2886 1678 1298
2887 571 546
2888 233 1076
2889 2629 3444
2890 191 636
2891 27 451
2892 348 948
2893 605 3252
2894 2301 905
2895 611 2864
2896 1333 140
2897 3066 1575
2898 3172 1559
2899 401 643
2900 1669 1793
2901 1577 86
2902 3161 1496
2903 2638 2844
2904 1980 818
2905 2618 2901
2906 2189 3107
2907 202 3367
2908 3000 2383
2909 2076 417
2910 2486 928
2911 1527 1676
2912 699 3028
2913 1476 1073
2914 2446 2587
2915 972 1329
2916 1896 2583
2917 1137 3005
2918 2994 3660
2919 2010 952
2920 1156 2623
2921 1566 1830
2922 2691 127
2923 3021 1563
2924 1338 2672
2925 3043 2664
2926 1225 3597
2927 1071 1003
2928 171 1237
2929 2658 2005
2930 3153 3066
2931 218 1192
2932 2752 3010
2933 1202 118
2934 58 1174
2935 2225 2487
2936 1996 1822
2937 1457 3509
2938 2264 2603
2939 2248 527
2940 366 1938
2941 1138 780
2942 1141 3175
2943 1613 3252
2944 1159 53
2945 3071 1927
2946 2961 2092
2947 2987 369
2948 1983 3266
2949 2002 1579
2950 3527 1141
2951 355 1402
2952 2643 3033
2953 2529 1982
2954 255 1068
2955 3192 1388
2956 1200 1330
2957 1111 2145
2958 1716 1595
2959 3634 3665
2960 749 1656
2961 2157 1557
2962 1855 966
2963 2055 538
2964 389 880
2965 2618 1813
2966 3187 2683
2967 3534 1603
2968 1930 3191
2969 1949 3315
2970 92 655
2971 3658 913
2972 1517 2577
2973 1390 2544
2974 1052 2107
2975 2474 1825
2976 2768 2755
2977 1302 3449
2978 1249 833
2979 3507 2702
2980 1823 2225
2981 3631 768
2982 1327 631
2983 328 274
2984 1740 1583
2985 3554 2419
2986 1617 884
2987 5 1536
2988 721 1496
2989 577 2404
2990 1490 1751
2991 294 3140
2992 3469 640
2993 1627 482
2994 297 910
2995 912 1140
2996 3450 381
2997 2551 2596
2998 1665 3094
2999 1915 2187
3000 78 1324
3001 2498 2534
3002 2854 2438
3003 1017 7
3004 231 2307
3005 2470 3543
3006 746 2580
3007 1049 239
3008 2161 1446
3009 1179 2570
3010 24 1142
3011 1590 1410
3012 1798 3330
3013 1197 289
3014 1969 3261
3015 1783 1260
3016 1689 59
3017 608 1359
3018 8 3195
3019 1042 2433
3020 2313 2873
3021 2777 317
3022 329 2356
3023 755 3084
3024 2532 822
3025 2757 210
3026 1562 2795
3027 3595 579
3028 3387 2066
3029 1562 3439
3030 994 661
3031 1720 2248
3032 496 2510
3033 327 3003
3034 460 1757
3035 3605 2737
3036 3423 2525
3037 2396 1907
3038 375 2814
3039 1357 596
3040 2618 2819
3041 1511 2417
3042 1415 480
3043 1167 1383
3044 225 121
3045 2126 447
3046 3060 1159
3047 2947 3180
3048 416 1430
3049 1912 1896
3050 28 2179
3051 2963 2879
3052 2632 290
3053 2405 3090
3054 2446 75
3055 2469 2721
3056 1586 1444
3057 1919 109
3058 1652 1643
3059 973 1312
3060 2134 1168
3061 3314 885
3062 479 2642
3063 1991 974
3064 1923 3589
3065 1661 1688
3066 2898 980
3067 629 1338
3068 2506 1679
3069 807 1962
3070 2599 728
3071 3584 2052
3072 776 3680
3073 3617 3168
3074 755 2061
3075 1295 2643
3076 733 2522
3077 1593 1842
3078 2794 2396
3079 425 1463
3080 1607 3349
3081 184 923
3082 2732 574
3083 2723 3302
3084 1285 829
3085 357 662
3086 1126 3384
3087 3187 2461
3088 2214 1450
3089 803 2495
3090 3209 600
3091 3099 482
3092 1325 603
3093 987 920
3094 1931 796
3095 3391 2871
3096 1475 2587
3097 2838 427
3098 79 3658
3099 925 737
3100 262 725
3101 3100 2282
3102 191 1920
3103 1122 3020
3104 3603 3343
3105 2615 571
3106 614 2905
3107 2214 337
3108 2080 1268
3109 2890 3012
3110 105 3673
3111 3072 2750
3112 1863 1846
3113 398 1975
3114 2533 376
3115 3476 2061
3116 1865 1684
3117 2840 680
3118 139 1127
3119 3608 645
3120 1567 83
3121 356 2600
3122 3120 2511
3123 841 544
3124 532 2985
3125 2377 3336
3126 1848 2380
3127 1712 3438
3128 1141 919
3129 2705 2682
3130 2432 2413
3131 1965 106
3132 2424 1801
3133 2417 3504
3134 2306 620
3135 1980 2654
3136 799 2305
3137 3515 1743
3138 2380 2538
3139 2982 539
3140 958 3034
3141 1193 1752
3142 2490 1548
3143 3359 2911
3144 1620 1513
3145 2211 2386
3146 3291 1077
3147 2179 24
3148 3536 3000
3149 3368 904
3150 2958 2665
3151 2808 2256
3152 1227 3223
3153 1383 3184
3154 778 2699
3155 1005 2773
3156 506 1045
3157 3471 2167
3158 2042 2400
3159 867 242
3160 1726 3106
3161 2173 548
3162 3558 355
3163 1075 1126
3164 1145 2174
3165 3272 68
3166 2600 1985
3167 1913 3058
3168 2139 321
3169 1436 2873
3170 2569 1224
3171 591 2088
3172 2622 919
3173 680 1173
3174 2386 103
3175 3649 767
3176 2055 2512
3177 3216 1118
3178 2668 542
3179 1985 2048
3180 3396 3296
3181 770 277
3182 3607 88
3183 162 1944
3184 710 3177
3185 1140 3612
3186 3255 3566
3187 2282 2243
3188 375 202
3189 1436 1775
3190 2260 1176
3191 779 3541
3192 1086 3625
3193 3336 1176
3194 2373 294
3195 2661 2967
3196 1715 733
3197 2056 435
3198 2849 686
3199 1991 2945
3200 1896 1135
3201 1386 891
3202 2570 2623
3203 1480 1312
3204 515 2039
3205 3019 1433
3206 3599 3276
3207 2907 9
3208 2718 2056
3209 3511 80
3210 1719 2393
3211 292 2504
3212 168 1390
3213 3319 247
3214 1870 2758
3215 2566 119
3216 2041 2134
3217 875 1184
3218 2565 1762
3219 3655 3036
3220 1775 1450
3221 80 3576
3222 622 653
3223 1670 3081
3224 469 499
3225 2532 2715
3226 743 2530
3227 1687 3621
3228 420 1682
3229 918 3176
3230 3648 2321
3231 2544 1612
3232 2464 814
3233 2176 1731
3234 2146 62
3235 1756 3547
3236 3581 3626
3237 1762 2396
3238 1815 3638
3239 247 1821
3240 1539 3554
3241 248 1923
3242 1795 3613
3243 254 2116
3244 2019 2740
3245 2463 642
3246 1959 3651
3247 2458 138
3248 1486 3470
3249 1094 282
3250 2091 2938
3251 2930 1553
3252 145 2388
3253 3509 863
3254 566 1150
3255 2580 2625
3256 1864 1201
3257 3181 2571
3258 832 2495
3259 1234 2259
3260 2550 221
3261 2745 1107
3262 3082 237
3263 953 1019
3264 923 3543
3265 1433 2324
3266 2243 5
3267 1361 990
3268 1132 1285
3269 1826 531
3270 1283 2320
3271 2458 151
3272 876 529
3273 464 291
3274 3066 443
3275 2960 2636
3276 291 111
3277 2786 3353
3278 3654 3419
3279 2604 1525
3280 1513 1995
3281 3483 2339
3282 1668 3301
3283 417 1433
3284 368 3566
3285 772 1988
3286 214 1363
3287 926 2104
3288 1944 1388
3289 1180 1700
3290 375 932
3291 396 120
3292 260 555
3293 1862 622
3294 1745 915
3295 3601 23
3296 552 1256
3297 1657 1665
3298 3068 3603
3299 94 2666
3300 2997 68
3301 893 3081
3302 936 2521
3303 388 315
3304 3229 521
3305 2194 2410
3306 388 2261
3307 50 1982
3308 3152 2207
3309 3116 3633
3310 983 2420
3311 2818 259
3312 1638 1085
3313 1170 3030
3314 1430 679
3315 861 1882
3316 1572 3468
3317 106 688
3318 3000 2055
3319 3126 1590
3320 3139 710
3321 2754 1199
3322 1977 3015
3323 2255 506
3324 2529 1573
3325 2044 1918
3326 2297 1833
3327 1372 1024
3328 1678 2271
3329 476 816
3330 1876 2558
3331 260 2098
3332 1292 2520
3333 191 18
3334 1774 1681
3335 1711 1874
3336 3578 1186
3337 1404 1925
3338 1312 735
3339 437 139
3340 1945 1794
3341 216 2931
3342 665 2633
3343 2178 437
3344 3441 2490
3345 2780 981
3346 3577 3234
3347 881 44
3348 1704 2203
3349 303 1623
3350 110 594
3351 2466 1899
3352 2123 2206
3353 1877 2906
3354 2930 2550
3355 2216 1409
3356 1953 541
3357 1746 317
3358 759 1209
3359 208 2880
3360 3447 1328
3361 391 2021
3362 2563 1712
3363 3425 46
3364 2600 3063
3365 209 508
3366 2732 3000
3367 82 399
3368 292 1801
3369 3068 1487
3370 3498 1112
3371 2698 40
3372 1589 3446
3373 735 1072
3374 416 283
3375 499 3649
3376 386 2644
3377 997 2939
3378 1306 1415
3379 1089 2506
3380 3138 1502
3381 3547 1337
3382 1917 1876
3383 1676 1778
3384 1769 1834
3385 3450 3346
3386 3034 2348
3387 112 1558
3388 133 3288
3389 3416 2956
3390 3037 653
3391 2506 1054
3392 134 250
3393 2276 2211
3394 3269 149
3395 383 662
3396 3168 553
3397 3500 2788
3398 1118 229
3399 3174 2830
3400 3551 3268
3401 3153 2120
3402 180 3323
3403 984 2112
3404 364 3615
3405 1435 2757
3406 2825 154
3407 989 559
3408 992 3299
3409 2083 3396
3410 1390 2941
3411 2238 2721
3412 574 1915
3413 1251 2127
3414 2853 464
3415 1860 2926
3416 1556 2634
3417 1446 1107
3418 2830 1826
3419 1533 2634
3420 734 2946
3421 2263 1908
3422 2347 2074
3423 3579 899
3424 1069 1156
3425 2579 822
3426 2432 2707
3427 2886 1900
3428 871 42
3429 2730 1705
3430 3248 256
3431 1835 166
3432 213 2060
3433 3383 422
3434 974 1544
3435 2140 581
3436 2748 381
3437 2029 871
3438 2358 2162
3439 3022 580
3440 1527 890
3441 1971 1720
3442 3521 2392
3443 1248 3143
3444 3325 1484
3445 2535 3342
3446 3107 369
3447 2060 841
3448 1108 1007
3449 1207 95
3450 1233 546
3451 3066 117
3452 1224 2981
3453 1175 1060
3454 1349 2949
3455 1249 2010
3456 86 1294
3457 850 1724
3458 2767 650
3459 2613 3339
3460 666 382
3461 12 2433
3462 1857 524
3463 49 3478
3464 459 3210
3465 2533 667
3466 1474 2203
3467 3121 3255
3468 526 825
3469 2084 3362
3470 2047 1348
3471 1985 870
3472 326 858
3473 2790 227
3474 3403 2914
3475 2563 916
3476 1958 1202
3477 2503 341
3478 358 285
3479 2939 471
3480 347 2798
3481 397 2148
3482 109 2942
3483 3361 3511
3484 2021 3023
3485 2300 2675
3486 2999 1938
3487 1900 2358
3488 20 3669
3489 913 223
3490 3153 2949
3491 3493 126
3492 3674 2937
3493 2771 262
3494 896 539
3495 2541 74
3496 2658 2306
3497 2768 2255
3498 670 3166
3499 3392 1997
3500 1423 2142
3501 1312 3117
3502 3297 433
3503 2267 3022
3504 1478 3327
3505 914 1971
3506 1613 3662
3507 3104 2627
3508 2980 2358
3509 2455 3542
3510 2616 3340
3511 3537 121
3512 1704 1601
3513 1110 540
3514 1623 3119
3515 2254 34
3516 152 2402
3517 1589 10
3518 3021 210
3519 107 1542
3520 1642 1838
3521 3646 627
3522 2172 1308
3523 894 2467
3524 3340 3312
3525 2932 3173
3526 37 1436
3527 2224 1468
3528 2230 692
3529 56 2524
3530 2421 1118
3531 349 39
3532 913 1226
3533 165 1586
3534 1317 1837
3535 2060 1387
3536 2875 2227
3537 1279 1006
3538 3598 843
3539 2740 1728
3540 647 1370
3541 2065 483
3542 2987 1733
3543 829 1932
3544 1852 2378
3545 3375 1243
3546 3507 2262
3547 1644 2876
3548 3413 1634
3549 1189 2708
3550 1124 3361
3551 2252 1221
3552 406 2052
3553 478 2376
3554 2395 126
3555 2879 1379
3556 1668 2869
3557 3350 2765
3558 1906 2720
3559 1016 2348
3560 794 1778
3561 2617 1316
3562 699 420
3563 838 316
3564 3032 3095
3565 1604 1401
3566 1202 1344
3567 1623 1246
3568 785 1815
3569 1144 1271
3570 2996 3355
3571 159 676
3572 1467 854
3573 2635 1582
3574 2543 2723
3575 1676 518
3576 3221 2856
3577 2789 3586
3578 1431 2739
3579 1808 583
3580 2336 3298
3581 3546 335
3582 411 2375
3583 2470 993
3584 1216 1562
3585 107 1957
3586 1961 2617
3587 683 570
3588 2290 463
3589 3328 964
3590 1006 1834
3591 2018 2275
3592 1149 3219
3593 3614 2908
3594 3497 1447
3595 1814 2369
3596 3255 512
3597 1947 765
3598 2734 933
3599 3279 202
3600 481 152
3601 2196 950
3602 2449 468
3603 1285 302
3604 2502 919
3605 2956 2200
3606 2655 872
3607 3052 1269
3608 2485 1500
3609 3070 3353
3610 3315 1605
3611 1839 1330
3612 587 970
3613 180 2535
3614 148 2407
3615 646 2519
3616 2776 2927
3617 1344 2057
3618 192 2111
3619 2368 1686
3620 3521 1586
3621 2914 3246
3622 2768 1977
3623 650 68
3624 1665 602
3625 3444 3451
3626 1538 1179
3627 2741 2194
3628 2369 1299
3629 908 3193
3630 3187 76
3631 348 286
3632 2361 610
3633 367 2657
3634 2534 1523
3635 1559 3504
3636 3323 3296
3637 1081 2126
3638 2626 634
3639 307 3374
3640 2075 1648
3641 3065 317
3642 1135 784
3643 687 599
3644 2570 36
3645 1802 2123
3646 2997 936
3647 1100 1263
3648 2606 3397
3649 1816 3294
3650 3050 1824
3651 3302 1057
3652 2496 962
3653 87 26
3654 1252 590
3655 3262 2667
3656 1452 2652
3657 2207 283
3658 2372 3240
3659 1018 3023
3660 2344 2795
3661 2629 1871
3662 2343 312
3663 2534 2349
3664 629 1251
3665 1920 1771
3666 1760 2727
3667 3214 486
3668 1875 1155
3669 3180 3216
3670 1463 3510
3671 1928 268
3672 2354 2651
3673 3685 447
3674 7 1022
3675 1136 512
3676 1767 1895
3677 2295 1803
3678 2171 753
3679 28 3019
3680 3544 2285
3681 333 1418
3682 2477 2462
3683 36 325
3684 777 3643
3685 3157 1353
3686 1890 1313
3687 1143 1955
3688 2128 2149
3689 1627 3433
3690 855 2247
