3580 3580
1 3408 1546
2 2314 1663
3 1143 2284
4 77 1094
5 505 304
6 309 2460
7 120 3339
8 1381 1769
9 453 3578
10 49 1269
11 1620 93
12 782 56
13 1761 1263
14 2865 338
15 548 2328
16 2799 1726
17 265 2809
18 845 976
19 239 1659
20 1560 2620
21 2106 211
22 499 1117
23 2419 276
24 3364 3363
25 1405 550
26 957 2621
27 2093 3438
28 1272 3486
29 1721 1853
30 2149 3262
31 1108 2705
32 2826 2007
33 3021 1313
34 1935 2869
35 1598 1140
36 451 1690
37 747 17
38 3386 470
39 1872 1154
40 2397 463
41 3303 911
42 1655 84
43 2429 2640
44 1142 3315
45 478 493
46 2481 2023
47 1242 3436
48 431 3467
49 963 488
50 1836 1168
51 2193 1234
52 3418 2457
53 1261 869
54 1883 240
55 1446 2226
56 808 596
57 11 1523
58 1005 1689
59 3272 2863
60 800 3224
61 3439 3471
62 1995 2964
63 3334 2824
64 1454 2840
65 1336 2761
66 920 466
67 276 3505
68 188 3451
69 1376 2908
70 728 2107
71 2649 1646
72 1885 995
73 3350 181
74 342 3366
75 228 2072
76 773 725
77 1201 652
78 202 619
79 2792 1062
80 19 3079
81 1539 2385
82 99 155
83 2026 2318
84 447 1164
85 2455 1136
86 3558 2259
87 2242 2749
88 3264 1528
89 3168 1374
90 2090 2453
91 3146 2318
92 67 1482
93 672 3467
94 1830 1378
95 1014 500
96 2498 3452
97 673 3350
98 2214 198
99 35 799
100 1614 790
101 147 1388
102 1325 1328
103 201 2767
104 1606 1959
105 1496 1428
106 1504 443
107 2521 2034
108 581 3054
109 2203 2796
110 858 2306
111 975 413
112 2451 1186
113 2314 927
114 1547 3069
115 48 943
116 133 1351
117 1444 2165
118 1778 2161
119 3041 2473
120 3333 559
121 423 1722
122 994 2432
123 3091 1803
124 2399 3446
125 3462 895
126 2000 2135
127 57 2521
128 3203 275
129 2933 3152
130 2019 522
131 2769 2763
132 20 928
133 1009 125
134 3011 763
135 2047 2598
136 962 1818
137 2092 145
138 2411 1156
139 428 1621
140 1890 2202
141 3271 3433
142 2799 1008
143 3281 505
144 1876 3509
145 1542 3282
146 931 2786
147 2217 3205
148 736 1077
149 2658 1947
150 1470 2514
151 1654 2447
152 354 2410
153 2384 2124
154 2083 662
155 2417 1444
156 1056 954
157 1891 2941
158 243 191
159 1822 1228
160 1780 3093
161 3275 176
162 2733 569
163 597 268
164 763 2958
165 620 1723
166 2941 434
167 1807 3218
168 2263 2196
169 1911 2983
170 1846 896
171 1454 349
172 378 2326
173 2677 40
174 664 2906
175 264 2418
176 1117 1867
177 3125 2426
178 583 1955
179 1136 2104
180 3126 2951
181 759 538
182 1918 1887
183 3474 2201
184 1795 1480
185 2180 3102
186 1592 1824
187 1406 2339
188 2940 3322
189 1875 2049
190 486 2758
191 2025 1764
192 149 1727
193 19 2201
194 3044 2375
195 1475 570
196 2166 2263
197 2930 110
198 2527 3520
199 390 2160
200 236 2654
201 2271 1854
202 110 1795
203 298 3378
204 2047 2485
205 1305 3444
206 2446 2471
207 2995 2137
208 3126 1981
209 1738 2496
210 1319 1159
211 278 1253
212 1437 904
213 178 58
214 342 363
215 2184 301
216 2868 1393
217 2161 1182
218 1402 824
219 2949 2423
220 217 2932
221 1748 1821
222 1014 1761
223 2026 1693
224 650 2928
225 3193 3107
226 2862 397
227 2748 605
228 2972 1516
229 2114 2019
230 570 2882
231 1607 1502
232 770 138
233 2978 1475
234 113 341
235 3368 33
236 2028 2707
237 460 381
238 847 2851
239 3123 741
240 536 3377
241 1830 1982
242 2440 3046
243 2437 2747
244 3152 1123
245 3283 15
246 703 2574
247 144 3438
248 302 1773
249 133 1015
250 780 2892
251 714 308
252 338 846
253 268 1315
254 1078 283
255 574 3128
256 528 96
257 2861 3514
258 1973 1346
259 535 1018
260 960 775
261 1024 829
262 3449 1150
263 2238 1810
264 2719 2466
265 2867 2852
266 2157 2246
267 1784 149
268 3289 2052
269 3509 1679
270 3313 455
271 430 1922
272 2362 1037
273 2204 1990
274 1729 3524
275 2831 6
276 467 575
277 186 3078
278 220 896
279 1230 3017
280 47 1569
281 1480 2706
282 1605 3483
283 626 1639
284 2628 735
285 1834 1102
286 2542 988
287 2607 1987
288 2670 3015
289 2440 883
290 1676 226
291 2372 2324
292 3127 1618
293 1545 241
294 3352 3022
295 579 2679
296 1233 3005
297 646 3543
298 1445 3451
299 3051 3242
300 414 1097
301 2660 1783
302 1451 2557
303 887 2084
304 688 2196
305 2083 2108
306 2066 1662
307 2867 2835
308 3351 2961
309 2900 2690
310 1757 1058
311 1738 2148
312 2413 404
313 424 2649
314 3148 2602
315 1027 351
316 217 627
317 2170 238
318 1626 3380
319 811 932
320 740 958
321 2733 2445
322 2303 2653
323 2443 491
324 3123 1072
325 3496 793
326 595 3422
327 3055 1093
328 1780 1316
329 2860 1524
330 2405 1959
331 1867 153
332 3532 1933
333 185 232
334 3254 51
335 1242 1888
336 2046 738
337 822 2342
338 687 1623
339 246 525
340 3451 1667
341 2084 2907
342 3082 3142
343 1417 1881
344 2612 1902
345 2899 2046
346 126 380
347 135 2636
348 139 3099
349 2097 2876
350 742 2963
351 2610 559
352 1206 1772
353 3576 3176
354 2671 3083
355 28 1807
356 3271 713
357 505 1511
358 591 3464
359 801 2713
360 54 2054
361 1056 1509
362 3274 1967
363 1611 2232
364 1710 2104
365 2613 1662
366 876 2148
367 2791 1317
368 2100 320
369 2318 2282
370 473 1927
371 2987 2332
372 1091 2880
373 3138 1849
374 448 494
375 3174 2843
376 1498 1011
377 2032 324
378 2549 1496
379 2357 2978
380 1589 3145
381 1465 363
382 3271 3370
383 686 1882
384 1313 793
385 2194 2600
386 3110 1617
387 52 597
388 2443 602
389 3132 450
390 622 1106
391 789 1489
392 1525 1199
393 1230 1476
394 1867 1477
395 12 3353
396 2336 122
397 2023 3129
398 2859 2773
399 2831 483
400 2707 2532
401 1249 2483
402 2239 2610
403 2177 2772
404 1691 1080
405 3334 541
406 1814 358
407 145 3051
408 897 1904
409 1271 2264
410 1556 313
411 394 2894
412 859 3343
413 548 431
414 2820 2588
415 3013 2467
416 368 1742
417 2002 2854
418 794 2354
419 2342 3148
420 2415 2862
421 2522 214
422 3070 1590
423 219 51
424 1888 375
425 3186 2560
426 3580 11
427 1544 1095
428 3283 3176
429 1363 2110
430 3294 2041
431 3205 466
432 626 841
433 966 2533
434 1705 3289
435 2259 2845
436 2543 2455
437 1461 3166
438 3432 1848
439 2399 2035
440 1116 2560
441 356 1228
442 543 2056
443 1137 995
444 2370 1721
445 2230 2684
446 285 1766
447 1726 845
448 2227 2145
449 224 3461
450 731 1814
451 535 1300
452 1512 393
453 1525 1892
454 3575 2875
455 3032 2543
456 1935 1626
457 537 2737
458 1553 248
459 357 71
460 1745 133
461 3453 2272
462 529 3520
463 113 283
464 1293 2900
465 1369 2989
466 783 419
467 1478 100
468 1360 390
469 1402 556
470 3070 3406
471 3070 1393
472 1495 3571
473 2736 354
474 294 2183
475 866 2925
476 1317 2497
477 169 3566
478 563 1922
479 1765 96
480 134 3532
481 276 2977
482 639 1614
483 2165 245
484 2057 1931
485 1479 927
486 1483 3042
487 362 851
488 2038 3545
489 1890 2595
490 2279 1708
491 3410 892
492 1112 1213
493 2986 543
494 493 714
495 3107 2108
496 1469 2722
497 1682 2342
498 710 3260
499 696 212
500 2593 1072
501 2493 476
502 13 3051
503 940 656
504 1795 3465
505 1538 713
506 1722 1793
507 409 3168
508 1572 2057
509 1927 1586
510 420 626
511 2427 3428
512 430 3430
513 3511 1475
514 852 756
515 322 3112
516 2374 925
517 2204 1987
518 1240 597
519 2215 2153
520 3538 1563
521 309 659
522 3024 2396
523 1820 1558
524 2708 2992
525 845 1687
526 437 1319
527 1228 284
528 1913 1352
529 162 2244
530 365 1656
531 1740 729
532 374 3109
533 911 1464
534 2220 1415
535 980 2517
536 1355 2835
537 3242 1862
538 1482 2954
539 2658 3240
540 2459 1040
541 3099 1991
542 626 2477
543 942 3182
544 486 884
545 959 3573
546 3217 858
547 2541 772
548 1207 3077
549 1454 1612
550 1 2718
551 2759 3012
552 2130 884
553 3306 1096
554 2027 2927
555 3092 2133
556 275 1919
557 1366 2633
558 2709 776
559 447 564
560 3513 1897
561 1804 1735
562 2080 1288
563 1890 3200
564 3284 1402
565 3150 3030
566 2911 99
567 875 2379
568 483 208
569 977 1839
570 3518 154
571 734 1754
572 691 1054
573 505 2193
574 2077 1464
575 188 1469
576 30 580
577 2778 2733
578 906 924
579 2458 2965
580 3493 194
581 3179 3375
582 3306 2396
583 2352 3444
584 2734 521
585 2010 2430
586 133 757
587 1379 617
588 1203 3117
589 2401 2920
590 981 168
591 1092 2513
592 965 2917
593 1284 824
594 3091 2738
595 2426 1044
596 1326 73
597 2356 682
598 2339 1669
599 2016 2385
600 1003 2240
601 1221 202
602 1455 2622
603 560 773
604 2751 1096
605 2126 829
606 2507 2733
607 2073 2465
608 2498 1564
609 3032 542
610 2380 3116
611 3482 563
612 1363 2653
613 458 3267
614 1700 2680
615 2324 2498
616 1594 2096
617 2836 1670
618 3287 82
619 56 1203
620 2815 1098
621 1127 1120
622 1182 3191
623 1427 3084
624 1221 909
625 1954 3225
626 2699 1497
627 1725 1033
628 3080 2828
629 349 1086
630 882 567
631 3182 1522
632 192 1943
633 1232 1602
634 3363 1265
635 480 1394
636 2319 2772
637 104 2470
638 1718 2758
639 1215 575
640 1007 267
641 587 105
642 1357 3408
643 3376 1371
644 3333 2807
645 819 2924
646 2658 3172
647 2486 737
648 51 1043
649 1040 371
650 1050 2487
651 1532 1342
652 2307 1534
653 1459 353
654 1659 3222
655 1781 1840
656 2558 496
657 2619 1788
658 2267 630
659 518 2103
660 2678 18
661 2107 2784
662 3470 1005
663 1640 2479
664 420 1846
665 3362 1467
666 2868 1183
667 2839 2647
668 1751 2596
669 1873 1624
670 1573 622
671 2556 3553
672 2023 410
673 1893 3556
674 3267 2319
675 1420 1776
676 1535 2233
677 1471 822
678 1400 859
679 39 1337
680 960 2566
681 6 3249
682 3493 878
683 2021 2194
684 35 874
685 2217 2224
686 84 2859
687 3449 410
688 1187 2302
689 18 3261
690 1095 2787
691 3245 834
692 444 316
693 2292 2799
694 1130 453
695 2779 662
696 1998 1023
697 737 1966
698 2817 992
699 1304 2050
700 1340 1628
701 125 3411
702 2420 2989
703 2359 3321
704 3341 1456
705 593 229
706 734 3529
707 3086 1874
708 358 1538
709 3329 2178
710 1822 1953
711 3049 186
712 2629 2095
713 1055 1120
714 177 421
715 3385 1211
716 1452 2305
717 2641 2692
718 1965 704
719 147 840
720 2544 211
721 3147 490
722 3579 1938
723 2090 839
724 2347 2877
725 1755 2703
726 435 2029
727 285 1794
728 135 3101
729 387 2106
730 2059 2761
731 1799 2762
732 3441 2990
733 2838 1791
734 1447 1784
735 888 2959
736 138 3544
737 3135 1904
738 3312 1495
739 3526 245
740 3221 2847
741 3053 2982
742 2725 2894
743 1558 1556
744 755 1804
745 409 2280
746 624 1732
747 1291 2586
748 1689 2275
749 2100 329
750 1943 2388
751 1427 1728
752 358 2008
753 2134 773
754 1312 3218
755 398 85
756 1002 1504
757 2864 3100
758 3151 172
759 645 1827
760 2300 3573
761 2599 3507
762 3441 3461
763 1572 1751
764 2830 1680
765 2158 2981
766 2583 638
767 2116 997
768 400 3109
769 680 2587
770 3079 2379
771 1053 2502
772 740 2090
773 463 3229
774 295 3283
775 3085 788
776 804 3188
777 3519 1126
778 2104 2265
779 1728 738
780 134 2876
781 3413 739
782 1397 1836
783 2942 1541
784 2547 1575
785 2396 1085
786 3365 3080
787 544 248
788 2378 2516
789 1795 1435
790 3468 2674
791 575 2357
792 126 2484
793 3113 2145
794 587 2676
795 3515 1630
796 767 273
797 2484 3424
798 1079 1119
799 2725 1613
800 3433 3320
801 2707 2772
802 2978 639
803 2106 64
804 1851 1393
805 1024 3036
806 1042 3139
807 1250 2153
808 1506 1807
809 2478 1825
810 2852 2090
811 1458 2891
812 2660 1653
813 1272 3043
814 2675 2743
815 3503 2456
816 2293 2570
817 672 3498
818 1330 1141
819 2840 3425
820 3217 262
821 2013 2987
822 1765 2880
823 2983 3465
824 1080 1943
825 2217 2125
826 1569 1507
827 1845 3494
828 2221 377
829 3120 2724
830 2799 247
831 2561 3338
832 2904 1159
833 376 46
834 3341 3535
835 322 2671
836 1847 815
837 427 2944
838 1154 2062
839 3574 1540
840 620 3285
841 252 2901
842 684 306
843 1247 3466
844 397 697
845 141 2652
846 3029 2065
847 2890 3487
848 1452 3553
849 2378 1957
850 151 1566
851 1955 1938
852 2329 512
853 3273 1072
854 1875 1421
855 458 134
856 923 2541
857 2264 3550
858 11 2020
859 1937 2795
860 1838 2085
861 1307 358
862 2996 139
863 1888 2640
864 2246 2829
865 3167 2061
866 1341 297
867 203 1743
868 3051 2480
869 556 3074
870 3557 72
871 644 1575
872 2647 2087
873 2707 1363
874 997 3045
875 1986 2525
876 863 584
877 777 1170
878 1776 2402
879 463 1588
880 362 3502
881 1222 3209
882 2161 1778
883 2875 3109
884 2521 1197
885 783 3455
886 597 2929
887 3067 1540
888 2993 2807
889 1605 880
890 3438 1737
891 1587 629
892 1008 2875
893 3507 57
894 1469 846
895 1096 1631
896 1189 1730
897 1692 2277
898 1436 2315
899 1999 409
900 3239 2869
901 683 3417
902 313 350
903 3560 3372
904 121 1352
905 1521 3441
906 1058 1700
907 1408 2746
908 1254 374
909 1031 2266
910 2779 1806
911 3163 450
912 881 979
913 2621 650
914 1563 3458
915 270 2842
916 3149 925
917 2555 2062
918 2310 3360
919 914 183
920 2504 2235
921 1496 3315
922 1345 241
923 3140 157
924 2087 2293
925 3382 1845
926 82 904
927 451 908
928 135 1034
929 2948 2283
930 1896 464
931 1957 2764
932 1703 525
933 2145 514
934 1509 2915
935 1814 2398
936 1124 2704
937 3110 921
938 2683 3498
939 2887 64
940 2472 96
941 1659 382
942 1774 3426
943 2093 1153
944 2252 3219
945 2766 3512
946 1237 448
947 1063 199
948 410 1756
949 218 3015
950 2721 1282
951 3520 1660
952 311 451
953 3322 2284
954 1804 1665
955 810 1925
956 2333 2495
957 236 650
958 2763 365
959 3376 2034
960 2394 754
961 578 2150
962 3053 360
963 1421 2292
964 2832 2120
965 1180 2063
966 849 207
967 3475 2797
968 2868 480
969 2180 1131
970 108 3411
971 1673 3220
972 1167 2389
973 3545 2220
974 3173 637
975 613 3262
976 3299 1074
977 1009 2708
978 2547 1590
979 1567 2922
980 270 1203
981 1235 2369
982 3175 360
983 987 1502
984 1818 1078
985 2274 922
986 2019 1464
987 523 1387
988 3556 1927
989 2595 624
990 2572 1346
991 3523 2025
992 662 3513
993 1031 434
994 2625 587
995 3252 3089
996 2885 3166
997 2706 478
998 2650 2438
999 2162 38
1000 1047 1527
1001 2117 3561
1002 2310 411
1003 593 1536
1004 1822 669
1005 286 1675
1006 2165 167
1007 1663 148
1008 783 1781
1009 703 308
1010 118 1823
1011 996 2366
1012 2507 2421
1013 814 3213
1014 3506 1097
1015 2289 2273
1016 722 2645
1017 3315 3333
1018 2355 737
1019 3107 3219
1020 3563 3295
1021 2057 1372
1022 954 865
1023 3221 2994
1024 2921 227
1025 2625 3271
1026 1494 150
1027 1633 2220
1028 2670 3176
1029 2963 426
1030 1163 2597
1031 1815 1295
1032 1131 181
1033 1208 125
1034 2976 1307
1035 2056 1270
1036 1633 1156
1037 473 2416
1038 3160 3101
1039 1444 2663
1040 3170 2803
1041 1198 998
1042 3569 636
1043 2276 2691
1044 2349 2374
1045 2840 506
1046 933 545
1047 1110 2537
1048 2974 1614
1049 544 3009
1050 15 2103
1051 712 2871
1052 1131 2014
1053 3021 2917
1054 2256 492
1055 1345 1407
1056 773 3164
1057 522 2058
1058 1507 664
1059 520 200
1060 2027 144
1061 3285 1479
1062 2348 703
1063 3214 3134
1064 2943 1646
1065 3386 1602
1066 1438 1489
1067 2276 1938
1068 1504 299
1069 1830 3013
1070 2445 1845
1071 1799 599
1072 62 1184
1073 1720 238
1074 3396 1223
1075 2139 2414
1076 118 639
1077 3067 1464
1078 2448 3337
1079 356 1827
1080 1722 95
1081 3050 3507
1082 1975 2531
1083 780 1989
1084 678 3272
1085 1759 735
1086 214 279
1087 3255 3506
1088 2749 3241
1089 3233 994
1090 2448 2229
1091 161 157
1092 1765 2389
1093 3494 50
1094 1845 2968
1095 108 1991
1096 3147 1902
1097 1713 3484
1098 480 3091
1099 2567 1538
1100 1664 1285
1101 565 1912
1102 3333 1065
1103 3056 681
1104 3507 1548
1105 1072 2162
1106 2059 42
1107 2411 2661
1108 1784 1886
1109 1253 499
1110 1691 2396
1111 325 2286
1112 2370 2807
1113 2447 1898
1114 2956 1607
1115 3170 2088
1116 434 2
1117 2124 2559
1118 2757 2888
1119 3151 1631
1120 998 2533
1121 3434 571
1122 2586 1786
1123 385 1219
1124 1175 744
1125 797 386
1126 3130 2800
1127 435 492
1128 2663 2574
1129 671 1683
1130 531 2601
1131 240 136
1132 3016 14
1133 2659 1812
1134 2110 3360
1135 3479 956
1136 3103 391
1137 123 2780
1138 1891 3320
1139 374 1950
1140 2994 1565
1141 861 2343
1142 2623 2902
1143 3376 3446
1144 2194 22
1145 2602 2286
1146 2224 3462
1147 1550 1780
1148 1786 3454
1149 386 284
1150 2523 665
1151 877 2020
1152 2954 2148
1153 1930 1957
1154 2799 3014
1155 2534 1291
1156 1613 1882
1157 2722 2479
1158 1844 3380
1159 429 2783
1160 2284 2673
1161 2127 2980
1162 793 1601
1163 3219 407
1164 3304 2706
1165 739 1706
1166 2638 2655
1167 365 440
1168 1256 402
1169 707 2647
1170 3159 3386
1171 1435 313
1172 3104 767
1173 1100 861
1174 1915 811
1175 3193 3323
1176 535 41
1177 2835 647
1178 1661 520
1179 1297 3130
1180 3510 2982
1181 399 1094
1182 2474 3433
1183 278 1143
1184 1315 582
1185 1587 3161
1186 809 3401
1187 2858 3080
1188 2372 1316
1189 3446 2321
1190 914 599
1191 1418 751
1192 1285 3275
1193 1758 254
1194 600 161
1195 1109 1319
1196 2337 3326
1197 237 164
1198 107 2645
1199 1621 213
1200 789 12
1201 2598 803
1202 2679 3434
1203 2874 392
1204 2439 2101
1205 1853 784
1206 3527 1851
1207 2136 1998
1208 184 1391
1209 403 2182
1210 535 493
1211 753 73
1212 2319 742
1213 2015 1013
1214 1314 505
1215 1197 563
1216 3516 2524
1217 180 3158
1218 528 2499
1219 2701 2006
1220 1226 2685
1221 2240 1001
1222 109 1217
1223 180 2668
1224 1554 361
1225 1430 2769
1226 800 412
1227 2929 1968
1228 1437 385
1229 1489 3340
1230 25 3318
1231 1511 388
1232 3558 1362
1233 1567 1385
1234 1267 470
1235 3487 2769
1236 2290 3078
1237 2876 3136
1238 551 1431
1239 1050 518
1240 482 536
1241 1236 2866
1242 724 2418
1243 1716 2381
1244 1664 2888
1245 2472 66
1246 1453 607
1247 866 1972
1248 1706 405
1249 1122 1052
1250 222 1376
1251 793 2713
1252 501 3438
1253 988 1670
1254 2355 2222
1255 1077 3455
1256 2367 2713
1257 949 3406
1258 175 1874
1259 1863 1871
1260 414 1619
1261 2768 2097
1262 62 1758
1263 783 948
1264 3292 946
1265 967 400
1266 1256 2657
1267 3039 2379
1268 3529 3273
1269 3505 1361
1270 528 1698
1271 1746 2543
1272 2283 3164
1273 2592 191
1274 2046 782
1275 1981 410
1276 1289 3322
1277 1076 887
1278 2145 1309
1279 2710 2258
1280 835 849
1281 1638 3528
1282 3257 681
1283 3156 2266
1284 2100 1149
1285 2542 1836
1286 262 2119
1287 1436 95
1288 1485 2185
1289 1634 1784
1290 2607 3100
1291 2803 3155
1292 1140 1960
1293 281 104
1294 2148 985
1295 862 2553
1296 749 906
1297 3180 2532
1298 429 936
1299 325 3382
1300 288 3233
1301 3496 1160
1302 677 2189
1303 2036 3057
1304 253 2708
1305 3242 873
1306 2252 685
1307 861 901
1308 518 2683
1309 1678 470
1310 2221 50
1311 3412 2566
1312 3245 417
1313 1017 1432
1314 1836 385
1315 1361 1180
1316 1188 428
1317 1079 3555
1318 337 2571
1319 1490 2924
1320 2311 400
1321 805 427
1322 267 577
1323 1966 2852
1324 3421 1985
1325 3040 2543
1326 922 2212
1327 11 1607
1328 3431 221
1329 1368 2145
1330 1666 985
1331 3365 1263
1332 1147 2531
1333 2734 2040
1334 830 922
1335 701 1045
1336 1859 1275
1337 991 2405
1338 610 195
1339 2215 821
1340 3224 2031
1341 550 903
1342 933 1010
1343 2816 1427
1344 2599 2699
1345 1158 2546
1346 2355 1136
1347 332 3131
1348 2699 1882
1349 546 1852
1350 1800 1534
1351 2145 1766
1352 3153 499
1353 2815 3083
1354 67 3049
1355 1211 1446
1356 1423 1301
1357 641 1796
1358 1345 1298
1359 1042 1803
1360 3002 1031
1361 946 892
1362 2203 2842
1363 3247 3212
1364 239 1713
1365 426 3089
1366 1787 1015
1367 1615 2778
1368 2313 2489
1369 1222 1309
1370 2580 1381
1371 1775 2234
1372 2118 911
1373 2093 3304
1374 693 3274
1375 2282 3017
1376 1786 129
1377 253 749
1378 51 423
1379 446 2023
1380 2895 475
1381 1183 2361
1382 420 124
1383 55 2281
1384 2192 2461
1385 855 2084
1386 1340 2876
1387 1430 98
1388 2661 2968
1389 2097 3046
1390 2183 2487
1391 3315 1187
1392 2284 3413
1393 2235 1391
1394 1341 1446
1395 284 587
1396 1467 354
1397 36 784
1398 3381 1035
1399 3560 80
1400 2472 1298
1401 1739 1692
1402 271 2858
1403 369 172
1404 524 381
1405 2029 3151
1406 1302 2217
1407 558 1193
1408 2176 426
1409 751 3274
1410 1867 828
1411 1950 985
1412 2583 3428
1413 326 3140
1414 3124 426
1415 255 2002
1416 1862 330
1417 3405 3115
1418 805 2739
1419 2839 935
1420 751 2466
1421 583 2254
1422 690 2187
1423 3031 1261
1424 103 1798
1425 458 620
1426 443 1510
1427 979 2224
1428 59 3126
1429 1868 823
1430 2831 518
1431 219 1708
1432 1127 2423
1433 766 75
1434 3270 2018
1435 889 279
1436 1346 1083
1437 1180 467
1438 495 1051
1439 2037 677
1440 1983 3183
1441 1391 1515
1442 3039 389
1443 1092 2176
1444 508 1576
1445 2343 2665
1446 2100 523
1447 2429 3008
1448 1441 1246
1449 3109 151
1450 1374 2704
1451 3299 2925
1452 177 920
1453 1531 1022
1454 3341 515
1455 2581 1169
1456 3410 2874
1457 3094 1747
1458 1841 1004
1459 1516 1961
1460 2952 1897
1461 35 2716
1462 517 1065
1463 1661 580
1464 1618 3295
1465 3267 1659
1466 3137 1058
1467 36 72
1468 1845 497
1469 2430 1468
1470 2200 2860
1471 3530 3035
1472 3126 702
1473 3525 2706
1474 319 2786
1475 3344 1016
1476 2700 2139
1477 3475 2570
1478 696 1403
1479 874 3380
1480 2816 1737
1481 1836 1908
1482 2799 3262
1483 3573 1037
1484 1168 3453
1485 601 2472
1486 3261 2134
1487 1745 2957
1488 3321 1073
1489 1242 1198
1490 287 1062
1491 143 928
1492 1245 1340
1493 64 1423
1494 272 2210
1495 473 2422
1496 2737 1474
1497 855 1325
1498 1753 2592
1499 1249 2710
1500 247 1197
1501 3017 3147
1502 574 3149
1503 1722 1703
1504 238 285
1505 3409 726
1506 1619 1377
1507 279 2697
1508 197 81
1509 929 2429
1510 1840 1150
1511 2981 1068
1512 1136 2332
1513 2969 1815
1514 1381 2542
1515 425 3041
1516 1595 449
1517 742 1047
1518 312 2484
1519 2367 1095
1520 176 599
1521 2379 2143
1522 1146 3235
1523 2397 1220
1524 3518 482
1525 195 1126
1526 1926 2523
1527 111 2637
1528 2309 2648
1529 1525 692
1530 3060 3046
1531 1776 1034
1532 2071 2309
1533 2247 978
1534 2576 1421
1535 35 2371
1536 1849 1943
1537 1300 2808
1538 1208 392
1539 1495 2640
1540 1514 2623
1541 2782 2781
1542 1173 2397
1543 1950 766
1544 1867 106
1545 668 1426
1546 451 1033
1547 2875 3359
1548 1686 1160
1549 1741 416
1550 1392 3198
1551 1744 1758
1552 2444 3045
1553 1731 2105
1554 2201 948
1555 1849 3417
1556 323 963
1557 733 367
1558 217 992
1559 323 3370
1560 1608 2734
1561 469 3445
1562 136 2551
1563 382 2330
1564 1414 2280
1565 1487 2147
1566 3458 340
1567 2315 1509
1568 109 1689
1569 1160 347
1570 385 3382
1571 1598 3004
1572 2912 1148
1573 2112 3199
1574 2170 1035
1575 3237 1521
1576 707 2199
1577 2993 2427
1578 2921 2932
1579 528 2054
1580 1250 3131
1581 1322 2181
1582 2236 2747
1583 1171 2447
1584 2756 778
1585 3197 2608
1586 2752 427
1587 2939 2456
1588 2177 1264
1589 1012 2233
1590 492 2795
1591 3469 1119
1592 1492 1355
1593 2652 2946
1594 504 1112
1595 926 3568
1596 3245 3266
1597 3073 2678
1598 2472 2990
1599 1245 1776
1600 2453 81
1601 215 574
1602 3062 255
1603 2480 3337
1604 1617 2876
1605 2321 641
1606 472 1340
1607 2527 865
1608 3124 1560
1609 3557 2794
1610 1931 2662
1611 1307 707
1612 3253 745
1613 369 1756
1614 644 3310
1615 976 3272
1616 484 2550
1617 1453 2273
1618 584 2258
1619 884 3043
1620 1274 3023
1621 790 1684
1622 1616 1406
1623 750 514
1624 753 2135
1625 2716 2881
1626 2465 2439
1627 235 3231
1628 2761 1232
1629 666 2593
1630 2030 1296
1631 1765 2672
1632 2126 3325
1633 1333 952
1634 3380 2820
1635 387 1123
1636 1051 2223
1637 2260 2389
1638 2585 2237
1639 1147 331
1640 1232 2843
1641 2163 2565
1642 3426 840
1643 1976 3509
1644 2281 2286
1645 187 1292
1646 2545 2814
1647 3552 1735
1648 1485 730
1649 399 3171
1650 1607 832
1651 122 116
1652 972 1142
1653 2434 2904
1654 2871 1456
1655 41 1086
1656 3277 3054
1657 1499 193
1658 1157 2410
1659 1624 3511
1660 801 1364
1661 728 1498
1662 1385 2468
1663 3172 3277
1664 2434 1240
1665 2284 2098
1666 2766 2919
1667 3277 39
1668 2021 3377
1669 105 1822
1670 1119 292
1671 3037 1029
1672 3533 2030
1673 1227 814
1674 1092 1532
1675 1363 752
1676 1302 2686
1677 1111 3362
1678 1610 404
1679 2065 3463
1680 1550 2133
1681 2420 2278
1682 27 861
1683 1935 867
1684 3111 840
1685 185 306
1686 1479 2481
1687 3282 1948
1688 698 1125
1689 1901 2695
1690 2590 1705
1691 1370 2893
1692 3302 3208
1693 1049 2448
1694 2400 917
1695 2696 3092
1696 2687 579
1697 2358 2022
1698 1972 2718
1699 785 600
1700 3272 755
1701 2417 2092
1702 2033 2687
1703 1817 2557
1704 2690 197
1705 3037 1160
1706 327 2324
1707 2297 756
1708 3154 2522
1709 1413 3504
1710 187 1714
1711 1393 3473
1712 3503 1063
1713 127 2762
1714 2303 318
1715 22 778
1716 1401 1146
1717 2474 1653
1718 851 3050
1719 2094 2082
1720 483 2582
1721 628 169
1722 1904 326
1723 3335 3020
1724 3394 1212
1725 933 2015
1726 1295 1368
1727 2667 1744
1728 676 1901
1729 3454 795
1730 1878 1221
1731 319 3450
1732 95 1576
1733 211 160
1734 2611 1313
1735 1428 1351
1736 3075 482
1737 3398 2675
1738 2527 1219
1739 25 973
1740 1455 853
1741 1429 164
1742 3236 667
1743 1863 231
1744 2588 756
1745 32 1600
1746 2092 334
1747 3372 431
1748 1264 2603
1749 3540 809
1750 1788 2698
1751 3383 54
1752 1424 312
1753 1130 2913
1754 1525 891
1755 3250 1828
1756 403 1530
1757 650 3256
1758 483 1810
1759 1413 2313
1760 2870 121
1761 184 3037
1762 752 590
1763 1708 1945
1764 1425 257
1765 3079 2757
1766 558 319
1767 164 37
1768 932 383
1769 1016 1272
1770 2346 1865
1771 955 1468
1772 1236 1287
1773 2464 2653
1774 1818 411
1775 2288 3075
1776 2177 741
1777 1907 1410
1778 2820 2461
1779 2652 1921
1780 3023 1755
1781 2174 2507
1782 541 3025
1783 3447 3103
1784 798 3580
1785 3146 1258
1786 723 1467
1787 2491 961
1788 2876 2740
1789 3086 1645
1790 2794 1748
1791 1808 3332
1792 1835 3510
1793 2157 2208
1794 1959 2863
1795 3263 310
1796 1461 1532
1797 3133 231
1798 316 2335
1799 323 3309
1800 1730 7
1801 2437 697
1802 634 1719
1803 335 1336
1804 2725 3432
1805 1273 320
1806 892 1482
1807 2994 280
1808 547 2060
1809 429 2750
1810 629 671
1811 2721 2248
1812 1358 2726
1813 1709 1157
1814 2037 3567
1815 2033 990
1816 428 1691
1817 2964 2469
1818 1377 542
1819 2855 3580
1820 1334 805
1821 2448 1884
1822 2934 813
1823 1086 1816
1824 2105 369
1825 404 3477
1826 734 2495
1827 684 2640
1828 588 2851
1829 1710 2894
1830 688 771
1831 749 2506
1832 1164 2914
1833 2241 3476
1834 3334 1396
1835 994 3125
1836 2698 3189
1837 256 1379
1838 2806 965
1839 1699 3118
1840 1069 1759
1841 45 1628
1842 42 97
1843 1410 3509
1844 3206 1512
1845 935 945
1846 1983 2344
1847 2050 1502
1848 622 882
1849 324 456
1850 2755 2248
1851 2136 2523
1852 743 913
1853 1620 2481
1854 703 2090
1855 2670 3456
1856 2859 2000
1857 953 2787
1858 441 3166
1859 2475 1323
1860 2100 1241
1861 2756 547
1862 1987 1838
1863 1252 2320
1864 574 2600
1865 3390 1520
1866 7 3028
1867 1759 2351
1868 3028 165
1869 2781 1792
1870 1780 2427
1871 2858 1510
1872 2567 1430
1873 3139 2726
1874 232 1870
1875 3028 3250
1876 762 1690
1877 1251 2894
1878 2272 3021
1879 761 2654
1880 720 1196
1881 2803 1937
1882 2609 3138
1883 2680 1501
1884 3461 2061
1885 1423 426
1886 1543 1081
1887 2696 1143
1888 922 834
1889 2544 2822
1890 2929 2365
1891 209 2099
1892 2803 2406
1893 2934 469
1894 1918 2525
1895 2614 1252
1896 3364 3174
1897 2110 3126
1898 175 2555
1899 2974 2111
1900 2974 1548
1901 2993 130
1902 3195 1856
1903 608 2599
1904 706 599
1905 1775 410
1906 2141 930
1907 2373 3021
1908 1510 351
1909 897 997
1910 1094 37
1911 525 949
1912 1031 1162
1913 2432 823
1914 756 183
1915 2283 1059
1916 2619 2823
1917 611 2485
1918 2224 872
1919 2105 566
1920 148 1011
1921 2949 2558
1922 1369 3222
1923 3484 389
1924 3508 1731
1925 2609 2652
1926 2442 1882
1927 1614 413
1928 3167 615
1929 2752 2141
1930 1656 1561
1931 1823 952
1932 828 3366
1933 1775 2546
1934 1270 337
1935 2983 2917
1936 1469 860
1937 2466 3491
1938 2459 1441
1939 724 370
1940 3162 523
1941 177 405
1942 892 3120
1943 1641 1012
1944 3378 1370
1945 2659 251
1946 2655 2611
1947 3287 230
1948 1669 2745
1949 554 425
1950 3513 3578
1951 1159 1775
1952 3427 1027
1953 1457 552
1954 1189 3227
1955 842 1932
1956 3504 2435
1957 3118 3088
1958 714 3511
1959 2613 2431
1960 3386 127
1961 2637 2733
1962 2137 663
1963 2231 2518
1964 3559 1520
1965 431 3482
1966 1933 1016
1967 1089 3544
1968 1068 2836
1969 1951 269
1970 485 1376
1971 1973 971
1972 2462 2878
1973 2008 1174
1974 402 647
1975 3434 2925
1976 909 3382
1977 193 1839
1978 962 1330
1979 2942 111
1980 356 2887
1981 1104 2106
1982 2726 2640
1983 2736 269
1984 842 1991
1985 2451 1003
1986 2721 1931
1987 239 1600
1988 569 3482
1989 702 3413
1990 1178 3431
1991 2937 162
1992 2329 723
1993 3083 942
1994 3014 1444
1995 2477 1230
1996 2297 2777
1997 2877 3576
1998 2436 1947
1999 2413 3497
2000 1359 411
2001 1518 2589
2002 616 1318
2003 1884 1278
2004 2347 253
2005 2565 1296
2006 1520 2893
2007 2622 1123
2008 672 1177
2009 2060 469
2010 42 1989
2011 11 3313
2012 2131 3339
2013 1983 3425
2014 1179 3204
2015 1036 3256
2016 2442 3494
2017 2735 823
2018 1201 1499
2019 1501 1553
2020 606 932
2021 3308 2652
2022 2087 2211
2023 3368 910
2024 2305 446
2025 3348 3420
2026 3072 3425
2027 2905 1278
2028 3464 553
2029 226 3335
2030 2096 1054
2031 1092 275
2032 2682 822
2033 2583 1234
2034 2698 883
2035 770 902
2036 2044 3511
2037 1184 1923
2038 3531 170
2039 1564 2846
2040 1879 3476
2041 842 2436
2042 3289 2107
2043 3578 193
2044 3158 2131
2045 3045 3436
2046 1705 2840
2047 1965 1561
2048 1889 1420
2049 3114 633
2050 2478 934
2051 2394 1340
2052 1939 910
2053 565 1344
2054 1272 2481
2055 137 564
2056 2168 1888
2057 2267 1532
2058 2610 2124
2059 699 664
2060 1772 3552
2061 3553 2848
2062 1196 515
2063 1580 1698
2064 2766 2080
2065 2855 1984
2066 389 3139
2067 458 3455
2068 361 1908
2069 2298 1048
2070 74 2754
2071 1104 1982
2072 291 3161
2073 3019 3168
2074 1845 1268
2075 1119 1069
2076 3309 1838
2077 1529 2713
2078 103 2019
2079 273 3486
2080 1525 3069
2081 2875 2567
2082 2883 1304
2083 2745 2572
2084 280 1959
2085 967 3190
2086 17 683
2087 2280 2299
2088 100 3093
2089 2677 3573
2090 412 95
2091 332 2483
2092 59 2159
2093 3422 137
2094 2632 3480
2095 1595 42
2096 1950 681
2097 3201 2783
2098 3180 3575
2099 1260 293
2100 1203 2181
2101 17 2306
2102 1721 2601
2103 22 2740
2104 3375 3438
2105 2265 3190
2106 2685 25
2107 623 2363
2108 2329 1036
2109 319 312
2110 2785 2437
2111 2415 3437
2112 3269 1842
2113 3370 2023
2114 1652 2709
2115 3350 669
2116 18 1107
2117 208 1568
2118 2218 3576
2119 1902 3100
2120 2664 3073
2121 3412 359
2122 358 17
2123 82 2252
2124 1295 2593
2125 717 1904
2126 76 2776
2127 2560 3128
2128 2090 1797
2129 1877 1704
2130 2244 2226
2131 2520 2737
2132 3377 2388
2133 2903 109
2134 2660 2280
2135 2743 2587
2136 2764 222
2137 1482 3153
2138 3562 992
2139 1949 622
2140 3121 2850
2141 784 931
2142 328 2083
2143 1495 1461
2144 1753 362
2145 307 1684
2146 1182 2637
2147 458 1371
2148 992 3510
2149 171 3212
2150 3096 441
2151 1426 2013
2152 881 3453
2153 150 3219
2154 2329 1410
2155 2780 33
2156 611 1302
2157 323 2592
2158 5 2099
2159 1644 746
2160 3527 1925
2161 2784 817
2162 2943 2288
2163 423 2690
2164 3079 1011
2165 2035 2769
2166 2176 3390
2167 886 2151
2168 2344 3330
2169 957 1
2170 163 1691
2171 1249 3554
2172 2945 630
2173 1678 1984
2174 787 1008
2175 938 219
2176 2478 2221
2177 2199 527
2178 1256 93
2179 2572 99
2180 430 2616
2181 128 1501
2182 3513 1616
2183 3148 152
2184 766 3244
2185 1918 484
2186 2495 2827
2187 91 440
2188 3459 926
2189 2575 2290
2190 3250 2533
2191 3301 3203
2192 3439 2107
2193 1144 1228
2194 31 3249
2195 924 732
2196 2697 3269
2197 2394 571
2198 1616 2436
2199 2455 1932
2200 1457 1516
2201 3042 450
2202 979 1157
2203 2512 2484
2204 577 2726
2205 243 1558
2206 1350 1328
2207 1555 3338
2208 3107 399
2209 1172 1234
2210 690 1368
2211 1812 2044
2212 656 3034
2213 1416 3167
2214 1175 3543
2215 1784 2628
2216 1046 1038
2217 1360 2385
2218 3223 207
2219 2552 505
2220 2487 2042
2221 1617 2053
2222 871 67
2223 2217 1384
2224 3264 3517
2225 311 1977
2226 3547 50
2227 1303 1992
2228 2007 483
2229 1671 1278
2230 264 1016
2231 2103 2011
2232 2894 1566
2233 1961 2541
2234 3345 3523
2235 1889 3183
2236 438 2490
2237 2943 2289
2238 2365 3095
2239 3190 2190
2240 2528 2069
2241 2160 3331
2242 2300 1338
2243 3102 3174
2244 543 1791
2245 822 2687
2246 526 1693
2247 727 361
2248 580 2460
2249 3377 837
2250 1230 3390
2251 736 2354
2252 2600 3161
2253 1913 1420
2254 1408 2396
2255 2299 918
2256 3214 3071
2257 2668 586
2258 3020 1530
2259 2841 437
2260 3398 1452
2261 717 3430
2262 16 2248
2263 672 1499
2264 2963 2975
2265 67 2249
2266 334 1211
2267 2820 555
2268 1302 12
2269 404 622
2270 2116 1266
2271 3075 403
2272 2533 2694
2273 323 1245
2274 1870 1620
2275 3239 1521
2276 1866 1012
2277 2166 2116
2278 3396 763
2279 1852 2592
2280 1125 1972
2281 1708 5
2282 3557 608
2283 2146 1925
2284 573 1279
2285 1736 2546
2286 50 1928
2287 1812 402
2288 1143 843
2289 1376 2709
2290 1876 1533
2291 3364 1743
2292 33 1076
2293 1903 2956
2294 3189 571
2295 1072 2412
2296 1425 1239
2297 1227 98
2298 3052 2483
2299 2005 2856
2300 432 3514
2301 2124 2224
2302 404 3052
2303 506 637
2304 367 350
2305 1687 2757
2306 2765 1765
2307 1921 3246
2308 2949 207
2309 2784 2542
2310 3491 2836
2311 843 3271
2312 1539 2716
2313 705 1447
2314 2797 1154
2315 1483 1345
2316 1310 2616
2317 324 840
2318 1755 3328
2319 534 1883
2320 1941 2555
2321 1849 2289
2322 385 1191
2323 1122 3458
2324 913 1543
2325 2498 2522
2326 390 2681
2327 567 282
2328 1199 3563
2329 1181 320
2330 2638 2247
2331 2336 1959
2332 181 1799
2333 1762 1603
2334 2672 377
2335 3456 2393
2336 3045 3178
2337 1414 1198
2338 220 3389
2339 74 316
2340 3084 2050
2341 2917 505
2342 3190 1319
2343 3156 352
2344 1097 1640
2345 172 2718
2346 1861 2062
2347 2669 130
2348 1040 589
2349 628 2036
2350 1714 2582
2351 1407 378
2352 2367 574
2353 1377 1946
2354 2522 3153
2355 6 3002
2356 3328 785
2357 1292 2186
2358 2739 3567
2359 419 1254
2360 2045 1862
2361 766 3440
2362 844 1601
2363 1062 2538
2364 842 603
2365 2750 299
2366 1012 453
2367 480 1170
2368 103 2640
2369 307 1315
2370 83 1916
2371 2074 1375
2372 3080 2472
2373 3479 3158
2374 1713 2975
2375 1444 3203
2376 1687 2978
2377 2526 2342
2378 502 790
2379 2890 1504
2380 1633 1417
2381 1885 2092
2382 208 776
2383 630 1513
2384 149 72
2385 1795 2785
2386 1944 2778
2387 2393 2052
2388 864 991
2389 1620 488
2390 2781 2763
2391 2570 311
2392 3303 2792
2393 2881 1853
2394 646 3163
2395 1622 47
2396 2288 3051
2397 2329 3012
2398 1417 1269
2399 646 596
2400 2137 814
2401 2330 1119
2402 2267 3090
2403 587 1971
2404 2776 17
2405 1132 3460
2406 1989 113
2407 613 2614
2408 2037 100
2409 3442 360
2410 2178 986
2411 3037 308
2412 2351 1000
2413 2917 2615
2414 682 510
2415 3080 3338
2416 2240 1674
2417 3424 265
2418 433 230
2419 1433 2703
2420 2100 640
2421 2818 514
2422 1442 1871
2423 1123 1113
2424 1154 1849
2425 653 759
2426 1313 872
2427 168 3290
2428 1230 3041
2429 3381 1091
2430 105 2875
2431 2703 2784
2432 2264 2387
2433 580 131
2434 2975 2336
2435 3571 1653
2436 2980 1906
2437 3404 1951
2438 753 43
2439 477 2731
2440 3488 2757
2441 660 2454
2442 3063 1748
2443 295 3345
2444 1486 2526
2445 3510 3142
2446 3421 3414
2447 3019 1288
2448 850 2295
2449 1486 2102
2450 451 2705
2451 3084 1407
2452 1716 824
2453 2158 806
2454 3104 427
2455 1598 1128
2456 2096 2658
2457 17 3294
2458 596 924
2459 3173 3041
2460 25 119
2461 2600 2267
2462 2522 777
2463 302 1168
2464 3371 2276
2465 2052 3521
2466 3507 721
2467 113 935
2468 2436 3102
2469 889 2331
2470 385 2235
2471 2364 117
2472 2831 2381
2473 2240 2602
2474 2488 1502
2475 3262 2423
2476 2424 2992
2477 1939 1699
2478 580 1350
2479 1197 572
2480 2385 3107
2481 2915 176
2482 201 1016
2483 497 809
2484 37 571
2485 1461 2515
2486 3470 577
2487 1679 437
2488 2859 714
2489 1806 2823
2490 1891 839
2491 1271 1494
2492 2543 3053
2493 2870 2564
2494 760 2187
2495 447 894
2496 2702 1587
2497 938 620
2498 615 2473
2499 2297 464
2500 17 3117
2501 21 465
2502 653 3260
2503 2504 1400
2504 858 1564
2505 2343 2360
2506 753 3475
2507 1964 218
2508 3459 909
2509 2117 1404
2510 3184 2561
2511 2618 752
2512 993 1574
2513 2386 2752
2514 1048 3454
2515 2661 940
2516 1933 2070
2517 1030 2537
2518 3341 1311
2519 2759 635
2520 2235 3221
2521 1762 3577
2522 3499 3234
2523 388 164
2524 1498 1193
2525 2525 1459
2526 809 2059
2527 918 2009
2528 3145 2398
2529 106 724
2530 823 405
2531 2792 753
2532 1626 1043
2533 3231 1147
2534 906 2587
2535 2775 2049
2536 1521 1383
2537 224 1766
2538 223 27
2539 3356 3407
2540 270 433
2541 2318 284
2542 355 2487
2543 868 2362
2544 1688 804
2545 1316 1160
2546 2290 1927
2547 243 1412
2548 1118 2704
2549 201 2024
2550 63 1196
2551 3069 1802
2552 3562 1547
2553 720 1952
2554 558 1500
2555 1352 1243
2556 761 3309
2557 323 2135
2558 1923 447
2559 3495 562
2560 2493 2784
2561 908 325
2562 2820 2323
2563 1845 1900
2564 911 521
2565 1536 244
2566 910 3398
2567 2988 143
2568 1485 1945
2569 1331 442
2570 1745 451
2571 2687 3377
2572 1889 624
2573 2876 2004
2574 3119 3308
2575 953 1933
2576 1652 3486
2577 992 634
2578 1713 3083
2579 1682 2257
2580 3560 1629
2581 2859 3097
2582 502 3348
2583 421 1954
2584 3150 2897
2585 1032 2180
2586 2110 2381
2587 3473 2668
2588 2689 688
2589 115 1584
2590 2933 3046
2591 2927 3212
2592 2537 694
2593 2633 464
2594 2389 1589
2595 380 1935
2596 1292 2578
2597 946 1453
2598 3047 3228
2599 892 1342
2600 1121 198
2601 2436 1459
2602 523 138
2603 3331 192
2604 1512 2059
2605 1518 462
2606 3083 2949
2607 587 3577
2608 1224 1439
2609 2281 3246
2610 1648 2411
2611 681 1991
2612 1325 358
2613 630 1683
2614 1457 2208
2615 208 624
2616 210 2766
2617 3535 1206
2618 1358 2849
2619 3453 3050
2620 412 3194
2621 1753 1894
2622 59 2749
2623 1541 783
2624 1069 1362
2625 2504 1760
2626 2894 1883
2627 2225 3441
2628 546 1210
2629 735 2283
2630 3505 3065
2631 2909 2082
2632 1221 2315
2633 1280 309
2634 3469 1768
2635 3022 2593
2636 3496 2701
2637 2157 2904
2638 1628 9
2639 101 3279
2640 2260 3415
2641 2894 3486
2642 3460 494
2643 3193 1195
2644 931 1077
2645 1528 3482
2646 149 1438
2647 3272 2987
2648 1790 1198
2649 2871 2713
2650 2667 1941
2651 1151 873
2652 964 3212
2653 3025 57
2654 1777 1670
2655 1245 2127
2656 977 254
2657 906 1673
2658 2604 691
2659 597 1415
2660 996 1573
2661 2238 1759
2662 2178 1541
2663 725 2507
2664 2158 274
2665 1245 1160
2666 272 1829
2667 2651 450
2668 1036 642
2669 3067 3229
2670 1100 668
2671 1336 2666
2672 1521 2879
2673 116 2880
2674 2319 3012
2675 1824 2512
2676 2701 1720
2677 3244 1391
2678 3569 2093
2679 1783 1963
2680 491 849
2681 974 613
2682 2272 1304
2683 975 813
2684 1056 1252
2685 2140 2290
2686 1276 3443
2687 788 1100
2688 3086 962
2689 1673 275
2690 1850 1695
2691 3450 2019
2692 418 3179
2693 2243 968
2694 1868 193
2695 763 2634
2696 1142 3281
2697 622 1989
2698 875 1358
2699 2983 1957
2700 2068 1007
2701 1002 1522
2702 2881 2979
2703 1042 206
2704 313 1422
2705 3493 2531
2706 3171 3389
2707 3077 2942
2708 767 894
2709 19 1656
2710 2324 674
2711 3196 2729
2712 2264 1216
2713 195 1074
2714 1505 2458
2715 1142 1903
2716 3044 1536
2717 1013 2552
2718 3451 3023
2719 1529 1879
2720 3123 3076
2721 1063 251
2722 3028 1834
2723 2906 3283
2724 1685 1541
2725 1539 3063
2726 1922 136
2727 771 962
2728 1031 1672
2729 2792 351
2730 1030 969
2731 780 1113
2732 337 1338
2733 1397 2969
2734 1062 1284
2735 1609 1655
2736 2010 2152
2737 2056 2027
2738 1735 146
2739 3136 454
2740 3162 660
2741 1379 207
2742 2313 2362
2743 2164 1235
2744 257 1373
2745 275 2685
2746 730 440
2747 3574 1658
2748 609 1544
2749 1432 2383
2750 942 1010
2751 2216 2447
2752 1364 3578
2753 427 576
2754 1794 1756
2755 857 1178
2756 3119 298
2757 3525 1422
2758 2108 3454
2759 1110 3279
2760 680 2165
2761 1916 1382
2762 1037 2796
2763 2032 1983
2764 745 149
2765 457 2981
2766 1152 1893
2767 2820 2450
2768 2404 49
2769 1769 1925
2770 2956 477
2771 1345 3335
2772 985 2109
2773 470 3291
2774 1849 3114
2775 78 3207
2776 970 1367
2777 1081 872
2778 1279 348
2779 3457 2690
2780 3266 818
2781 1734 2904
2782 3322 3101
2783 1177 368
2784 1245 2058
2785 2085 3386
2786 3576 1434
2787 161 345
2788 2918 1027
2789 1829 3327
2790 1227 523
2791 3107 3410
2792 2398 3354
2793 1927 2091
2794 229 2231
2795 2406 2146
2796 2554 1595
2797 36 678
2798 2465 3278
2799 2936 90
2800 189 1254
2801 2952 1264
2802 2004 421
2803 1597 2941
2804 1720 1237
2805 208 2709
2806 766 1497
2807 3426 1016
2808 584 271
2809 3449 290
2810 1873 252
2811 1071 2515
2812 1115 1516
2813 674 2622
2814 3230 1091
2815 741 1335
2816 3043 1563
2817 778 1046
2818 2643 1514
2819 2712 1430
2820 2985 754
2821 947 1609
2822 3174 1136
2823 2446 3014
2824 912 122
2825 564 1001
2826 2484 1952
2827 183 3182
2828 476 1157
2829 468 2212
2830 1159 2941
2831 2287 1299
2832 1899 1293
2833 282 600
2834 245 11
2835 2139 3432
2836 47 2168
2837 3379 1676
2838 2895 627
2839 668 387
2840 2017 1163
2841 2571 1040
2842 1359 2219
2843 3434 165
2844 92 2633
2845 3200 2657
2846 1982 2320
2847 2266 1266
2848 3033 2778
2849 3500 2850
2850 3326 3066
2851 3113 1367
2852 2613 509
2853 1120 3548
2854 3169 1184
2855 1551 591
2856 2657 705
2857 1760 2828
2858 3008 1481
2859 2317 1575
2860 1477 2441
2861 28 2028
2862 129 452
2863 2716 3029
2864 3197 3276
2865 1238 3101
2866 10 1349
2867 3283 292
2868 3450 1446
2869 2709 3280
2870 1456 1557
2871 2420 302
2872 2000 85
2873 2315 615
2874 3133 738
2875 88 317
2876 1038 1649
2877 908 969
2878 2958 2164
2879 1470 2275
2880 2039 1589
2881 2801 1712
2882 2377 1514
2883 224 3287
2884 2608 1447
2885 3262 2525
2886 980 1363
2887 3267 285
2888 1816 1632
2889 3253 1420
2890 2649 2949
2891 478 2485
2892 271 929
2893 2081 3245
2894 755 474
2895 1519 1813
2896 2907 1087
2897 1044 2164
2898 2664 1437
2899 793 166
2900 3578 2648
2901 1533 1933
2902 829 790
2903 2367 2907
2904 2354 115
2905 2002 1604
2906 819 1455
2907 1632 2002
2908 2728 3333
2909 1778 2806
2910 862 3288
2911 2745 1925
2912 2401 619
2913 3193 2799
2914 2193 2600
2915 486 2187
2916 2812 1016
2917 455 1691
2918 83 597
2919 1761 2241
2920 1790 397
2921 721 2041
2922 3221 2844
2923 1621 2945
2924 245 228
2925 1869 855
2926 1806 2575
2927 3572 2858
2928 273 3056
2929 20 955
2930 345 2926
2931 1594 3213
2932 754 1769
2933 3315 2367
2934 847 474
2935 2320 573
2936 356 3361
2937 3015 2046
2938 1942 2440
2939 638 2737
2940 2970 487
2941 2083 3097
2942 3203 2163
2943 2353 1781
2944 1364 1524
2945 1350 2604
2946 3105 2298
2947 1662 649
2948 452 3405
2949 3259 2134
2950 2731 2615
2951 425 1797
2952 3373 142
2953 707 2120
2954 1994 2203
2955 3478 406
2956 2175 495
2957 2758 1010
2958 533 679
2959 2044 504
2960 1828 3069
2961 551 3064
2962 1579 1721
2963 901 1209
2964 3430 3481
2965 103 2575
2966 2309 3177
2967 3123 2605
2968 1411 221
2969 3578 2046
2970 673 1632
2971 1094 2100
2972 3024 365
2973 2094 1865
2974 556 357
2975 560 1890
2976 2363 2800
2977 690 2165
2978 2285 1127
2979 3032 283
2980 1981 3029
2981 2816 2878
2982 1659 276
2983 1135 3227
2984 3356 1394
2985 1920 2244
2986 1879 2189
2987 2814 3188
2988 3385 1208
2989 3023 1735
2990 2864 419
2991 2906 507
2992 3235 653
2993 1860 371
2994 989 471
2995 3154 1475
2996 1739 3232
2997 2522 2612
2998 919 3339
2999 3557 1373
3000 3342 2997
3001 400 2126
3002 3440 1228
3003 2733 93
3004 699 995
3005 1663 2295
3006 3461 2598
3007 1337 784
3008 2094 1976
3009 2564 2652
3010 1161 2767
3011 2908 1187
3012 1593 496
3013 2528 1432
3014 216 3372
3015 124 2419
3016 3079 682
3017 3194 2033
3018 2628 258
3019 1488 1035
3020 1620 881
3021 2997 85
3022 2471 942
3023 2358 2432
3024 2770 1528
3025 267 1686
3026 1036 309
3027 2474 3494
3028 552 2115
3029 3167 1018
3030 2701 1593
3031 1432 1507
3032 266 992
3033 1055 1844
3034 836 2747
3035 1286 423
3036 2477 2467
3037 1611 829
3038 11 3295
3039 1368 3187
3040 3445 1127
3041 2680 976
3042 486 1674
3043 23 297
3044 2710 962
3045 3182 1495
3046 780 1731
3047 1750 2547
3048 1270 3209
3049 207 432
3050 3574 3090
3051 2876 2268
3052 3299 1185
3053 406 3180
3054 2251 172
3055 2792 197
3056 226 1643
3057 2156 1923
3058 3502 2238
3059 267 3298
3060 1289 3285
3061 826 1429
3062 2264 2022
3063 1594 602
3064 197 443
3065 1705 2819
3066 931 1224
3067 2257 3090
3068 1493 1715
3069 693 105
3070 196 2498
3071 3530 2955
3072 81 1361
3073 1843 1338
3074 1686 433
3075 3427 739
3076 2011 1456
3077 1018 3059
3078 89 2114
3079 3343 49
3080 366 279
3081 2534 1187
3082 1436 3174
3083 1130 1306
3084 3134 85
3085 3292 1464
3086 3035 3322
3087 409 3013
3088 2134 3137
3089 2752 2185
3090 2593 779
3091 1943 371
3092 2210 126
3093 3511 2386
3094 1503 1678
3095 1854 2739
3096 2477 1940
3097 1670 1028
3098 383 1762
3099 3315 515
3100 3132 2958
3101 277 1242
3102 1754 2326
3103 2021 685
3104 2049 1722
3105 3468 2292
3106 2483 659
3107 1662 1643
3108 2369 3005
3109 953 2116
3110 3554 412
3111 2103 2228
3112 2674 676
3113 1723 3244
3114 2706 3060
3115 723 1793
3116 1482 1735
3117 2222 3154
3118 11 2250
3119 1180 2313
3120 578 2506
3121 2922 1512
3122 1188 1062
3123 653 1485
3124 2544 2955
3125 2851 3396
3126 3282 1614
3127 445 836
3128 2737 3465
3129 1236 573
3130 3136 1878
3131 2255 1501
3132 2171 3128
3133 3247 2200
3134 2001 2828
3135 267 2068
3136 3013 2223
3137 1199 2816
3138 2661 1904
3139 3232 912
3140 2654 2637
3141 3354 3335
3142 1299 353
3143 1420 1392
3144 2922 380
3145 739 2643
3146 524 755
3147 2966 1730
3148 2697 1617
3149 1109 629
3150 1719 2170
3151 757 694
3152 446 246
3153 374 461
3154 104 93
3155 2902 2545
3156 1645 2122
3157 2729 515
3158 1789 1913
3159 2886 619
3160 865 1481
3161 273 2108
3162 3360 1158
3163 1969 404
3164 419 2866
3165 3263 520
3166 2799 3089
3167 2112 540
3168 2281 3003
3169 2580 1466
3170 1034 1657
3171 803 1255
3172 1064 2476
3173 1849 2706
3174 2317 1409
3175 3172 1266
3176 387 468
3177 2417 2454
3178 287 1000
3179 495 1179
3180 3557 306
3181 1807 2105
3182 2800 2649
3183 2628 3365
3184 2626 1110
3185 104 1651
3186 2767 3551
3187 744 130
3188 3419 3269
3189 2481 3444
3190 437 47
3191 2732 1072
3192 202 2773
3193 2100 2576
3194 873 701
3195 3285 2996
3196 2295 3230
3197 3210 2416
3198 2854 2614
3199 3270 1246
3200 1226 1042
3201 160 1892
3202 1516 17
3203 2333 2218
3204 2534 2034
3205 3418 771
3206 311 3181
3207 3042 1317
3208 535 1047
3209 917 2299
3210 3390 704
3211 2330 2270
3212 1806 3475
3213 1070 1058
3214 505 644
3215 2446 1633
3216 1815 3108
3217 2853 2606
3218 2287 1281
3219 685 884
3220 1998 875
3221 1864 529
3222 25 228
3223 1926 757
3224 87 3255
3225 3005 1534
3226 586 2575
3227 1935 54
3228 3544 3218
3229 3359 754
3230 997 486
3231 2071 1200
3232 1091 1996
3233 2029 2652
3234 1826 1632
3235 489 739
3236 2777 404
3237 1690 1230
3238 145 2656
3239 2907 1689
3240 2644 2097
3241 171 2217
3242 1457 1032
3243 1656 1486
3244 830 1506
3245 205 2673
3246 1858 2334
3247 2054 1255
3248 836 1642
3249 2876 2914
3250 1543 3089
3251 3037 3324
3252 1832 1677
3253 3244 2020
3254 3417 3509
3255 2825 3336
3256 3312 2005
3257 3276 600
3258 1767 172
3259 1232 928
3260 328 1954
3261 530 2298
3262 1156 3370
3263 842 2516
3264 764 3394
3265 1285 3269
3266 2844 2474
3267 743 493
3268 115 677
3269 1160 493
3270 3231 2466
3271 2577 2398
3272 345 695
3273 2048 184
3274 1400 3019
3275 332 956
3276 2503 3105
3277 3125 1813
3278 3563 2739
3279 2328 697
3280 2641 2432
3281 1461 2035
3282 2448 1305
3283 3014 1964
3284 1183 2090
3285 315 393
3286 1222 2812
3287 1599 3243
3288 3153 2098
3289 1686 2912
3290 3264 785
3291 1583 524
3292 3261 1464
3293 1608 2942
3294 519 3188
3295 395 2210
3296 2585 151
3297 1344 1203
3298 2291 579
3299 1280 3093
3300 454 1398
3301 2068 2810
3302 113 3179
3303 3382 2492
3304 1171 947
3305 2223 916
3306 3100 3154
3307 1186 3226
3308 3052 2235
3309 944 1178
3310 809 331
3311 1532 2137
3312 2347 2520
3313 3057 106
3314 172 2704
3315 382 1386
3316 374 2238
3317 3153 1766
3318 978 2771
3319 1703 3045
3320 2403 3158
3321 2650 1833
3322 766 1385
3323 236 2970
3324 1346 874
3325 3412 2292
3326 3015 3574
3327 575 1296
3328 3251 1083
3329 3008 1202
3330 497 2112
3331 959 925
3332 1022 2625
3333 1750 464
3334 2396 3300
3335 1553 3084
3336 2880 2415
3337 2564 2938
3338 2727 3567
3339 2498 782
3340 221 989
3341 1156 308
3342 2135 322
3343 3027 462
3344 2905 2404
3345 2338 1810
3346 2145 711
3347 2192 3266
3348 1793 2117
3349 224 1101
3350 2939 3470
3351 2885 1851
3352 3432 1650
3353 2456 1048
3354 2764 460
3355 2568 1232
3356 1616 2211
3357 2634 1467
3358 315 2515
3359 2192 1468
3360 2617 1107
3361 3083 727
3362 3440 1528
3363 2640 2215
3364 1657 2904
3365 447 736
3366 1171 364
3367 2546 2673
3368 1170 3143
3369 2875 2709
3370 3195 200
3371 1033 3332
3372 978 489
3373 2036 260
3374 2729 1185
3375 2044 1429
3376 527 2707
3377 3206 1512
3378 1602 3488
3379 500 1442
3380 1637 2399
3381 2154 3129
3382 3356 2927
3383 1441 2227
3384 3518 2713
3385 845 2175
3386 1366 206
3387 2245 3020
3388 781 471
3389 2158 1459
3390 1863 1160
3391 965 3193
3392 959 1329
3393 1276 397
3394 3196 1959
3395 507 3478
3396 137 1746
3397 1557 1680
3398 335 35
3399 2046 1823
3400 1508 2141
3401 1445 2881
3402 1224 2892
3403 2778 2810
3404 3068 2281
3405 3369 1121
3406 3423 1519
3407 2491 3504
3408 101 893
3409 884 862
3410 2940 1977
3411 1810 1172
3412 2292 3081
3413 1538 1166
3414 3030 680
3415 700 2736
3416 1453 3359
3417 715 644
3418 3129 1596
3419 3257 3237
3420 1199 2359
3421 3352 905
3422 2912 527
3423 2379 1003
3424 1713 247
3425 1551 1252
3426 2707 1442
3427 1001 2199
3428 2912 1823
3429 3386 1226
3430 2814 397
3431 1928 131
3432 2623 1035
3433 1657 3495
3434 3304 3455
3435 2853 2314
3436 234 328
3437 3429 915
3438 3534 344
3439 2084 609
3440 1967 1715
3441 2853 1934
3442 1329 1309
3443 2307 971
3444 3537 3190
3445 1292 492
3446 2339 1908
3447 3569 2910
3448 1123 2664
3449 2356 1106
3450 2643 213
3451 1208 495
3452 129 2321
3453 1393 795
3454 229 1218
3455 507 42
3456 1576 2548
3457 1681 3364
3458 1759 2560
3459 1884 2052
3460 3085 3196
3461 1626 1557
3462 1218 2439
3463 1456 1192
3464 2822 2416
3465 1799 3074
3466 2029 442
3467 86 391
3468 412 303
3469 3098 2762
3470 3344 2325
3471 1700 563
3472 822 1540
3473 207 2799
3474 1715 2069
3475 1882 871
3476 597 1334
3477 1172 1584
3478 2085 83
3479 3184 1313
3480 774 125
3481 2056 85
3482 1790 609
3483 84 439
3484 475 3483
3485 680 2799
3486 1193 2316
3487 1386 359
3488 403 117
3489 953 1162
3490 1651 317
3491 2987 3555
3492 1589 3312
3493 1739 1697
3494 958 664
3495 3054 1022
3496 1381 200
3497 1127 2754
3498 3342 1628
3499 1434 137
3500 3411 2780
3501 3135 1107
3502 1624 3448
3503 2634 3350
3504 37 2088
3505 3460 1401
3506 3397 3323
3507 2783 2969
3508 409 2605
3509 1063 2561
3510 1551 2870
3511 2454 1058
3512 1809 1977
3513 101 2234
3514 933 1401
3515 167 36
3516 2530 293
3517 517 1845
3518 91 3325
3519 731 1033
3520 2050 124
3521 171 2425
3522 3263 329
3523 1523 3223
3524 1718 3327
3525 2999 2735
3526 2898 736
3527 1859 185
3528 736 1655
3529 2058 3543
3530 2028 889
3531 1596 648
3532 361 3241
3533 841 2649
3534 299 123
3535 2730 1375
3536 2016 3307
3537 1771 3521
3538 32 1529
3539 1870 1779
3540 2330 1484
3541 720 319
3542 2086 3191
3543 1673 160
3544 2472 1652
3545 2973 3528
3546 857 1075
3547 768 2994
3548 941 2485
3549 2821 2083
3550 1816 2782
3551 2386 1564
3552 2245 3259
3553 2203 1033
3554 1284 1728
3555 901 2669
3556 3311 1237
3557 129 114
3558 2259 192
3559 294 762
3560 2647 698
3561 266 3545
3562 2385 1873
3563 916 1989
3564 1264 1713
3565 1102 1832
3566 1171 173
3567 2736 3425
3568 2972 2789
3569 1525 3522
3570 2206 2366
3571 1940 1883
3572 2555 578
3573 2511 3171
3574 3521 3196
3575 171 1731
3576 2524 710
3577 3251 911
3578 1377 733
3579 2167 2701
3580 1224 1477
