3210 3210
1 2016 1376
2 2202 1444
3 2101 33
4 2831 558
5 2189 2418
6 2899 3130
7 2428 2455
8 2415 57
9 2687 1435
10 3150 458
11 2487 233
12 3186 1616
13 1493 1569
14 1448 2011
15 2502 2544
16 1727 1584
17 297 1342
18 2814 462
19 2819 609
20 758 2874
21 769 894
22 3009 310
23 2434 1438
24 1527 578
25 2379 97
26 232 960
27 2398 192
28 3124 766
29 436 814
30 1026 2555
31 1163 1655
32 2940 780
33 1604 1568
34 442 459
35 2179 1463
36 3094 2719
37 2041 908
38 2433 1821
39 2573 245
40 1567 2590
41 2680 2403
42 447 2569
43 115 272
44 1737 1022
45 1185 2135
46 2399 536
47 2934 640
48 871 2613
49 970 2680
50 603 705
51 2805 903
52 3175 61
53 2122 1170
54 521 411
55 1355 1909
56 558 2302
57 1228 2243
58 90 911
59 1436 2780
60 294 1152
61 2257 2923
62 1116 1445
63 198 979
64 1009 1755
65 1306 2798
66 1877 273
67 156 2026
68 1108 2094
69 1796 2837
70 1193 1476
71 1756 1278
72 2625 604
73 1126 2505
74 1232 512
75 1778 1972
76 1625 2601
77 2958 1146
78 3047 948
79 3182 1316
80 1036 773
81 2567 615
82 2197 2587
83 1244 541
84 1908 1307
85 230 16
86 98 584
87 790 1994
88 751 2945
89 2391 2234
90 881 3027
91 356 1432
92 2625 3075
93 2852 556
94 2582 2272
95 902 3073
96 2740 366
97 1087 3156
98 188 1245
99 2573 824
100 1310 1291
101 1261 357
102 662 1530
103 1812 2724
104 2446 860
105 213 383
106 1280 2959
107 724 3113
108 2420 2423
109 1085 2940
110 1217 690
111 2089 1625
112 1302 166
113 1077 95
114 377 3158
115 2572 2403
116 625 24
117 1222 450
118 3122 2032
119 1674 634
120 2738 741
121 201 3028
122 1485 1033
123 601 2787
124 2497 2504
125 1477 2363
126 2476 2246
127 13 342
128 1227 1817
129 1919 1608
130 1563 2199
131 793 2508
132 847 707
133 3120 1466
134 112 2952
135 2903 2088
136 222 821
137 1799 101
138 1911 321
139 2711 1141
140 820 2106
141 2347 1891
142 276 1284
143 704 959
144 2955 2018
145 3119 1857
146 1229 2344
147 590 1277
148 118 1593
149 1795 1275
150 2882 411
151 858 315
152 1604 1347
153 827 162
154 1120 1826
155 68 311
156 922 1492
157 2806 2618
158 2731 247
159 1688 369
160 196 146
161 1895 1998
162 1558 954
163 687 426
164 277 406
165 94 321
166 2902 1966
167 2988 416
168 1773 828
169 985 1508
170 237 3142
171 988 925
172 274 2934
173 1016 463
174 2594 2048
175 411 919
176 1193 1470
177 803 2554
178 2082 2948
179 2274 2581
180 1514 1428
181 1656 961
182 1964 135
183 612 1315
184 3064 454
185 1143 470
186 541 3007
187 199 3186
188 3122 3095
189 344 342
190 2939 2448
191 1327 109
192 3040 559
193 2653 2082
194 3152 2752
195 38 1104
196 3168 118
197 79 373
198 2551 210
199 2896 966
200 2414 1553
201 295 372
202 2663 2503
203 1312 578
204 2563 1980
205 664 1993
206 3116 758
207 1055 2769
208 1850 2957
209 749 380
210 597 2353
211 1426 2441
212 1726 1033
213 716 1523
214 747 1406
215 331 907
216 996 2382
217 2235 2032
218 2174 2515
219 1435 1000
220 3017 2947
221 1974 1311
222 1824 1308
223 547 1261
224 2517 2842
225 951 492
226 2568 2872
227 2174 2438
228 1117 576
229 881 2866
230 2417 2203
231 584 2244
232 338 2670
233 1252 422
234 2422 2527
235 809 1090
236 1505 527
237 2652 2524
238 1668 1812
239 2682 1023
240 1999 951
241 2156 2825
242 1189 2693
243 1813 1730
244 544 2912
245 1890 2765
246 1815 883
247 1615 35
248 449 950
249 310 2053
250 1692 491
251 133 2936
252 1953 895
253 1200 132
254 2190 457
255 1835 1447
256 147 699
257 970 1405
258 242 1340
259 1669 652
260 2775 841
261 768 954
262 1104 1288
263 1969 1752
264 1695 2310
265 2500 2509
266 834 2588
267 1359 575
268 218 2067
269 252 2850
270 952 1652
271 1260 1493
272 1052 556
273 676 3000
274 2191 1352
275 446 450
276 1971 809
277 1879 2825
278 3006 1977
279 1318 3061
280 384 476
281 2205 2490
282 184 1293
283 2485 2459
284 1607 1533
285 2028 2580
286 2089 1317
287 1593 493
288 1530 337
289 2139 1577
290 692 1192
291 1184 64
292 1074 2313
293 2088 2302
294 97 1983
295 2464 2414
296 1469 814
297 2353 1399
298 763 1726
299 89 24
300 2151 1465
301 1247 1557
302 2669 261
303 1382 1899
304 629 2665
305 2597 2642
306 928 1133
307 423 2685
308 1379 1108
309 387 1509
310 2360 2014
311 1710 2507
312 97 532
313 1584 547
314 1078 1186
315 303 1663
316 781 2168
317 1841 1925
318 1785 1099
319 435 1774
320 426 1210
321 214 1976
322 1145 3124
323 1711 777
324 788 844
325 1107 731
326 1209 2716
327 2902 3069
328 1396 1396
329 2667 1822
330 320 2526
331 2756 92
332 2665 2880
333 2785 2650
334 2432 499
335 1557 967
336 2685 1415
337 1031 2487
338 2152 1293
339 93 1350
340 768 1432
341 536 161
342 1589 1865
343 1515 2193
344 3096 2227
345 2743 56
346 2254 2652
347 2451 1103
348 3028 1641
349 1434 733
350 2541 2559
351 516 2573
352 563 2439
353 377 1233
354 366 2412
355 161 19
356 602 2919
357 1510 27
358 172 2254
359 569 219
360 872 1856
361 2420 418
362 1700 816
363 2608 3105
364 1331 508
365 2352 1504
366 67 346
367 625 296
368 1751 2912
369 1594 1731
370 3190 2760
371 10 1196
372 1264 2949
373 1363 1131
374 71 61
375 463 2937
376 1589 1922
377 1221 2768
378 1926 1957
379 1948 2871
380 61 1674
381 731 1905
382 2078 1574
383 574 1718
384 1454 1603
385 1057 983
386 2001 422
387 1403 1773
388 205 2515
389 2771 1100
390 6 2234
391 2719 1666
392 2303 2199
393 2802 1250
394 3014 2392
395 2861 2631
396 2600 1051
397 308 2123
398 1487 1457
399 2848 1152
400 2991 626
401 3152 2447
402 3040 1582
403 2272 1557
404 447 2078
405 1573 680
406 57 2018
407 489 2140
408 1627 1394
409 1981 2884
410 2521 2790
411 1237 2977
412 3188 2445
413 1864 2922
414 322 231
415 2097 2246
416 1074 364
417 2221 524
418 2274 2061
419 1011 2598
420 2159 2906
421 2156 649
422 322 2090
423 887 2039
424 1875 223
425 2792 419
426 703 1748
427 2516 329
428 1501 709
429 1223 552
430 1302 1811
431 3189 1926
432 2274 2538
433 3028 3162
434 1573 1230
435 2350 765
436 1987 3196
437 1408 488
438 2259 516
439 1321 619
440 2505 213
441 561 150
442 2920 210
443 1092 2309
444 245 2467
445 212 2806
446 1415 2829
447 2489 2445
448 1477 2054
449 1629 825
450 2828 1605
451 645 2598
452 272 613
453 1014 251
454 2265 250
455 2326 715
456 1995 2355
457 1704 651
458 1844 2802
459 910 732
460 1815 1639
461 913 125
462 2216 1058
463 825 672
464 1552 911
465 86 1402
466 327 961
467 2341 1365
468 255 1385
469 242 2570
470 635 2177
471 2353 2194
472 2517 2699
473 1257 1070
474 1672 1115
475 2622 1957
476 3209 1917
477 1784 913
478 2742 493
479 2028 807
480 639 41
481 1254 1182
482 1221 1420
483 2300 2879
484 1653 2786
485 1156 3024
486 1567 1233
487 444 78
488 2726 2514
489 2935 591
490 334 50
491 1589 2288
492 3116 2582
493 2075 2640
494 844 1725
495 2891 2871
496 1111 3057
497 3155 241
498 510 1035
499 926 1020
500 793 1691
501 1528 310
502 314 1118
503 1978 1931
504 2296 1334
505 944 1514
506 867 2439
507 848 2811
508 3124 2517
509 1958 1479
510 2691 62
511 662 1373
512 615 200
513 1396 1897
514 2308 2871
515 1883 2878
516 1445 2737
517 720 2791
518 1248 924
519 621 175
520 1928 1374
521 45 422
522 2581 3163
523 681 1775
524 1431 1278
525 523 596
526 1763 918
527 2142 156
528 362 3115
529 2136 1084
530 451 1378
531 1537 2942
532 2520 2407
533 1428 1476
534 2341 1418
535 2799 2315
536 135 2443
537 39 226
538 1597 2119
539 88 878
540 1670 567
541 2867 3193
542 1191 1085
543 1212 760
544 2589 2986
545 151 394
546 436 567
547 1388 1157
548 874 3071
549 183 794
550 1587 631
551 2686 2052
552 333 3153
553 978 1330
554 2484 883
555 1733 852
556 210 886
557 162 874
558 1587 497
559 3175 548
560 1594 101
561 105 1789
562 689 1583
563 852 2254
564 2682 2158
565 187 1996
566 2882 2277
567 1334 2956
568 3086 381
569 1836 834
570 201 298
571 1784 1462
572 2733 1668
573 555 3202
574 2381 102
575 414 1672
576 324 765
577 1698 2723
578 458 2292
579 2475 2906
580 298 1645
581 353 487
582 3061 119
583 1720 2547
584 2890 770
585 502 1625
586 1365 2215
587 2746 841
588 1901 3023
589 2687 1725
590 2352 111
591 1285 2104
592 2214 1663
593 2346 1889
594 2763 2242
595 2303 162
596 69 2446
597 386 672
598 1648 688
599 188 2463
600 2355 1472
601 2875 2082
602 2315 1332
603 624 1908
604 2237 1451
605 366 863
606 2979 1747
607 2427 1395
608 87 2956
609 254 3100
610 1809 783
611 1387 269
612 944 1064
613 2246 2445
614 734 694
615 761 166
616 32 2320
617 1473 1826
618 1418 446
619 1514 2735
620 325 2553
621 1036 1735
622 6 2287
623 1068 3
624 1300 2272
625 1638 2451
626 791 1614
627 27 2756
628 353 1897
629 2937 3064
630 1892 1064
631 962 445
632 1785 741
633 699 3053
634 1608 2824
635 593 1098
636 192 432
637 887 2284
638 2041 687
639 2650 2634
640 1392 2592
641 666 1156
642 1714 3155
643 2992 2310
644 2501 1726
645 920 491
646 2840 118
647 1979 1373
648 2459 721
649 1871 2783
650 756 34
651 585 2103
652 1139 2300
653 115 1698
654 459 922
655 1031 57
656 138 3155
657 1389 2339
658 2733 958
659 2001 2281
660 2988 2013
661 2666 2223
662 114 397
663 3050 1930
664 336 3174
665 1477 616
666 1840 1372
667 256 2130
668 2153 3205
669 2377 1739
670 2706 1554
671 2699 2006
672 1545 129
673 359 735
674 2150 808
675 2866 507
676 2985 485
677 1933 2287
678 1234 1702
679 1993 130
680 1274 191
681 7 3142
682 2240 19
683 2170 1811
684 1373 338
685 3160 868
686 1535 416
687 2558 1863
688 1016 2660
689 800 79
690 165 3077
691 357 280
692 2682 2089
693 486 3039
694 236 1765
695 2302 108
696 516 2591
697 2751 2815
698 559 2336
699 387 1346
700 3044 3199
701 2754 791
702 2024 1559
703 1184 341
704 1397 773
705 306 1470
706 2883 2862
707 2669 715
708 1418 949
709 2219 1657
710 271 3207
711 1635 1696
712 755 1405
713 1615 2419
714 2646 2986
715 3064 639
716 265 1496
717 1570 2582
718 851 1755
719 947 2938
720 2679 1347
721 1942 287
722 380 1478
723 3073 1837
724 2768 2290
725 2188 1107
726 1968 1492
727 1990 8
728 1287 2643
729 1061 769
730 859 1647
731 2763 1172
732 3208 2465
733 942 132
734 1261 2123
735 1595 9
736 127 1771
737 1808 1451
738 139 717
739 1851 830
740 363 1847
741 917 2386
742 2103 855
743 2072 31
744 2304 1492
745 1797 2466
746 420 2221
747 2935 248
748 598 2511
749 1790 2215
750 2649 377
751 1461 2878
752 2200 1443
753 1472 2159
754 1373 2172
755 1076 202
756 3036 1911
757 2264 1983
758 1477 1451
759 507 1907
760 1943 2901
761 2912 1852
762 284 786
763 1737 1830
764 1446 183
765 74 2663
766 679 1124
767 1337 1841
768 1127 1907
769 2627 2854
770 105 1490
771 2742 289
772 1382 1702
773 1379 1507
774 1456 2038
775 1593 1601
776 570 458
777 2410 927
778 1301 2184
779 1121 623
780 2945 1791
781 1638 1229
782 669 2353
783 2607 407
784 2869 297
785 2133 677
786 1474 1876
787 339 3002
788 2404 3120
789 1960 1263
790 1682 507
791 1124 535
792 2116 2600
793 2969 394
794 594 229
795 2295 1869
796 1978 2283
797 1615 1987
798 2208 2526
799 689 1786
800 1703 1639
801 188 3102
802 2216 1126
803 2789 865
804 1288 2452
805 871 262
806 483 2311
807 2570 1703
808 1370 2521
809 1765 2197
810 2398 2583
811 1169 213
812 2332 3163
813 1141 752
814 2364 578
815 1891 1671
816 2429 135
817 2454 1459
818 554 180
819 2086 2818
820 663 3209
821 2857 1963
822 85 3075
823 2233 2590
824 1769 3184
825 648 1228
826 1338 122
827 1333 2177
828 396 2193
829 1609 336
830 1566 998
831 1472 6
832 1370 421
833 2549 2496
834 3028 989
835 1778 1994
836 974 1953
837 1410 2105
838 2203 771
839 751 382
840 688 1268
841 1718 40
842 1155 2790
843 2416 1011
844 2 488
845 1994 2247
846 1473 454
847 1031 181
848 2832 849
849 94 2030
850 819 222
851 120 1525
852 478 1805
853 447 1549
854 2817 2267
855 2561 2803
856 1738 679
857 2787 557
858 1732 2278
859 1296 636
860 921 1299
861 2190 944
862 684 1171
863 1422 2749
864 1310 581
865 716 333
866 641 2110
867 1704 904
868 3004 2812
869 261 523
870 474 2602
871 2387 1228
872 2468 915
873 1250 2731
874 1102 511
875 652 128
876 1945 2138
877 345 1089
878 364 2633
879 2748 1414
880 2490 1456
881 2543 919
882 267 2929
883 1415 664
884 1101 2618
885 1397 497
886 2833 1831
887 3170 1450
888 2656 2949
889 3051 2007
890 1865 422
891 2956 2013
892 1017 2655
893 1945 292
894 3034 923
895 1155 548
896 371 2243
897 1412 1459
898 36 99
899 1684 1578
900 3188 2216
901 108 305
902 2194 3024
903 15 3082
904 23 1471
905 2216 1491
906 2226 2207
907 1635 2099
908 313 1307
909 1100 1282
910 403 2220
911 1671 884
912 146 3183
913 1041 864
914 2312 472
915 2317 240
916 1321 2067
917 1198 2694
918 511 1968
919 1452 352
920 941 269
921 2525 446
922 2288 782
923 335 979
924 2364 1897
925 1133 1613
926 251 1008
927 2156 2860
928 2947 2652
929 856 1962
930 1853 1740
931 2376 574
932 213 229
933 760 1357
934 2428 134
935 2427 2444
936 2510 731
937 2260 48
938 1636 498
939 3160 1492
940 1765 3157
941 1076 1413
942 1417 3076
943 1726 2734
944 631 500
945 537 395
946 2406 2739
947 840 456
948 2931 651
949 2099 2194
950 2315 4
951 345 1658
952 975 502
953 3167 2043
954 547 2298
955 1963 964
956 554 2080
957 882 1387
958 2226 2515
959 3165 217
960 2130 3136
961 1892 1474
962 109 103
963 1024 1877
964 2728 3002
965 2357 1381
966 2989 117
967 2161 698
968 2573 1912
969 1364 2464
970 3196 1179
971 686 2843
972 456 1551
973 1299 2942
974 2897 305
975 2757 1809
976 1352 1055
977 563 247
978 1423 28
979 414 1984
980 2177 1208
981 1469 2886
982 1535 2562
983 3119 1435
984 3056 2884
985 311 459
986 2278 1570
987 3194 1855
988 2347 2049
989 116 2848
990 2467 444
991 2459 2077
992 980 942
993 73 1298
994 657 2636
995 1497 2712
996 2999 967
997 831 952
998 2151 401
999 2258 2101
1000 2950 2145
1001 1050 296
1002 138 1953
1003 969 721
1004 1040 314
1005 1797 3121
1006 2665 312
1007 2271 377
1008 2722 3198
1009 318 2827
1010 568 1560
1011 929 1819
1012 853 1696
1013 219 2032
1014 1426 546
1015 1748 2504
1016 2600 1772
1017 2336 526
1018 2486 1950
1019 258 2535
1020 2669 980
1021 1968 1808
1022 30 1637
1023 1319 2183
1024 346 1943
1025 1451 1065
1026 55 1743
1027 370 3184
1028 714 944
1029 202 313
1030 1728 752
1031 1007 2822
1032 2706 2103
1033 1839 1482
1034 205 320
1035 2679 329
1036 883 1064
1037 388 869
1038 882 2745
1039 1985 372
1040 2152 1733
1041 1 575
1042 713 1510
1043 732 3173
1044 957 2950
1045 932 312
1046 1029 3122
1047 1377 262
1048 2449 946
1049 697 1658
1050 385 2044
1051 2018 2890
1052 655 2265
1053 1483 2170
1054 1264 1764
1055 2567 362
1056 77 2717
1057 2248 741
1058 947 327
1059 2847 3064
1060 312 454
1061 2818 706
1062 2537 2477
1063 2116 1366
1064 1368 2127
1065 836 122
1066 506 1072
1067 2943 1987
1068 225 1208
1069 974 525
1070 2456 502
1071 73 2727
1072 1259 764
1073 1352 983
1074 522 2010
1075 2921 1168
1076 1074 1720
1077 1308 1410
1078 1724 1196
1079 2402 740
1080 2566 1852
1081 1898 394
1082 1279 1995
1083 286 2472
1084 2733 535
1085 1793 2955
1086 678 575
1087 2939 2528
1088 353 176
1089 2765 627
1090 2434 1756
1091 290 581
1092 1480 1102
1093 2403 1707
1094 3181 1463
1095 665 2325
1096 1210 2889
1097 1771 278
1098 2901 2915
1099 430 601
1100 844 1694
1101 707 1008
1102 1129 2195
1103 2132 2286
1104 1999 2183
1105 693 2912
1106 2742 446
1107 630 891
1108 1995 2052
1109 53 250
1110 2554 1388
1111 339 2
1112 1245 3058
1113 2479 25
1114 3048 2281
1115 1923 1167
1116 1620 2391
1117 486 978
1118 1410 162
1119 2715 215
1120 1024 3070
1121 429 1355
1122 1407 640
1123 2450 2594
1124 2236 1076
1125 1306 1349
1126 1934 2226
1127 2905 1533
1128 1760 2189
1129 1083 2466
1130 85 1680
1131 2564 370
1132 2982 2472
1133 280 2110
1134 1143 1386
1135 3124 1319
1136 239 465
1137 1101 1680
1138 284 2829
1139 2172 1341
1140 2842 1904
1141 620 1724
1142 2894 1694
1143 669 202
1144 1661 254
1145 651 1505
1146 2030 1172
1147 1949 1070
1148 1869 589
1149 696 2347
1150 1848 944
1151 1174 1880
1152 2271 1224
1153 86 2559
1154 2718 886
1155 687 2117
1156 2268 108
1157 337 543
1158 610 3196
1159 37 1708
1160 2751 2574
1161 3169 2456
1162 336 618
1163 927 77
1164 124 2618
1165 53 209
1166 1988 269
1167 1559 424
1168 3017 43
1169 2106 2570
1170 440 1998
1171 680 1184
1172 1866 902
1173 1714 2093
1174 580 979
1175 2785 3157
1176 2774 2308
1177 1915 1707
1178 3195 1021
1179 2142 2734
1180 612 1063
1181 1343 668
1182 2589 1802
1183 1805 930
1184 732 845
1185 3042 995
1186 717 1649
1187 875 258
1188 263 804
1189 1178 1737
1190 694 596
1191 2857 1895
1192 2374 1175
1193 589 97
1194 2102 644
1195 2944 2584
1196 804 2078
1197 1389 2853
1198 282 2037
1199 1362 2535
1200 2991 2479
1201 2240 231
1202 1207 2089
1203 2462 1962
1204 191 216
1205 2371 495
1206 2076 2989
1207 1869 2058
1208 673 1033
1209 3145 377
1210 1546 765
1211 2608 1165
1212 3071 2322
1213 1685 1382
1214 1351 2486
1215 2013 2073
1216 468 2055
1217 2510 171
1218 925 415
1219 1464 2872
1220 992 1018
1221 2098 91
1222 121 2485
1223 25 933
1224 1029 3210
1225 951 787
1226 2158 2466
1227 1532 923
1228 2386 1804
1229 768 539
1230 600 3130
1231 1710 1832
1232 2116 2578
1233 1703 613
1234 2787 3030
1235 2657 3010
1236 3027 1347
1237 3171 2823
1238 2546 2843
1239 1862 2599
1240 1405 2753
1241 2217 141
1242 2719 214
1243 2579 128
1244 627 669
1245 3184 1971
1246 1274 1210
1247 1408 591
1248 658 765
1249 463 723
1250 2107 2093
1251 1236 2103
1252 599 148
1253 1568 2600
1254 1043 1207
1255 1002 2412
1256 118 1265
1257 25 499
1258 157 3122
1259 2111 2503
1260 1233 2411
1261 2765 2818
1262 2768 2196
1263 775 3124
1264 2011 1232
1265 2901 1576
1266 1304 3076
1267 1151 117
1268 2538 2921
1269 2483 2999
1270 161 2281
1271 1155 514
1272 389 1824
1273 2426 2620
1274 1719 180
1275 2163 2384
1276 1042 1700
1277 1889 2126
1278 78 2939
1279 606 3067
1280 2820 306
1281 1748 2950
1282 2157 2294
1283 2521 3140
1284 1982 1801
1285 398 3087
1286 728 944
1287 198 627
1288 42 3101
1289 2878 2088
1290 3171 111
1291 1477 893
1292 460 2307
1293 649 186
1294 2400 2764
1295 277 1925
1296 752 335
1297 2158 1983
1298 2714 947
1299 2046 911
1300 2056 21
1301 1553 1833
1302 382 2843
1303 1683 2166
1304 1134 1361
1305 2853 2145
1306 971 1810
1307 593 731
1308 2787 2387
1309 597 534
1310 2235 2007
1311 1092 366
1312 2256 466
1313 2455 2940
1314 2383 1380
1315 224 1336
1316 2492 2831
1317 271 2126
1318 1329 1797
1319 1992 2376
1320 2870 2638
1321 2069 1526
1322 2560 1435
1323 2509 1627
1324 2181 2109
1325 2871 1527
1326 1865 271
1327 2267 3046
1328 628 112
1329 1881 361
1330 3137 1320
1331 1351 1183
1332 2041 234
1333 1962 1005
1334 711 519
1335 3177 1951
1336 2267 2807
1337 2376 2878
1338 2567 2037
1339 517 1141
1340 783 571
1341 1108 1431
1342 1589 2045
1343 1606 1612
1344 3027 31
1345 2348 993
1346 2554 2051
1347 1220 2547
1348 2484 2968
1349 2663 629
1350 1449 1527
1351 793 1955
1352 1914 3093
1353 1996 1669
1354 851 49
1355 1334 2153
1356 3092 2097
1357 2036 548
1358 3196 787
1359 1376 1331
1360 2923 2456
1361 934 1324
1362 2111 1578
1363 625 2807
1364 74 3188
1365 2413 1859
1366 191 55
1367 1818 482
1368 208 2188
1369 2619 2361
1370 1177 2007
1371 1838 2832
1372 2461 2853
1373 2343 963
1374 2613 1932
1375 1093 214
1376 2438 2668
1377 727 1622
1378 2102 2127
1379 2287 1459
1380 2518 2277
1381 2838 1713
1382 2572 2108
1383 979 1079
1384 1786 1595
1385 1640 1699
1386 1575 744
1387 830 918
1388 892 1015
1389 173 2254
1390 2341 1087
1391 2197 2260
1392 2839 2507
1393 3062 858
1394 2845 1313
1395 2965 1575
1396 3033 421
1397 608 993
1398 2743 653
1399 3088 2452
1400 674 1617
1401 1793 2215
1402 2103 1196
1403 1450 2815
1404 2746 1989
1405 348 2031
1406 1691 2088
1407 165 210
1408 3 1409
1409 3109 580
1410 1466 2973
1411 3 718
1412 408 1155
1413 938 537
1414 1966 1970
1415 2712 3005
1416 2887 2696
1417 2188 595
1418 2842 352
1419 1003 1789
1420 3112 1687
1421 184 2355
1422 2002 151
1423 695 2553
1424 2330 1491
1425 708 2910
1426 997 451
1427 2840 2572
1428 2081 3066
1429 1003 420
1430 989 3182
1431 3170 1385
1432 2626 2870
1433 2856 2523
1434 2020 2087
1435 1131 975
1436 2647 35
1437 465 780
1438 756 57
1439 1647 762
1440 1990 2464
1441 3041 1043
1442 2619 2408
1443 239 2099
1444 2467 2876
1445 647 2759
1446 2451 546
1447 72 2360
1448 866 2858
1449 77 2084
1450 1096 455
1451 854 2544
1452 1030 2853
1453 2764 644
1454 1338 1175
1455 799 2602
1456 472 301
1457 158 923
1458 2987 2463
1459 141 1589
1460 216 118
1461 1969 2488
1462 2061 1090
1463 456 1975
1464 2818 973
1465 2685 1695
1466 1015 945
1467 1655 1948
1468 966 46
1469 1283 778
1470 69 806
1471 2272 2031
1472 2830 1409
1473 2161 1438
1474 1453 2464
1475 109 1159
1476 2630 1418
1477 773 329
1478 1965 2017
1479 1647 2400
1480 1875 2756
1481 2918 599
1482 201 427
1483 1056 1967
1484 304 1587
1485 3188 585
1486 1714 3140
1487 1682 2339
1488 1095 162
1489 2818 2053
1490 1932 186
1491 1507 501
1492 1442 2709
1493 1541 2792
1494 2459 1000
1495 2097 957
1496 2754 2918
1497 1027 483
1498 2850 1458
1499 1586 537
1500 1256 867
1501 2391 1381
1502 226 1878
1503 1653 636
1504 2369 2576
1505 1773 393
1506 1946 1630
1507 402 2215
1508 2793 1930
1509 2459 242
1510 1320 1937
1511 177 1631
1512 896 187
1513 58 3076
1514 3017 2519
1515 3151 379
1516 1175 2382
1517 146 1304
1518 414 2153
1519 1520 821
1520 66 2634
1521 2803 2286
1522 2915 968
1523 1744 849
1524 3007 2377
1525 1967 3010
1526 1560 236
1527 1937 3024
1528 2398 3059
1529 3182 3051
1530 1194 1897
1531 1032 708
1532 2986 2342
1533 2377 2948
1534 1489 1819
1535 1073 615
1536 791 875
1537 2180 2088
1538 2532 600
1539 1441 2159
1540 1308 2935
1541 633 2073
1542 3002 72
1543 1042 767
1544 2208 909
1545 2317 2075
1546 570 2226
1547 725 2315
1548 2880 2310
1549 2422 3057
1550 2015 1073
1551 2030 3192
1552 2549 2523
1553 2185 3027
1554 388 2731
1555 405 1302
1556 2491 1961
1557 3157 2616
1558 2951 2212
1559 1376 1700
1560 1381 3176
1561 474 517
1562 2350 2070
1563 2436 1143
1564 78 2649
1565 831 955
1566 1913 47
1567 2685 462
1568 1154 639
1569 1475 69
1570 2645 1074
1571 136 2099
1572 740 3161
1573 2859 1312
1574 1404 271
1575 1529 2731
1576 124 178
1577 2254 1323
1578 2808 1799
1579 535 3011
1580 2449 1988
1581 2954 2424
1582 2463 3094
1583 718 755
1584 534 722
1585 832 261
1586 1978 652
1587 1924 1525
1588 2896 2627
1589 1608 80
1590 256 1044
1591 1347 2347
1592 1540 296
1593 1414 1593
1594 1990 249
1595 152 2600
1596 296 1633
1597 2762 2850
1598 2427 2864
1599 683 1674
1600 1096 654
1601 628 386
1602 2719 1874
1603 689 1470
1604 107 465
1605 2192 745
1606 1553 1631
1607 2471 3152
1608 2132 543
1609 1057 1004
1610 90 610
1611 1250 583
1612 1663 490
1613 229 869
1614 1920 778
1615 638 1863
1616 1728 2334
1617 1486 1144
1618 2804 408
1619 103 186
1620 3139 2669
1621 1774 1292
1622 2816 142
1623 1913 1032
1624 3173 1281
1625 2539 1814
1626 1204 121
1627 1709 2421
1628 2109 2017
1629 671 901
1630 417 59
1631 1100 202
1632 2341 709
1633 944 1133
1634 1522 818
1635 1885 1378
1636 1308 661
1637 981 1615
1638 1719 2248
1639 486 2410
1640 1878 469
1641 2253 2973
1642 489 1579
1643 2538 1772
1644 1428 308
1645 692 855
1646 749 3071
1647 2507 1028
1648 1330 1163
1649 2675 1662
1650 2735 2259
1651 1251 1368
1652 1674 713
1653 692 2182
1654 1044 2586
1655 1465 3115
1656 1031 3159
1657 57 928
1658 2753 1831
1659 2127 160
1660 440 2977
1661 234 1884
1662 2565 3017
1663 1339 1958
1664 654 257
1665 181 1941
1666 2031 2482
1667 298 1260
1668 150 271
1669 36 287
1670 3052 1888
1671 954 551
1672 1767 2504
1673 2482 1660
1674 2657 2075
1675 1863 1482
1676 316 3060
1677 1494 3176
1678 2989 3204
1679 2290 852
1680 1962 2981
1681 1391 10
1682 772 2253
1683 3047 1195
1684 629 1469
1685 941 1553
1686 1070 2157
1687 65 786
1688 1163 1289
1689 1472 891
1690 1305 103
1691 1848 2122
1692 2051 149
1693 373 2615
1694 505 2863
1695 344 1020
1696 300 2964
1697 2187 2776
1698 471 2143
1699 1135 2889
1700 1741 694
1701 1708 1881
1702 1281 1858
1703 494 2502
1704 1196 1236
1705 2062 796
1706 1161 3142
1707 768 1372
1708 2444 398
1709 785 2540
1710 709 492
1711 35 2267
1712 1367 2261
1713 2583 1134
1714 1328 3193
1715 2169 1877
1716 3005 2897
1717 224 1085
1718 2938 2601
1719 3193 743
1720 991 324
1721 450 2120
1722 2164 2171
1723 2982 103
1724 3202 3008
1725 345 2115
1726 920 1351
1727 1939 759
1728 253 1196
1729 1511 729
1730 3028 1165
1731 2175 1823
1732 1889 993
1733 2927 2763
1734 1433 587
1735 607 1888
1736 2569 550
1737 1513 1230
1738 3075 2151
1739 3136 2097
1740 631 2236
1741 1469 1078
1742 3031 1005
1743 2674 120
1744 1497 2770
1745 699 1356
1746 1399 2462
1747 176 2749
1748 3173 1414
1749 2998 2793
1750 3148 911
1751 2487 1592
1752 1351 2710
1753 619 818
1754 1336 1425
1755 215 1078
1756 1693 769
1757 1613 408
1758 1863 2447
1759 3195 1004
1760 2905 1829
1761 126 2184
1762 2050 579
1763 2203 3046
1764 2492 1231
1765 293 298
1766 442 717
1767 1789 2967
1768 2074 116
1769 3023 1607
1770 1631 2019
1771 879 2105
1772 868 2769
1773 1697 1791
1774 2025 849
1775 626 3098
1776 764 316
1777 22 1746
1778 2858 320
1779 2038 806
1780 1591 1398
1781 1880 61
1782 1745 832
1783 2222 2945
1784 2207 930
1785 725 1817
1786 911 11
1787 743 2055
1788 1411 2238
1789 891 1063
1790 387 150
1791 846 1915
1792 2017 440
1793 874 1691
1794 1182 3083
1795 1006 2785
1796 28 1806
1797 2910 1817
1798 1462 10
1799 1664 702
1800 2116 1278
1801 2030 2112
1802 694 2120
1803 1091 2052
1804 3060 405
1805 1829 1057
1806 2935 2885
1807 2028 2837
1808 1121 1878
1809 751 496
1810 157 1777
1811 353 3138
1812 1594 1142
1813 3201 1325
1814 2316 2566
1815 455 199
1816 3190 638
1817 3192 1321
1818 1981 283
1819 3131 918
1820 823 509
1821 2853 2767
1822 296 2970
1823 926 2654
1824 647 26
1825 2519 1089
1826 2401 2621
1827 577 1476
1828 2143 2114
1829 954 1474
1830 1428 441
1831 729 1224
1832 2760 1166
1833 723 720
1834 583 1494
1835 232 387
1836 362 1513
1837 2560 4
1838 3046 8
1839 3180 938
1840 979 2594
1841 2752 14
1842 923 1342
1843 1428 321
1844 429 1813
1845 245 2513
1846 1027 2771
1847 2666 1927
1848 385 2612
1849 347 2289
1850 217 3052
1851 1733 1765
1852 1274 1179
1853 1004 2668
1854 2522 1698
1855 171 840
1856 2856 1377
1857 2153 2015
1858 2931 556
1859 1909 3103
1860 1439 11
1861 989 2723
1862 2157 1107
1863 484 2704
1864 1196 2994
1865 290 2161
1866 1952 2057
1867 178 975
1868 2307 1289
1869 1038 95
1870 3055 830
1871 1254 1876
1872 1623 482
1873 1011 1035
1874 274 814
1875 1608 1988
1876 2766 3039
1877 680 1759
1878 799 1649
1879 2498 983
1880 2385 1004
1881 2239 1592
1882 587 502
1883 868 602
1884 1230 551
1885 2559 790
1886 1908 965
1887 2737 2054
1888 1403 2946
1889 1746 1224
1890 1540 2465
1891 1910 1684
1892 479 1982
1893 2822 387
1894 2587 772
1895 1428 2315
1896 2705 684
1897 2922 3076
1898 1243 2850
1899 1269 2264
1900 1381 351
1901 1169 1789
1902 246 2794
1903 1513 1499
1904 2131 311
1905 2483 214
1906 1292 1789
1907 2784 718
1908 1975 2778
1909 1539 1413
1910 1675 405
1911 1551 857
1912 1396 3008
1913 2530 184
1914 2642 2407
1915 1976 2735
1916 1369 343
1917 1690 34
1918 1258 1191
1919 816 704
1920 348 976
1921 1602 890
1922 1205 2623
1923 1574 3073
1924 1494 668
1925 175 1129
1926 658 408
1927 1182 768
1928 1265 1997
1929 843 2442
1930 2321 36
1931 297 1700
1932 1367 2859
1933 771 796
1934 2405 1670
1935 3132 1073
1936 1247 2640
1937 2821 2163
1938 2974 2857
1939 632 261
1940 2058 2533
1941 2195 946
1942 823 1114
1943 3099 2698
1944 1596 1442
1945 2308 2025
1946 1719 2158
1947 415 2297
1948 2700 737
1949 2403 2965
1950 1837 588
1951 2443 2372
1952 2749 3011
1953 3024 2315
1954 692 186
1955 2894 2626
1956 3168 2553
1957 1150 1645
1958 1061 2658
1959 912 2991
1960 822 186
1961 1997 109
1962 2295 1618
1963 2019 942
1964 2505 465
1965 3078 1455
1966 2939 2528
1967 2949 1531
1968 3133 2607
1969 1223 2202
1970 2649 1069
1971 254 286
1972 2806 260
1973 348 2038
1974 1497 1770
1975 2324 2238
1976 944 2295
1977 988 2318
1978 2452 1902
1979 2711 2050
1980 1483 910
1981 2081 2853
1982 2032 913
1983 3018 1467
1984 1701 1417
1985 562 2589
1986 1106 1602
1987 2446 2988
1988 645 2951
1989 806 2847
1990 1735 2741
1991 114 2609
1992 2443 2343
1993 2488 807
1994 1819 1216
1995 684 1313
1996 2697 2415
1997 2700 2684
1998 3 2476
1999 809 1595
2000 114 2108
2001 1099 1066
2002 1856 2769
2003 536 125
2004 2468 2010
2005 1124 952
2006 2739 34
2007 1828 90
2008 2948 2799
2009 2199 1144
2010 179 781
2011 1676 544
2012 1271 2249
2013 1519 2932
2014 1103 2251
2015 2822 360
2016 1597 1735
2017 1272 1011
2018 544 275
2019 889 1387
2020 366 3133
2021 824 2768
2022 1618 2631
2023 1291 2
2024 1111 2390
2025 3168 2513
2026 545 414
2027 1716 3135
2028 310 1030
2029 330 1067
2030 511 828
2031 1304 325
2032 229 1366
2033 979 2498
2034 1133 1800
2035 161 654
2036 1502 1860
2037 2224 2576
2038 1384 857
2039 673 279
2040 3027 650
2041 271 793
2042 202 943
2043 628 1210
2044 197 2056
2045 3183 2893
2046 3190 2480
2047 2468 3090
2048 1951 875
2049 373 1758
2050 1984 112
2051 1886 1138
2052 16 954
2053 2014 1651
2054 2528 1426
2055 728 2972
2056 2976 1668
2057 143 2199
2058 1670 1795
2059 2575 1980
2060 333 3012
2061 2748 2612
2062 1952 2988
2063 1608 1529
2064 2222 2276
2065 1064 144
2066 2688 3169
2067 1224 1206
2068 33 2649
2069 1684 3174
2070 1687 2567
2071 2130 2749
2072 141 2711
2073 708 679
2074 1738 1531
2075 1342 723
2076 2481 2387
2077 244 2758
2078 596 480
2079 1568 2396
2080 69 2505
2081 1710 918
2082 2318 2142
2083 2885 136
2084 2157 2898
2085 307 2612
2086 1400 2975
2087 259 2938
2088 480 2391
2089 1354 1721
2090 429 521
2091 930 2049
2092 3006 16
2093 351 2025
2094 1608 3187
2095 1898 1053
2096 1962 3186
2097 3093 2832
2098 3181 1386
2099 2407 114
2100 1059 1668
2101 1085 1216
2102 2356 1822
2103 1381 690
2104 1344 1463
2105 1051 3093
2106 3000 1482
2107 1382 1177
2108 1173 1751
2109 918 2219
2110 1876 3092
2111 736 985
2112 1886 2201
2113 3043 2670
2114 647 1977
2115 3004 1695
2116 59 2276
2117 2931 143
2118 719 623
2119 48 2487
2120 442 150
2121 2237 1263
2122 2560 3055
2123 1996 787
2124 1147 2620
2125 1254 102
2126 1515 2281
2127 2557 165
2128 65 1446
2129 847 2335
2130 1611 2795
2131 54 3130
2132 290 1754
2133 2340 1924
2134 3102 2034
2135 1031 1673
2136 1052 20
2137 1719 1028
2138 3204 606
2139 3193 3127
2140 2367 997
2141 1587 632
2142 3210 770
2143 2127 686
2144 2164 2291
2145 2466 3100
2146 2824 1316
2147 1028 2375
2148 1369 3028
2149 1940 1907
2150 2633 2096
2151 1262 793
2152 387 368
2153 1105 2677
2154 1963 2016
2155 231 3062
2156 1417 1812
2157 2941 1180
2158 162 1590
2159 2425 464
2160 2031 1825
2161 3152 1059
2162 1057 570
2163 1142 2168
2164 58 198
2165 3151 1896
2166 2094 530
2167 138 2765
2168 3105 495
2169 2794 652
2170 3107 2257
2171 3001 1578
2172 2324 1175
2173 170 1563
2174 982 3029
2175 3143 2869
2176 2293 1025
2177 282 636
2178 1529 853
2179 3162 407
2180 1898 1008
2181 686 1059
2182 536 72
2183 854 1113
2184 2049 1177
2185 480 2939
2186 3171 1862
2187 2057 3110
2188 3053 1083
2189 1226 969
2190 252 2639
2191 12 6
2192 183 2340
2193 2454 409
2194 517 389
2195 2682 2982
2196 1821 3046
2197 2222 2477
2198 916 721
2199 1976 2574
2200 47 118
2201 1486 1380
2202 2592 1830
2203 42 2836
2204 1385 1799
2205 136 1160
2206 2208 2864
2207 856 1608
2208 915 2606
2209 2340 328
2210 742 2956
2211 434 1311
2212 998 157
2213 2853 2051
2214 455 2278
2215 658 615
2216 2286 2917
2217 1218 24
2218 1957 2969
2219 1395 48
2220 3085 2386
2221 2017 1265
2222 274 1533
2223 3122 1060
2224 1894 1339
2225 1828 2790
2226 530 3178
2227 2688 24
2228 2829 1170
2229 466 2805
2230 280 2475
2231 1726 42
2232 803 3007
2233 420 2290
2234 541 2678
2235 1510 701
2236 895 2714
2237 2613 2322
2238 1399 2032
2239 964 946
2240 1420 1404
2241 1186 3142
2242 2106 1901
2243 1592 109
2244 233 206
2245 1497 2585
2246 329 1391
2247 838 683
2248 2165 2385
2249 90 1872
2250 2185 165
2251 788 283
2252 752 2792
2253 1129 2195
2254 387 1800
2255 631 1012
2256 2697 2592
2257 1474 2518
2258 2634 1109
2259 715 2928
2260 3205 3159
2261 2338 2353
2262 564 243
2263 1325 866
2264 1125 3184
2265 1351 2130
2266 586 2737
2267 2759 1479
2268 3198 2765
2269 773 1863
2270 3028 1288
2271 535 2582
2272 2322 2960
2273 2671 2626
2274 2512 52
2275 2879 449
2276 2166 1885
2277 2177 1900
2278 1638 2595
2279 2561 2365
2280 3089 588
2281 493 1914
2282 1634 2121
2283 3118 1595
2284 2712 375
2285 2465 2344
2286 2962 2089
2287 345 2132
2288 1669 1907
2289 2465 1331
2290 949 2197
2291 527 2937
2292 2739 1219
2293 2998 2799
2294 477 312
2295 1168 2112
2296 978 217
2297 3025 1315
2298 2946 1484
2299 687 177
2300 1884 1796
2301 291 2684
2302 938 2387
2303 185 928
2304 1928 975
2305 675 1621
2306 1060 649
2307 2743 1097
2308 1940 1048
2309 2493 1575
2310 2990 1111
2311 2780 2495
2312 2246 1410
2313 2408 2337
2314 288 2458
2315 631 224
2316 1117 1837
2317 1301 632
2318 2942 2716
2319 770 3144
2320 767 3050
2321 1790 1970
2322 893 1155
2323 3016 53
2324 350 63
2325 1150 407
2326 396 2884
2327 3191 1055
2328 1864 2974
2329 2652 1802
2330 2289 731
2331 947 558
2332 2508 1195
2333 2632 1598
2334 2143 2206
2335 2735 2899
2336 87 989
2337 2256 1429
2338 1062 305
2339 3180 1287
2340 2785 1637
2341 2253 1516
2342 1988 1453
2343 2661 1455
2344 372 1313
2345 269 2991
2346 1011 2759
2347 756 2245
2348 752 1374
2349 874 729
2350 2697 2999
2351 751 1100
2352 272 1163
2353 2525 2294
2354 2334 2787
2355 1650 902
2356 1578 2194
2357 1585 2609
2358 1033 2075
2359 34 1848
2360 1207 58
2361 983 127
2362 1377 624
2363 435 1506
2364 2536 807
2365 630 837
2366 1155 2499
2367 1043 901
2368 2731 3124
2369 2631 1682
2370 951 2926
2371 2640 2996
2372 2387 838
2373 264 2635
2374 1117 179
2375 3036 1294
2376 2412 972
2377 3020 2186
2378 1914 1728
2379 2158 19
2380 2730 605
2381 1543 888
2382 2386 1251
2383 1335 1814
2384 2808 680
2385 324 1165
2386 394 2475
2387 527 2945
2388 1465 1358
2389 1001 3123
2390 763 1297
2391 721 2432
2392 511 2877
2393 979 1458
2394 632 2308
2395 1596 366
2396 437 145
2397 297 425
2398 1779 812
2399 2478 1182
2400 748 80
2401 3105 2347
2402 1495 3123
2403 573 910
2404 99 591
2405 879 2965
2406 1189 1136
2407 1862 1724
2408 2013 1394
2409 2553 1108
2410 2650 2285
2411 1967 288
2412 869 813
2413 1460 2904
2414 499 1335
2415 1366 465
2416 1032 3164
2417 806 321
2418 2698 1146
2419 2747 635
2420 469 59
2421 2317 421
2422 965 419
2423 1103 1750
2424 2948 1371
2425 180 2332
2426 270 2718
2427 1325 1773
2428 96 1595
2429 2762 721
2430 1067 2110
2431 565 2031
2432 1407 2278
2433 768 513
2434 1128 2926
2435 1851 2222
2436 1361 2629
2437 2904 2081
2438 144 881
2439 3180 917
2440 909 43
2441 725 610
2442 661 3135
2443 2059 2502
2444 2165 1612
2445 317 1151
2446 1612 2232
2447 2561 1529
2448 1982 2750
2449 291 1835
2450 488 601
2451 2779 2268
2452 1254 3010
2453 356 2936
2454 681 310
2455 573 413
2456 394 529
2457 2216 2832
2458 1383 2330
2459 730 3071
2460 649 125
2461 1864 1080
2462 952 59
2463 2004 1939
2464 10 1749
2465 2678 2566
2466 620 825
2467 2047 2823
2468 1650 2470
2469 2938 557
2470 799 1386
2471 400 2464
2472 2378 2343
2473 2267 1209
2474 2689 776
2475 2775 3106
2476 2311 1077
2477 2019 636
2478 468 716
2479 2426 187
2480 1526 1000
2481 1857 2898
2482 2058 1766
2483 511 1092
2484 2406 1747
2485 1783 844
2486 623 838
2487 1401 3116
2488 3110 3130
2489 2624 701
2490 310 2626
2491 2589 602
2492 2772 126
2493 2609 1192
2494 1027 2168
2495 2195 1736
2496 1286 1825
2497 1511 2387
2498 943 1394
2499 279 943
2500 3195 512
2501 1121 3183
2502 425 2957
2503 2110 658
2504 1735 675
2505 73 548
2506 2299 2877
2507 238 881
2508 546 157
2509 1840 2819
2510 974 1521
2511 805 914
2512 951 3017
2513 1158 498
2514 1193 1359
2515 43 858
2516 838 2320
2517 219 1244
2518 3043 2206
2519 2314 2045
2520 2970 3196
2521 3159 3108
2522 683 205
2523 254 4
2524 1055 2317
2525 43 1081
2526 2556 228
2527 2755 1250
2528 1872 1627
2529 1111 609
2530 2869 2451
2531 1084 230
2532 2140 698
2533 473 236
2534 502 2483
2535 1721 2967
2536 2257 461
2537 1418 479
2538 3022 2725
2539 540 27
2540 987 136
2541 2350 2410
2542 2288 2089
2543 957 2100
2544 2544 2605
2545 1268 2125
2546 2308 1513
2547 1932 1901
2548 2760 2687
2549 1659 1398
2550 1566 2407
2551 496 690
2552 3149 966
2553 25 2716
2554 2721 2300
2555 1588 830
2556 721 790
2557 509 438
2558 2591 2415
2559 2960 3186
2560 1282 1944
2561 1782 2615
2562 2955 2820
2563 1037 121
2564 47 2089
2565 1136 921
2566 2848 1605
2567 63 1144
2568 2468 504
2569 2405 1856
2570 2300 2236
2571 473 1868
2572 2871 1964
2573 1367 871
2574 1361 1403
2575 2057 3137
2576 1171 1658
2577 1053 222
2578 1191 2155
2579 2521 1551
2580 2 1138
2581 2266 2654
2582 2989 307
2583 427 868
2584 2608 1427
2585 62 1478
2586 1093 426
2587 1278 2965
2588 2779 811
2589 2930 1159
2590 2397 2395
2591 2424 951
2592 32 1896
2593 1617 80
2594 2510 320
2595 1464 1052
2596 2023 2207
2597 2248 1396
2598 3192 2295
2599 1515 651
2600 2436 473
2601 1346 1318
2602 2997 450
2603 2252 975
2604 2563 2379
2605 2793 2538
2606 3101 2656
2607 2947 1079
2608 2331 1069
2609 378 2278
2610 923 1001
2611 3034 145
2612 1985 2053
2613 408 940
2614 268 2862
2615 2503 1521
2616 643 270
2617 143 2354
2618 1101 1814
2619 1434 2083
2620 2154 889
2621 2682 1730
2622 2234 1257
2623 2429 1795
2624 847 937
2625 2254 2931
2626 2636 2735
2627 815 1256
2628 1335 782
2629 743 569
2630 2015 2317
2631 486 998
2632 686 1043
2633 765 1053
2634 15 619
2635 2000 1213
2636 3176 2332
2637 1238 3123
2638 3124 952
2639 1467 1071
2640 888 2731
2641 1985 735
2642 3042 521
2643 484 1431
2644 538 1849
2645 3085 1478
2646 202 1981
2647 1570 2594
2648 2636 2486
2649 687 2215
2650 1293 3067
2651 2497 1949
2652 522 1872
2653 1899 839
2654 159 422
2655 1249 1668
2656 1700 2066
2657 451 838
2658 1433 2133
2659 2421 500
2660 2421 1757
2661 306 2893
2662 1465 1102
2663 1353 1229
2664 1163 1887
2665 1516 1580
2666 2634 448
2667 57 1698
2668 406 564
2669 3147 3085
2670 1255 2695
2671 2212 2170
2672 1674 1116
2673 1863 1209
2674 2336 306
2675 1845 1201
2676 1871 1026
2677 2246 198
2678 2834 2614
2679 568 2360
2680 2799 554
2681 1776 2015
2682 551 2452
2683 2698 1445
2684 1103 935
2685 505 716
2686 2851 978
2687 836 1401
2688 2105 2193
2689 1057 520
2690 2546 3089
2691 853 2099
2692 1759 983
2693 2285 2859
2694 2692 291
2695 1071 182
2696 1055 1136
2697 2246 539
2698 1880 3188
2699 2846 2418
2700 1246 3109
2701 3128 676
2702 2071 1784
2703 1147 1764
2704 223 660
2705 2753 1895
2706 2887 950
2707 253 1998
2708 2899 2423
2709 3016 2991
2710 786 3091
2711 1432 95
2712 1969 2674
2713 620 2504
2714 1302 2991
2715 3145 3001
2716 490 2803
2717 2504 2723
2718 1277 1137
2719 2675 153
2720 2578 2982
2721 2165 2611
2722 2200 880
2723 1983 72
2724 1246 2402
2725 1404 373
2726 757 1856
2727 137 781
2728 1766 2341
2729 1934 2329
2730 1281 792
2731 2281 1822
2732 2726 2290
2733 1208 902
2734 2187 2618
2735 2866 2122
2736 1363 2924
2737 3185 651
2738 2689 1378
2739 141 2823
2740 2205 119
2741 3095 1239
2742 1190 70
2743 1348 1829
2744 777 1995
2745 512 2763
2746 1759 2953
2747 2070 417
2748 2569 1440
2749 1402 2671
2750 2788 652
2751 960 1296
2752 2634 2013
2753 1535 324
2754 161 80
2755 383 1610
2756 3111 3203
2757 348 2767
2758 687 1019
2759 720 1865
2760 485 2964
2761 2436 1379
2762 158 2262
2763 2244 1900
2764 2748 1598
2765 1623 2016
2766 426 2973
2767 1999 1299
2768 630 2045
2769 817 220
2770 74 2183
2771 2400 1004
2772 2455 2704
2773 521 835
2774 546 171
2775 1585 419
2776 1395 295
2777 1871 1537
2778 3013 2816
2779 3123 3207
2780 1263 904
2781 3207 3126
2782 1559 2279
2783 3060 2116
2784 2787 2282
2785 2345 1379
2786 949 2388
2787 2594 63
2788 2830 2112
2789 2802 318
2790 1420 421
2791 1980 3146
2792 1825 2679
2793 2733 1418
2794 164 220
2795 1738 2309
2796 2889 1649
2797 1859 1267
2798 3037 830
2799 599 227
2800 2185 2793
2801 600 1669
2802 1999 2957
2803 3038 89
2804 897 3052
2805 751 1583
2806 2109 54
2807 1201 558
2808 2452 2897
2809 901 1784
2810 2070 182
2811 1995 627
2812 3129 2916
2813 1964 1237
2814 1731 2562
2815 1164 1440
2816 2553 1909
2817 482 864
2818 2457 2079
2819 3186 82
2820 2633 197
2821 484 1025
2822 2770 1035
2823 2877 2128
2824 432 2827
2825 802 1425
2826 1287 459
2827 98 1828
2828 1718 183
2829 2944 785
2830 1085 2925
2831 2925 2176
2832 2230 642
2833 2065 651
2834 374 2958
2835 2947 1286
2836 2201 1330
2837 1821 953
2838 1710 588
2839 928 2190
2840 1035 1947
2841 1900 376
2842 22 1282
2843 3003 1524
2844 753 567
2845 1806 2779
2846 1356 381
2847 2640 431
2848 3116 2685
2849 3001 748
2850 241 1519
2851 945 768
2852 1207 731
2853 959 2252
2854 1134 1623
2855 698 528
2856 252 3081
2857 1375 581
2858 3178 1351
2859 1540 1449
2860 2685 2362
2861 1024 2366
2862 2154 2156
2863 2067 322
2864 2385 2905
2865 1200 2115
2866 2157 3115
2867 2683 2925
2868 2280 41
2869 1434 1961
2870 729 2309
2871 1699 1047
2872 2192 227
2873 1741 1478
2874 2170 1175
2875 1169 366
2876 693 2665
2877 655 1690
2878 30 1906
2879 346 1793
2880 110 2728
2881 574 3206
2882 490 1404
2883 2077 2893
2884 781 903
2885 1157 365
2886 871 1285
2887 2028 1601
2888 1685 1571
2889 556 1742
2890 71 2939
2891 854 2494
2892 1818 713
2893 339 2927
2894 521 1383
2895 2286 1146
2896 59 509
2897 747 1712
2898 3137 2685
2899 3134 1800
2900 51 687
2901 835 867
2902 1419 874
2903 2909 2826
2904 2343 2056
2905 174 2629
2906 1310 339
2907 144 1456
2908 2623 1634
2909 642 536
2910 1558 2809
2911 1650 1476
2912 1141 1827
2913 1594 2451
2914 2637 890
2915 1486 475
2916 41 2650
2917 2762 3027
2918 251 1326
2919 1611 3185
2920 379 1181
2921 535 1549
2922 2584 2926
2923 2257 2746
2924 2568 1065
2925 2918 1721
2926 2432 3130
2927 1754 1701
2928 1417 2102
2929 572 513
2930 3183 1928
2931 312 1994
2932 1056 1226
2933 2272 1895
2934 3155 1363
2935 1743 48
2936 116 3127
2937 1162 2909
2938 1409 2128
2939 1369 2470
2940 2804 1199
2941 1023 1550
2942 1786 967
2943 2621 979
2944 3180 771
2945 3151 1325
2946 2572 674
2947 834 39
2948 1885 618
2949 164 851
2950 1092 845
2951 949 2117
2952 1820 2584
2953 1833 853
2954 406 1354
2955 538 316
2956 1630 490
2957 697 2752
2958 291 3171
2959 2191 1380
2960 1993 2490
2961 2750 1256
2962 625 770
2963 2194 2173
2964 336 1286
2965 571 1306
2966 563 102
2967 2011 1619
2968 2230 133
2969 1244 1064
2970 1681 1937
2971 2742 2628
2972 1577 2077
2973 1388 2881
2974 3185 345
2975 2870 2671
2976 2198 1222
2977 131 1130
2978 397 2453
2979 2782 2690
2980 1122 1291
2981 2131 831
2982 1665 1814
2983 3081 111
2984 2324 368
2985 219 1508
2986 944 473
2987 3123 2615
2988 450 2815
2989 2795 1397
2990 2887 1489
2991 2438 445
2992 2072 2566
2993 726 1135
2994 548 1346
2995 2248 2005
2996 1557 2036
2997 3065 1448
2998 2649 169
2999 1567 61
3000 1560 938
3001 504 721
3002 1011 2451
3003 3163 1482
3004 955 1572
3005 326 2883
3006 264 2029
3007 470 2836
3008 1585 92
3009 591 830
3010 2301 1171
3011 29 2112
3012 649 1189
3013 2387 669
3014 3119 2665
3015 3088 425
3016 2294 292
3017 2095 3030
3018 974 2199
3019 2928 1338
3020 939 2569
3021 1815 1658
3022 81 944
3023 336 2168
3024 1064 2887
3025 453 347
3026 3155 1039
3027 696 157
3028 967 1099
3029 1369 1126
3030 2703 2432
3031 1011 1739
3032 2820 900
3033 28 3167
3034 1822 1606
3035 3072 1458
3036 1278 1738
3037 2510 2248
3038 1375 355
3039 1451 1970
3040 2527 2921
3041 1290 1728
3042 629 1737
3043 319 1285
3044 1694 377
3045 1407 940
3046 514 1493
3047 1466 1565
3048 2461 821
3049 1228 1522
3050 816 2363
3051 2166 684
3052 663 368
3053 2329 2123
3054 661 852
3055 1145 392
3056 591 3139
3057 459 2505
3058 21 2651
3059 1305 712
3060 360 1648
3061 941 2686
3062 1438 1009
3063 1408 1715
3064 2765 2131
3065 2443 2398
3066 1661 215
3067 34 2110
3068 2018 1754
3069 1444 3209
3070 2234 288
3071 1883 236
3072 659 870
3073 654 2787
3074 901 2303
3075 2104 981
3076 735 3130
3077 1207 1887
3078 2088 1275
3079 1591 365
3080 17 1293
3081 140 376
3082 457 338
3083 1508 1978
3084 866 1040
3085 2155 376
3086 2784 196
3087 165 261
3088 2606 3
3089 278 717
3090 1651 356
3091 1086 462
3092 3068 637
3093 2359 1056
3094 1105 1853
3095 147 2477
3096 1024 658
3097 2414 370
3098 413 2632
3099 2912 113
3100 306 1131
3101 2470 36
3102 1564 2582
3103 2045 671
3104 375 2688
3105 2531 2099
3106 677 1359
3107 2293 2307
3108 2879 1088
3109 1595 874
3110 2902 105
3111 2754 417
3112 2782 174
3113 355 780
3114 1552 1585
3115 2498 456
3116 1119 1323
3117 651 2089
3118 3064 2169
3119 1322 166
3120 2310 2125
3121 443 2475
3122 954 2709
3123 1263 949
3124 2463 572
3125 1452 3130
3126 1748 2290
3127 834 2967
3128 2645 1802
3129 1899 42
3130 2043 1915
3131 2850 1439
3132 696 2257
3133 967 715
3134 2835 1238
3135 2551 2769
3136 522 741
3137 1471 1839
3138 2268 269
3139 1878 820
3140 57 2405
3141 172 1355
3142 895 2835
3143 573 560
3144 2865 13
3145 519 376
3146 2751 2266
3147 2598 2528
3148 3203 2836
3149 2724 970
3150 995 2543
3151 580 1371
3152 988 435
3153 2360 2762
3154 678 5
3155 1391 840
3156 4 412
3157 2674 3164
3158 536 2523
3159 2864 3127
3160 1506 921
3161 2652 159
3162 15 2419
3163 289 2764
3164 1657 1434
3165 2944 186
3166 225 1555
3167 3014 606
3168 2951 2574
3169 2654 97
3170 1229 61
3171 2854 837
3172 1921 58
3173 2497 2031
3174 1425 2476
3175 761 3048
3176 2871 2485
3177 2820 348
3178 1832 87
3179 143 889
3180 1604 2984
3181 2647 2692
3182 818 1303
3183 2535 2936
3184 928 2912
3185 144 1442
3186 2696 2802
3187 2692 1676
3188 2569 657
3189 3062 966
3190 53 2418
3191 1417 1901
3192 1988 796
3193 880 1137
3194 1506 1747
3195 548 2973
3196 654 383
3197 3111 11
3198 1752 743
3199 169 765
3200 88 552
3201 2506 2927
3202 1206 2101
3203 1128 3128
3204 403 864
3205 1624 1809
3206 3100 1
3207 271 301
3208 1328 508
3209 2028 882
3210 2660 2177
