4020 4020
1 1251 2495
2 2972 2614
3 1081 24
4 2431 327
5 2359 2495
6 1087 1713
7 174 853
8 3615 929
9 2519 2441
10 1381 1938
11 2870 3857
12 747 1482
13 831 1787
14 2424 2166
15 2964 730
16 1335 979
17 2661 1438
18 2900 339
19 2844 1855
20 511 2780
21 3992 3520
22 3129 466
23 180 2923
24 3340 3495
25 2248 3568
26 3198 450
27 3612 104
28 1325 3028
29 1500 679
30 3421 83
31 334 2020
32 107 3476
33 1754 315
34 185 244
35 3251 3655
36 3926 1649
37 58 875
38 1055 2634
39 3240 299
40 1681 3364
41 1255 3703
42 1889 3278
43 1597 1203
44 1006 3075
45 965 2611
46 1254 2047
47 2654 2869
48 2179 143
49 881 3069
50 827 561
51 933 3464
52 2626 3484
53 3597 656
54 1084 787
55 2062 2578
56 947 2412
57 2105 1385
58 1613 291
59 1431 927
60 112 2999
61 487 918
62 4017 1824
63 3672 2084
64 436 422
65 3192 3818
66 3735 3503
67 2448 3453
68 1093 2663
69 1892 3530
70 3932 127
71 81 584
72 3480 1191
73 1098 2395
74 46 3239
75 1384 3631
76 2045 3225
77 3338 2621
78 656 576
79 2255 3822
80 1073 976
81 1177 1726
82 1332 1612
83 586 299
84 3842 656
85 1537 953
86 2244 3009
87 3051 3156
88 818 3321
89 1782 2084
90 3853 931
91 2417 1116
92 985 2851
93 2134 1887
94 555 1246
95 2393 3702
96 1674 2753
97 185 3806
98 2462 62
99 3496 2849
100 562 1018
101 1270 879
102 3866 904
103 1742 3167
104 3045 1843
105 460 3653
106 545 2236
107 1590 2590
108 1619 1242
109 2346 354
110 3200 3326
111 1132 3301
112 1684 2944
113 2948 2622
114 838 3983
115 1542 3984
116 1076 3549
117 20 221
118 2125 718
119 2283 1640
120 2984 3943
121 2274 1089
122 2702 1724
123 2671 2508
124 631 3871
125 988 3490
126 3185 51
127 3445 1503
128 1189 831
129 326 409
130 3787 801
131 2267 3147
132 2204 881
133 3355 942
134 2742 1510
135 2274 2752
136 3967 3798
137 3902 857
138 3145 2577
139 3704 67
140 585 3196
141 2926 492
142 2501 699
143 1148 1931
144 2140 585
145 1271 3840
146 3505 2626
147 1041 3915
148 3607 402
149 342 2004
150 1547 3888
151 2003 1534
152 1930 2909
153 1841 1797
154 1485 2326
155 3224 3222
156 62 3023
157 2745 92
158 1657 249
159 804 1498
160 3106 2622
161 3470 3922
162 3981 2040
163 3586 3152
164 3391 3920
165 1554 2787
166 2747 8
167 661 191
168 1494 2430
169 3011 3164
170 478 1875
171 260 1766
172 3521 1574
173 2884 1573
174 520 1681
175 451 639
176 2697 798
177 780 1336
178 522 1446
179 3451 2461
180 3723 3879
181 3496 892
182 2851 2086
183 738 3843
184 489 371
185 263 3651
186 1025 3303
187 3588 1682
188 4006 379
189 737 3048
190 2710 2935
191 1419 2943
192 1988 1902
193 1129 3021
194 3640 3816
195 3932 755
196 1192 1635
197 2250 1767
198 1138 2806
199 3624 53
200 2022 239
201 523 541
202 345 2436
203 2984 2243
204 3854 621
205 3746 3044
206 127 1304
207 2729 2853
208 2091 2140
209 573 1842
210 676 1238
211 1385 2293
212 3272 3436
213 3952 431
214 640 656
215 1340 617
216 1798 1786
217 1645 791
218 1234 3705
219 1384 29
220 2023 1551
221 53 506
222 3524 2686
223 3893 1986
224 743 2613
225 1200 2767
226 1840 1840
227 90 2800
228 410 323
229 2260 968
230 1317 3341
231 889 2581
232 799 3439
233 694 1536
234 2808 658
235 1607 379
236 2748 2079
237 3320 30
238 2676 3922
239 2111 1462
240 2775 57
241 657 1923
242 391 670
243 3230 1151
244 3190 3698
245 2096 3860
246 666 2443
247 1729 294
248 1256 2676
249 1746 3133
250 1720 3491
251 751 1314
252 3470 3200
253 3279 3215
254 2191 1204
255 3114 3728
256 3192 1945
257 2626 1699
258 3198 168
259 598 3159
260 2741 3542
261 3946 3785
262 542 3391
263 394 283
264 1418 3688
265 2849 3549
266 3609 64
267 3834 2181
268 1063 2154
269 3128 18
270 2390 549
271 1067 500
272 72 539
273 3541 3682
274 2611 3950
275 1598 1708
276 90 1552
277 1048 2663
278 945 730
279 1346 2965
280 2000 2283
281 2846 2993
282 3004 2926
283 2113 3049
284 102 1681
285 2837 2734
286 1736 499
287 490 295
288 181 429
289 1242 3661
290 3985 1944
291 2242 637
292 929 294
293 106 1243
294 1000 1022
295 3319 835
296 3146 3789
297 2595 265
298 3419 1071
299 2807 1293
300 572 1373
301 372 2759
302 1837 776
303 1767 289
304 1671 3053
305 1191 3075
306 348 2923
307 858 2310
308 3555 1014
309 1190 80
310 3210 1165
311 1521 379
312 2232 2346
313 1922 1640
314 1280 1360
315 2178 3658
316 2491 2302
317 707 1771
318 3054 1666
319 3578 3613
320 1748 3901
321 15 3173
322 3581 3185
323 285 1164
324 3495 591
325 535 1363
326 1163 1425
327 910 766
328 3731 1615
329 3276 1143
330 1391 3182
331 2820 1527
332 918 1176
333 595 3076
334 2066 1831
335 3879 844
336 2286 2136
337 1961 2206
338 1175 1795
339 1660 1003
340 2157 188
341 408 3676
342 2064 1660
343 2305 2491
344 2286 2106
345 1252 1253
346 3894 3079
347 1978 1869
348 3002 1420
349 3191 534
350 1129 3302
351 2333 1790
352 564 3030
353 14 667
354 2278 210
355 1375 2939
356 378 3667
357 3266 3214
358 2004 3273
359 3605 926
360 3050 1184
361 500 2671
362 2823 2185
363 3840 3352
364 461 2092
365 1605 110
366 2232 1855
367 313 3702
368 351 58
369 622 2268
370 1515 3864
371 942 762
372 1460 3091
373 301 610
374 3259 3844
375 1007 3853
376 365 498
377 1834 2492
378 3022 3414
379 1026 127
380 2342 321
381 3015 1731
382 1486 2481
383 291 3944
384 2038 846
385 3597 1508
386 673 3899
387 169 439
388 98 2848
389 797 2147
390 3209 305
391 2043 1257
392 65 370
393 2239 2857
394 2849 1604
395 3336 2539
396 3473 932
397 1514 1351
398 3383 2702
399 3407 3641
400 3857 613
401 899 736
402 900 670
403 2767 3044
404 2097 2590
405 2165 1858
406 791 2215
407 480 1753
408 3626 781
409 1927 2910
410 3810 2021
411 961 3983
412 2131 3403
413 1246 943
414 2519 1213
415 2881 2205
416 2860 687
417 2579 3931
418 2469 3140
419 2098 509
420 27 3821
421 3831 643
422 1124 1428
423 2640 2003
424 2694 2584
425 82 2818
426 1533 1855
427 1882 772
428 3079 2852
429 935 1921
430 655 2514
431 2660 1591
432 3196 2660
433 2190 2822
434 3795 1351
435 52 2784
436 983 3309
437 169 3229
438 1021 1816
439 3881 607
440 2839 678
441 1920 3773
442 1240 3489
443 1903 3821
444 3685 3914
445 1081 1485
446 1714 1809
447 969 456
448 400 957
449 532 25
450 3634 1382
451 230 434
452 1254 2106
453 844 3308
454 2869 993
455 56 3710
456 37 2286
457 784 3973
458 3261 2443
459 3164 647
460 1354 36
461 1391 1879
462 3137 1931
463 544 2195
464 1125 128
465 789 1983
466 2298 253
467 1488 1437
468 3986 2745
469 3647 3637
470 1964 1164
471 1393 3920
472 2358 34
473 679 2027
474 3263 3453
475 257 2390
476 3389 2228
477 2978 2350
478 2095 1650
479 1809 3493
480 3410 362
481 725 84
482 440 2376
483 2193 3037
484 3953 3392
485 2540 564
486 2590 1081
487 1316 1996
488 1224 2281
489 1170 3418
490 59 3175
491 325 3849
492 1658 2269
493 1298 3778
494 1336 307
495 444 1146
496 1919 3935
497 3527 3429
498 267 1279
499 3403 2590
500 4003 892
501 1533 2912
502 1940 1888
503 3605 635
504 3798 591
505 2614 156
506 2664 657
507 770 2133
508 2557 3655
509 271 3440
510 1144 3046
511 3092 3141
512 1824 1328
513 3316 826
514 916 1530
515 448 2799
516 2390 3806
517 1416 430
518 1565 3474
519 471 2036
520 4005 2264
521 3366 2573
522 334 3555
523 2286 1521
524 2655 1126
525 2181 3048
526 1536 2912
527 203 3694
528 294 1187
529 1460 10
530 1862 1205
531 1821 3676
532 1056 3288
533 359 3382
534 2377 1293
535 699 2904
536 2864 2196
537 2573 1926
538 3373 601
539 3866 1170
540 2203 530
541 3283 3141
542 671 2771
543 11 3587
544 3180 3778
545 3535 3898
546 725 3204
547 426 1934
548 1369 996
549 135 1366
550 2589 1607
551 3329 55
552 215 3823
553 178 2555
554 3542 4000
555 973 3387
556 274 1763
557 630 3460
558 1069 2649
559 2597 905
560 2114 2803
561 3853 1565
562 3505 3936
563 2326 3653
564 1319 1888
565 1115 1461
566 988 1614
567 3873 3084
568 2386 3785
569 334 1783
570 980 1422
571 2233 1945
572 3035 1573
573 718 1356
574 2787 3744
575 2316 1891
576 2041 1488
577 934 2604
578 463 2807
579 2627 2964
580 1368 3150
581 3253 2745
582 3526 1280
583 1747 11
584 270 2026
585 2381 1371
586 2011 4012
587 680 4003
588 610 1600
589 2799 3854
590 2808 2590
591 2058 2051
592 3919 3928
593 545 1551
594 102 3815
595 943 3976
596 1404 2837
597 1079 87
598 1024 156
599 3310 1873
600 1482 2774
601 3 82
602 24 3991
603 315 1970
604 3259 336
605 2901 1705
606 2476 2738
607 1789 2241
608 2531 2423
609 3407 2005
610 3834 70
611 2619 3476
612 3781 3289
613 766 830
614 2545 557
615 2140 2150
616 3438 286
617 1563 3549
618 3238 3401
619 3198 1642
620 3611 1166
621 2475 3374
622 64 3679
623 1362 3430
624 122 2812
625 192 1158
626 1352 1942
627 2039 2993
628 2853 1501
629 2458 2499
630 197 3781
631 1559 2473
632 3591 3336
633 143 3327
634 113 228
635 2861 278
636 2977 912
637 3771 2877
638 634 2671
639 141 481
640 2018 3769
641 2468 3444
642 3395 3677
643 2118 1970
644 1655 2167
645 2467 2425
646 921 1827
647 2580 2999
648 644 494
649 1677 2469
650 158 1670
651 152 2311
652 2705 1292
653 1183 2077
654 3749 341
655 3590 432
656 2126 2033
657 1890 1276
658 2159 1309
659 2854 3984
660 1672 3418
661 2528 3593
662 544 1147
663 1470 2780
664 3201 82
665 838 3835
666 1768 1241
667 2254 3636
668 3200 264
669 3180 450
670 3698 317
671 4017 800
672 1215 1432
673 776 529
674 2241 693
675 713 1879
676 403 846
677 1763 1970
678 2058 1329
679 1443 2803
680 3823 2650
681 1742 3876
682 875 3256
683 156 870
684 3685 2506
685 142 3126
686 3155 2167
687 2261 2631
688 324 1059
689 1628 3097
690 2360 2408
691 3128 670
692 12 1759
693 3498 3197
694 3187 2529
695 1573 1364
696 3753 2792
697 1868 3480
698 1184 2971
699 2634 1212
700 1224 3700
701 304 2370
702 2327 2615
703 3675 257
704 2725 2464
705 3119 2644
706 1576 2604
707 119 3898
708 503 3494
709 3818 54
710 2604 2059
711 2037 1500
712 2683 606
713 2298 1149
714 521 3642
715 72 3327
716 2782 1620
717 876 733
718 1155 2973
719 3867 1398
720 2098 1856
721 1913 683
722 3309 800
723 3514 3154
724 2525 845
725 1427 836
726 3340 2427
727 91 3555
728 342 3275
729 2710 3228
730 1685 1661
731 1622 383
732 2690 3557
733 232 2393
734 1741 2318
735 2349 2433
736 808 943
737 98 2182
738 476 2320
739 3337 3419
740 3349 3737
741 2648 3784
742 1943 2082
743 2131 552
744 1121 1186
745 2365 2836
746 377 2636
747 3887 523
748 1160 379
749 1193 3906
750 3119 292
751 341 1070
752 2470 482
753 3969 3268
754 216 388
755 1555 2352
756 2107 1279
757 3151 3161
758 2734 1254
759 3593 1708
760 3840 465
761 2535 935
762 75 1291
763 3357 2376
764 3676 514
765 315 1637
766 641 1736
767 2967 3778
768 3304 3923
769 3931 1701
770 146 2680
771 629 2354
772 1988 1725
773 3418 3884
774 744 1960
775 404 3310
776 2728 67
777 659 2925
778 3006 350
779 1030 1877
780 287 2418
781 2617 2230
782 3274 4019
783 978 2273
784 783 2923
785 1656 3699
786 653 752
787 707 329
788 4019 3968
789 1926 1656
790 3406 2157
791 2869 3955
792 1303 428
793 819 975
794 3699 909
795 223 2507
796 2392 3595
797 2837 1900
798 226 2271
799 2915 1050
800 1062 2071
801 1808 1635
802 3073 5
803 3037 3528
804 1224 2537
805 143 30
806 2410 975
807 468 1978
808 928 3464
809 2045 3141
810 1648 4
811 3527 2249
812 1328 833
813 2349 84
814 3577 234
815 514 1914
816 97 2
817 3631 3776
818 1650 2385
819 1927 2863
820 1156 2087
821 2764 170
822 3066 2136
823 469 2652
824 192 2707
825 1970 1814
826 1319 476
827 380 2612
828 2350 2028
829 3934 3085
830 3823 2822
831 1103 2152
832 1313 2439
833 1928 3328
834 3029 2369
835 216 203
836 2754 3517
837 2615 3655
838 178 3710
839 3808 1125
840 529 1818
841 1826 3686
842 84 1711
843 200 3627
844 514 476
845 2520 936
846 2273 2853
847 2029 2813
848 3169 2332
849 949 3779
850 2741 3650
851 1845 568
852 2798 561
853 138 1637
854 340 3731
855 3264 1912
856 3034 1307
857 837 3807
858 889 254
859 1448 811
860 1756 3621
861 2479 772
862 575 162
863 153 3840
864 3553 324
865 2932 386
866 2502 250
867 402 3853
868 2733 490
869 3634 1765
870 254 798
871 758 1602
872 3603 2559
873 3043 2267
874 2396 1866
875 3076 264
876 3637 2484
877 330 3930
878 1323 1368
879 260 2486
880 998 1343
881 1658 2097
882 349 1627
883 1419 3851
884 1842 3408
885 3079 1259
886 979 3943
887 1134 2130
888 601 3811
889 1219 182
890 2017 205
891 2940 157
892 1928 2231
893 3254 2298
894 631 13
895 3604 1959
896 1130 1560
897 959 2803
898 2697 2939
899 76 310
900 2857 2859
901 933 1775
902 1112 1449
903 3276 2741
904 1075 757
905 1606 301
906 306 2777
907 1584 3403
908 2909 3667
909 1932 3887
910 2990 1656
911 481 950
912 968 3629
913 834 225
914 2046 3936
915 84 3325
916 3546 83
917 1431 2579
918 3608 682
919 952 4006
920 1265 811
921 2592 1159
922 593 3397
923 1867 2181
924 2661 1645
925 506 2633
926 2389 973
927 193 695
928 3405 1445
929 3297 2362
930 3297 1521
931 3453 3240
932 498 3036
933 3999 2750
934 311 3729
935 482 1982
936 860 2019
937 557 2926
938 2525 2057
939 3730 2668
940 711 536
941 504 3970
942 1195 1248
943 2666 2544
944 2119 13
945 2506 2159
946 845 2421
947 3425 1356
948 808 3250
949 207 190
950 1309 206
951 1245 3309
952 2623 2695
953 717 3379
954 1463 1748
955 2977 1895
956 1859 3759
957 3036 1075
958 3332 117
959 2106 1130
960 3725 2403
961 1458 1623
962 270 50
963 3601 3713
964 3569 2385
965 3132 651
966 343 1985
967 3722 2678
968 1314 2629
969 435 108
970 166 2012
971 1748 47
972 1314 1960
973 984 215
974 1612 2608
975 639 3872
976 3795 1108
977 1141 2571
978 3708 75
979 33 3422
980 2299 1757
981 1918 2871
982 748 3839
983 845 129
984 378 663
985 2500 373
986 518 3564
987 2675 832
988 535 910
989 1069 1244
990 2464 62
991 3318 2824
992 1586 336
993 3338 1019
994 1948 2888
995 716 3944
996 2008 1358
997 3192 2587
998 2789 1106
999 3334 1052
1000 1706 156
1001 3672 397
1002 1940 3668
1003 841 1853
1004 1254 428
1005 1787 3826
1006 3399 3269
1007 1194 18
1008 409 1756
1009 1983 2046
1010 3041 1409
1011 1708 439
1012 2132 837
1013 2928 586
1014 3656 1755
1015 2300 3512
1016 1990 1692
1017 899 1449
1018 1386 764
1019 1080 2042
1020 3 1816
1021 4018 1826
1022 682 1902
1023 1521 2227
1024 201 474
1025 450 3109
1026 280 206
1027 3947 2434
1028 926 712
1029 1912 3301
1030 1491 3479
1031 1409 2280
1032 998 1727
1033 2769 1801
1034 175 1900
1035 1282 3249
1036 2607 1401
1037 3830 2192
1038 3583 1066
1039 2785 863
1040 2756 1119
1041 3520 2079
1042 3004 2592
1043 1062 2509
1044 330 181
1045 1729 1507
1046 618 3928
1047 3227 1490
1048 1947 393
1049 1605 140
1050 568 437
1051 3244 3039
1052 669 2835
1053 1498 3031
1054 1008 3627
1055 1163 117
1056 2476 3348
1057 81 3697
1058 2989 1601
1059 1429 789
1060 1104 1506
1061 739 2470
1062 3875 2540
1063 1559 2586
1064 2480 2714
1065 1373 806
1066 2367 1145
1067 3645 1899
1068 2518 1386
1069 1508 1888
1070 105 1571
1071 147 2098
1072 3053 1472
1073 1133 3862
1074 3431 2898
1075 3679 3962
1076 2456 1609
1077 3334 226
1078 796 3945
1079 3977 2497
1080 3690 3742
1081 2203 1125
1082 2299 2541
1083 1855 2855
1084 437 1843
1085 2314 3546
1086 928 3528
1087 2741 377
1088 173 2126
1089 2391 715
1090 2631 1871
1091 1702 2139
1092 3631 477
1093 1425 72
1094 2569 677
1095 1856 1303
1096 1096 1597
1097 2220 3462
1098 844 906
1099 164 399
1100 630 1824
1101 3777 2970
1102 463 2620
1103 3792 3131
1104 3446 1976
1105 3173 851
1106 444 1909
1107 956 3449
1108 1713 1401
1109 1605 288
1110 3424 3130
1111 950 2607
1112 2314 1723
1113 343 2564
1114 1863 3930
1115 1357 3628
1116 3121 3234
1117 708 2971
1118 3465 2397
1119 2662 3175
1120 3631 753
1121 2001 440
1122 2910 750
1123 1550 659
1124 1252 2703
1125 2006 2001
1126 367 3386
1127 677 3910
1128 132 1181
1129 918 2844
1130 3711 991
1131 670 1042
1132 3951 2025
1133 3817 3974
1134 775 2353
1135 3829 2086
1136 3585 885
1137 392 2887
1138 3134 116
1139 2496 3338
1140 2446 770
1141 2164 1520
1142 2193 308
1143 2538 2215
1144 43 2529
1145 1043 1097
1146 3496 2739
1147 1871 3176
1148 3215 3062
1149 2682 4015
1150 1476 3155
1151 2030 1552
1152 3395 1651
1153 3090 2390
1154 3815 2901
1155 1473 1673
1156 3702 294
1157 3019 804
1158 3175 3800
1159 113 1699
1160 1966 553
1161 2028 3785
1162 2687 904
1163 200 1795
1164 65 19
1165 348 1545
1166 500 2627
1167 3945 1784
1168 1597 1989
1169 1142 2209
1170 1777 511
1171 3715 1065
1172 2485 15
1173 2287 2838
1174 2552 214
1175 2946 2021
1176 621 3575
1177 3171 2316
1178 3699 448
1179 1016 226
1180 514 3526
1181 655 2865
1182 1396 3181
1183 57 3107
1184 175 3530
1185 886 1391
1186 2225 2821
1187 1668 1182
1188 3726 2957
1189 2499 2981
1190 512 1198
1191 3776 3562
1192 2453 1301
1193 3960 3987
1194 2464 1669
1195 3956 930
1196 2197 353
1197 2023 1650
1198 1598 365
1199 1072 2544
1200 1758 131
1201 804 617
1202 2054 3587
1203 2157 3627
1204 2765 348
1205 3572 3462
1206 2820 1672
1207 3505 1206
1208 3469 385
1209 1877 3470
1210 2686 3234
1211 1716 1242
1212 962 70
1213 1235 2837
1214 1317 3571
1215 3692 272
1216 3401 1382
1217 3589 1591
1218 932 1760
1219 3242 3901
1220 2410 2192
1221 2198 473
1222 3518 164
1223 1699 2008
1224 3969 317
1225 3236 1460
1226 2194 1575
1227 152 1043
1228 3774 3860
1229 2325 325
1230 1098 2659
1231 2918 2186
1232 2197 688
1233 2493 3628
1234 2887 1490
1235 1887 1027
1236 3918 2677
1237 3905 2309
1238 1620 1986
1239 243 1684
1240 3074 240
1241 1875 1502
1242 3784 516
1243 2200 325
1244 1552 2326
1245 1471 2315
1246 3655 3529
1247 2890 1255
1248 1117 1953
1249 2407 1224
1250 836 2864
1251 2372 594
1252 540 276
1253 3564 387
1254 1106 2782
1255 904 691
1256 1762 2602
1257 2288 123
1258 2550 1037
1259 2639 1015
1260 1940 3026
1261 3690 734
1262 2175 2414
1263 200 3226
1264 2561 3738
1265 1589 3784
1266 702 930
1267 3252 261
1268 3468 3587
1269 865 3834
1270 79 2785
1271 3140 2029
1272 2876 858
1273 1728 2308
1274 3794 3098
1275 1979 525
1276 2990 2935
1277 2734 1203
1278 1874 3544
1279 579 2509
1280 3965 237
1281 305 1028
1282 1926 2149
1283 164 2429
1284 3831 1376
1285 310 2095
1286 395 3401
1287 2877 770
1288 3445 3830
1289 1654 2005
1290 3899 775
1291 2434 2225
1292 1575 3313
1293 2407 1718
1294 2465 1484
1295 2820 2877
1296 1586 3815
1297 3032 3799
1298 267 2095
1299 3492 2786
1300 2048 3985
1301 3788 2325
1302 1446 1979
1303 2381 136
1304 1383 2089
1305 1520 2833
1306 2021 2596
1307 2085 2768
1308 2270 2880
1309 3288 2514
1310 2411 2211
1311 2795 788
1312 2795 2981
1313 1766 2650
1314 473 2757
1315 228 2975
1316 399 1924
1317 1315 645
1318 2965 2888
1319 3190 1878
1320 3657 2179
1321 964 788
1322 1677 2794
1323 111 2945
1324 432 620
1325 1518 3636
1326 516 2031
1327 1496 1458
1328 2940 3802
1329 379 3648
1330 200 1455
1331 2956 3536
1332 1201 455
1333 1607 1631
1334 2827 1806
1335 1120 3226
1336 2036 2261
1337 423 931
1338 3310 3599
1339 2638 2066
1340 708 2233
1341 3897 2131
1342 3357 1234
1343 407 3998
1344 1425 549
1345 2322 3414
1346 3897 1314
1347 3671 122
1348 4001 3284
1349 899 3450
1350 2660 219
1351 521 3956
1352 1970 1365
1353 2953 1306
1354 273 380
1355 1788 2359
1356 2174 1016
1357 1333 700
1358 1397 1891
1359 2720 3613
1360 731 1644
1361 3197 1416
1362 1859 2004
1363 2294 557
1364 1559 1946
1365 852 666
1366 2237 3590
1367 1604 546
1368 3342 4
1369 2542 1588
1370 2944 1742
1371 650 557
1372 3334 2587
1373 2826 3066
1374 3108 2621
1375 58 247
1376 2766 298
1377 614 341
1378 430 962
1379 3257 1324
1380 3968 2496
1381 511 1537
1382 1668 283
1383 72 425
1384 457 3582
1385 3837 1262
1386 3161 775
1387 2804 2152
1388 533 3811
1389 267 1310
1390 3655 3222
1391 1226 407
1392 2648 1439
1393 1630 1706
1394 451 213
1395 1248 236
1396 647 1020
1397 3125 3280
1398 2624 1525
1399 2966 3336
1400 1309 2296
1401 3636 1444
1402 1748 397
1403 262 1295
1404 3426 601
1405 838 596
1406 2561 3449
1407 656 2673
1408 771 631
1409 820 3422
1410 2121 2348
1411 3507 3865
1412 172 3729
1413 1293 2926
1414 2482 838
1415 1738 3284
1416 2709 3900
1417 2941 1469
1418 3279 70
1419 3432 899
1420 997 3015
1421 3257 3699
1422 1514 2646
1423 96 1718
1424 3406 1741
1425 3422 2601
1426 744 3094
1427 1077 618
1428 3115 3215
1429 1074 349
1430 1396 957
1431 2824 236
1432 3093 336
1433 1965 3285
1434 3044 436
1435 2505 1791
1436 1387 1279
1437 217 1752
1438 1326 2313
1439 3610 2190
1440 174 864
1441 2798 421
1442 1829 573
1443 596 2527
1444 3261 3414
1445 1283 2665
1446 2661 558
1447 3895 110
1448 3366 494
1449 3912 3041
1450 82 2094
1451 1442 284
1452 103 3175
1453 678 3598
1454 954 2930
1455 889 2632
1456 2046 197
1457 1150 1276
1458 2574 3708
1459 2738 49
1460 2469 486
1461 1533 3151
1462 286 101
1463 312 290
1464 2271 3904
1465 1937 2537
1466 3638 4016
1467 67 469
1468 3161 673
1469 2335 2418
1470 301 917
1471 1002 485
1472 2362 3421
1473 1472 2546
1474 2346 3715
1475 3064 3852
1476 440 3523
1477 1624 127
1478 678 614
1479 596 97
1480 2608 1709
1481 2054 3988
1482 2587 1722
1483 3932 99
1484 3338 495
1485 878 455
1486 3632 1302
1487 2665 3772
1488 1930 1204
1489 733 2636
1490 1454 418
1491 1646 1203
1492 2753 2390
1493 564 3172
1494 1937 282
1495 2304 2983
1496 3801 1396
1497 3637 2595
1498 3441 3968
1499 805 3490
1500 505 375
1501 829 1586
1502 1901 53
1503 2282 1138
1504 7 2990
1505 716 2190
1506 1160 3465
1507 3675 2015
1508 2964 489
1509 353 1810
1510 2131 3091
1511 2883 2883
1512 2507 483
1513 1623 1405
1514 1600 3998
1515 633 813
1516 3218 132
1517 2273 1454
1518 663 531
1519 161 2047
1520 2708 2408
1521 3395 443
1522 2455 1756
1523 3385 2428
1524 2705 1489
1525 982 239
1526 649 322
1527 2700 1278
1528 1262 1985
1529 1608 2903
1530 1453 252
1531 1426 1844
1532 3990 458
1533 482 2572
1534 199 3250
1535 2337 602
1536 2537 2604
1537 84 87
1538 1064 3271
1539 3538 2340
1540 2057 3107
1541 2632 265
1542 866 1119
1543 790 1583
1544 2636 1142
1545 1336 733
1546 1511 386
1547 3878 1609
1548 1211 3525
1549 2367 2024
1550 527 1255
1551 3888 883
1552 1899 3580
1553 3604 3624
1554 481 3890
1555 3979 1766
1556 1743 2713
1557 3475 700
1558 1870 939
1559 3742 3307
1560 2415 1498
1561 3974 1622
1562 3431 564
1563 2962 1085
1564 1960 2513
1565 166 349
1566 1022 2651
1567 3792 3064
1568 2625 1578
1569 3451 3123
1570 2349 61
1571 2240 828
1572 3131 3789
1573 2479 1989
1574 3698 1412
1575 1340 3266
1576 1046 1253
1577 1427 3086
1578 2992 2146
1579 2181 1367
1580 2502 2554
1581 2989 1916
1582 2988 2224
1583 3954 1210
1584 3779 2364
1585 1369 1919
1586 605 2076
1587 364 1587
1588 1410 2037
1589 2212 363
1590 3921 348
1591 1156 819
1592 2053 2283
1593 2476 626
1594 334 237
1595 2121 245
1596 3771 3200
1597 645 3468
1598 3070 1176
1599 1533 956
1600 2266 1728
1601 1721 2778
1602 2199 696
1603 1497 2802
1604 451 3291
1605 429 2335
1606 451 1730
1607 3214 1654
1608 2545 512
1609 614 1238
1610 1173 1351
1611 3856 1467
1612 3930 2679
1613 1034 3382
1614 1055 666
1615 3439 3043
1616 3065 2552
1617 412 236
1618 2358 3935
1619 1233 3954
1620 3554 1586
1621 2508 2165
1622 797 481
1623 1205 2552
1624 3313 3581
1625 4020 273
1626 722 2945
1627 2739 1462
1628 1787 2896
1629 3596 1665
1630 3523 225
1631 990 3094
1632 956 2371
1633 2791 1914
1634 3102 1495
1635 289 2438
1636 1623 3282
1637 3167 980
1638 1354 3547
1639 767 3817
1640 558 1724
1641 3761 1540
1642 1356 2436
1643 1438 790
1644 2031 3821
1645 1742 2154
1646 706 2759
1647 491 2683
1648 2816 3005
1649 136 3788
1650 2164 1918
1651 2305 3195
1652 463 747
1653 2551 2521
1654 2878 2967
1655 1810 864
1656 986 306
1657 348 2439
1658 183 1826
1659 1525 2554
1660 1953 2887
1661 2349 2885
1662 1081 1503
1663 2286 1302
1664 1299 2518
1665 2799 661
1666 2243 1886
1667 940 2256
1668 305 3908
1669 383 707
1670 249 605
1671 111 3478
1672 3303 2760
1673 934 784
1674 2084 277
1675 3848 1323
1676 2901 4007
1677 3833 2309
1678 795 2321
1679 1603 752
1680 1768 1670
1681 3654 2618
1682 3575 3645
1683 820 2590
1684 1418 1643
1685 2421 3151
1686 3552 1697
1687 1801 3886
1688 2837 2544
1689 3603 46
1690 2650 3360
1691 3530 1640
1692 652 3551
1693 3210 2707
1694 2181 3605
1695 2810 3181
1696 2792 877
1697 387 1274
1698 2717 1601
1699 2431 453
1700 1909 1603
1701 351 1801
1702 2738 2419
1703 230 3077
1704 794 3620
1705 411 87
1706 617 3331
1707 3620 1338
1708 3077 3765
1709 488 1774
1710 2674 903
1711 2118 1592
1712 3589 2035
1713 2936 1330
1714 2407 961
1715 1146 3292
1716 3334 253
1717 914 472
1718 1748 2927
1719 3728 3975
1720 3656 1190
1721 898 2404
1722 905 3485
1723 834 2380
1724 3220 1548
1725 2923 427
1726 3698 2999
1727 1468 2378
1728 606 3892
1729 3147 469
1730 1708 677
1731 2457 156
1732 2893 2359
1733 1410 2416
1734 3273 3945
1735 3824 967
1736 1251 2784
1737 2123 868
1738 735 3060
1739 1028 3431
1740 3418 3319
1741 662 1213
1742 1173 361
1743 3901 1199
1744 2995 2656
1745 1096 1420
1746 17 1485
1747 3936 3952
1748 3431 2110
1749 3347 2046
1750 2913 3353
1751 2402 1830
1752 1953 113
1753 3767 3044
1754 2902 3075
1755 1902 1679
1756 2630 2488
1757 3162 3077
1758 616 2909
1759 886 2473
1760 1669 2839
1761 2893 3915
1762 2312 3473
1763 1215 2973
1764 23 1998
1765 1597 2838
1766 20 1423
1767 1230 3607
1768 2724 2449
1769 1678 831
1770 2503 3902
1771 667 1855
1772 1068 3198
1773 2771 3182
1774 1058 2248
1775 1686 3911
1776 3047 2394
1777 2773 61
1778 3064 1081
1779 1497 2918
1780 3254 3192
1781 3279 1859
1782 739 1799
1783 372 1259
1784 1775 443
1785 3952 3234
1786 209 873
1787 29 2587
1788 197 2425
1789 1889 2522
1790 2480 3824
1791 3992 3939
1792 546 143
1793 3807 287
1794 1106 769
1795 3223 2776
1796 3642 1886
1797 1446 1222
1798 3513 1870
1799 3187 701
1800 1375 2309
1801 1813 788
1802 1660 732
1803 2810 2617
1804 1515 1429
1805 3712 3110
1806 1788 986
1807 1967 2314
1808 3088 3824
1809 2432 2768
1810 844 3349
1811 2521 2862
1812 2825 386
1813 2006 43
1814 2498 198
1815 3900 2354
1816 1023 2638
1817 928 526
1818 1384 556
1819 3679 3226
1820 345 2950
1821 779 1164
1822 252 319
1823 740 2923
1824 751 2551
1825 508 3901
1826 2401 1553
1827 639 2998
1828 1867 2474
1829 3623 2480
1830 2663 2741
1831 31 3945
1832 2687 3954
1833 2155 2464
1834 2290 2007
1835 1207 577
1836 1296 1952
1837 1292 140
1838 696 2149
1839 3499 138
1840 1551 2394
1841 83 3301
1842 18 742
1843 3945 1525
1844 3690 3552
1845 1129 444
1846 1275 3589
1847 64 2707
1848 3743 398
1849 2516 209
1850 2017 3298
1851 304 2020
1852 978 115
1853 597 2321
1854 2870 2746
1855 1492 3917
1856 2086 1643
1857 1196 3433
1858 1557 18
1859 3218 921
1860 3824 498
1861 623 749
1862 570 2404
1863 2503 1828
1864 3428 3668
1865 3244 3258
1866 1349 3210
1867 2956 1743
1868 1878 2187
1869 1054 2368
1870 3456 3573
1871 714 2638
1872 2406 680
1873 3468 1941
1874 1941 270
1875 1791 970
1876 3068 322
1877 2551 1372
1878 3733 1845
1879 2559 1195
1880 405 1609
1881 3563 2638
1882 2627 3521
1883 3604 1107
1884 3108 2944
1885 3625 2789
1886 689 3249
1887 1439 3677
1888 2222 3560
1889 1100 3944
1890 2886 1739
1891 1900 3391
1892 2867 1039
1893 2543 3136
1894 2835 1119
1895 1545 2025
1896 1043 3645
1897 3492 3678
1898 1706 737
1899 1808 368
1900 405 2663
1901 809 291
1902 1186 2788
1903 409 875
1904 67 955
1905 3949 1094
1906 2429 2427
1907 1037 761
1908 1896 3969
1909 3852 2654
1910 2956 1220
1911 2481 2841
1912 2488 3993
1913 437 2865
1914 2822 1184
1915 1640 2325
1916 2816 666
1917 3197 38
1918 450 1337
1919 3509 1460
1920 960 3293
1921 3790 3364
1922 2965 1516
1923 2422 260
1924 83 1440
1925 3093 2189
1926 3301 2491
1927 2663 1672
1928 338 1759
1929 3440 1732
1930 3728 1524
1931 1448 3067
1932 1150 3603
1933 2078 787
1934 3581 1652
1935 1034 103
1936 1309 2382
1937 1230 1042
1938 1014 2773
1939 2335 2355
1940 1413 3340
1941 1700 3814
1942 2196 3040
1943 2683 3717
1944 1069 2769
1945 46 639
1946 3123 1179
1947 2875 989
1948 2329 1696
1949 988 2318
1950 3352 1821
1951 1070 2060
1952 1206 3570
1953 1084 2735
1954 1476 3101
1955 959 2998
1956 3688 937
1957 3723 3800
1958 136 3367
1959 1429 1013
1960 2779 2637
1961 2106 2557
1962 47 1967
1963 2450 3484
1964 2471 2731
1965 1455 806
1966 3953 2324
1967 739 641
1968 2368 409
1969 2141 172
1970 2160 582
1971 1403 78
1972 2554 3059
1973 2932 3464
1974 3186 2108
1975 1692 200
1976 2998 285
1977 2778 1855
1978 3137 2251
1979 605 3563
1980 1747 2694
1981 2390 884
1982 55 2993
1983 1679 1931
1984 1546 3403
1985 573 3401
1986 1822 2511
1987 2031 243
1988 3927 2110
1989 1556 518
1990 3872 1507
1991 3953 4009
1992 3917 3544
1993 3445 3552
1994 1876 1571
1995 2284 195
1996 4014 271
1997 1679 1991
1998 1155 2640
1999 2604 2505
2000 765 416
2001 3584 2785
2002 1380 672
2003 3523 16
2004 1934 14
2005 194 1737
2006 3333 3160
2007 1144 420
2008 2765 409
2009 2874 3457
2010 2776 643
2011 2687 2932
2012 3299 625
2013 1040 3376
2014 407 2841
2015 3331 1849
2016 2083 892
2017 898 2380
2018 880 85
2019 2422 54
2020 1583 784
2021 2669 2862
2022 617 3016
2023 573 3471
2024 3629 458
2025 1846 1813
2026 1845 751
2027 917 121
2028 3530 772
2029 558 683
2030 1166 3544
2031 755 1995
2032 775 2480
2033 3742 2639
2034 3137 2318
2035 1002 1124
2036 1094 3458
2037 3736 1264
2038 957 393
2039 783 1363
2040 397 1470
2041 1329 3909
2042 3472 335
2043 1808 2146
2044 2456 796
2045 2329 443
2046 2500 2462
2047 914 1068
2048 1402 286
2049 2826 1018
2050 3268 2683
2051 2633 3127
2052 1156 1733
2053 165 2164
2054 3708 1024
2055 2028 2751
2056 270 2705
2057 2478 3388
2058 324 2423
2059 2642 1229
2060 2488 2260
2061 2420 348
2062 1622 69
2063 2294 3148
2064 1134 1136
2065 2928 1232
2066 139 1080
2067 3140 1447
2068 1276 1630
2069 2794 1569
2070 2723 3778
2071 2246 3121
2072 2443 1491
2073 1031 2959
2074 3314 375
2075 2412 3955
2076 1446 3583
2077 3913 3743
2078 103 3863
2079 464 366
2080 2410 3096
2081 1585 1570
2082 3432 2605
2083 3467 835
2084 18 2607
2085 727 2120
2086 3272 2853
2087 3282 2701
2088 540 2852
2089 342 138
2090 788 2984
2091 601 1183
2092 834 30
2093 1054 3544
2094 1071 1198
2095 1348 2871
2096 882 3284
2097 540 3167
2098 3067 1471
2099 1029 3352
2100 3415 3782
2101 2378 1873
2102 2321 2883
2103 648 852
2104 281 624
2105 1152 3092
2106 3733 1332
2107 1815 2763
2108 1585 1626
2109 3752 514
2110 3975 1316
2111 1498 822
2112 278 294
2113 139 144
2114 2579 3908
2115 188 3129
2116 3278 2946
2117 266 2103
2118 2410 1026
2119 2407 458
2120 4011 2791
2121 2193 2738
2122 2998 2544
2123 3108 3187
2124 646 147
2125 3219 1678
2126 1170 1355
2127 389 1180
2128 2775 2852
2129 304 3117
2130 1216 2461
2131 558 863
2132 103 2174
2133 982 1698
2134 1789 3660
2135 2253 494
2136 461 914
2137 2385 1251
2138 621 2861
2139 3245 3512
2140 2669 3949
2141 2915 1808
2142 3256 241
2143 1403 1388
2144 2545 3257
2145 2972 3017
2146 390 1695
2147 3464 773
2148 3679 396
2149 2051 1179
2150 1484 1648
2151 2408 3088
2152 1911 699
2153 836 3656
2154 193 3717
2155 2698 886
2156 3087 3141
2157 879 1935
2158 466 1485
2159 2194 2415
2160 2442 3937
2161 2227 1057
2162 2462 525
2163 2074 368
2164 924 2039
2165 3617 874
2166 3466 3718
2167 2177 1226
2168 2402 1295
2169 2685 2724
2170 1626 294
2171 607 1824
2172 2603 3193
2173 3381 3507
2174 667 2343
2175 303 3145
2176 3164 2348
2177 989 2884
2178 1483 630
2179 3932 3111
2180 2917 3755
2181 1992 2743
2182 184 3085
2183 1964 3102
2184 637 899
2185 3025 900
2186 3585 3810
2187 3664 1503
2188 370 1194
2189 795 349
2190 615 639
2191 1802 3181
2192 2638 3878
2193 170 2502
2194 1709 3280
2195 1601 519
2196 2491 264
2197 3539 1728
2198 741 967
2199 2665 336
2200 1200 401
2201 3352 1044
2202 3248 1935
2203 1756 3858
2204 3006 341
2205 2198 585
2206 2034 2197
2207 3018 2848
2208 2241 903
2209 2085 785
2210 912 446
2211 3610 908
2212 1776 2022
2213 2751 1840
2214 89 2187
2215 2863 1349
2216 64 959
2217 350 3019
2218 1178 1416
2219 3168 2702
2220 2305 3484
2221 165 86
2222 3577 3173
2223 773 3189
2224 1796 3359
2225 4003 1823
2226 617 2571
2227 3507 3077
2228 2935 1473
2229 2957 69
2230 3992 1665
2231 1636 1024
2232 3708 1187
2233 2950 889
2234 1076 3725
2235 3400 3410
2236 3370 93
2237 738 377
2238 1431 899
2239 1025 3773
2240 2379 1346
2241 1184 2692
2242 3904 3981
2243 1784 1311
2244 1345 3385
2245 1455 1863
2246 2475 1342
2247 3786 1790
2248 3176 575
2249 782 4000
2250 772 1274
2251 876 2451
2252 1106 3411
2253 515 4005
2254 165 99
2255 2795 3063
2256 3886 3132
2257 2960 2709
2258 2131 1999
2259 1621 2673
2260 1672 1947
2261 3773 2852
2262 3197 3116
2263 2550 579
2264 1609 2894
2265 956 421
2266 3669 1299
2267 1944 3229
2268 1904 3434
2269 1894 1875
2270 1274 3869
2271 967 2676
2272 2466 2385
2273 2771 1606
2274 1492 125
2275 3886 1300
2276 2406 865
2277 157 2489
2278 2707 2632
2279 3716 1258
2280 4006 1336
2281 3341 939
2282 3648 2584
2283 2599 3651
2284 2564 893
2285 3065 3211
2286 3182 401
2287 1389 3123
2288 3930 3882
2289 2284 138
2290 2674 1447
2291 3114 1675
2292 855 3504
2293 2353 1865
2294 1303 3534
2295 3327 2808
2296 1147 3241
2297 1169 300
2298 2596 2657
2299 2135 1129
2300 3943 3002
2301 1800 964
2302 3065 1968
2303 1144 29
2304 1694 3033
2305 1769 2889
2306 1706 365
2307 2374 4003
2308 2029 3257
2309 3415 2481
2310 1451 3211
2311 1332 3104
2312 2732 3545
2313 528 3296
2314 917 830
2315 3374 249
2316 3520 784
2317 1905 1778
2318 28 2524
2319 3653 3994
2320 663 2948
2321 1072 1821
2322 2386 495
2323 1206 2755
2324 1722 2426
2325 1209 44
2326 3151 225
2327 3408 3783
2328 1438 2684
2329 3673 1488
2330 1787 2827
2331 985 468
2332 1243 391
2333 2743 655
2334 1182 615
2335 160 21
2336 3580 1997
2337 2054 151
2338 2032 3826
2339 1466 3596
2340 1606 3581
2341 1832 1516
2342 2113 1142
2343 3053 749
2344 2036 1358
2345 2814 3540
2346 683 1056
2347 1579 3185
2348 1116 807
2349 2277 2872
2350 95 3999
2351 3717 1367
2352 1165 406
2353 2742 2734
2354 1712 3656
2355 874 3654
2356 583 3336
2357 1331 629
2358 3647 2856
2359 104 489
2360 2511 2355
2361 3013 2451
2362 2068 2378
2363 2026 2474
2364 356 3105
2365 2072 244
2366 1148 1514
2367 336 3123
2368 2687 1701
2369 3178 2168
2370 637 3718
2371 2269 1992
2372 2223 2593
2373 572 3592
2374 1341 2225
2375 2928 1563
2376 882 1295
2377 2091 286
2378 3314 2159
2379 292 1779
2380 234 579
2381 1684 1312
2382 1628 2662
2383 1249 3906
2384 761 2244
2385 2980 2549
2386 3595 2469
2387 1552 2415
2388 2698 3731
2389 1213 3753
2390 201 1907
2391 895 448
2392 2265 2102
2393 3291 132
2394 3350 964
2395 2270 1853
2396 1079 674
2397 1464 3351
2398 1967 2653
2399 883 856
2400 1923 2070
2401 369 2546
2402 3046 2579
2403 351 2014
2404 38 1354
2405 1083 2543
2406 2537 504
2407 551 2380
2408 2556 2140
2409 2615 2082
2410 835 3946
2411 88 2952
2412 2037 1842
2413 1954 263
2414 1957 66
2415 1219 3892
2416 1901 3303
2417 1793 3675
2418 1047 838
2419 786 2014
2420 1569 3605
2421 1238 4007
2422 3192 3027
2423 289 646
2424 120 254
2425 269 3231
2426 1221 2567
2427 2446 443
2428 1314 1820
2429 2292 1232
2430 1123 1109
2431 101 2946
2432 1088 899
2433 1828 2631
2434 1209 444
2435 1449 1555
2436 1982 10
2437 1098 2368
2438 3567 1780
2439 1425 3139
2440 2004 3590
2441 3102 1700
2442 1045 3117
2443 3064 1259
2444 3974 802
2445 1199 387
2446 545 2694
2447 3905 1339
2448 520 2746
2449 1690 2979
2450 2248 1755
2451 2640 496
2452 1850 456
2453 3310 915
2454 2597 3519
2455 531 1175
2456 3840 70
2457 854 1261
2458 3634 2215
2459 3585 1599
2460 1467 2898
2461 2211 920
2462 1033 3517
2463 7 307
2464 2483 916
2465 2174 50
2466 2240 1674
2467 1738 3437
2468 2996 3643
2469 2064 2743
2470 1382 3508
2471 514 673
2472 1905 3212
2473 3181 1473
2474 596 2285
2475 3950 2404
2476 2579 3222
2477 3444 3634
2478 2153 38
2479 2218 1197
2480 2479 2845
2481 2677 2261
2482 2406 1692
2483 28 227
2484 456 2319
2485 1598 1129
2486 755 2207
2487 147 2429
2488 2982 3898
2489 1415 116
2490 3372 474
2491 1179 3137
2492 3462 1784
2493 3202 1710
2494 3808 3541
2495 115 2666
2496 1279 2349
2497 2175 2971
2498 2717 1675
2499 1110 1534
2500 1970 1557
2501 1713 2433
2502 3102 36
2503 519 2960
2504 1831 703
2505 2783 2819
2506 2661 1560
2507 216 1551
2508 2734 679
2509 3996 1411
2510 1614 1386
2511 3866 3481
2512 299 2764
2513 440 1801
2514 2270 838
2515 1036 3881
2516 3255 3279
2517 809 1370
2518 3721 3827
2519 1991 482
2520 2505 2938
2521 1427 762
2522 347 1022
2523 281 2570
2524 3681 2266
2525 1703 2594
2526 2608 3189
2527 1835 935
2528 992 2082
2529 472 2199
2530 2932 181
2531 977 2689
2532 2494 2242
2533 1493 1113
2534 2268 880
2535 3834 2206
2536 1051 2885
2537 1537 2229
2538 3890 1360
2539 477 3797
2540 2190 2955
2541 2859 2119
2542 889 858
2543 2978 472
2544 3865 1972
2545 3026 4008
2546 1675 2488
2547 3207 549
2548 2535 2723
2549 3151 3661
2550 1170 2576
2551 571 357
2552 5 3559
2553 61 446
2554 2207 3818
2555 1618 3556
2556 3442 2221
2557 304 65
2558 154 3558
2559 662 215
2560 815 344
2561 635 1881
2562 2263 1855
2563 1840 774
2564 2243 1828
2565 3157 2175
2566 1371 3193
2567 1101 2370
2568 1939 200
2569 2785 1120
2570 25 580
2571 1594 893
2572 1200 1628
2573 2774 3988
2574 1633 919
2575 2633 224
2576 1068 1828
2577 884 1729
2578 761 2203
2579 1349 2160
2580 3557 2166
2581 2488 94
2582 3175 385
2583 2149 930
2584 3246 980
2585 816 133
2586 825 479
2587 1594 3609
2588 3756 808
2589 680 546
2590 2880 3243
2591 3241 672
2592 3046 3274
2593 2522 3665
2594 1612 1194
2595 3894 2026
2596 2609 2590
2597 3524 667
2598 1991 2234
2599 2755 892
2600 3765 3491
2601 1529 1218
2602 3797 245
2603 2925 1955
2604 2142 3069
2605 331 2144
2606 2395 2512
2607 371 3667
2608 2400 2408
2609 2668 176
2610 3385 473
2611 1654 1825
2612 3236 2215
2613 3224 1342
2614 18 3510
2615 1843 402
2616 2393 1569
2617 3469 1698
2618 1043 2415
2619 937 1153
2620 1311 531
2621 3595 3333
2622 3644 3340
2623 3242 2780
2624 3467 1844
2625 1665 1463
2626 358 2860
2627 3619 316
2628 53 48
2629 934 4002
2630 3208 2587
2631 45 1733
2632 2081 3806
2633 2936 3941
2634 2299 3270
2635 1940 1539
2636 642 3483
2637 1684 1270
2638 809 3473
2639 3292 2168
2640 3186 2268
2641 3456 846
2642 1645 900
2643 147 2216
2644 2812 363
2645 3852 2907
2646 1774 607
2647 1896 1059
2648 1797 1155
2649 3478 2085
2650 2168 2460
2651 71 2954
2652 1748 1767
2653 3294 4006
2654 2058 1837
2655 3899 2079
2656 357 3411
2657 1938 3748
2658 3422 2567
2659 1819 3704
2660 594 3303
2661 855 3207
2662 1366 2317
2663 2190 508
2664 3585 3342
2665 790 1760
2666 221 1423
2667 3234 1938
2668 1883 2788
2669 621 3315
2670 2857 2551
2671 2112 676
2672 2465 3681
2673 2647 1517
2674 7 2759
2675 1803 1681
2676 3830 628
2677 1343 599
2678 2743 2560
2679 837 495
2680 270 868
2681 14 3170
2682 1001 3377
2683 3745 2202
2684 2361 567
2685 540 1253
2686 3036 1047
2687 3511 255
2688 1557 1750
2689 2287 3822
2690 2142 350
2691 3015 218
2692 84 1050
2693 1020 1674
2694 174 3202
2695 1046 1785
2696 3223 1794
2697 3672 720
2698 1345 2856
2699 3060 2335
2700 3922 3034
2701 2076 293
2702 3370 384
2703 3324 3833
2704 2993 1790
2705 553 2471
2706 2023 2218
2707 2038 2892
2708 2292 3917
2709 1621 1374
2710 333 2654
2711 908 3429
2712 3752 1166
2713 1809 1897
2714 867 1410
2715 322 2252
2716 2948 1934
2717 1637 3323
2718 956 2976
2719 683 282
2720 1933 197
2721 2567 3943
2722 224 2766
2723 3989 1939
2724 3935 2997
2725 2268 3099
2726 603 3916
2727 2421 2396
2728 3674 1358
2729 2561 1938
2730 2323 3357
2731 1992 3806
2732 3293 728
2733 447 3410
2734 3701 3762
2735 1663 3313
2736 398 3495
2737 3399 1487
2738 95 3790
2739 2416 3590
2740 352 3402
2741 2267 430
2742 1513 3124
2743 1247 1002
2744 820 377
2745 3407 2947
2746 2591 540
2747 1982 1528
2748 2021 3747
2749 3937 1471
2750 2557 75
2751 2362 3239
2752 71 1784
2753 2330 827
2754 2891 3633
2755 615 2737
2756 1784 1252
2757 2331 2835
2758 1126 1002
2759 1583 1674
2760 1098 1122
2761 1409 2815
2762 2305 3039
2763 912 1515
2764 858 114
2765 61 54
2766 2092 1873
2767 3014 3759
2768 1457 3332
2769 44 62
2770 1797 1817
2771 2982 2426
2772 2053 3403
2773 556 1313
2774 3690 667
2775 77 1953
2776 1433 543
2777 873 1067
2778 1456 3834
2779 1718 1563
2780 4002 1751
2781 1077 2121
2782 999 3605
2783 2523 1254
2784 3506 591
2785 1433 3552
2786 1180 861
2787 2345 203
2788 2453 287
2789 3265 3968
2790 3929 1173
2791 321 1078
2792 1587 3891
2793 452 1054
2794 1965 1101
2795 3807 1775
2796 2408 2937
2797 3962 819
2798 1113 895
2799 2719 864
2800 1188 162
2801 1340 3406
2802 3552 1421
2803 671 1768
2804 1508 1113
2805 2716 3242
2806 556 2753
2807 555 2658
2808 991 1210
2809 1418 329
2810 1699 408
2811 257 779
2812 1561 648
2813 2468 1158
2814 2414 2604
2815 77 2232
2816 2783 867
2817 2838 1404
2818 3725 3134
2819 1029 1482
2820 2405 2075
2821 2803 1245
2822 2858 2187
2823 1334 548
2824 694 104
2825 1819 880
2826 1670 1675
2827 106 1945
2828 156 1380
2829 398 1743
2830 1811 2078
2831 2644 486
2832 2350 1188
2833 2971 349
2834 2088 2182
2835 155 3680
2836 2760 1459
2837 1395 1113
2838 2795 2060
2839 295 3209
2840 2630 1009
2841 498 2306
2842 3838 762
2843 2043 1926
2844 337 2637
2845 1746 2201
2846 1179 3098
2847 1665 3536
2848 2025 3515
2849 2383 50
2850 2780 2750
2851 2101 143
2852 3637 2439
2853 1784 2987
2854 100 1502
2855 3606 328
2856 1706 1213
2857 1724 603
2858 268 550
2859 1227 1513
2860 3304 4011
2861 3866 2576
2862 2734 149
2863 2152 1123
2864 568 1250
2865 318 1339
2866 46 3374
2867 1175 1883
2868 3332 417
2869 2821 2794
2870 688 215
2871 2455 590
2872 1143 2896
2873 1913 833
2874 51 2053
2875 3176 3428
2876 1038 2554
2877 283 3938
2878 3425 2774
2879 1569 402
2880 3227 723
2881 228 834
2882 1744 2551
2883 824 3335
2884 2610 2136
2885 1960 3939
2886 2167 898
2887 1190 359
2888 2979 1678
2889 101 1037
2890 3363 1248
2891 1228 2467
2892 1262 210
2893 3221 1553
2894 2735 376
2895 3107 4007
2896 3227 2924
2897 1732 2634
2898 2800 1167
2899 969 264
2900 447 111
2901 251 3790
2902 3702 366
2903 1238 2326
2904 3684 1483
2905 1728 286
2906 1701 2720
2907 1276 2795
2908 1265 2600
2909 364 1949
2910 2920 3637
2911 2412 1038
2912 1868 3260
2913 2443 1385
2914 910 2875
2915 2630 1213
2916 109 2224
2917 759 3170
2918 1992 2457
2919 1108 884
2920 370 284
2921 4010 3297
2922 1764 3579
2923 2880 2472
2924 2625 2566
2925 291 2443
2926 2557 292
2927 246 1416
2928 112 443
2929 1985 2016
2930 1540 2876
2931 495 3995
2932 3078 538
2933 3324 2712
2934 2117 2926
2935 3820 1380
2936 2244 3747
2937 3134 3149
2938 964 3331
2939 3896 3081
2940 1724 3453
2941 2144 158
2942 1777 2765
2943 2494 3113
2944 1157 1489
2945 2366 1830
2946 264 3761
2947 588 3122
2948 1849 49
2949 542 659
2950 2673 3333
2951 1434 3059
2952 274 3549
2953 713 1372
2954 466 222
2955 240 103
2956 822 3870
2957 621 676
2958 1052 1751
2959 59 1408
2960 3234 1618
2961 781 372
2962 1034 1257
2963 3209 3689
2964 407 2605
2965 1885 3104
2966 2597 2394
2967 3798 1864
2968 2152 279
2969 979 1738
2970 2381 3542
2971 3419 2405
2972 3429 1471
2973 475 362
2974 2410 3380
2975 1027 1557
2976 4004 2158
2977 2656 1013
2978 100 310
2979 1717 432
2980 575 3494
2981 2148 2907
2982 1772 2197
2983 1152 2500
2984 1959 3435
2985 3116 396
2986 2337 2438
2987 1314 2280
2988 1035 630
2989 2625 3434
2990 180 3503
2991 1913 890
2992 3593 681
2993 1541 3522
2994 508 3627
2995 2633 1104
2996 1409 2896
2997 944 775
2998 1639 398
2999 915 3567
3000 25 2075
3001 3692 1950
3002 1539 3314
3003 1789 3211
3004 3068 1961
3005 749 3680
3006 2305 2560
3007 332 1472
3008 1560 259
3009 2257 3082
3010 405 1208
3011 301 3705
3012 1393 1863
3013 3309 2460
3014 1173 829
3015 2960 3776
3016 369 1226
3017 1286 1183
3018 921 1690
3019 2356 2951
3020 106 2326
3021 1985 2128
3022 1598 2168
3023 3649 3290
3024 3946 208
3025 556 902
3026 712 1525
3027 2833 3542
3028 2696 2927
3029 2407 2679
3030 3102 2890
3031 827 3167
3032 2412 335
3033 2707 1336
3034 2978 1694
3035 2235 3012
3036 2867 1280
3037 14 3869
3038 3878 1705
3039 3032 3026
3040 753 2541
3041 2241 1646
3042 1472 950
3043 3360 1880
3044 1677 237
3045 1453 1192
3046 3670 705
3047 608 3110
3048 2812 332
3049 3499 1436
3050 3107 1806
3051 529 389
3052 3218 1447
3053 2353 527
3054 3853 512
3055 3416 1496
3056 3332 3688
3057 638 1137
3058 1481 2875
3059 136 702
3060 1792 2695
3061 3853 4018
3062 70 3459
3063 2670 1670
3064 3496 820
3065 1218 3968
3066 2286 3878
3067 1464 1446
3068 2320 107
3069 3663 831
3070 1199 3125
3071 2799 2061
3072 167 3994
3073 945 2067
3074 2679 788
3075 551 2105
3076 1906 3391
3077 2353 3710
3078 2501 3606
3079 2031 1050
3080 213 451
3081 1648 2576
3082 1222 3506
3083 3538 601
3084 3192 2844
3085 3427 885
3086 561 3197
3087 275 3565
3088 1095 1636
3089 2099 2310
3090 2347 3845
3091 3842 2689
3092 3958 3715
3093 2558 3708
3094 2619 15
3095 41 1971
3096 3610 3377
3097 3328 575
3098 3396 266
3099 1116 3459
3100 3654 34
3101 1919 2816
3102 98 182
3103 3473 3375
3104 3927 2720
3105 2244 1368
3106 908 3866
3107 109 3185
3108 60 3129
3109 3436 434
3110 461 2967
3111 369 1860
3112 3899 3170
3113 2184 1697
3114 3978 1362
3115 1113 2467
3116 1190 3025
3117 213 2953
3118 2938 1538
3119 1021 2384
3120 295 952
3121 3732 985
3122 343 3711
3123 2239 418
3124 1481 1963
3125 731 2183
3126 1030 2228
3127 723 1663
3128 1564 1706
3129 170 3875
3130 3110 75
3131 703 651
3132 3557 1133
3133 175 3275
3134 3294 3227
3135 3355 3419
3136 2576 2967
3137 1670 2106
3138 166 2181
3139 2534 2403
3140 32 1423
3141 2434 2797
3142 2846 1784
3143 2950 1461
3144 166 3558
3145 1627 221
3146 2488 115
3147 960 543
3148 2094 3430
3149 1666 2159
3150 3385 195
3151 86 1381
3152 3689 192
3153 1220 2678
3154 3039 3270
3155 4020 580
3156 229 3584
3157 3078 1773
3158 1358 3990
3159 2940 229
3160 3908 284
3161 3279 2774
3162 734 1743
3163 649 1984
3164 3650 368
3165 105 3024
3166 535 2209
3167 3852 1753
3168 3042 2225
3169 3100 86
3170 3550 3504
3171 4002 2583
3172 3213 2745
3173 795 2434
3174 393 925
3175 111 95
3176 951 1005
3177 3625 3283
3178 1442 2984
3179 3654 3946
3180 3655 3980
3181 966 2275
3182 1057 1329
3183 3659 1484
3184 2883 2237
3185 2611 1150
3186 2841 1189
3187 884 3722
3188 531 3944
3189 3769 2305
3190 1923 3515
3191 1200 2693
3192 2021 241
3193 374 3168
3194 1112 2428
3195 2291 3080
3196 12 3048
3197 3083 752
3198 757 2242
3199 1068 3478
3200 3909 3528
3201 2065 1281
3202 202 3243
3203 1602 2225
3204 3259 3832
3205 272 2737
3206 3025 2171
3207 2591 2940
3208 1196 1425
3209 2875 244
3210 1210 2649
3211 2644 3819
3212 2106 2702
3213 853 1534
3214 1630 2774
3215 2759 2710
3216 27 2230
3217 2981 1308
3218 3301 1676
3219 2131 2277
3220 213 541
3221 80 2695
3222 133 2129
3223 1160 499
3224 3060 1427
3225 2994 1999
3226 134 570
3227 2032 1450
3228 1695 1508
3229 2744 77
3230 161 1316
3231 1039 721
3232 1262 2779
3233 1833 2710
3234 1260 1738
3235 156 3546
3236 954 1115
3237 2312 2166
3238 262 3585
3239 118 1592
3240 3583 797
3241 3631 258
3242 640 1723
3243 1308 2454
3244 3237 2928
3245 1332 295
3246 3044 2064
3247 3574 1966
3248 3417 2443
3249 1731 932
3250 233 1204
3251 677 811
3252 213 2018
3253 1649 2771
3254 2349 2067
3255 2563 3299
3256 1815 2170
3257 2876 1145
3258 822 755
3259 4012 3558
3260 3191 448
3261 3873 297
3262 3054 1742
3263 1458 1386
3264 2332 1186
3265 1956 2305
3266 3299 2438
3267 3578 416
3268 799 587
3269 19 1310
3270 3244 2927
3271 629 617
3272 3664 1013
3273 1807 1335
3274 1314 924
3275 528 1839
3276 3282 2686
3277 1122 1418
3278 3544 1663
3279 1144 2680
3280 3139 2040
3281 3192 910
3282 2427 2764
3283 587 2603
3284 555 1852
3285 2342 1450
3286 2566 633
3287 3633 1930
3288 1424 1708
3289 3518 961
3290 283 2641
3291 1224 93
3292 3688 853
3293 1320 3816
3294 3812 901
3295 2144 2229
3296 771 2694
3297 2290 499
3298 2592 1662
3299 612 3702
3300 773 1482
3301 3490 2648
3302 883 2282
3303 1891 3673
3304 3509 858
3305 3855 570
3306 2082 3474
3307 1487 247
3308 601 2505
3309 1443 27
3310 1676 3121
3311 1658 1760
3312 2255 3902
3313 2744 2435
3314 2286 2220
3315 2208 1981
3316 3997 37
3317 3150 1971
3318 3124 64
3319 2898 807
3320 698 2391
3321 71 3931
3322 2753 2167
3323 1827 929
3324 1699 4009
3325 3891 3104
3326 1136 1103
3327 1397 3114
3328 399 1685
3329 2388 3263
3330 3145 2858
3331 3816 3253
3332 1356 1754
3333 2415 1532
3334 3712 3428
3335 3192 463
3336 3300 27
3337 1665 2188
3338 3311 2052
3339 438 880
3340 2876 2607
3341 3820 3611
3342 2510 256
3343 3566 3243
3344 716 2564
3345 2895 2982
3346 2754 3780
3347 2172 401
3348 1917 1503
3349 2565 3858
3350 2040 2291
3351 3211 1846
3352 3382 2850
3353 659 2372
3354 3517 3010
3355 2833 168
3356 1647 1646
3357 1809 1175
3358 244 3142
3359 625 1406
3360 713 889
3361 1497 185
3362 624 1738
3363 1936 1894
3364 3940 1854
3365 1656 1050
3366 2466 3823
3367 1692 2076
3368 1696 108
3369 3515 1087
3370 1653 3291
3371 1367 797
3372 3233 719
3373 2039 3881
3374 1182 2051
3375 1606 3428
3376 974 1514
3377 850 3743
3378 256 2701
3379 1436 1448
3380 1094 2833
3381 972 2312
3382 1044 294
3383 2491 3620
3384 246 2629
3385 434 2178
3386 2790 1108
3387 342 862
3388 828 3700
3389 3878 1344
3390 446 1897
3391 3973 3792
3392 296 3338
3393 3797 3453
3394 3664 1751
3395 3511 1538
3396 966 2538
3397 3572 1791
3398 1834 1226
3399 699 1018
3400 1681 1405
3401 688 1493
3402 280 3890
3403 1744 3199
3404 3746 474
3405 1038 3697
3406 2758 3538
3407 2878 2939
3408 1766 2720
3409 2528 2195
3410 2970 3189
3411 650 2557
3412 944 1524
3413 273 875
3414 2782 633
3415 3590 2807
3416 1860 360
3417 2893 903
3418 1092 139
3419 3426 521
3420 255 2505
3421 3735 2603
3422 2334 2181
3423 1396 204
3424 2664 3718
3425 3909 3264
3426 3302 3844
3427 1305 988
3428 2472 239
3429 1572 1605
3430 590 1742
3431 3218 2163
3432 1915 1487
3433 244 501
3434 3885 3657
3435 1536 2340
3436 954 205
3437 3252 2203
3438 2376 1642
3439 900 1488
3440 2739 1023
3441 1113 3548
3442 3302 1110
3443 3576 2076
3444 3619 2199
3445 2679 2789
3446 945 917
3447 1016 413
3448 211 2412
3449 383 2618
3450 2051 62
3451 146 2199
3452 635 2763
3453 2751 229
3454 1194 2892
3455 3254 1351
3456 1774 1043
3457 1992 961
3458 740 2817
3459 3251 1549
3460 292 947
3461 210 3887
3462 1228 3130
3463 3908 1430
3464 2579 3460
3465 2116 747
3466 167 1488
3467 1624 206
3468 342 3549
3469 1558 2868
3470 475 2845
3471 2774 308
3472 2629 3626
3473 2525 1260
3474 784 672
3475 3434 2678
3476 1712 1745
3477 835 3557
3478 1590 3076
3479 1034 550
3480 1240 4004
3481 3832 2072
3482 1560 533
3483 3593 4015
3484 2980 1437
3485 3818 1860
3486 2248 1412
3487 112 1184
3488 2356 2060
3489 1314 1604
3490 3704 3030
3491 2112 2631
3492 446 489
3493 2760 878
3494 1307 3453
3495 3949 3084
3496 1724 2091
3497 1303 2740
3498 1858 2427
3499 1974 3112
3500 1860 3601
3501 1803 1423
3502 840 661
3503 3235 2522
3504 476 1349
3505 3969 1150
3506 3898 541
3507 570 2709
3508 178 769
3509 970 1792
3510 2427 701
3511 3386 3004
3512 953 52
3513 352 3944
3514 442 1513
3515 1827 3785
3516 1174 3227
3517 3072 2774
3518 175 2856
3519 2328 2979
3520 1780 1153
3521 1427 1909
3522 121 500
3523 3016 1520
3524 4020 3638
3525 1109 3403
3526 2711 3886
3527 3238 3651
3528 2942 485
3529 2365 3271
3530 70 1351
3531 56 1591
3532 3562 1194
3533 1491 728
3534 497 965
3535 735 1322
3536 3665 788
3537 3324 3499
3538 118 1515
3539 266 215
3540 257 3588
3541 361 1645
3542 2082 3761
3543 1063 437
3544 2488 641
3545 2696 1158
3546 2629 2657
3547 3313 238
3548 3661 1078
3549 2190 2571
3550 803 1801
3551 1076 3492
3552 149 1659
3553 2795 112
3554 1736 1782
3555 1531 1647
3556 3760 3
3557 1942 3099
3558 197 2490
3559 149 3377
3560 874 1447
3561 302 652
3562 3516 2695
3563 3877 1349
3564 1987 1482
3565 2450 535
3566 2016 1290
3567 1463 1049
3568 2586 804
3569 1814 2066
3570 1947 3477
3571 1653 975
3572 3494 3984
3573 1215 1728
3574 2286 1825
3575 1846 1284
3576 28 1293
3577 1387 3630
3578 3709 3925
3579 1346 3856
3580 3718 3708
3581 3759 3957
3582 1616 557
3583 2695 2588
3584 68 1980
3585 3755 1578
3586 1103 88
3587 3394 904
3588 145 1185
3589 2381 2749
3590 3079 1655
3591 188 2201
3592 2523 3458
3593 3087 3735
3594 3915 1943
3595 1650 1568
3596 2620 671
3597 1576 3097
3598 3640 79
3599 458 1717
3600 1213 560
3601 1947 2366
3602 1485 1379
3603 2579 230
3604 2479 2256
3605 200 1565
3606 1664 846
3607 3960 1617
3608 729 642
3609 529 264
3610 3594 953
3611 3782 93
3612 2356 43
3613 199 2514
3614 1619 3330
3615 1770 433
3616 1031 1434
3617 750 3326
3618 1928 3190
3619 152 900
3620 3216 1419
3621 464 1422
3622 2095 2248
3623 3554 975
3624 3745 1889
3625 1698 1577
3626 1331 2316
3627 3205 523
3628 2607 3916
3629 1306 1341
3630 2701 2296
3631 3908 3648
3632 2606 2328
3633 3124 966
3634 3197 3146
3635 2784 346
3636 2170 3028
3637 2937 376
3638 1338 3059
3639 1914 1832
3640 600 1035
3641 3315 977
3642 2501 1742
3643 3917 41
3644 283 2214
3645 2138 1557
3646 2315 1587
3647 619 2129
3648 1624 2445
3649 764 2073
3650 178 1869
3651 953 742
3652 1999 245
3653 746 3724
3654 2541 3245
3655 3692 3660
3656 2896 2653
3657 90 225
3658 153 1120
3659 3580 3611
3660 2198 598
3661 1947 931
3662 1464 2365
3663 2833 3445
3664 871 1252
3665 1636 575
3666 1985 1532
3667 2921 2781
3668 3198 3796
3669 3897 1706
3670 3954 1749
3671 1971 2022
3672 2168 2321
3673 1787 2712
3674 949 1927
3675 959 2426
3676 3140 362
3677 1997 78
3678 1492 141
3679 1868 3824
3680 1343 307
3681 3654 3485
3682 774 484
3683 1973 2646
3684 692 3352
3685 1872 3489
3686 3191 1494
3687 3605 3067
3688 3264 1120
3689 1300 187
3690 443 969
3691 3958 1674
3692 3168 2087
3693 2523 2835
3694 1888 1838
3695 3421 821
3696 3698 213
3697 903 1171
3698 2923 3855
3699 3945 2471
3700 3696 537
3701 3464 1362
3702 3811 2562
3703 3268 3190
3704 225 2219
3705 3159 2717
3706 3175 860
3707 873 438
3708 3594 2598
3709 2362 2002
3710 2479 1302
3711 404 1360
3712 2790 858
3713 930 1476
3714 3094 2483
3715 301 1092
3716 990 3455
3717 964 696
3718 1303 2796
3719 1365 2548
3720 3814 400
3721 1241 3491
3722 1963 1974
3723 1200 1326
3724 2354 2393
3725 3951 658
3726 2825 3180
3727 105 418
3728 1782 1786
3729 21 229
3730 1523 1047
3731 2488 1478
3732 275 2198
3733 3542 1672
3734 2338 4020
3735 3419 800
3736 1927 576
3737 2886 1957
3738 441 21
3739 62 1452
3740 3265 1258
3741 3695 2300
3742 1847 2452
3743 2264 3555
3744 1443 1
3745 490 1105
3746 3412 774
3747 151 1709
3748 3677 398
3749 2884 3061
3750 3692 1194
3751 3996 3563
3752 3813 3296
3753 150 2606
3754 756 3944
3755 3920 842
3756 922 2043
3757 3429 2799
3758 1607 2706
3759 288 3166
3760 2811 811
3761 3019 157
3762 2247 2246
3763 2918 2780
3764 1910 2559
3765 2319 2464
3766 2482 3122
3767 2170 3897
3768 2675 3155
3769 749 2307
3770 1005 959
3771 2058 2676
3772 2253 2258
3773 544 268
3774 2315 1274
3775 2943 2232
3776 513 3572
3777 670 3108
3778 1715 2218
3779 2025 2995
3780 2410 173
3781 2559 1309
3782 182 3096
3783 2138 1425
3784 2225 3660
3785 154 3579
3786 1211 2970
3787 332 2207
3788 339 1870
3789 3091 666
3790 499 76
3791 1207 432
3792 894 472
3793 1559 627
3794 609 3014
3795 1260 3204
3796 1804 1312
3797 1092 2655
3798 1042 2408
3799 1156 3923
3800 1584 1153
3801 850 711
3802 758 1741
3803 462 3446
3804 2178 1346
3805 2623 3546
3806 2282 385
3807 3848 1579
3808 2300 3456
3809 2540 1094
3810 1708 2526
3811 2707 3756
3812 1384 3233
3813 830 3155
3814 1002 1330
3815 2208 1005
3816 1731 1493
3817 2098 3506
3818 3391 2272
3819 3071 3695
3820 553 3008
3821 136 835
3822 1460 3667
3823 2832 577
3824 306 3042
3825 2476 636
3826 1680 2626
3827 3097 2314
3828 890 3690
3829 852 2680
3830 1577 3507
3831 3534 2492
3832 878 2156
3833 1755 3065
3834 524 503
3835 3433 1579
3836 337 3831
3837 2658 2782
3838 3249 1487
3839 3890 2677
3840 2584 1467
3841 1026 1034
3842 3985 1734
3843 2695 1884
3844 2903 2292
3845 2859 3343
3846 4015 2305
3847 2277 2851
3848 1901 2706
3849 676 3199
3850 2427 2570
3851 350 3880
3852 3640 1055
3853 109 3363
3854 3342 3882
3855 2401 203
3856 3195 3056
3857 2059 463
3858 364 662
3859 433 2174
3860 3822 2560
3861 91 239
3862 884 310
3863 3506 2500
3864 889 3579
3865 2940 2293
3866 216 1529
3867 3963 3234
3868 1153 2048
3869 2324 1597
3870 3614 1354
3871 2278 1673
3872 254 943
3873 3415 3360
3874 192 183
3875 2187 201
3876 2515 2432
3877 3272 1549
3878 3369 64
3879 1937 2579
3880 2005 2671
3881 146 971
3882 3622 2456
3883 1391 1037
3884 2117 1774
3885 1425 2765
3886 2869 2273
3887 3297 240
3888 1169 590
3889 3730 1300
3890 1125 2243
3891 1657 1133
3892 691 2546
3893 3822 3809
3894 1305 1877
3895 210 929
3896 3234 1554
3897 1379 3684
3898 2853 760
3899 1564 2815
3900 2530 1305
3901 3602 3914
3902 860 2905
3903 726 2451
3904 1933 288
3905 1827 1376
3906 2984 1319
3907 2290 621
3908 1917 3801
3909 2604 1166
3910 948 3819
3911 2673 738
3912 399 3888
3913 3851 1045
3914 2713 3259
3915 2448 1171
3916 1471 2585
3917 372 3117
3918 2914 1304
3919 3972 95
3920 397 1024
3921 2563 1231
3922 692 1712
3923 3399 1254
3924 3581 536
3925 1280 244
3926 1462 2708
3927 3321 1893
3928 204 2145
3929 3374 161
3930 1523 1870
3931 1896 3071
3932 853 2587
3933 3538 77
3934 2031 3521
3935 1857 1159
3936 3097 3444
3937 3551 750
3938 3398 856
3939 3201 731
3940 2500 3437
3941 2304 1261
3942 2960 3595
3943 55 2199
3944 369 1122
3945 3379 1733
3946 3178 3570
3947 76 2556
3948 2258 2801
3949 3406 3563
3950 808 1919
3951 3183 89
3952 1133 415
3953 2589 841
3954 2312 169
3955 2597 885
3956 1976 1155
3957 2105 826
3958 2482 1019
3959 3936 2375
3960 2671 269
3961 664 2248
3962 462 1409
3963 1060 1817
3964 1457 2552
3965 702 2051
3966 4004 884
3967 1167 2897
3968 2938 3581
3969 97 3435
3970 2636 2241
3971 1398 248
3972 1332 2706
3973 1319 1206
3974 3250 562
3975 3609 2274
3976 1489 1500
3977 1467 3847
3978 1972 3501
3979 2588 354
3980 1926 449
3981 3403 2944
3982 31 2563
3983 2793 845
3984 2115 730
3985 3509 2233
3986 2105 4018
3987 3923 2699
3988 1137 1898
3989 769 1059
3990 3594 1547
3991 277 1859
3992 1103 2597
3993 765 1654
3994 2995 1837
3995 3499 1801
3996 1334 1578
3997 3593 787
3998 1761 1024
3999 672 3206
4000 345 622
4001 2775 1214
4002 384 1795
4003 2315 778
4004 2609 2059
4005 3900 677
4006 4005 2042
4007 259 2423
4008 1810 3806
4009 2978 464
4010 2571 2861
4011 3126 272
4012 1032 3489
4013 2192 1011
4014 1327 767
4015 2166 3290
4016 1775 1437
4017 705 1971
4018 516 2299
4019 3095 414
4020 1391 3369
