3360 3360
1 1129 772
2 1253 1403
3 2972 1632
4 1391 1089
5 1499 296
6 1857 2856
7 2159 2805
8 1828 3205
9 1125 2730
10 25 2373
11 1191 2591
12 237 2577
13 107 2207
14 686 1328
15 2986 1230
16 3133 3277
17 115 2255
18 1028 1435
19 512 1956
20 1674 1654
21 362 2039
22 1669 12
23 1977 2393
24 2415 1403
25 2590 1322
26 2491 3101
27 1445 1432
28 1770 1346
29 1765 779
30 153 2876
31 474 2176
32 3166 2689
33 1013 2612
34 531 3180
35 337 2596
36 434 1637
37 361 3027
38 1698 1762
39 1673 1708
40 2384 3214
41 547 200
42 2849 458
43 1475 881
44 7 2705
45 1668 40
46 498 1504
47 932 2245
48 74 2613
49 21 2077
50 1370 1590
51 3094 584
52 558 630
53 2 2467
54 1601 3029
55 2823 2516
56 2128 3045
57 2330 3213
58 1107 884
59 232 2194
60 205 3238
61 1456 1534
62 2721 2370
63 1328 1987
64 2120 753
65 1309 3056
66 1984 1986
67 2679 568
68 2983 3122
69 2396 2577
70 2921 2378
71 1115 762
72 2646 2729
73 2220 417
74 1688 1859
75 3358 2499
76 3203 1066
77 3185 2261
78 461 812
79 1094 2851
80 3040 1406
81 1044 2583
82 1838 2424
83 2204 2236
84 869 1728
85 126 1891
86 1475 1195
87 589 902
88 3019 609
89 769 2539
90 3288 2016
91 524 3212
92 2034 2596
93 48 1428
94 1823 1734
95 494 492
96 1371 322
97 3330 3224
98 3083 2078
99 1389 2843
100 1423 2344
101 1298 1090
102 2518 1983
103 2758 3232
104 2102 1621
105 3138 629
106 2300 2770
107 3194 1620
108 2945 2332
109 3283 389
110 2494 1047
111 2289 1576
112 481 2376
113 78 3004
114 512 414
115 3314 543
116 1517 2354
117 2623 3062
118 2251 3342
119 2380 3119
120 2689 1325
121 1429 2213
122 2828 1634
123 977 132
124 1017 3035
125 996 2702
126 19 871
127 1621 221
128 2618 533
129 386 458
130 21 1407
131 915 1166
132 1161 3207
133 2925 263
134 1258 801
135 904 1020
136 2321 1042
137 2403 2692
138 1615 1463
139 247 388
140 2018 1480
141 169 3160
142 2213 222
143 2051 3253
144 588 2771
145 1157 492
146 113 1737
147 568 497
148 968 2862
149 3076 764
150 1978 255
151 2275 2543
152 816 1931
153 1493 2202
154 2318 2009
155 1493 764
156 1411 2699
157 620 2123
158 1117 2629
159 2884 1590
160 2914 1801
161 511 936
162 2012 901
163 2730 1999
164 2997 3344
165 2668 542
166 324 2000
167 2019 752
168 1958 1696
169 2898 495
170 1200 3344
171 115 2228
172 1956 3181
173 2547 2095
174 707 131
175 1726 520
176 2754 1952
177 1177 2663
178 2079 2874
179 2799 786
180 1494 3188
181 845 1109
182 783 2429
183 2354 551
184 2554 409
185 2817 2058
186 2270 3301
187 3258 3283
188 1166 149
189 3208 235
190 1790 192
191 2043 2901
192 1428 734
193 2905 2001
194 1058 2705
195 2864 2144
196 2259 802
197 2192 2793
198 1316 749
199 2935 1884
200 53 543
201 1196 1781
202 2176 831
203 400 866
204 2185 3275
205 1074 1736
206 2838 1317
207 1378 1572
208 34 3054
209 808 2478
210 716 1584
211 790 1346
212 2421 2850
213 2427 546
214 906 648
215 1721 1430
216 2559 218
217 1754 86
218 253 230
219 1982 2057
220 2876 1944
221 888 3055
222 1653 2296
223 635 2908
224 1105 1109
225 2990 1413
226 2182 161
227 1127 3008
228 580 1597
229 215 1575
230 394 215
231 866 126
232 1983 1648
233 179 2102
234 222 1859
235 2477 2256
236 1712 2211
237 2756 1989
238 1280 2212
239 3181 742
240 1900 2077
241 308 832
242 1688 236
243 2541 34
244 967 90
245 2157 1826
246 1644 1217
247 1625 3196
248 925 2699
249 1823 860
250 2634 3037
251 516 2815
252 1133 756
253 1309 1045
254 1570 430
255 2306 2442
256 1112 397
257 2496 2405
258 1577 1335
259 270 2224
260 2535 1249
261 2627 1113
262 3351 3150
263 2726 1656
264 1762 274
265 2309 1650
266 2345 1340
267 3114 2653
268 2490 2547
269 779 2374
270 897 832
271 3009 336
272 576 461
273 2876 1597
274 2657 780
275 500 145
276 651 1979
277 1475 2261
278 1876 3302
279 337 2586
280 1558 2062
281 1904 2686
282 2789 1385
283 1289 2452
284 1023 2313
285 790 223
286 1157 1665
287 1874 1087
288 1034 1510
289 206 1904
290 905 2066
291 102 2062
292 3036 1583
293 595 1022
294 2986 1778
295 1538 2185
296 544 1350
297 1221 1866
298 868 3018
299 328 2122
300 1829 3069
301 486 1961
302 247 2330
303 1341 3072
304 478 95
305 2880 1477
306 1705 562
307 1836 2895
308 1217 901
309 605 2907
310 1730 1465
311 769 2638
312 361 1346
313 2989 1756
314 2062 3018
315 2959 3336
316 2196 2648
317 2787 300
318 447 850
319 458 2204
320 869 2752
321 2041 3142
322 3080 339
323 846 988
324 771 646
325 1671 2998
326 1731 2212
327 1686 1169
328 1592 1802
329 2736 1245
330 1964 974
331 134 2806
332 19 449
333 918 240
334 4 3057
335 3298 2872
336 3079 753
337 160 985
338 2383 1533
339 2356 1501
340 1994 1401
341 155 1909
342 86 1593
343 361 954
344 2902 1479
345 3126 2228
346 2214 960
347 1237 2363
348 2187 1600
349 261 2237
350 3246 831
351 2123 319
352 203 347
353 2591 519
354 3045 1240
355 2310 2105
356 3261 262
357 1216 1601
358 2466 2563
359 2083 1873
360 1035 2368
361 3016 395
362 2979 3143
363 1380 3073
364 1092 1021
365 3225 506
366 391 2277
367 2638 2456
368 1882 102
369 3357 184
370 1107 2701
371 2508 538
372 196 54
373 2014 2018
374 2960 1607
375 2858 2237
376 62 445
377 2476 1992
378 1227 2092
379 1499 206
380 2308 1921
381 27 2384
382 341 682
383 1267 2154
384 731 1816
385 1058 1460
386 2881 227
387 526 518
388 2473 143
389 1757 223
390 904 2223
391 2055 2088
392 2967 807
393 2828 1172
394 8 1077
395 2 875
396 278 3155
397 2257 1415
398 1248 1366
399 291 3294
400 1719 443
401 566 2946
402 2262 1827
403 628 3302
404 1873 572
405 2597 2210
406 2513 2338
407 675 1560
408 2432 1701
409 750 2679
410 863 1133
411 2817 1344
412 2624 91
413 2597 39
414 3121 722
415 2788 3100
416 2870 2550
417 2945 2059
418 1722 1556
419 2854 2689
420 871 1282
421 2014 2673
422 756 1832
423 2212 2550
424 1822 1215
425 28 825
426 2171 1049
427 736 2996
428 3307 578
429 3357 2040
430 2799 453
431 928 556
432 1119 1969
433 1259 88
434 566 1278
435 2189 929
436 881 2891
437 432 1877
438 2232 874
439 1748 1129
440 60 3230
441 636 1345
442 1634 1603
443 488 3089
444 1086 1391
445 515 2465
446 675 23
447 254 1462
448 2426 3349
449 732 3022
450 1650 2345
451 1135 2892
452 1367 2558
453 1987 566
454 1958 2447
455 1050 1883
456 863 2217
457 2104 376
458 3036 1330
459 351 3165
460 2882 42
461 1374 2732
462 2357 2577
463 2949 2433
464 3248 265
465 1085 1368
466 1269 2174
467 1333 75
468 738 643
469 2016 3356
470 165 3103
471 1853 1042
472 2706 1768
473 1847 2983
474 1938 1582
475 1135 2337
476 1950 2299
477 1014 3071
478 1868 1434
479 1919 1015
480 2345 438
481 2452 2109
482 1800 996
483 2728 1702
484 538 2435
485 2093 1070
486 638 514
487 1671 823
488 2939 1156
489 1025 1268
490 1644 2304
491 222 613
492 539 2027
493 2483 35
494 2673 1146
495 1811 1566
496 748 546
497 298 132
498 3283 2691
499 2702 1957
500 2886 1317
501 2515 2677
502 3161 1889
503 3039 146
504 2914 1187
505 1182 2119
506 3121 1231
507 54 2288
508 1504 2209
509 828 735
510 11 1497
511 2185 95
512 2626 3031
513 584 1718
514 892 2180
515 1137 2640
516 2959 3153
517 1467 1689
518 2621 451
519 1741 3051
520 2896 16
521 918 1162
522 1642 2243
523 3005 1676
524 3254 1510
525 3227 1021
526 1059 1728
527 1769 2785
528 978 93
529 404 1915
530 78 2254
531 2104 3150
532 2428 1904
533 1707 1346
534 851 1457
535 249 1898
536 1229 3248
537 49 2915
538 222 2821
539 2205 1535
540 2309 961
541 2999 611
542 2273 534
543 1755 782
544 2021 2298
545 632 2971
546 1423 2601
547 1227 2920
548 182 3177
549 525 2872
550 3202 2898
551 171 54
552 224 2893
553 471 2332
554 2902 1531
555 829 530
556 1652 634
557 2233 1402
558 2796 1092
559 807 428
560 803 760
561 826 1758
562 2344 2397
563 3345 2342
564 2468 2340
565 1480 2947
566 1779 1390
567 2251 952
568 274 910
569 2800 731
570 1305 2320
571 1189 749
572 3180 473
573 903 746
574 2796 145
575 1749 1412
576 531 735
577 964 3211
578 1280 1907
579 1524 176
580 2671 1386
581 2627 2122
582 3149 525
583 2177 3065
584 1547 827
585 2148 1608
586 1520 969
587 541 1848
588 180 1127
589 1898 2363
590 970 1445
591 2349 990
592 2526 2325
593 2237 1835
594 2720 882
595 1403 1166
596 1503 2146
597 1608 2262
598 2297 856
599 629 1598
600 1425 1821
601 1595 3085
602 579 2832
603 1133 2715
604 2485 1419
605 1770 2101
606 366 648
607 343 706
608 267 1284
609 1197 2726
610 431 163
611 174 871
612 283 2132
613 1470 719
614 286 1526
615 2480 1906
616 2127 2107
617 414 433
618 3257 1772
619 2685 3165
620 374 910
621 848 2143
622 2559 387
623 2683 2168
624 483 3315
625 2363 3076
626 118 77
627 1749 2501
628 939 2921
629 621 2877
630 870 1136
631 3320 1852
632 1419 3134
633 787 1147
634 2747 2022
635 1525 551
636 704 1526
637 1506 1858
638 2566 2781
639 2018 1191
640 1229 555
641 2225 557
642 956 376
643 1592 110
644 121 1767
645 2909 2888
646 2102 2764
647 406 2755
648 1038 1996
649 260 660
650 2512 1380
651 1501 737
652 826 877
653 3178 1926
654 651 2654
655 1042 2072
656 2034 979
657 1046 2600
658 618 1100
659 1888 2091
660 106 825
661 2486 2935
662 1400 2228
663 1043 1808
664 1631 3247
665 951 1604
666 2849 1297
667 2269 403
668 2094 2299
669 622 1843
670 2292 1007
671 757 2451
672 2169 2323
673 306 2015
674 328 914
675 563 1827
676 1289 2116
677 640 2356
678 2228 1520
679 757 2155
680 2790 2895
681 2038 2067
682 853 1010
683 62 1349
684 545 2310
685 1624 1617
686 2220 3319
687 2129 896
688 2347 2227
689 2734 1336
690 1469 2961
691 570 1152
692 2108 3346
693 707 1829
694 2353 1222
695 2598 316
696 3021 1010
697 551 1480
698 2229 849
699 1190 2110
700 1245 632
701 1742 71
702 409 2782
703 208 2791
704 1392 1532
705 528 1084
706 3122 3121
707 2334 1992
708 1643 1226
709 1383 2514
710 2264 1376
711 2029 426
712 3098 898
713 1492 620
714 1929 1461
715 2686 2951
716 3146 216
717 2810 1567
718 2884 2925
719 953 1807
720 1231 117
721 3073 2291
722 334 59
723 1189 2980
724 383 3284
725 84 2725
726 2609 2309
727 2897 831
728 2741 2374
729 996 3272
730 2648 2086
731 719 40
732 1583 2223
733 2851 1727
734 3252 875
735 2739 1793
736 2705 263
737 1673 3108
738 2618 2006
739 1689 2012
740 2816 921
741 3027 2117
742 35 2974
743 3132 3329
744 3111 1767
745 2335 289
746 3082 3117
747 671 1385
748 85 100
749 305 16
750 2034 3264
751 2216 805
752 1405 3256
753 625 3033
754 349 650
755 3328 2072
756 1397 2240
757 1674 825
758 3126 2578
759 1493 1369
760 920 300
761 3277 3170
762 1256 2673
763 344 1618
764 228 607
765 2380 1465
766 773 1909
767 1919 1987
768 2748 178
769 2943 2904
770 2560 576
771 3044 2880
772 2663 82
773 515 2026
774 3027 649
775 1732 1102
776 207 765
777 2838 2098
778 2106 890
779 865 491
780 867 2825
781 1564 2340
782 342 2352
783 1792 195
784 149 477
785 1949 2378
786 11 799
787 1963 2555
788 1117 2261
789 1892 1824
790 1122 1196
791 2545 2858
792 1428 2434
793 2082 312
794 2343 2352
795 2497 2043
796 1434 648
797 1673 1943
798 972 1180
799 115 1261
800 1937 1695
801 3121 758
802 421 1423
803 2015 978
804 288 1363
805 151 1859
806 1514 97
807 932 2035
808 593 1124
809 825 1597
810 3064 1884
811 450 2827
812 1138 454
813 1019 60
814 560 1150
815 2688 1864
816 1048 2914
817 581 390
818 2455 2041
819 71 1453
820 951 755
821 2626 922
822 916 1107
823 2245 3315
824 1035 1738
825 1763 969
826 2197 454
827 1643 323
828 3155 75
829 3354 344
830 2218 2784
831 2671 2973
832 2801 589
833 3104 3265
834 3304 1668
835 1355 660
836 2795 1982
837 239 2479
838 1287 3207
839 1756 3088
840 1645 637
841 1288 1508
842 2885 1012
843 388 1323
844 2852 3102
845 1902 1078
846 1 1865
847 1608 3092
848 516 1097
849 553 942
850 1153 2136
851 1011 2063
852 2756 2267
853 1125 2120
854 556 647
855 561 2003
856 253 803
857 368 1750
858 1744 80
859 1877 1770
860 2926 2919
861 1216 1853
862 1598 2017
863 2708 821
864 731 1469
865 2506 1462
866 2793 1373
867 1703 2501
868 2569 2066
869 1196 2638
870 1035 3066
871 3116 2467
872 323 2535
873 1220 742
874 607 1185
875 1222 2730
876 2488 1998
877 1174 1940
878 1416 1265
879 3257 3239
880 1307 1937
881 2122 3265
882 73 92
883 1871 2240
884 1218 2540
885 1804 617
886 171 1928
887 2070 2794
888 2568 2670
889 2250 2206
890 1498 2256
891 191 1169
892 395 1020
893 1241 1125
894 808 2976
895 512 692
896 3279 110
897 529 1942
898 136 1852
899 3283 3302
900 825 2192
901 492 2368
902 660 3258
903 149 494
904 3252 1250
905 2252 1156
906 2408 675
907 552 3336
908 1999 1368
909 402 2166
910 2117 1559
911 1810 418
912 1533 1851
913 2599 2815
914 239 390
915 1819 2752
916 723 1926
917 1079 1277
918 1999 759
919 2547 760
920 942 1546
921 2928 1473
922 3218 836
923 681 1303
924 651 1770
925 1415 1647
926 1160 956
927 149 474
928 1645 2816
929 1844 1634
930 2022 1504
931 880 1109
932 27 1654
933 2738 2118
934 3044 1895
935 1846 1264
936 1503 846
937 3040 2524
938 1439 699
939 1451 2341
940 392 3355
941 2402 826
942 2329 345
943 2803 708
944 3080 197
945 2240 1352
946 2260 1205
947 1304 623
948 151 2025
949 1670 964
950 1146 1779
951 3208 3134
952 1358 470
953 2562 2463
954 2360 1871
955 340 1180
956 813 2066
957 170 2302
958 991 54
959 210 2695
960 22 2003
961 3123 1241
962 450 810
963 3100 2804
964 3087 1862
965 2043 2751
966 2234 2562
967 2511 873
968 868 3307
969 1024 816
970 517 2056
971 1517 1058
972 451 1271
973 2022 3298
974 1890 1529
975 2108 2221
976 3230 113
977 1718 1053
978 2967 1961
979 1189 2509
980 1356 1525
981 1689 2015
982 2348 796
983 661 795
984 1000 2037
985 33 1784
986 2381 910
987 735 224
988 945 1715
989 2208 687
990 3275 1452
991 568 1884
992 3048 3111
993 1487 1884
994 1276 3193
995 1369 2242
996 694 2943
997 2185 2187
998 1079 1706
999 1057 1754
1000 3331 122
1001 3277 3359
1002 345 2602
1003 2129 382
1004 1184 3148
1005 415 1101
1006 1026 1846
1007 1902 2653
1008 3038 2622
1009 1287 1149
1010 2968 834
1011 1890 379
1012 1556 2027
1013 2161 2989
1014 3235 755
1015 1179 143
1016 3325 1732
1017 2220 2349
1018 2096 3171
1019 1386 2468
1020 2359 141
1021 2603 2404
1022 1327 3360
1023 645 1400
1024 1478 1085
1025 2855 1769
1026 2388 2413
1027 2630 416
1028 2479 1282
1029 1466 1291
1030 1209 383
1031 171 2
1032 1245 826
1033 3014 1098
1034 2906 2305
1035 52 2457
1036 1183 603
1037 2508 2139
1038 2936 177
1039 3079 949
1040 1448 2476
1041 1621 456
1042 2456 2304
1043 2607 56
1044 78 2218
1045 1197 334
1046 161 3350
1047 2201 2106
1048 2156 1317
1049 1283 3293
1050 2433 1676
1051 502 1446
1052 64 2208
1053 170 1691
1054 2312 1905
1055 2843 3355
1056 1613 2228
1057 2651 322
1058 2923 1894
1059 3332 428
1060 826 1197
1061 2832 509
1062 2946 1761
1063 461 1409
1064 2481 1100
1065 3115 1359
1066 1355 2381
1067 2551 1459
1068 2817 835
1069 205 2125
1070 1125 3336
1071 265 2356
1072 1212 1532
1073 2143 2430
1074 2037 2020
1075 2925 228
1076 26 338
1077 685 2690
1078 2501 3143
1079 751 509
1080 949 1303
1081 1574 808
1082 2208 3308
1083 1793 2056
1084 2955 2285
1085 2589 791
1086 2903 2047
1087 3226 166
1088 2622 620
1089 907 3302
1090 2432 452
1091 1170 3272
1092 1143 2434
1093 1227 707
1094 2033 177
1095 1255 1239
1096 2751 398
1097 2684 112
1098 169 1103
1099 507 2893
1100 2149 2180
1101 1795 1409
1102 456 957
1103 244 2458
1104 1275 1261
1105 998 1664
1106 209 1101
1107 347 2528
1108 2393 100
1109 1234 2314
1110 2415 966
1111 157 2999
1112 1080 2618
1113 1141 1583
1114 1518 1952
1115 1805 2026
1116 152 1042
1117 1957 661
1118 2717 747
1119 1664 3192
1120 3258 2566
1121 632 917
1122 2579 648
1123 176 2803
1124 39 1760
1125 1257 3165
1126 3015 2990
1127 633 1061
1128 679 290
1129 1242 1324
1130 86 1382
1131 351 102
1132 2379 1759
1133 2540 2425
1134 2017 1551
1135 1830 3143
1136 2692 2687
1137 1801 2445
1138 1804 1084
1139 2873 587
1140 201 607
1141 538 2788
1142 32 3153
1143 804 1704
1144 149 1582
1145 977 1809
1146 9 1962
1147 2553 362
1148 1383 1233
1149 897 1847
1150 1785 1267
1151 111 656
1152 160 480
1153 161 1424
1154 2084 2993
1155 2238 14
1156 1225 3112
1157 396 361
1158 770 344
1159 1284 1193
1160 2058 231
1161 2084 2660
1162 2225 2322
1163 515 2782
1164 1267 434
1165 650 469
1166 592 607
1167 1729 1692
1168 215 1394
1169 1864 2757
1170 2788 1391
1171 2951 1925
1172 2028 515
1173 2567 1427
1174 119 458
1175 2659 2608
1176 2029 788
1177 2489 3150
1178 1139 2248
1179 3110 3210
1180 824 2698
1181 1617 1980
1182 556 569
1183 1798 2225
1184 465 2332
1185 2502 86
1186 84 3327
1187 2972 2199
1188 1309 3256
1189 1587 1961
1190 2372 2959
1191 1287 2373
1192 1319 2621
1193 1370 2198
1194 2266 116
1195 1544 918
1196 2014 1183
1197 636 499
1198 2293 1611
1199 2116 824
1200 789 1767
1201 611 1833
1202 2939 200
1203 198 174
1204 2562 1456
1205 2489 2644
1206 276 880
1207 2746 1200
1208 959 1611
1209 3309 102
1210 364 1309
1211 2962 1161
1212 2316 3163
1213 2517 3268
1214 3252 253
1215 1957 1176
1216 1675 2234
1217 135 1799
1218 2018 466
1219 2603 2800
1220 2339 242
1221 3135 444
1222 1868 980
1223 2498 2393
1224 1726 2725
1225 2396 132
1226 1329 3115
1227 205 12
1228 683 3206
1229 1539 2869
1230 1905 53
1231 3055 2843
1232 2524 1917
1233 2906 2679
1234 3280 1990
1235 1332 2854
1236 1129 1255
1237 1774 1224
1238 1911 227
1239 1033 935
1240 2508 755
1241 1486 1881
1242 1138 2246
1243 351 1191
1244 866 774
1245 2446 1647
1246 2771 637
1247 2124 2119
1248 1680 3096
1249 228 963
1250 1134 363
1251 938 1560
1252 60 1781
1253 2926 1282
1254 1275 1765
1255 2998 2819
1256 2768 2941
1257 1323 2925
1258 983 2455
1259 402 1794
1260 1338 1925
1261 1981 762
1262 1347 2780
1263 3 2085
1264 590 340
1265 2286 2865
1266 2755 2409
1267 83 238
1268 835 678
1269 1448 3280
1270 960 3139
1271 1265 661
1272 1746 428
1273 2203 488
1274 3111 197
1275 652 645
1276 2843 2506
1277 2330 190
1278 1672 795
1279 2588 861
1280 3007 2392
1281 2846 2506
1282 1208 1801
1283 3257 1136
1284 1575 866
1285 962 1147
1286 1359 2181
1287 2114 1445
1288 123 2728
1289 614 690
1290 683 1464
1291 567 856
1292 1708 3262
1293 2700 1250
1294 2123 2753
1295 2271 855
1296 1515 1868
1297 1950 1206
1298 693 2578
1299 2339 3205
1300 1839 79
1301 2982 235
1302 496 2897
1303 881 3003
1304 883 1559
1305 2676 2610
1306 3018 2456
1307 410 2274
1308 3253 616
1309 1019 1552
1310 1235 1046
1311 1524 346
1312 1049 2201
1313 884 2493
1314 1377 3180
1315 953 438
1316 1796 2679
1317 2682 488
1318 2474 337
1319 1286 1534
1320 1697 1123
1321 3149 753
1322 1133 2190
1323 2940 1452
1324 3327 1776
1325 2319 46
1326 2793 99
1327 2787 207
1328 1297 806
1329 2154 295
1330 1924 1504
1331 994 2027
1332 525 1922
1333 2376 3226
1334 2342 1612
1335 2793 1751
1336 2542 2963
1337 1369 1911
1338 507 3329
1339 807 62
1340 2578 2910
1341 2801 389
1342 661 1294
1343 2580 2239
1344 2524 2523
1345 263 2491
1346 2023 2453
1347 2664 1292
1348 243 2742
1349 535 168
1350 2027 2346
1351 3202 1710
1352 3169 111
1353 2976 1612
1354 1789 1242
1355 2594 1536
1356 1429 1723
1357 2407 1693
1358 2334 2913
1359 1615 3279
1360 578 2817
1361 1042 1475
1362 2418 1139
1363 2770 865
1364 414 3197
1365 2766 2843
1366 1154 148
1367 249 1227
1368 547 3072
1369 2218 56
1370 1563 32
1371 2581 1817
1372 881 2510
1373 634 2717
1374 1229 1028
1375 572 1930
1376 2826 383
1377 2293 1093
1378 3149 2210
1379 2312 81
1380 245 2046
1381 3319 1467
1382 1203 2129
1383 1750 1878
1384 668 2925
1385 1312 2178
1386 2524 2363
1387 72 307
1388 2573 191
1389 2419 1903
1390 1001 2910
1391 100 1047
1392 2941 2205
1393 2231 617
1394 1950 1355
1395 1394 70
1396 1248 2146
1397 1849 1840
1398 453 2282
1399 354 1110
1400 1715 703
1401 328 3315
1402 1641 1971
1403 2723 3188
1404 2834 1335
1405 1336 1529
1406 2139 1847
1407 3341 1085
1408 2786 1667
1409 2816 1529
1410 2608 2101
1411 2648 326
1412 489 2832
1413 1788 2722
1414 1600 3269
1415 451 1493
1416 1648 636
1417 2284 1812
1418 2793 1297
1419 2223 773
1420 2824 2269
1421 2258 1860
1422 1962 631
1423 2497 1701
1424 610 1274
1425 2200 3260
1426 1545 3241
1427 1923 1274
1428 3189 1648
1429 232 856
1430 782 2156
1431 547 2329
1432 700 142
1433 2994 2410
1434 3333 508
1435 1138 1070
1436 2614 889
1437 2058 312
1438 479 2375
1439 1510 2647
1440 1156 41
1441 615 729
1442 1234 493
1443 953 73
1444 79 1034
1445 3077 2715
1446 212 519
1447 2440 2987
1448 2239 2364
1449 2052 2784
1450 2468 1789
1451 341 2966
1452 2885 2516
1453 2215 2332
1454 418 2062
1455 70 1243
1456 1362 217
1457 1205 1081
1458 978 3307
1459 2275 2333
1460 1789 1639
1461 3163 147
1462 1437 2716
1463 1212 2066
1464 2656 1071
1465 2792 1949
1466 2959 1690
1467 672 1191
1468 3228 2261
1469 2064 2970
1470 3002 852
1471 391 2425
1472 1297 2225
1473 778 2756
1474 1105 2091
1475 1674 316
1476 231 590
1477 1299 3144
1478 1166 821
1479 1157 2456
1480 648 1678
1481 552 2760
1482 174 1277
1483 1276 647
1484 484 1828
1485 2191 2808
1486 399 194
1487 2963 1144
1488 2475 2169
1489 3279 2146
1490 441 148
1491 788 655
1492 2230 3304
1493 2867 354
1494 466 2298
1495 1485 1251
1496 3071 1889
1497 2827 2730
1498 3112 1902
1499 2927 1279
1500 516 1930
1501 1035 2079
1502 75 126
1503 689 1666
1504 1128 217
1505 2090 346
1506 1360 1901
1507 395 798
1508 1746 1627
1509 1060 1929
1510 3119 625
1511 2235 2332
1512 2252 145
1513 2361 2347
1514 805 147
1515 3043 2263
1516 3045 1486
1517 1644 1527
1518 1299 1011
1519 744 3293
1520 1647 3130
1521 2788 3158
1522 1374 2849
1523 2933 817
1524 2594 2385
1525 2895 868
1526 2189 484
1527 2583 2091
1528 375 1445
1529 2394 947
1530 942 470
1531 3198 343
1532 846 2648
1533 3258 712
1534 978 102
1535 2690 370
1536 2313 2403
1537 390 1756
1538 1548 2101
1539 1564 2512
1540 3311 2194
1541 3194 3292
1542 2645 986
1543 2504 2072
1544 1897 581
1545 2358 873
1546 2155 2559
1547 1578 1574
1548 744 2384
1549 2141 2201
1550 1262 2529
1551 2726 2440
1552 1181 348
1553 2934 2933
1554 609 3283
1555 2854 2754
1556 3040 68
1557 1358 2361
1558 2127 1500
1559 280 3019
1560 970 3161
1561 1237 2455
1562 1571 3028
1563 1390 1165
1564 1755 895
1565 1693 3188
1566 271 267
1567 1212 2313
1568 2772 3310
1569 350 553
1570 2502 227
1571 3293 1840
1572 3198 753
1573 1396 131
1574 98 2545
1575 1710 1579
1576 3265 362
1577 2591 1475
1578 2399 479
1579 2450 1140
1580 2670 1612
1581 1474 1375
1582 2206 1517
1583 1004 1307
1584 1302 736
1585 1445 1567
1586 2115 2155
1587 1832 130
1588 1616 481
1589 979 2529
1590 2103 2401
1591 3347 1186
1592 2455 1695
1593 2012 2614
1594 2983 2183
1595 2877 227
1596 361 1952
1597 3156 1667
1598 515 1358
1599 734 3303
1600 2506 1242
1601 2002 2497
1602 1247 117
1603 783 608
1604 95 2074
1605 690 861
1606 2102 2164
1607 1709 2838
1608 2899 609
1609 2164 2648
1610 162 1429
1611 1593 1442
1612 694 2561
1613 1211 232
1614 2277 182
1615 2363 1365
1616 2649 2405
1617 687 2901
1618 195 2248
1619 1562 434
1620 179 2310
1621 1531 2877
1622 2661 691
1623 5 2575
1624 318 2998
1625 1935 2225
1626 216 1040
1627 2541 1145
1628 1755 3129
1629 607 469
1630 2156 2029
1631 2793 1229
1632 1098 807
1633 3299 2820
1634 1974 173
1635 1393 2751
1636 1523 2924
1637 661 42
1638 623 3013
1639 579 2391
1640 1120 2888
1641 1430 2472
1642 2034 1600
1643 385 1679
1644 544 3184
1645 809 2900
1646 34 2844
1647 2257 311
1648 1222 491
1649 2582 1974
1650 513 907
1651 3324 689
1652 1831 2965
1653 1544 2796
1654 1434 1842
1655 1552 2677
1656 3072 31
1657 2831 838
1658 504 621
1659 3230 2925
1660 2222 2989
1661 1695 1835
1662 1869 1354
1663 955 1978
1664 1076 1142
1665 2608 563
1666 1708 2538
1667 1155 878
1668 2809 520
1669 2972 234
1670 623 2787
1671 178 1392
1672 2022 2466
1673 324 1971
1674 753 2624
1675 2314 2331
1676 1644 152
1677 1003 1315
1678 341 1631
1679 752 1279
1680 189 658
1681 2777 130
1682 2398 914
1683 2094 1663
1684 846 269
1685 793 430
1686 2325 2495
1687 402 753
1688 2844 441
1689 1915 119
1690 3078 2336
1691 1486 3297
1692 2659 1369
1693 1907 4
1694 99 484
1695 118 78
1696 2024 2662
1697 2905 1036
1698 1279 2252
1699 3238 3115
1700 2225 44
1701 1319 190
1702 756 2958
1703 2777 1408
1704 1735 2572
1705 894 1754
1706 2911 3190
1707 2034 2599
1708 3003 632
1709 417 1269
1710 1758 32
1711 23 1967
1712 1438 2267
1713 3192 793
1714 1433 2975
1715 3345 2044
1716 2856 46
1717 1166 195
1718 1270 569
1719 1966 3205
1720 2258 2211
1721 1011 1284
1722 898 488
1723 1023 436
1724 1019 190
1725 1340 1408
1726 239 1019
1727 1402 2250
1728 583 311
1729 2558 3281
1730 241 3155
1731 1144 376
1732 1819 1210
1733 726 773
1734 129 2087
1735 152 231
1736 1827 1831
1737 3076 316
1738 2074 2432
1739 3035 2129
1740 3212 2163
1741 619 587
1742 734 2782
1743 134 486
1744 3082 36
1745 307 1116
1746 2002 3153
1747 388 2632
1748 1299 121
1749 2440 236
1750 509 1120
1751 2017 1744
1752 2690 1248
1753 696 2635
1754 749 710
1755 2575 1318
1756 725 125
1757 1336 1983
1758 1906 752
1759 2149 1356
1760 2224 362
1761 352 1698
1762 257 2784
1763 571 2484
1764 1560 2481
1765 1610 1599
1766 1587 2477
1767 1296 1958
1768 952 1812
1769 503 2457
1770 644 1568
1771 2500 955
1772 2111 2662
1773 234 36
1774 52 2425
1775 2430 2916
1776 1984 1744
1777 1099 330
1778 1353 2152
1779 2887 420
1780 113 428
1781 3141 2472
1782 1866 1205
1783 941 1074
1784 2573 3085
1785 2793 366
1786 2310 632
1787 609 3256
1788 3090 3093
1789 329 2274
1790 2603 1281
1791 121 758
1792 227 1982
1793 1373 2877
1794 880 3314
1795 1742 352
1796 967 1074
1797 1442 1837
1798 876 2688
1799 511 187
1800 1512 2802
1801 1526 1649
1802 1436 2230
1803 1389 2085
1804 1653 499
1805 829 2465
1806 352 2033
1807 1086 650
1808 2976 2108
1809 2047 611
1810 3038 2757
1811 1626 399
1812 1985 1321
1813 2215 2519
1814 2526 1686
1815 2064 1323
1816 1585 1100
1817 1990 1164
1818 621 864
1819 914 1481
1820 2288 2215
1821 2190 2408
1822 1947 2096
1823 213 1704
1824 64 2195
1825 1879 388
1826 412 2281
1827 1106 1274
1828 1672 475
1829 638 269
1830 842 1664
1831 71 3209
1832 2162 3009
1833 3137 997
1834 1794 2272
1835 247 1357
1836 844 2009
1837 196 2752
1838 1891 871
1839 1638 2295
1840 395 489
1841 1711 1192
1842 1778 3143
1843 1246 1257
1844 3299 2736
1845 3213 1433
1846 1784 2149
1847 2412 476
1848 688 2524
1849 2639 1221
1850 1218 2397
1851 452 2553
1852 1329 241
1853 1127 2097
1854 800 1405
1855 2713 3360
1856 2568 1833
1857 2766 2486
1858 935 2693
1859 2246 2052
1860 1531 2094
1861 862 2785
1862 1424 2990
1863 2664 2093
1864 1110 1890
1865 1080 2388
1866 342 1664
1867 33 85
1868 2470 504
1869 735 2083
1870 283 2842
1871 3318 75
1872 3263 24
1873 2459 55
1874 1124 1070
1875 82 2931
1876 856 2495
1877 1720 2414
1878 1049 98
1879 2785 1156
1880 2090 1565
1881 1957 3033
1882 1670 3312
1883 3350 840
1884 2772 373
1885 2709 637
1886 1308 390
1887 2437 2784
1888 3130 2144
1889 1120 1075
1890 2416 2087
1891 778 733
1892 2177 1034
1893 2531 3113
1894 2971 2281
1895 2176 1768
1896 372 1012
1897 2428 3038
1898 313 1621
1899 459 2524
1900 2178 656
1901 1071 2057
1902 810 3018
1903 2415 1766
1904 894 904
1905 2852 3154
1906 852 1434
1907 2774 3276
1908 1118 3064
1909 455 631
1910 447 2667
1911 2733 1379
1912 861 2095
1913 2598 265
1914 3319 2935
1915 1544 1239
1916 2073 338
1917 311 2765
1918 974 2317
1919 506 3335
1920 918 601
1921 367 1052
1922 2744 2638
1923 286 838
1924 1465 2896
1925 3116 1283
1926 1197 2257
1927 1297 1723
1928 2349 663
1929 2092 2307
1930 1994 2943
1931 3317 738
1932 1921 802
1933 1939 498
1934 1616 2775
1935 1519 2953
1936 2311 2906
1937 1897 1752
1938 1987 1132
1939 938 1396
1940 887 2266
1941 890 2643
1942 3052 642
1943 2226 1241
1944 43 1683
1945 1780 2132
1946 376 1012
1947 2490 645
1948 961 2472
1949 1165 224
1950 246 785
1951 983 2901
1952 2236 115
1953 954 176
1954 1053 1882
1955 1410 413
1956 1859 1950
1957 3033 1937
1958 2341 1062
1959 1466 997
1960 2336 2411
1961 1256 2468
1962 1897 127
1963 1599 1511
1964 1538 1421
1965 1963 3199
1966 1259 3074
1967 2808 2163
1968 1851 2028
1969 682 1802
1970 1775 34
1971 47 171
1972 739 2565
1973 2385 2787
1974 607 326
1975 2479 2951
1976 595 840
1977 1327 634
1978 902 230
1979 653 1426
1980 747 312
1981 2007 1110
1982 1685 2418
1983 1628 650
1984 2893 1518
1985 418 15
1986 1953 300
1987 1879 1316
1988 1215 2102
1989 586 2578
1990 2115 1417
1991 2011 3270
1992 1069 1521
1993 2384 1184
1994 2006 3219
1995 2986 1932
1996 2148 17
1997 2712 2094
1998 2077 1098
1999 2986 868
2000 985 2240
2001 2408 1287
2002 410 94
2003 131 1233
2004 2528 2618
2005 2188 2565
2006 2904 887
2007 2629 3244
2008 1365 494
2009 981 3292
2010 770 2030
2011 1824 2142
2012 663 1249
2013 2517 1359
2014 3210 2513
2015 617 359
2016 775 171
2017 1733 2521
2018 2883 3010
2019 636 3258
2020 334 151
2021 384 294
2022 39 2297
2023 1013 2559
2024 3060 1223
2025 1637 2423
2026 3026 1661
2027 2133 1232
2028 1066 2095
2029 280 481
2030 965 303
2031 1699 956
2032 3297 2901
2033 2273 270
2034 2692 320
2035 3304 743
2036 112 696
2037 1356 1371
2038 1688 2773
2039 3058 968
2040 1618 1157
2041 40 2105
2042 493 3210
2043 2131 138
2044 2853 483
2045 2792 684
2046 661 973
2047 1599 2027
2048 108 264
2049 3269 1679
2050 1732 2078
2051 2129 1376
2052 2095 1698
2053 1594 2669
2054 1074 1398
2055 2854 847
2056 1494 143
2057 1478 489
2058 1052 477
2059 1696 1555
2060 241 965
2061 2125 2040
2062 1923 2929
2063 1541 1372
2064 179 428
2065 2647 98
2066 2091 1830
2067 2014 332
2068 370 2175
2069 3024 1540
2070 861 97
2071 2040 2107
2072 2729 398
2073 3271 2929
2074 998 156
2075 2342 692
2076 662 2046
2077 2511 2572
2078 1206 646
2079 221 1878
2080 1308 519
2081 1281 2831
2082 162 2624
2083 279 1268
2084 578 2677
2085 2936 1736
2086 3043 1888
2087 1392 2230
2088 2578 1513
2089 1427 1847
2090 1844 17
2091 524 2101
2092 1211 2133
2093 2678 817
2094 1847 2353
2095 1327 643
2096 239 1731
2097 426 1696
2098 1745 274
2099 2595 2880
2100 2214 271
2101 2360 2465
2102 3081 858
2103 1654 2982
2104 602 1256
2105 754 260
2106 1101 611
2107 250 1150
2108 2120 307
2109 2603 15
2110 2350 1436
2111 131 1577
2112 181 1768
2113 2553 1627
2114 1087 1766
2115 2028 2264
2116 1191 1970
2117 1882 2582
2118 3354 1464
2119 2707 308
2120 1160 2291
2121 2252 2496
2122 2330 1947
2123 1272 2519
2124 871 2271
2125 980 1358
2126 3074 1646
2127 289 241
2128 3286 2396
2129 472 2186
2130 2677 963
2131 1689 2468
2132 3277 1224
2133 3333 3120
2134 3036 32
2135 1869 2856
2136 2501 2963
2137 1450 2482
2138 2563 1792
2139 3342 72
2140 574 129
2141 1914 694
2142 2876 303
2143 1202 707
2144 2201 2729
2145 1646 883
2146 282 402
2147 466 2411
2148 1375 3097
2149 2209 1431
2150 3191 1596
2151 653 10
2152 88 655
2153 2642 516
2154 2383 2426
2155 1124 1176
2156 757 993
2157 2373 1902
2158 3331 72
2159 2268 1222
2160 1959 918
2161 3043 3327
2162 2135 1241
2163 3103 279
2164 3301 2443
2165 277 2067
2166 20 564
2167 1371 577
2168 2634 1007
2169 2989 2428
2170 1703 2193
2171 1026 2352
2172 3221 2600
2173 1374 127
2174 2816 2208
2175 328 2628
2176 2311 1708
2177 1983 469
2178 2356 707
2179 872 1870
2180 3176 3240
2181 2219 1676
2182 2491 846
2183 448 1654
2184 2627 284
2185 1700 1123
2186 1458 1422
2187 1872 1048
2188 293 29
2189 1707 1937
2190 2426 1536
2191 3135 835
2192 258 1298
2193 1258 3103
2194 312 533
2195 982 473
2196 1616 919
2197 3050 3305
2198 1299 788
2199 1826 2961
2200 714 509
2201 61 2593
2202 1945 728
2203 2454 2360
2204 1710 1672
2205 662 1804
2206 90 1582
2207 2439 204
2208 1792 3312
2209 3180 1507
2210 3083 217
2211 527 1215
2212 1509 33
2213 1499 403
2214 3269 686
2215 2699 922
2216 680 1050
2217 610 1566
2218 1955 2680
2219 701 2200
2220 1848 2354
2221 133 1400
2222 616 276
2223 874 2663
2224 1768 2030
2225 2925 3274
2226 2006 374
2227 1628 1738
2228 2158 3308
2229 932 1202
2230 1976 290
2231 1089 2137
2232 196 1980
2233 2906 833
2234 2969 916
2235 2923 2463
2236 3242 1794
2237 2402 2908
2238 1451 26
2239 1070 987
2240 3170 2485
2241 245 508
2242 2017 2772
2243 3014 1440
2244 1779 2434
2245 1710 1838
2246 2933 1338
2247 14 662
2248 39 1578
2249 1004 340
2250 1635 1942
2251 265 2582
2252 1485 2112
2253 52 609
2254 1067 1862
2255 3101 1458
2256 2903 2892
2257 1164 961
2258 691 1884
2259 2547 650
2260 1725 3243
2261 2945 1455
2262 1763 3294
2263 2489 728
2264 3288 2156
2265 1154 1341
2266 648 2502
2267 1504 2085
2268 1160 1108
2269 2051 208
2270 3153 1218
2271 2814 2034
2272 143 475
2273 2875 1952
2274 821 885
2275 589 3120
2276 1428 1358
2277 3269 540
2278 2667 916
2279 554 3272
2280 1024 1739
2281 2403 2245
2282 2064 2122
2283 1942 564
2284 740 615
2285 1783 2863
2286 1509 533
2287 1913 772
2288 2225 2411
2289 424 2979
2290 2862 3239
2291 1658 2618
2292 2591 659
2293 1731 927
2294 3317 2662
2295 3048 1774
2296 871 2382
2297 1687 1972
2298 2213 2316
2299 1045 1899
2300 137 1536
2301 567 2662
2302 1871 1704
2303 1238 3344
2304 1958 2307
2305 2716 1520
2306 1575 923
2307 196 3056
2308 2502 706
2309 1121 734
2310 2408 2171
2311 285 1522
2312 1844 157
2313 2214 753
2314 1004 660
2315 804 1650
2316 3230 424
2317 1837 95
2318 85 1026
2319 2428 1246
2320 342 1196
2321 544 2256
2322 2824 504
2323 657 2553
2324 1555 100
2325 2953 1954
2326 1324 92
2327 208 1180
2328 1872 224
2329 2552 1862
2330 2704 2600
2331 2314 496
2332 1067 2086
2333 2657 320
2334 1410 971
2335 2069 1141
2336 648 3340
2337 1083 1163
2338 56 422
2339 2475 1822
2340 3276 640
2341 1569 2867
2342 811 2384
2343 649 1171
2344 1154 2592
2345 1653 665
2346 22 2962
2347 2449 2542
2348 409 2818
2349 2201 1458
2350 2908 1771
2351 2601 1406
2352 2532 2797
2353 1780 552
2354 1184 1934
2355 3353 3335
2356 2553 1502
2357 2611 3096
2358 106 1887
2359 2768 1152
2360 2195 2084
2361 1381 3091
2362 105 185
2363 3104 1908
2364 1072 2148
2365 862 445
2366 971 2283
2367 3070 2978
2368 403 1046
2369 1365 753
2370 1703 3222
2371 1795 412
2372 1603 870
2373 390 251
2374 2004 1777
2375 141 2539
2376 3050 949
2377 2320 476
2378 239 3110
2379 1951 2858
2380 1783 1973
2381 2776 585
2382 569 2482
2383 829 1031
2384 1853 2800
2385 1445 44
2386 1494 1929
2387 3025 3237
2388 722 1857
2389 2178 3330
2390 1071 495
2391 1449 1788
2392 3216 3001
2393 415 2267
2394 2064 1536
2395 822 3031
2396 1047 2396
2397 2415 3166
2398 1835 937
2399 750 1717
2400 3337 866
2401 1515 578
2402 2292 1836
2403 2987 2761
2404 2477 2391
2405 526 2550
2406 2979 1824
2407 202 475
2408 1965 986
2409 2072 1626
2410 694 655
2411 2381 2661
2412 2999 1698
2413 3020 739
2414 2540 3254
2415 121 2870
2416 1888 2228
2417 625 3323
2418 1834 329
2419 121 1778
2420 828 1102
2421 2676 2047
2422 985 3084
2423 825 1935
2424 840 2656
2425 644 3135
2426 678 91
2427 844 2042
2428 2304 1389
2429 693 1473
2430 673 1027
2431 423 1552
2432 2729 271
2433 734 511
2434 543 2631
2435 2083 2310
2436 1224 1552
2437 283 1412
2438 1977 1916
2439 159 2018
2440 1161 1329
2441 1676 947
2442 842 1421
2443 2171 735
2444 122 1191
2445 1140 2272
2446 2773 440
2447 2238 812
2448 3277 25
2449 2522 1653
2450 1564 3310
2451 3057 1422
2452 3033 2948
2453 2219 1583
2454 2090 2935
2455 34 858
2456 3161 2807
2457 1814 638
2458 1066 1484
2459 546 2556
2460 716 1496
2461 2927 1384
2462 462 1211
2463 264 2066
2464 691 1341
2465 333 1670
2466 1481 615
2467 2252 465
2468 2007 2707
2469 2604 2310
2470 181 165
2471 2284 1184
2472 128 2682
2473 652 3240
2474 558 1601
2475 1034 2168
2476 1406 70
2477 1648 65
2478 1492 22
2479 939 2634
2480 2020 3104
2481 671 155
2482 2125 633
2483 3034 25
2484 2057 611
2485 166 2162
2486 321 2159
2487 2819 763
2488 1893 608
2489 693 1048
2490 2909 850
2491 1113 1885
2492 1786 2939
2493 829 82
2494 2064 1393
2495 3089 732
2496 3112 2380
2497 2873 570
2498 1297 1325
2499 2884 3276
2500 151 2206
2501 2434 2747
2502 887 156
2503 49 3317
2504 1265 2835
2505 1464 2808
2506 2655 2825
2507 3288 721
2508 389 894
2509 1056 2853
2510 1898 1714
2511 2177 559
2512 2118 1160
2513 2465 1835
2514 348 969
2515 1747 883
2516 2250 1996
2517 2182 1097
2518 1278 2452
2519 3261 2580
2520 76 2875
2521 383 1806
2522 2077 1294
2523 784 2813
2524 1386 1368
2525 2464 1056
2526 905 1891
2527 1186 493
2528 327 444
2529 416 856
2530 2487 1463
2531 1261 2902
2532 1482 212
2533 1851 3171
2534 1919 1696
2535 750 2433
2536 2397 830
2537 273 1923
2538 1119 2951
2539 2759 2313
2540 1135 3280
2541 2213 2988
2542 22 1419
2543 1406 2364
2544 434 1105
2545 1439 1735
2546 201 1663
2547 3004 2685
2548 830 318
2549 906 1970
2550 1730 2567
2551 910 964
2552 2860 38
2553 182 1630
2554 3276 2142
2555 711 989
2556 2492 2894
2557 375 656
2558 2040 1779
2559 1564 1349
2560 2416 2222
2561 2244 705
2562 2939 679
2563 134 1200
2564 2190 626
2565 2553 1087
2566 1518 2481
2567 2052 2213
2568 2562 2010
2569 374 1609
2570 1293 2779
2571 407 704
2572 1370 3067
2573 1630 822
2574 1560 514
2575 2052 271
2576 1800 1883
2577 2456 1198
2578 2709 2137
2579 85 342
2580 3012 1817
2581 2002 399
2582 556 2503
2583 2456 1900
2584 1543 579
2585 3193 3018
2586 713 2308
2587 830 2555
2588 145 637
2589 1794 2372
2590 893 1376
2591 3230 1188
2592 579 1409
2593 420 2102
2594 2622 700
2595 1840 408
2596 2214 1082
2597 731 1133
2598 867 3151
2599 2034 1696
2600 418 2887
2601 455 2475
2602 3049 2691
2603 134 982
2604 1800 3230
2605 1291 2147
2606 880 2486
2607 402 2890
2608 1385 1159
2609 751 289
2610 95 569
2611 159 926
2612 2652 1373
2613 2302 2496
2614 2940 2707
2615 2394 2539
2616 2108 817
2617 1160 2994
2618 3284 1119
2619 1462 2297
2620 679 3238
2621 97 2555
2622 1689 3114
2623 2280 2538
2624 1537 3029
2625 2560 3222
2626 2783 343
2627 714 688
2628 2767 2987
2629 3106 3343
2630 3262 571
2631 2552 371
2632 892 2086
2633 1284 2183
2634 3315 129
2635 2070 1100
2636 152 2972
2637 1100 1428
2638 2847 2822
2639 744 2444
2640 659 1236
2641 2017 2878
2642 1767 1438
2643 1561 1046
2644 3270 1034
2645 2446 3043
2646 2706 3182
2647 693 1312
2648 2571 1680
2649 2212 692
2650 1006 848
2651 846 2167
2652 2496 2120
2653 1685 1334
2654 683 3122
2655 250 2456
2656 2345 1611
2657 1561 994
2658 2558 3031
2659 3284 2615
2660 2123 3109
2661 12 1444
2662 639 1268
2663 3351 3164
2664 113 2006
2665 2382 2176
2666 1964 500
2667 870 2785
2668 3018 1906
2669 1346 264
2670 132 3317
2671 1031 3350
2672 2376 2306
2673 1488 2311
2674 3309 392
2675 1379 1885
2676 1251 2401
2677 99 2266
2678 2510 2677
2679 1095 430
2680 2197 1152
2681 1451 2386
2682 246 1653
2683 1830 2003
2684 1852 67
2685 2460 2611
2686 1267 471
2687 2453 941
2688 1339 3009
2689 3342 2840
2690 667 2523
2691 1390 462
2692 1496 2024
2693 667 1325
2694 3015 410
2695 1262 1149
2696 3007 2103
2697 2852 947
2698 147 2940
2699 22 629
2700 1406 2594
2701 2764 671
2702 127 320
2703 3022 358
2704 2952 1617
2705 667 3292
2706 2385 1912
2707 2973 883
2708 114 1633
2709 92 2500
2710 401 2890
2711 2738 3346
2712 2361 2690
2713 1983 491
2714 1100 1616
2715 127 1231
2716 1337 247
2717 1240 1492
2718 1361 3033
2719 2040 1769
2720 2295 921
2721 1663 1498
2722 2967 2246
2723 2392 691
2724 2521 1557
2725 462 1769
2726 1493 333
2727 221 2613
2728 1512 585
2729 3046 2466
2730 232 249
2731 903 3081
2732 213 1291
2733 618 1722
2734 2225 649
2735 477 382
2736 1777 1058
2737 3170 859
2738 2964 1645
2739 2600 1752
2740 2131 2858
2741 2617 1474
2742 3226 2572
2743 117 3022
2744 2327 917
2745 576 2111
2746 1552 1728
2747 1111 522
2748 2265 2085
2749 2345 2712
2750 166 3160
2751 963 2413
2752 190 1203
2753 748 1031
2754 1457 1845
2755 3155 936
2756 523 1419
2757 1893 1944
2758 1033 2926
2759 420 324
2760 555 269
2761 1236 1867
2762 11 1644
2763 2808 539
2764 2222 1389
2765 2364 2936
2766 1208 654
2767 1044 3229
2768 1989 1236
2769 2949 1382
2770 1877 1543
2771 258 1932
2772 1575 3069
2773 2427 658
2774 617 1723
2775 3281 1249
2776 111 1817
2777 2860 3023
2778 2 2598
2779 496 2661
2780 2171 1196
2781 1229 2208
2782 1489 340
2783 3287 1623
2784 2159 909
2785 1910 1727
2786 1993 1386
2787 1822 940
2788 3024 74
2789 1185 1466
2790 1987 1276
2791 1603 875
2792 2985 193
2793 1135 2289
2794 2717 2452
2795 393 2285
2796 2249 840
2797 739 857
2798 1526 2130
2799 2675 2372
2800 2979 1511
2801 261 3260
2802 3092 2310
2803 2285 944
2804 1549 2201
2805 2240 310
2806 1119 792
2807 1700 1067
2808 1697 846
2809 2245 2777
2810 1987 192
2811 1129 3294
2812 1536 1196
2813 2214 3051
2814 1170 1198
2815 50 233
2816 650 2537
2817 2684 931
2818 3295 1348
2819 281 3360
2820 1990 2290
2821 1 1199
2822 2596 2327
2823 1435 2921
2824 289 2343
2825 1846 3057
2826 1917 2641
2827 2170 2079
2828 551 1341
2829 670 29
2830 2987 3090
2831 2939 1809
2832 2859 2491
2833 1665 1117
2834 1746 11
2835 1961 419
2836 1381 606
2837 1002 1069
2838 251 2305
2839 368 1740
2840 2574 1461
2841 1002 511
2842 882 1808
2843 419 151
2844 1254 229
2845 755 2840
2846 489 1029
2847 2038 2019
2848 2799 1446
2849 158 2290
2850 1140 1795
2851 869 386
2852 2416 3172
2853 2949 3256
2854 3211 831
2855 1355 2142
2856 1202 3231
2857 1193 1421
2858 843 900
2859 299 2479
2860 2854 11
2861 781 2053
2862 2485 1136
2863 2315 902
2864 989 177
2865 2361 905
2866 141 2900
2867 2260 709
2868 815 1580
2869 2265 663
2870 2333 2488
2871 2196 2949
2872 341 813
2873 2619 3329
2874 2224 53
2875 2044 1487
2876 1807 2743
2877 2836 458
2878 2839 569
2879 290 1091
2880 2751 996
2881 1948 2316
2882 135 3207
2883 2976 3092
2884 2987 1599
2885 2477 116
2886 1240 2901
2887 1523 2218
2888 575 647
2889 3336 2595
2890 2312 1388
2891 2461 607
2892 200 1074
2893 977 2223
2894 3190 1835
2895 868 1122
2896 3066 1064
2897 1358 1441
2898 1831 2019
2899 2352 87
2900 843 2115
2901 779 3093
2902 1221 508
2903 433 597
2904 1398 3190
2905 121 285
2906 219 2256
2907 1718 1670
2908 730 163
2909 1418 2750
2910 282 2667
2911 535 2091
2912 1752 3268
2913 1782 2961
2914 248 625
2915 3052 1973
2916 313 227
2917 1498 3139
2918 1227 2455
2919 20 1357
2920 2085 1185
2921 2740 469
2922 2002 297
2923 3311 1550
2924 3340 2483
2925 1544 2141
2926 2829 2787
2927 3300 997
2928 1729 1984
2929 2270 1124
2930 2368 3096
2931 156 3128
2932 1210 2980
2933 98 198
2934 1235 174
2935 1349 252
2936 3346 3216
2937 2882 1013
2938 2933 2687
2939 624 3069
2940 2695 2824
2941 3316 182
2942 1237 3034
2943 1396 794
2944 2333 3204
2945 3085 2433
2946 2727 2912
2947 1320 1382
2948 1464 2992
2949 11 581
2950 1413 1384
2951 397 712
2952 1446 940
2953 1868 1955
2954 1035 91
2955 2978 3260
2956 787 2572
2957 692 2159
2958 378 1176
2959 2125 2832
2960 978 2713
2961 3243 2130
2962 1110 529
2963 729 3048
2964 411 1166
2965 1693 1034
2966 424 1485
2967 690 1178
2968 2504 156
2969 568 1288
2970 2045 260
2971 2027 1747
2972 1047 2983
2973 2322 2960
2974 1957 1990
2975 2712 144
2976 3243 2054
2977 2112 2685
2978 821 1748
2979 949 1061
2980 3051 2471
2981 1792 1307
2982 2149 1189
2983 702 1018
2984 641 648
2985 2768 907
2986 978 322
2987 2004 745
2988 795 2655
2989 2100 2179
2990 285 2987
2991 1182 962
2992 1870 2612
2993 1172 331
2994 2859 48
2995 1989 2727
2996 3214 3330
2997 1564 801
2998 3107 3193
2999 3063 528
3000 664 2905
3001 1723 662
3002 1427 190
3003 1221 1736
3004 2985 62
3005 1892 3247
3006 2475 1967
3007 1414 2669
3008 1123 2313
3009 1424 228
3010 1665 1805
3011 2162 2836
3012 1231 903
3013 953 1956
3014 843 399
3015 295 2595
3016 2102 1430
3017 320 2575
3018 2120 95
3019 2183 1206
3020 262 1932
3021 2281 27
3022 1527 1211
3023 3063 219
3024 2516 2288
3025 90 432
3026 254 244
3027 2274 2966
3028 2228 2270
3029 2848 2668
3030 3140 274
3031 20 93
3032 2562 647
3033 1865 2463
3034 1144 2222
3035 640 2460
3036 157 591
3037 875 2000
3038 3240 3286
3039 2395 2066
3040 1446 1870
3041 2331 2903
3042 171 2316
3043 3103 3090
3044 166 112
3045 2103 1312
3046 2871 3015
3047 2280 1124
3048 261 661
3049 1629 2510
3050 971 2321
3051 2394 1314
3052 724 849
3053 1553 662
3054 1831 1832
3055 697 795
3056 3140 1101
3057 1948 832
3058 1455 1821
3059 2031 3283
3060 1388 420
3061 1543 2666
3062 652 2392
3063 1194 2081
3064 743 1447
3065 1156 2884
3066 43 2322
3067 2299 400
3068 2291 3161
3069 197 2293
3070 91 1657
3071 2585 3358
3072 1683 724
3073 675 2196
3074 2643 2928
3075 2300 1984
3076 1070 1506
3077 185 1072
3078 618 2540
3079 1794 2812
3080 1743 1157
3081 1574 2569
3082 349 1912
3083 1069 717
3084 1603 1136
3085 2318 1908
3086 173 2866
3087 1731 3331
3088 158 2187
3089 3194 1179
3090 2463 844
3091 1260 256
3092 2550 2355
3093 2483 3131
3094 2074 1164
3095 3192 3228
3096 773 343
3097 1003 1892
3098 1548 2764
3099 1911 1698
3100 1036 1692
3101 2900 61
3102 197 3290
3103 2687 1937
3104 587 2619
3105 1959 893
3106 2330 2009
3107 1257 924
3108 3050 1022
3109 671 2515
3110 291 2143
3111 276 3339
3112 147 1958
3113 3035 3358
3114 125 2613
3115 2113 1144
3116 1909 3240
3117 3199 2838
3118 1834 1914
3119 757 2994
3120 3042 2379
3121 1588 3234
3122 2188 1376
3123 2938 989
3124 2930 2955
3125 2499 2623
3126 3342 2061
3127 510 3215
3128 254 2905
3129 2398 1567
3130 1979 347
3131 2322 2836
3132 2758 1497
3133 3192 40
3134 1060 1369
3135 2125 1164
3136 1516 835
3137 1191 1393
3138 1310 1736
3139 1031 72
3140 3127 67
3141 169 1480
3142 1826 350
3143 414 3025
3144 2929 2521
3145 924 2543
3146 3116 1863
3147 2292 1377
3148 1065 3001
3149 1573 442
3150 2428 2879
3151 367 1256
3152 3185 2283
3153 2826 1619
3154 3352 313
3155 344 2056
3156 160 1741
3157 3064 119
3158 3336 59
3159 2364 473
3160 2226 812
3161 1694 1046
3162 568 2399
3163 1774 710
3164 2467 1551
3165 2447 694
3166 2298 2932
3167 3299 2286
3168 2392 812
3169 1348 1456
3170 2082 2171
3171 3125 835
3172 1239 1297
3173 792 82
3174 3048 2859
3175 2817 2607
3176 2857 1884
3177 3146 1563
3178 2473 1710
3179 2152 2314
3180 1439 2563
3181 255 1346
3182 2213 1665
3183 1906 1669
3184 2474 2958
3185 445 3120
3186 3202 887
3187 3174 2147
3188 2401 311
3189 1009 2561
3190 521 1463
3191 3251 570
3192 1759 1297
3193 745 1544
3194 2020 665
3195 3115 1046
3196 643 2942
3197 3259 2568
3198 582 333
3199 2274 1111
3200 1518 855
3201 3325 955
3202 3 436
3203 2707 2542
3204 1128 2760
3205 1675 2542
3206 1363 1477
3207 923 707
3208 668 1201
3209 1252 1443
3210 1843 2122
3211 125 1906
3212 1623 1959
3213 812 2542
3214 165 2176
3215 2908 682
3216 1549 3313
3217 1004 1528
3218 2763 1691
3219 516 1197
3220 1396 715
3221 1998 1376
3222 2991 2079
3223 3138 1075
3224 231 1926
3225 97 533
3226 542 1640
3227 2055 742
3228 1540 454
3229 283 1597
3230 3080 3139
3231 2281 2247
3232 175 2211
3233 18 1009
3234 931 3315
3235 2114 3239
3236 1069 2921
3237 2402 1758
3238 1317 1901
3239 2062 591
3240 873 1176
3241 1482 261
3242 269 955
3243 2641 1882
3244 626 3332
3245 1039 3100
3246 2394 2845
3247 1359 1014
3248 1467 1045
3249 1399 268
3250 2642 1732
3251 371 2950
3252 1945 1193
3253 1199 2673
3254 828 2357
3255 1577 834
3256 1097 2381
3257 2438 2589
3258 839 428
3259 3140 2165
3260 2280 232
3261 1167 2517
3262 3105 1174
3263 1912 1502
3264 1721 3184
3265 3235 658
3266 2752 374
3267 3264 3088
3268 3107 659
3269 1277 257
3270 317 2657
3271 2202 51
3272 2544 2959
3273 1244 2403
3274 3092 2370
3275 582 192
3276 1231 826
3277 2501 1678
3278 2854 1687
3279 1515 1609
3280 338 955
3281 2302 682
3282 3031 2962
3283 242 1455
3284 1681 431
3285 1748 2069
3286 2128 3128
3287 2728 2473
3288 709 1894
3289 3286 128
3290 477 997
3291 384 3044
3292 398 2083
3293 2232 1264
3294 272 3175
3295 1040 2653
3296 2382 2495
3297 2513 1022
3298 2076 2591
3299 911 136
3300 2156 1158
3301 2077 183
3302 380 195
3303 253 653
3304 113 2232
3305 2587 60
3306 1770 30
3307 1211 1926
3308 2446 1642
3309 464 1571
3310 936 2190
3311 2190 995
3312 2580 2402
3313 1442 1172
3314 346 2725
3315 3073 1286
3316 2875 863
3317 3006 3149
3318 1993 2313
3319 256 647
3320 3356 2671
3321 275 1951
3322 2466 980
3323 862 1553
3324 566 2903
3325 213 1743
3326 1333 629
3327 2447 3171
3328 1325 142
3329 2107 2806
3330 151 2061
3331 1166 432
3332 2790 2466
3333 2272 704
3334 608 2290
3335 3129 191
3336 205 1810
3337 2086 2673
3338 2478 2287
3339 1296 1676
3340 335 754
3341 3215 2267
3342 1504 674
3343 1786 3173
3344 2112 1803
3345 1186 1386
3346 3163 445
3347 2176 1549
3348 631 1176
3349 556 3224
3350 2665 1607
3351 848 477
3352 2861 2282
3353 1532 2137
3354 2709 984
3355 1947 2142
3356 2017 4
3357 1510 2417
3358 848 1440
3359 1815 2640
3360 1494 2399
