4160 4160
1 570 1450
2 2833 3114
3 612 2456
4 258 2723
5 2705 2115
6 4079 1557
7 1935 847
8 696 2353
9 3607 2209
10 3905 3226
11 1107 2318
12 152 1782
13 2205 2324
14 3224 2436
15 1034 8
16 2701 48
17 4071 3600
18 2328 292
19 2370 1298
20 2837 3234
21 2477 2092
22 1020 592
23 1854 1126
24 69 2066
25 2842 2917
26 3664 1950
27 2739 481
28 3267 1548
29 16 3033
30 2549 2989
31 2637 389
32 3467 3614
33 482 2636
34 2080 1053
35 2792 2551
36 1515 2843
37 1624 2405
38 2011 2962
39 2518 1665
40 3142 2264
41 2351 2802
42 1155 1845
43 1631 1553
44 1172 626
45 4055 3744
46 3465 2226
47 445 1081
48 1696 3909
49 3443 1220
50 753 1979
51 3100 1325
52 2506 2550
53 668 3478
54 4118 3779
55 3424 3848
56 1987 43
57 2399 1456
58 1123 4
59 1631 1096
60 1875 4045
61 1722 1555
62 1051 698
63 1506 3661
64 3478 2829
65 3491 3682
66 3411 3302
67 424 1950
68 1018 3612
69 1473 613
70 3059 204
71 995 2148
72 1091 2097
73 3569 2759
74 1720 1846
75 1465 3884
76 264 3016
77 514 3544
78 2037 4142
79 453 2793
80 3380 3549
81 313 2508
82 1293 2631
83 787 1328
84 1541 2293
85 3086 187
86 955 2901
87 1064 251
88 1744 3413
89 493 799
90 2314 1328
91 2999 4135
92 2619 456
93 2998 1305
94 3421 3190
95 813 2870
96 1601 1694
97 2749 172
98 873 3782
99 2982 2445
100 1202 1384
101 1227 3456
102 1141 3269
103 1717 2743
104 3056 253
105 3739 2272
106 3489 2269
107 2977 3744
108 563 1592
109 2718 61
110 1884 1465
111 418 858
112 3974 1463
113 184 297
114 493 2250
115 104 3996
116 2760 2334
117 1280 2972
118 4011 517
119 2132 3134
120 428 2130
121 2308 2547
122 1349 675
123 253 2879
124 3321 3582
125 3395 1516
126 506 3616
127 301 2943
128 3275 1553
129 3633 1963
130 3874 2876
131 1441 1925
132 1104 3710
133 630 1784
134 1315 1085
135 3597 3130
136 2188 3195
137 111 2302
138 3581 1898
139 3605 2091
140 277 1218
141 1259 206
142 2559 3346
143 469 3723
144 3607 403
145 496 3290
146 3983 3715
147 730 1904
148 914 177
149 2676 3066
150 39 2068
151 3302 3217
152 2007 2528
153 804 2859
154 4050 859
155 560 3342
156 3087 1517
157 1697 651
158 51 3191
159 482 2856
160 692 1894
161 2941 1502
162 2302 3848
163 1114 2181
164 3157 3806
165 2306 2828
166 2685 2610
167 3689 3245
168 2839 1003
169 2156 3552
170 3532 798
171 1559 1167
172 2542 1319
173 3114 3339
174 3357 3065
175 989 1917
176 3688 2354
177 1569 159
178 1525 2355
179 3177 1900
180 1955 3502
181 1449 2900
182 1005 3904
183 477 821
184 3410 3394
185 1166 3335
186 3507 1818
187 1489 3478
188 3900 2391
189 1104 2102
190 2246 3902
191 589 2866
192 2428 414
193 1891 3461
194 1405 1387
195 271 1101
196 1218 904
197 1328 1084
198 4097 1958
199 1419 2769
200 785 141
201 2450 3334
202 1486 1912
203 3622 2955
204 895 2598
205 3546 3892
206 182 2478
207 2106 239
208 184 1747
209 332 120
210 2398 2072
211 2965 1232
212 1147 4118
213 863 1003
214 2495 3659
215 1274 168
216 796 2229
217 1 135
218 1383 2719
219 862 1495
220 704 2108
221 400 173
222 2357 1778
223 1644 2971
224 1188 3384
225 1442 288
226 2528 2915
227 1602 4125
228 2902 701
229 319 3272
230 2033 280
231 1650 1636
232 1914 2657
233 1634 1841
234 2628 120
235 2818 864
236 3143 1855
237 2235 201
238 1163 2162
239 3692 2720
240 2312 1078
241 2799 3814
242 523 820
243 607 1564
244 795 3431
245 791 829
246 3485 3380
247 2108 556
248 3573 2491
249 3517 2668
250 3246 2475
251 409 2127
252 156 2010
253 3298 1905
254 3199 3477
255 2881 1893
256 1387 692
257 2811 1840
258 4134 498
259 1842 1845
260 2066 2428
261 3183 241
262 3660 2120
263 3806 3177
264 2003 3560
265 2138 32
266 941 3551
267 1771 1548
268 2822 2419
269 1230 203
270 667 3459
271 2228 147
272 1878 2075
273 1228 3815
274 1530 3526
275 3589 1169
276 2946 547
277 3471 908
278 69 3324
279 3298 1537
280 3229 1170
281 3650 3445
282 2440 1277
283 3649 4096
284 846 2163
285 261 2113
286 1573 1382
287 1164 656
288 3537 3795
289 3308 52
290 2895 535
291 544 2838
292 1140 2437
293 576 2870
294 274 1847
295 3920 29
296 1755 225
297 3580 3283
298 1097 2924
299 2850 1553
300 2557 1601
301 3857 1721
302 3174 163
303 721 1221
304 3940 3075
305 1123 1277
306 2989 334
307 969 1710
308 3120 1034
309 4105 23
310 57 1377
311 751 3429
312 1365 1725
313 1937 3042
314 1398 1684
315 2966 1193
316 1113 2374
317 2809 3677
318 3941 1125
319 3531 3162
320 87 2067
321 3127 3756
322 924 2899
323 2762 2367
324 3326 1497
325 3699 2007
326 67 4003
327 2439 3329
328 1618 3788
329 3720 3722
330 1240 2207
331 3494 3374
332 1578 2729
333 1734 3859
334 3564 1426
335 323 1400
336 305 3181
337 3570 744
338 1699 2957
339 3371 1459
340 2854 3994
341 1797 862
342 2680 2981
343 2080 2138
344 1436 1657
345 3305 2803
346 759 2867
347 1369 2570
348 3706 2707
349 1407 1413
350 2433 274
351 3200 69
352 379 2294
353 3740 2264
354 3212 2533
355 2354 1201
356 3247 119
357 3207 725
358 2656 1934
359 2691 1046
360 2809 170
361 3708 2565
362 2907 4088
363 1911 932
364 1999 3115
365 1324 1306
366 2157 526
367 906 42
368 701 217
369 1083 3366
370 4061 2562
371 361 1056
372 1827 2517
373 65 2722
374 3266 1351
375 55 1119
376 882 3912
377 970 2793
378 1931 1111
379 585 2531
380 2802 346
381 3926 1850
382 888 3950
383 3562 4112
384 4159 2684
385 2713 249
386 4063 3469
387 2775 1386
388 2568 1695
389 2492 1326
390 2728 1719
391 1988 1179
392 591 3642
393 282 261
394 81 3703
395 726 4017
396 2539 2440
397 1540 1485
398 2154 2969
399 2087 1950
400 1097 71
401 3581 1721
402 3737 2541
403 2565 3446
404 1574 890
405 1151 3618
406 2072 1415
407 1779 436
408 23 2344
409 3508 194
410 3443 2370
411 3110 2933
412 1154 3676
413 318 3963
414 2379 888
415 457 2299
416 3618 1187
417 496 2126
418 149 3787
419 506 1068
420 71 3601
421 530 2724
422 411 3487
423 3147 3153
424 852 636
425 2401 2185
426 1082 1117
427 1282 2391
428 1663 1150
429 2572 2732
430 2850 1522
431 89 2321
432 1876 2104
433 3065 608
434 1433 2382
435 62 1460
436 1266 3146
437 766 3358
438 1721 550
439 532 3545
440 3084 3548
441 1000 257
442 2541 3442
443 2352 1215
444 1769 24
445 2615 2824
446 2424 1392
447 2461 3207
448 549 685
449 2464 1111
450 1903 3871
451 2649 1782
452 3118 1421
453 714 3574
454 2873 1861
455 2966 3510
456 3528 1264
457 3665 465
458 918 2921
459 1530 1173
460 2249 3599
461 2310 3639
462 149 2201
463 2848 773
464 3678 3882
465 1645 923
466 3293 1318
467 2452 2202
468 2948 1603
469 2174 3606
470 2469 547
471 3418 2191
472 3088 1889
473 1509 3299
474 4027 2474
475 808 3905
476 2215 2446
477 1794 545
478 449 2518
479 1255 2675
480 2759 3289
481 1257 2133
482 2347 2826
483 2550 1160
484 1660 3476
485 1507 3301
486 2435 1129
487 1127 1164
488 1003 278
489 1067 4126
490 102 860
491 705 3628
492 2251 1915
493 4081 3566
494 1156 1935
495 2940 1849
496 3239 3743
497 3803 3307
498 2723 2996
499 3976 2153
500 1630 807
501 3711 11
502 3292 2430
503 3206 853
504 611 2937
505 2411 2601
506 2525 3047
507 205 3772
508 2365 2942
509 541 1031
510 805 1067
511 1254 4095
512 2695 3047
513 2763 1542
514 3595 3147
515 3153 1251
516 2545 2725
517 2141 560
518 2104 2699
519 1726 466
520 2046 3631
521 3309 2670
522 936 2548
523 3540 1882
524 388 448
525 3150 594
526 2285 1555
527 4142 493
528 688 3927
529 2306 847
530 1197 1976
531 2777 95
532 4031 373
533 322 3580
534 287 3831
535 3351 3243
536 3781 2082
537 826 2132
538 2833 1195
539 3039 3695
540 3946 2089
541 1803 2233
542 2405 2414
543 2458 3307
544 1384 2071
545 3271 108
546 2319 1314
547 1448 198
548 4046 2816
549 2104 1559
550 1496 427
551 1305 1353
552 3712 1914
553 3225 3587
554 286 2355
555 437 3361
556 3957 3808
557 2844 2402
558 2322 3173
559 2165 1249
560 1591 2768
561 3170 2503
562 953 1906
563 391 830
564 4135 1710
565 3846 105
566 1260 1103
567 3917 338
568 1207 734
569 1939 3491
570 2713 3125
571 3230 602
572 1646 3854
573 969 2871
574 767 735
575 964 567
576 3239 3754
577 348 3526
578 629 335
579 381 3185
580 530 358
581 117 1818
582 484 3530
583 3450 2991
584 1777 1079
585 2735 1053
586 456 600
587 2339 704
588 2333 218
589 1562 2910
590 1331 3973
591 1809 3734
592 1407 3020
593 2300 339
594 2442 2019
595 3794 3653
596 855 784
597 907 1106
598 1286 709
599 1577 1032
600 2040 1581
601 2869 2839
602 180 709
603 2763 1021
604 1865 1005
605 984 2433
606 3637 383
607 419 3172
608 454 1375
609 2762 3733
610 383 2963
611 1614 36
612 3261 3157
613 2962 3385
614 2330 679
615 544 2182
616 1106 3687
617 1965 3066
618 1956 4131
619 2270 3960
620 3323 2094
621 2635 1991
622 2254 884
623 2434 3147
624 1541 3018
625 2063 3828
626 93 2313
627 2554 885
628 653 1117
629 2834 1719
630 3498 3673
631 41 4111
632 2184 3405
633 4128 1262
634 3938 1691
635 3365 1880
636 3452 1158
637 1401 3288
638 2886 2828
639 1591 3057
640 2116 1462
641 3410 1239
642 2156 749
643 3422 1632
644 1935 527
645 2578 2293
646 2236 2114
647 332 1741
648 2146 3721
649 2837 2780
650 3444 3925
651 2342 3655
652 466 1309
653 1324 1372
654 1509 3568
655 521 128
656 2122 330
657 2523 1384
658 3188 998
659 2624 3276
660 2443 212
661 410 4121
662 345 2443
663 3279 2343
664 2983 3712
665 3348 106
666 35 568
667 3884 1900
668 837 1242
669 491 251
670 1587 1992
671 3968 3870
672 417 2991
673 3762 1998
674 508 1117
675 3818 419
676 9 3923
677 1074 77
678 841 156
679 3004 2116
680 1953 3741
681 1318 386
682 2295 3692
683 1276 495
684 543 2470
685 447 413
686 1527 1147
687 101 2357
688 3535 1613
689 864 2481
690 1486 2234
691 2403 12
692 208 1589
693 803 3447
694 3284 3740
695 3034 2830
696 3990 1285
697 1554 3594
698 2360 923
699 1888 2680
700 678 1576
701 1454 362
702 3578 2482
703 3646 1708
704 285 3147
705 364 2361
706 688 3940
707 564 2607
708 3306 2146
709 1843 65
710 642 884
711 178 2988
712 463 2403
713 4000 2028
714 3438 2730
715 671 1135
716 2788 1609
717 3587 2378
718 3396 3285
719 790 1131
720 2771 1810
721 2335 3343
722 107 579
723 3683 1333
724 1181 1217
725 3117 1874
726 3226 3659
727 139 1478
728 2388 1949
729 3161 591
730 96 2436
731 3522 1916
732 1567 2224
733 4099 2085
734 477 1867
735 626 730
736 2233 905
737 3007 2585
738 390 3648
739 3643 2692
740 2802 3515
741 214 1169
742 1765 1802
743 877 3780
744 3052 1243
745 2692 3226
746 1111 79
747 2895 3144
748 992 3334
749 1080 931
750 1229 2236
751 3484 993
752 3863 2393
753 4119 448
754 779 195
755 705 1093
756 2993 503
757 2040 3368
758 172 3736
759 2464 2766
760 2401 838
761 1897 4151
762 2971 371
763 2704 1209
764 1838 3506
765 2281 493
766 3931 1617
767 3483 168
768 2356 2793
769 4076 557
770 704 3763
771 4031 1696
772 1185 3614
773 3226 2046
774 3572 3294
775 365 524
776 1337 3078
777 2960 781
778 244 3865
779 1741 184
780 2195 29
781 158 4009
782 3408 882
783 3640 1047
784 153 1954
785 3144 3526
786 1327 3961
787 3580 1214
788 1420 3223
789 1349 1787
790 1672 2115
791 1499 1574
792 1213 3778
793 2690 3140
794 170 1193
795 1421 2414
796 85 1839
797 4128 2881
798 884 2950
799 3897 22
800 1166 2604
801 1394 3828
802 3998 3901
803 2880 1413
804 376 3467
805 1536 1607
806 1519 3376
807 3507 1476
808 181 2659
809 1286 580
810 2884 138
811 3224 2305
812 189 4111
813 502 1627
814 911 3446
815 1129 1677
816 3483 2478
817 242 736
818 2966 3046
819 1876 2847
820 1902 1441
821 3539 74
822 3056 2957
823 1980 2382
824 2537 720
825 2917 1781
826 1419 1189
827 2422 3483
828 3475 1190
829 360 2785
830 2985 2665
831 1613 37
832 4104 3216
833 2961 1969
834 2526 2908
835 2111 242
836 4086 3330
837 2182 3180
838 3284 2945
839 1406 2157
840 544 1266
841 3750 2559
842 2503 1185
843 1648 3170
844 2527 3291
845 511 1209
846 2122 3464
847 239 1988
848 2524 3068
849 1174 1294
850 3520 840
851 2057 104
852 3351 4118
853 4066 1429
854 4067 757
855 3201 583
856 3556 2673
857 2833 1419
858 576 3175
859 3020 2624
860 1768 2135
861 1730 205
862 2873 3003
863 1302 3859
864 2848 2583
865 2953 4065
866 3330 402
867 763 4135
868 1243 3204
869 1006 494
870 677 3664
871 2574 1990
872 2619 1972
873 2670 127
874 638 2398
875 3029 348
876 3512 2690
877 3513 1092
878 2175 2025
879 1866 2363
880 2332 1548
881 2098 1681
882 557 993
883 2524 2969
884 776 2805
885 1779 477
886 545 3835
887 2092 144
888 686 3747
889 3974 2628
890 3208 2927
891 1296 925
892 1621 1347
893 4140 1158
894 2852 763
895 3220 3938
896 2840 2560
897 1562 2310
898 2825 4062
899 244 2149
900 3879 3856
901 375 523
902 865 2269
903 2787 1679
904 2693 2408
905 3616 1539
906 2728 2050
907 1159 493
908 1352 1474
909 100 4027
910 112 984
911 443 2930
912 3036 158
913 456 2792
914 3358 2736
915 395 1395
916 4032 1790
917 3588 4065
918 3691 2015
919 2620 1129
920 2567 1960
921 3460 2082
922 2148 3262
923 3905 755
924 2137 3048
925 1193 971
926 2858 1320
927 2695 3410
928 3567 2636
929 261 1631
930 3379 4160
931 2730 235
932 1947 1126
933 3426 3205
934 3976 937
935 2750 136
936 1982 1998
937 3067 3851
938 2501 715
939 2567 663
940 2831 1117
941 1921 1566
942 412 1429
943 1536 2537
944 1371 1394
945 1752 1619
946 1682 885
947 2904 1205
948 319 2481
949 535 3169
950 1024 4130
951 177 3347
952 1456 3903
953 2316 1380
954 3987 3603
955 96 3713
956 1140 2888
957 1270 2524
958 3084 1989
959 3631 2529
960 2150 3642
961 3913 2540
962 1921 1080
963 2334 441
964 1782 3591
965 1069 2012
966 538 562
967 2397 1202
968 934 2022
969 2431 3351
970 1237 827
971 1044 2329
972 2510 1810
973 79 3757
974 2115 544
975 92 1825
976 1625 3849
977 2400 2706
978 1161 2993
979 3011 3295
980 3654 3983
981 44 4125
982 608 3
983 2891 1676
984 2344 3945
985 1821 330
986 1557 3118
987 1195 3335
988 1894 1442
989 3156 121
990 2441 335
991 3405 785
992 3260 1418
993 2022 2669
994 818 1735
995 719 399
996 2680 3441
997 1114 1038
998 3160 2298
999 898 1163
1000 3901 1392
1001 2861 1767
1002 985 1938
1003 2606 435
1004 3012 2977
1005 1038 1641
1006 870 4090
1007 1164 153
1008 534 1186
1009 98 3045
1010 3011 739
1011 3786 2545
1012 1235 3543
1013 961 2070
1014 1419 3138
1015 3531 1110
1016 1135 4004
1017 2487 21
1018 426 1743
1019 3748 1734
1020 2735 3703
1021 1732 1315
1022 97 968
1023 736 2081
1024 3505 956
1025 3101 2531
1026 646 1324
1027 317 2158
1028 2657 1446
1029 1768 1565
1030 3393 3393
1031 3373 213
1032 3524 1901
1033 1092 3708
1034 2512 3342
1035 1046 102
1036 3057 1675
1037 574 2128
1038 387 417
1039 210 1297
1040 2899 3966
1041 3229 3021
1042 1409 1163
1043 2351 364
1044 2920 265
1045 2392 3851
1046 3201 2335
1047 1904 1201
1048 3333 2610
1049 1434 1796
1050 2770 1783
1051 2954 764
1052 2256 901
1053 3589 4057
1054 660 1967
1055 3944 2257
1056 3397 1744
1057 812 2893
1058 3773 3111
1059 3816 3860
1060 4146 742
1061 3032 4040
1062 3989 1861
1063 1692 912
1064 4154 1948
1065 2436 1557
1066 570 433
1067 2890 3057
1068 597 1998
1069 1504 4068
1070 3612 4119
1071 1260 1481
1072 1295 2715
1073 1170 137
1074 1218 3753
1075 1265 3087
1076 3717 3877
1077 3696 4092
1078 1283 2779
1079 1722 1243
1080 683 2194
1081 199 2071
1082 1678 3685
1083 30 2027
1084 2440 2190
1085 983 3419
1086 3299 132
1087 1830 1570
1088 2680 967
1089 3669 107
1090 2967 2809
1091 145 2372
1092 1513 3119
1093 2600 1935
1094 660 2248
1095 3089 314
1096 2079 701
1097 3629 434
1098 3735 826
1099 2444 3476
1100 2673 4140
1101 2227 1893
1102 2800 3548
1103 285 322
1104 3658 3323
1105 2815 3098
1106 774 3070
1107 2320 3290
1108 2024 2028
1109 3465 1321
1110 80 2101
1111 3305 1302
1112 2336 773
1113 3709 1678
1114 2461 1945
1115 1630 3731
1116 2904 3473
1117 3643 2537
1118 3277 839
1119 1689 3155
1120 3403 1760
1121 663 3773
1122 597 3168
1123 3959 4155
1124 2377 3907
1125 986 2994
1126 1855 2057
1127 971 1493
1128 2676 3345
1129 2175 1044
1130 2088 3049
1131 1051 2575
1132 3588 741
1133 2935 2769
1134 1408 302
1135 2338 1851
1136 3076 477
1137 1702 574
1138 781 3273
1139 269 14
1140 659 2396
1141 547 3155
1142 2217 1837
1143 3070 1697
1144 36 1289
1145 508 1706
1146 3391 147
1147 2188 3314
1148 1470 1423
1149 3824 132
1150 274 1913
1151 3777 2596
1152 637 1819
1153 1331 1924
1154 1910 4062
1155 1050 2938
1156 591 3873
1157 45 1202
1158 2261 2696
1159 2058 480
1160 2232 727
1161 3131 185
1162 555 3263
1163 824 2851
1164 2062 3959
1165 2029 1642
1166 3147 3535
1167 1853 1012
1168 3837 577
1169 2566 1271
1170 3736 3594
1171 39 2473
1172 2181 2488
1173 2879 3960
1174 3788 2755
1175 3960 1468
1176 3447 1248
1177 196 2474
1178 1461 2132
1179 2663 2634
1180 380 3910
1181 3446 2987
1182 2034 4057
1183 286 917
1184 78 120
1185 2471 4159
1186 4090 435
1187 1402 514
1188 2748 3017
1189 3938 142
1190 1494 1670
1191 3407 860
1192 1451 3215
1193 3488 2723
1194 1698 4155
1195 482 1871
1196 720 1764
1197 2323 1007
1198 3153 2878
1199 236 2862
1200 3190 1448
1201 2591 1668
1202 2022 3009
1203 1054 365
1204 574 2173
1205 476 2522
1206 123 2744
1207 3415 423
1208 154 3593
1209 150 910
1210 2237 2139
1211 1647 3802
1212 3153 3448
1213 2573 1502
1214 4078 423
1215 3440 998
1216 1982 2680
1217 1141 2670
1218 1442 4125
1219 3800 2578
1220 3217 1595
1221 3063 2118
1222 3587 4033
1223 281 2823
1224 269 1145
1225 3630 1298
1226 2125 1373
1227 1625 1619
1228 1928 3179
1229 3755 3616
1230 978 3323
1231 1266 2343
1232 750 2193
1233 2354 3173
1234 2295 751
1235 4082 3929
1236 2558 1068
1237 1274 2041
1238 2421 2570
1239 220 3299
1240 3468 2181
1241 625 2006
1242 3737 4008
1243 1637 354
1244 61 612
1245 3638 3485
1246 1669 1571
1247 760 2840
1248 2702 3802
1249 2461 2385
1250 3117 1246
1251 1587 3115
1252 781 632
1253 46 2395
1254 3994 2619
1255 1704 2147
1256 3550 213
1257 1574 1284
1258 3882 1765
1259 2461 3311
1260 504 3980
1261 308 1022
1262 78 2311
1263 140 3489
1264 1574 124
1265 3710 2267
1266 1611 978
1267 227 2862
1268 3654 582
1269 4122 275
1270 3386 124
1271 3781 1071
1272 973 4114
1273 3157 2691
1274 3208 3515
1275 3848 2211
1276 897 3019
1277 2031 2473
1278 2807 3278
1279 821 2026
1280 3005 1182
1281 3997 169
1282 2395 501
1283 843 3659
1284 2289 3519
1285 2950 3275
1286 1565 4019
1287 2940 2159
1288 287 3748
1289 1863 2619
1290 443 1491
1291 942 1124
1292 2975 712
1293 3887 2759
1294 518 1697
1295 2172 1755
1296 2140 2153
1297 3075 357
1298 1955 1900
1299 2738 2730
1300 1237 330
1301 3963 1450
1302 1227 331
1303 916 1611
1304 2333 2738
1305 706 3284
1306 2315 2965
1307 2968 2907
1308 1628 3948
1309 186 2113
1310 2756 3623
1311 3623 2716
1312 2891 2629
1313 1527 949
1314 1644 4130
1315 97 2356
1316 1851 2960
1317 2431 3672
1318 1099 42
1319 22 3307
1320 2639 805
1321 2001 2870
1322 1151 3240
1323 3597 945
1324 4158 1118
1325 1178 893
1326 2105 1545
1327 2560 1686
1328 2834 2457
1329 1793 1219
1330 4030 3517
1331 2206 1551
1332 2283 697
1333 3805 3325
1334 615 57
1335 8 1080
1336 3965 484
1337 2105 1225
1338 2465 2293
1339 725 396
1340 3214 2694
1341 2327 1125
1342 1197 4078
1343 1103 1007
1344 3641 653
1345 1450 1589
1346 1441 37
1347 1267 741
1348 2157 3372
1349 1370 2753
1350 933 1439
1351 1716 1112
1352 2734 3032
1353 2372 2485
1354 4151 2147
1355 3705 1110
1356 1747 2766
1357 3575 1312
1358 3367 575
1359 1947 2896
1360 647 3786
1361 441 2613
1362 2012 899
1363 423 1245
1364 1545 2321
1365 2752 1293
1366 270 1604
1367 1890 3188
1368 1516 41
1369 825 994
1370 1674 1179
1371 3776 694
1372 1623 348
1373 2564 2133
1374 1713 1700
1375 1068 34
1376 1605 3064
1377 54 2858
1378 4152 3967
1379 2371 1118
1380 1990 1105
1381 2902 3079
1382 1705 530
1383 3545 3317
1384 2301 4158
1385 480 2680
1386 2657 2436
1387 3634 2323
1388 3040 408
1389 1926 3374
1390 977 3012
1391 3850 1099
1392 3771 3967
1393 873 507
1394 1789 1344
1395 3598 3474
1396 1326 1428
1397 3812 1944
1398 704 1839
1399 1953 3585
1400 234 3839
1401 1538 3168
1402 838 2183
1403 1368 1239
1404 2487 875
1405 451 3858
1406 3472 1607
1407 126 3701
1408 1201 3397
1409 2715 1106
1410 2547 1775
1411 1168 352
1412 3527 577
1413 2099 3304
1414 2265 2883
1415 1282 2306
1416 763 2326
1417 1382 3392
1418 2111 2380
1419 1337 2921
1420 2084 3581
1421 2949 2025
1422 1270 2902
1423 591 3718
1424 879 1077
1425 20 470
1426 162 4083
1427 1554 1840
1428 538 1793
1429 1930 3808
1430 126 2039
1431 4 2335
1432 951 2088
1433 1877 770
1434 1621 1338
1435 157 241
1436 751 693
1437 2579 1627
1438 2762 1369
1439 1925 552
1440 2940 117
1441 2074 1775
1442 3154 2421
1443 347 1258
1444 1390 1276
1445 2609 2854
1446 2229 1842
1447 3952 639
1448 3496 3744
1449 2069 2188
1450 4048 2042
1451 3340 983
1452 2016 251
1453 2166 3408
1454 918 823
1455 360 2818
1456 674 1773
1457 2871 3141
1458 3018 797
1459 1011 2166
1460 973 153
1461 625 2020
1462 3718 3229
1463 782 2892
1464 3732 355
1465 2352 3208
1466 2296 1203
1467 1871 3971
1468 2558 121
1469 180 1456
1470 2912 1945
1471 2561 1275
1472 3943 3399
1473 4018 1216
1474 2899 82
1475 1314 1212
1476 2429 320
1477 2641 4033
1478 1467 2976
1479 3172 3181
1480 2628 2908
1481 3437 3676
1482 2452 206
1483 3437 1629
1484 1042 2580
1485 2136 2979
1486 3121 2791
1487 3287 2685
1488 3284 488
1489 1683 1097
1490 4021 2172
1491 3249 3236
1492 2055 1306
1493 2649 3428
1494 1370 3042
1495 4092 1674
1496 1088 2353
1497 85 1970
1498 3502 1458
1499 687 781
1500 3364 3383
1501 871 2833
1502 2833 1416
1503 2035 2735
1504 49 250
1505 675 710
1506 3640 2180
1507 2087 2006
1508 1267 1871
1509 1170 1591
1510 3245 3276
1511 2269 1547
1512 2511 2378
1513 2991 753
1514 1996 72
1515 3483 3451
1516 1788 2696
1517 2539 2723
1518 3527 1572
1519 924 2681
1520 1797 3365
1521 2473 3296
1522 739 402
1523 2509 1530
1524 2441 454
1525 3203 2657
1526 1914 3013
1527 1680 1624
1528 1915 1168
1529 259 3329
1530 3511 1527
1531 2492 1616
1532 994 2479
1533 3179 319
1534 2717 228
1535 1114 3
1536 3994 3985
1537 2094 767
1538 2816 781
1539 1449 1528
1540 81 2536
1541 2100 2506
1542 3274 4150
1543 2204 3737
1544 4106 299
1545 1626 2186
1546 1335 1960
1547 1943 114
1548 2973 1301
1549 2287 2766
1550 1177 3184
1551 1717 2421
1552 1014 677
1553 2168 2316
1554 2453 2014
1555 1093 3641
1556 3666 2908
1557 877 2906
1558 420 263
1559 2185 3318
1560 2885 3650
1561 4155 2931
1562 3476 579
1563 1974 10
1564 2359 2146
1565 2240 697
1566 2500 623
1567 2934 1400
1568 674 1609
1569 401 2157
1570 1771 2796
1571 1065 1571
1572 1813 1803
1573 3895 1529
1574 658 2591
1575 3167 855
1576 3956 2878
1577 4142 358
1578 1493 239
1579 672 641
1580 3062 2493
1581 549 422
1582 38 394
1583 1380 2290
1584 294 2726
1585 1601 3468
1586 3082 2848
1587 1051 2912
1588 1250 220
1589 3865 2447
1590 538 3622
1591 999 1892
1592 4063 3910
1593 315 2379
1594 1155 1685
1595 349 1725
1596 1635 3215
1597 742 3199
1598 839 3049
1599 3592 2508
1600 2313 2788
1601 974 2256
1602 2106 2914
1603 2853 3670
1604 833 440
1605 2140 1476
1606 4101 518
1607 424 1414
1608 2509 963
1609 3627 904
1610 102 2524
1611 1270 232
1612 262 2815
1613 4044 3627
1614 3822 2354
1615 552 1390
1616 1301 298
1617 1858 2976
1618 3586 1625
1619 15 1263
1620 1402 1351
1621 1927 832
1622 1499 2916
1623 2602 2083
1624 2120 477
1625 2501 1990
1626 1862 877
1627 114 809
1628 1574 566
1629 2654 2129
1630 1317 912
1631 4110 2817
1632 1616 2849
1633 1124 806
1634 1515 1262
1635 671 2322
1636 3732 3120
1637 3106 1259
1638 228 2731
1639 2486 677
1640 470 3899
1641 1233 365
1642 2347 47
1643 2969 3239
1644 1356 2203
1645 3620 2907
1646 3506 2857
1647 3266 107
1648 259 3184
1649 125 2505
1650 2558 2504
1651 1055 870
1652 2264 2524
1653 2741 4142
1654 3815 3840
1655 2899 2674
1656 1792 3589
1657 3416 2854
1658 3356 715
1659 3507 3020
1660 1025 215
1661 2342 368
1662 478 358
1663 3722 3094
1664 3510 3136
1665 1556 3505
1666 2112 848
1667 1622 2709
1668 718 1778
1669 2377 3695
1670 878 2830
1671 1481 2996
1672 2446 2533
1673 2017 2839
1674 2723 4073
1675 2697 191
1676 1419 1362
1677 2861 1016
1678 3824 2734
1679 816 2216
1680 1968 1656
1681 1137 1414
1682 444 3693
1683 781 3654
1684 3262 3867
1685 1253 3095
1686 1535 3003
1687 2209 81
1688 3399 3456
1689 3829 1641
1690 3142 880
1691 546 1896
1692 2226 1203
1693 2752 539
1694 1394 1578
1695 2428 1803
1696 3835 2113
1697 3741 2799
1698 569 1288
1699 2699 2465
1700 3056 574
1701 3089 3535
1702 1507 2479
1703 1250 3635
1704 309 3073
1705 3482 2245
1706 1742 2185
1707 2823 1135
1708 2560 227
1709 424 449
1710 3050 4097
1711 1908 3430
1712 2141 1859
1713 2590 1879
1714 4158 1544
1715 2776 2958
1716 2540 1092
1717 470 1150
1718 3490 1427
1719 596 2433
1720 222 2509
1721 1114 3601
1722 3139 283
1723 767 3196
1724 3515 201
1725 3436 1874
1726 3234 2396
1727 994 3873
1728 3359 2661
1729 63 3875
1730 2644 1430
1731 2172 501
1732 441 3925
1733 3963 3083
1734 1475 2063
1735 1728 2787
1736 3339 15
1737 1853 2167
1738 1708 1487
1739 1810 3895
1740 3501 3150
1741 4052 310
1742 1248 3106
1743 2509 3364
1744 2441 2896
1745 901 636
1746 1667 3098
1747 4160 702
1748 2144 3672
1749 8 992
1750 1104 1418
1751 2029 960
1752 4036 3437
1753 201 734
1754 338 3276
1755 3016 968
1756 348 1433
1757 3688 3349
1758 1773 380
1759 2558 470
1760 3107 2731
1761 314 2826
1762 2387 891
1763 2731 1233
1764 489 374
1765 326 2276
1766 911 3245
1767 3619 386
1768 272 79
1769 2952 686
1770 3646 1019
1771 1514 1367
1772 2193 2771
1773 4081 3608
1774 1872 1874
1775 2492 1889
1776 2741 2591
1777 1061 1461
1778 3532 3170
1779 2822 2711
1780 1756 3158
1781 2364 894
1782 1161 3999
1783 1898 3280
1784 3961 3486
1785 2113 1934
1786 822 4099
1787 191 972
1788 2515 1571
1789 1526 3173
1790 851 651
1791 79 172
1792 3334 531
1793 1550 678
1794 885 2678
1795 1624 3574
1796 704 2145
1797 3378 3416
1798 3334 137
1799 2187 3922
1800 3013 386
1801 3517 1896
1802 1538 590
1803 3536 208
1804 2028 3442
1805 4095 1125
1806 828 1743
1807 2495 2784
1808 3679 3184
1809 1022 2115
1810 2903 1504
1811 1577 2583
1812 2911 190
1813 2480 409
1814 270 2131
1815 1549 1649
1816 3965 1698
1817 323 739
1818 1580 2433
1819 3619 905
1820 290 680
1821 917 321
1822 3540 264
1823 853 1955
1824 392 2334
1825 572 2870
1826 4154 2247
1827 1537 995
1828 383 1430
1829 3775 745
1830 3688 676
1831 2297 1363
1832 297 359
1833 539 2343
1834 571 3398
1835 2434 2145
1836 958 940
1837 2751 3167
1838 1571 3804
1839 1368 2270
1840 1993 3012
1841 1104 3237
1842 2022 1236
1843 1961 2496
1844 617 2448
1845 3878 1456
1846 1053 996
1847 21 33
1848 977 504
1849 3661 1884
1850 374 1349
1851 3061 2878
1852 1352 2727
1853 389 2345
1854 1713 691
1855 2001 1913
1856 2858 3210
1857 2243 2106
1858 803 3118
1859 3880 3352
1860 2213 2133
1861 750 1750
1862 1846 3644
1863 3371 195
1864 1404 1790
1865 3234 3499
1866 3046 933
1867 322 842
1868 2376 128
1869 3120 1030
1870 3653 1078
1871 774 4125
1872 2482 665
1873 2396 1051
1874 1336 2111
1875 2118 209
1876 1594 3277
1877 989 4100
1878 3768 2388
1879 1795 1634
1880 3124 2081
1881 929 1530
1882 3027 527
1883 4147 939
1884 3269 992
1885 3399 3037
1886 3112 3660
1887 1985 48
1888 3946 89
1889 3363 2290
1890 1519 748
1891 3531 4117
1892 3954 1631
1893 1086 672
1894 1582 851
1895 1443 868
1896 1855 2568
1897 275 1906
1898 1668 43
1899 3216 1675
1900 3721 1454
1901 210 856
1902 2211 3486
1903 3722 3547
1904 858 2290
1905 2593 870
1906 3598 2591
1907 4096 1547
1908 3987 2548
1909 2006 1939
1910 3231 3682
1911 2773 3123
1912 38 539
1913 1470 763
1914 3139 3552
1915 799 3985
1916 730 3091
1917 1178 1630
1918 3260 1812
1919 2599 3911
1920 3402 522
1921 2012 1311
1922 3230 1792
1923 1389 1179
1924 486 3315
1925 879 1350
1926 2258 3049
1927 1121 2549
1928 2609 2372
1929 1388 2686
1930 2390 22
1931 746 3493
1932 577 439
1933 1766 2775
1934 1467 4053
1935 2018 667
1936 2434 2316
1937 1759 4101
1938 1446 2934
1939 2392 108
1940 2547 4037
1941 848 2335
1942 3856 1487
1943 3277 3540
1944 2983 2728
1945 2405 929
1946 1862 758
1947 3832 2415
1948 1158 769
1949 318 747
1950 1066 522
1951 2307 1534
1952 2249 2462
1953 2799 3072
1954 4144 1706
1955 1163 488
1956 3074 4049
1957 1729 1672
1958 3489 2556
1959 2595 1527
1960 210 2226
1961 3055 1870
1962 2587 424
1963 3602 3351
1964 2864 1690
1965 2282 450
1966 207 3866
1967 720 3674
1968 3945 2216
1969 1750 2040
1970 770 2116
1971 2189 1718
1972 90 832
1973 1035 4071
1974 461 2009
1975 2859 2693
1976 1592 1735
1977 596 2091
1978 1117 403
1979 2495 1989
1980 1865 3689
1981 4019 3268
1982 884 1774
1983 2387 470
1984 1256 4115
1985 2267 1301
1986 677 363
1987 3239 4094
1988 901 4090
1989 3893 294
1990 476 782
1991 1131 1640
1992 3426 786
1993 3036 930
1994 4052 1056
1995 903 3233
1996 983 1751
1997 672 793
1998 3167 621
1999 3091 3866
2000 1359 1607
2001 3143 767
2002 3553 3015
2003 2655 489
2004 2825 870
2005 1671 2027
2006 1109 1858
2007 2349 1159
2008 3992 1273
2009 973 922
2010 2567 1142
2011 3954 403
2012 2467 3595
2013 3258 361
2014 2136 2112
2015 2329 718
2016 4070 3435
2017 1888 4062
2018 3518 513
2019 3008 1309
2020 2095 3436
2021 1673 800
2022 1665 3550
2023 1080 2314
2024 993 612
2025 1457 570
2026 511 446
2027 201 707
2028 2229 1070
2029 775 3165
2030 297 3215
2031 1708 1114
2032 3380 1960
2033 3632 923
2034 2692 1473
2035 655 2243
2036 1086 373
2037 1604 2796
2038 1640 2569
2039 789 1881
2040 2439 3260
2041 911 3180
2042 2948 2912
2043 1107 3929
2044 789 296
2045 721 2715
2046 345 3521
2047 2388 2022
2048 3 3302
2049 2879 412
2050 1274 2030
2051 1366 2499
2052 4160 2345
2053 2624 1847
2054 1746 3948
2055 2378 3228
2056 656 3497
2057 240 1751
2058 1054 2051
2059 2072 1918
2060 650 3488
2061 480 1996
2062 495 1023
2063 345 3354
2064 2329 1868
2065 3795 2890
2066 169 369
2067 3676 70
2068 2107 3632
2069 4099 1257
2070 775 1774
2071 3170 1275
2072 1925 1554
2073 1179 1379
2074 789 207
2075 97 1432
2076 93 2174
2077 890 985
2078 2740 3056
2079 2564 222
2080 2047 1666
2081 2038 3086
2082 473 3506
2083 1513 1138
2084 1721 1328
2085 1559 1834
2086 846 3129
2087 1570 670
2088 4142 544
2089 3672 504
2090 3056 1261
2091 1589 785
2092 3030 1643
2093 3625 296
2094 3056 3965
2095 3036 2650
2096 3773 3825
2097 304 3662
2098 1362 3352
2099 262 817
2100 384 3732
2101 195 354
2102 2161 4146
2103 1236 2798
2104 2515 2746
2105 3311 3390
2106 1144 1285
2107 28 3855
2108 2365 2255
2109 1269 1699
2110 682 1677
2111 3114 3382
2112 1626 1409
2113 583 1140
2114 2204 651
2115 698 2921
2116 1624 642
2117 1360 3577
2118 1974 2499
2119 2751 2641
2120 2555 1353
2121 1193 2461
2122 1014 1534
2123 3999 2940
2124 3930 3537
2125 1316 817
2126 3372 905
2127 2100 2267
2128 3168 1753
2129 3077 4135
2130 3582 1844
2131 1549 1732
2132 2123 3938
2133 452 2775
2134 2406 3668
2135 3115 2864
2136 1392 693
2137 3917 3261
2138 2031 641
2139 2373 62
2140 2037 602
2141 1664 185
2142 2428 601
2143 3524 3183
2144 3925 4130
2145 3634 3150
2146 3650 891
2147 1608 2344
2148 2656 798
2149 1513 2340
2150 1609 3212
2151 1441 244
2152 1784 677
2153 2276 519
2154 3758 2422
2155 214 1791
2156 1301 1810
2157 529 1893
2158 739 1252
2159 1058 2588
2160 1410 1795
2161 468 1299
2162 750 2631
2163 1266 319
2164 1822 987
2165 1095 3657
2166 3622 1364
2167 552 259
2168 3292 3009
2169 372 1057
2170 186 2372
2171 539 486
2172 2627 1184
2173 1117 3484
2174 3497 2322
2175 404 3016
2176 1391 229
2177 4085 2333
2178 2763 3585
2179 1491 4080
2180 2830 2052
2181 740 940
2182 2246 3027
2183 1736 1479
2184 1764 819
2185 3143 2420
2186 1114 2707
2187 3803 3995
2188 2695 812
2189 174 3142
2190 3030 1676
2191 548 3229
2192 3299 3055
2193 1884 3348
2194 2656 1808
2195 1203 3171
2196 2040 3326
2197 202 1527
2198 2418 2162
2199 2186 3367
2200 3863 2528
2201 1253 2281
2202 1943 972
2203 1694 2822
2204 1705 415
2205 2571 1227
2206 3314 2874
2207 2074 2881
2208 2856 650
2209 2898 2592
2210 1399 3677
2211 3035 3136
2212 932 244
2213 2689 1424
2214 4016 2585
2215 181 2634
2216 3199 3827
2217 1812 2086
2218 2937 1431
2219 492 2959
2220 2417 993
2221 3069 2899
2222 1732 644
2223 956 3550
2224 1412 2846
2225 862 3625
2226 2198 1487
2227 3922 3119
2228 1945 3020
2229 1295 2977
2230 2440 3951
2231 3409 26
2232 34 2193
2233 286 2837
2234 392 539
2235 3406 350
2236 1766 3289
2237 906 1478
2238 1045 80
2239 3604 3035
2240 768 3090
2241 1800 1815
2242 646 527
2243 353 24
2244 160 814
2245 1406 3472
2246 2116 3805
2247 359 2878
2248 2889 37
2249 2315 4125
2250 1675 3073
2251 1227 155
2252 2321 2032
2253 829 268
2254 557 2633
2255 1385 32
2256 36 271
2257 1624 2514
2258 1871 2437
2259 2895 3107
2260 3585 707
2261 2966 2887
2262 2411 3850
2263 893 2270
2264 444 533
2265 2401 4069
2266 1868 3888
2267 3500 3758
2268 2426 1037
2269 3739 2701
2270 276 2965
2271 1860 2965
2272 3448 2364
2273 727 259
2274 2361 2072
2275 2916 2232
2276 1924 2739
2277 1053 1325
2278 836 3679
2279 2974 2658
2280 514 3977
2281 2666 919
2282 401 2001
2283 3704 1471
2284 1897 729
2285 4078 1394
2286 2450 924
2287 2220 354
2288 3716 1474
2289 1356 1680
2290 1868 3121
2291 680 127
2292 1457 4069
2293 925 553
2294 2328 3395
2295 1999 1586
2296 2021 3626
2297 3949 2906
2298 2595 2124
2299 55 2166
2300 998 2300
2301 1277 3105
2302 1198 1543
2303 233 2415
2304 3343 328
2305 1919 2594
2306 3983 2487
2307 1188 1953
2308 1616 3138
2309 3997 2469
2310 3183 3615
2311 3290 1654
2312 1707 1824
2313 3251 1750
2314 3530 1672
2315 1201 1596
2316 3000 925
2317 272 2243
2318 178 1534
2319 3587 4132
2320 1122 887
2321 1657 994
2322 1035 2771
2323 3231 260
2324 2280 2289
2325 1574 2312
2326 1936 3354
2327 3398 1686
2328 925 1682
2329 2563 3827
2330 1613 3245
2331 3887 1591
2332 1257 4004
2333 1648 2177
2334 3236 168
2335 3907 873
2336 1477 3255
2337 1665 2294
2338 3209 1900
2339 1505 2002
2340 1154 2011
2341 1407 634
2342 965 1117
2343 1499 3450
2344 2499 3945
2345 1573 3161
2346 1142 1636
2347 1272 1233
2348 447 3579
2349 36 129
2350 333 1390
2351 1712 2918
2352 960 495
2353 2847 1608
2354 590 875
2355 627 1521
2356 550 3048
2357 112 3299
2358 212 1104
2359 994 2890
2360 1381 1292
2361 3425 3760
2362 3467 1493
2363 84 4144
2364 1027 1799
2365 2868 2285
2366 1396 1336
2367 3795 3268
2368 2267 1543
2369 1180 3518
2370 1125 3832
2371 1628 3403
2372 3740 3775
2373 321 3820
2374 1350 1242
2375 2210 3567
2376 3338 676
2377 2176 1952
2378 2325 680
2379 844 2366
2380 764 563
2381 2793 3500
2382 2467 1325
2383 882 1001
2384 3869 2536
2385 2879 770
2386 2005 826
2387 2980 1158
2388 2988 2824
2389 315 1531
2390 1571 2596
2391 2916 591
2392 1084 473
2393 3657 3537
2394 1500 1731
2395 3623 2849
2396 2548 4068
2397 1098 2917
2398 3936 1077
2399 407 254
2400 2063 1978
2401 1424 3387
2402 101 3225
2403 3732 1164
2404 3997 620
2405 3877 1593
2406 3955 981
2407 1454 2452
2408 769 1874
2409 2565 2988
2410 1320 3025
2411 2285 3587
2412 2929 645
2413 3551 1858
2414 2740 3449
2415 458 1900
2416 1913 1700
2417 2072 2257
2418 2334 2111
2419 4019 1860
2420 4089 2003
2421 520 974
2422 829 534
2423 906 2404
2424 3234 2167
2425 3770 3735
2426 2304 1848
2427 3750 331
2428 1532 3324
2429 2160 2282
2430 1703 1377
2431 2321 4057
2432 1635 2255
2433 3614 2411
2434 712 3089
2435 1417 3605
2436 3590 1124
2437 3498 1955
2438 843 2766
2439 2304 3433
2440 4071 2545
2441 3634 3067
2442 3566 3296
2443 3547 2209
2444 477 3505
2445 1222 2629
2446 193 788
2447 566 1583
2448 4053 3875
2449 2026 179
2450 4075 3450
2451 1887 361
2452 2253 712
2453 3989 158
2454 1891 870
2455 3606 585
2456 1367 3880
2457 885 1537
2458 3384 2034
2459 2452 2093
2460 3356 142
2461 2216 3003
2462 2442 3963
2463 705 2709
2464 1494 1351
2465 1412 1360
2466 1166 3040
2467 1019 2087
2468 1813 1639
2469 1297 3305
2470 3086 2566
2471 2326 2798
2472 956 1091
2473 2889 2895
2474 1767 1046
2475 2839 3606
2476 1217 1784
2477 2783 500
2478 2441 2237
2479 2104 4082
2480 2864 3747
2481 3061 1962
2482 3770 683
2483 2792 3511
2484 296 4007
2485 1252 1002
2486 596 4117
2487 2247 2751
2488 3356 3883
2489 696 1679
2490 962 1203
2491 2990 2439
2492 3219 2137
2493 3442 664
2494 2183 963
2495 4133 3760
2496 2409 608
2497 2820 1770
2498 3064 2436
2499 811 769
2500 1356 1907
2501 1688 139
2502 2748 2300
2503 434 3876
2504 704 2952
2505 714 3431
2506 2899 3378
2507 2272 2469
2508 2843 3993
2509 4009 2383
2510 1740 1844
2511 527 694
2512 2634 3558
2513 3130 1718
2514 3918 1363
2515 1230 237
2516 778 3185
2517 757 3570
2518 3984 98
2519 1822 644
2520 2224 1217
2521 3973 1345
2522 1888 2682
2523 2165 2201
2524 3362 2080
2525 1484 1025
2526 352 2937
2527 127 3052
2528 219 3164
2529 1501 3895
2530 4100 383
2531 2968 2980
2532 490 2954
2533 2625 3849
2534 3094 3632
2535 979 2441
2536 2995 2878
2537 2419 1732
2538 3315 2036
2539 3702 11
2540 685 1749
2541 2532 2455
2542 523 186
2543 4028 3770
2544 99 1131
2545 3064 3733
2546 1572 3952
2547 2385 1036
2548 1844 2789
2549 3974 1975
2550 3735 1805
2551 1370 2394
2552 2707 1448
2553 3419 600
2554 3410 1736
2555 2218 4003
2556 3143 288
2557 3192 183
2558 276 2014
2559 1422 328
2560 364 3067
2561 2320 441
2562 1204 400
2563 1090 1934
2564 1392 363
2565 3339 612
2566 3483 3298
2567 3897 2847
2568 1494 3175
2569 1094 1893
2570 1157 3613
2571 1434 2378
2572 247 4074
2573 2960 842
2574 3013 2766
2575 253 446
2576 60 3891
2577 3439 73
2578 2366 388
2579 754 3155
2580 2917 3459
2581 3225 3064
2582 3754 2710
2583 1722 3393
2584 965 3618
2585 827 275
2586 3030 2203
2587 1996 870
2588 3780 987
2589 3701 249
2590 1380 945
2591 210 3908
2592 2844 2939
2593 2588 495
2594 4040 2103
2595 1513 3073
2596 3356 3478
2597 3319 1307
2598 3531 2962
2599 1573 870
2600 3688 2754
2601 1538 1482
2602 1611 4012
2603 1482 2976
2604 1015 3098
2605 3438 3179
2606 698 3376
2607 2068 3074
2608 2388 828
2609 1439 721
2610 219 1615
2611 3056 961
2612 1629 1419
2613 493 1461
2614 3016 190
2615 2945 3959
2616 1223 1326
2617 355 1970
2618 2158 2485
2619 3228 3745
2620 984 336
2621 2051 3591
2622 3854 3826
2623 4044 545
2624 619 478
2625 3009 921
2626 2750 180
2627 1998 636
2628 240 3211
2629 1283 1454
2630 3111 4033
2631 2262 3484
2632 2729 2895
2633 1511 1459
2634 2821 2529
2635 1800 3792
2636 1199 3172
2637 3389 759
2638 1450 2848
2639 768 3463
2640 427 3528
2641 2313 2413
2642 251 3215
2643 1739 3673
2644 541 446
2645 66 366
2646 1265 3844
2647 684 3134
2648 1176 1933
2649 3797 1845
2650 2969 2773
2651 3224 1492
2652 643 3071
2653 1187 1889
2654 2452 4065
2655 442 3229
2656 2010 1955
2657 895 2487
2658 2328 2056
2659 1072 63
2660 3307 1099
2661 369 3101
2662 1325 2990
2663 1484 3331
2664 2970 2511
2665 1654 1504
2666 2161 2364
2667 596 2903
2668 3421 584
2669 1469 239
2670 405 2782
2671 898 972
2672 2369 1494
2673 3243 1118
2674 30 518
2675 388 1496
2676 2979 1947
2677 3928 2212
2678 2661 2216
2679 3837 1749
2680 376 2173
2681 3856 477
2682 2199 1980
2683 1090 4032
2684 1606 1192
2685 148 1672
2686 1525 3647
2687 3166 3387
2688 3624 2442
2689 1110 1546
2690 725 3442
2691 655 3915
2692 2765 1045
2693 3968 1257
2694 2207 2265
2695 3847 90
2696 1210 3904
2697 2862 3602
2698 913 2813
2699 4140 1783
2700 1732 3335
2701 1263 724
2702 1276 363
2703 2072 4049
2704 534 614
2705 1159 1891
2706 1541 1075
2707 282 512
2708 3185 1378
2709 3376 2390
2710 2276 1258
2711 2867 2492
2712 3815 2112
2713 1301 3369
2714 1512 2920
2715 2457 1763
2716 2463 3084
2717 2390 1403
2718 4146 3787
2719 2360 4152
2720 1813 4051
2721 967 3537
2722 3445 3442
2723 2924 1503
2724 1047 3049
2725 2736 2641
2726 1212 2499
2727 712 1506
2728 1801 804
2729 2639 3784
2730 612 2917
2731 1810 2158
2732 3937 4063
2733 1937 549
2734 3358 838
2735 1028 87
2736 4139 249
2737 1565 2236
2738 1839 3351
2739 3981 1872
2740 3463 3283
2741 1929 3332
2742 3759 1995
2743 3534 2035
2744 3750 2645
2745 1826 3289
2746 2829 1883
2747 1246 3583
2748 2064 746
2749 2793 314
2750 1673 773
2751 3462 2133
2752 1505 319
2753 1169 1164
2754 3769 1417
2755 1477 2171
2756 1352 72
2757 3714 2773
2758 1861 938
2759 333 3097
2760 1543 699
2761 1369 3010
2762 3051 2483
2763 4037 2367
2764 3062 2962
2765 1893 2978
2766 2555 1392
2767 1029 1180
2768 1343 2638
2769 363 2025
2770 2396 3440
2771 1309 3848
2772 2723 4143
2773 2339 4078
2774 2181 2058
2775 974 4091
2776 1012 2813
2777 2553 557
2778 3653 1685
2779 3599 404
2780 2137 3074
2781 142 518
2782 1852 1518
2783 1802 979
2784 3213 2701
2785 3700 3003
2786 3552 629
2787 2652 415
2788 928 3568
2789 1717 3702
2790 3769 3408
2791 3416 1153
2792 628 963
2793 716 2497
2794 1444 39
2795 709 4135
2796 2754 480
2797 298 2700
2798 2324 4135
2799 2972 3042
2800 339 1445
2801 4083 2923
2802 1292 320
2803 2123 3944
2804 3271 3829
2805 3455 2901
2806 1703 1959
2807 3060 147
2808 337 374
2809 3994 422
2810 1744 1748
2811 3438 1120
2812 2040 2068
2813 1795 2269
2814 714 1796
2815 2307 433
2816 3544 573
2817 432 1759
2818 234 4088
2819 560 1932
2820 3999 2851
2821 649 434
2822 2135 2997
2823 1065 3161
2824 17 3902
2825 1577 2691
2826 2257 66
2827 2770 615
2828 1221 967
2829 737 1954
2830 1703 1069
2831 2311 1128
2832 2789 3070
2833 308 1152
2834 4160 1542
2835 405 433
2836 3506 2981
2837 732 2999
2838 2067 4002
2839 2815 2235
2840 1533 2690
2841 3267 3202
2842 1903 1242
2843 3258 3941
2844 4015 1953
2845 2890 3009
2846 1844 201
2847 3953 4143
2848 2498 719
2849 646 2359
2850 3479 3601
2851 1026 704
2852 3654 1057
2853 3134 3851
2854 738 855
2855 2302 1249
2856 4061 107
2857 431 650
2858 1841 1091
2859 3245 2368
2860 1087 713
2861 1864 612
2862 1526 2625
2863 3592 3631
2864 3895 2202
2865 3375 1514
2866 247 1922
2867 2877 2786
2868 2596 1983
2869 1338 3670
2870 2251 892
2871 3439 1844
2872 2041 2848
2873 1910 2180
2874 2912 3749
2875 627 2658
2876 2237 3048
2877 1955 1969
2878 3896 828
2879 3348 398
2880 1356 836
2881 2421 2179
2882 2407 2177
2883 2832 1917
2884 3604 3624
2885 85 641
2886 3607 2552
2887 2393 2906
2888 1240 202
2889 3870 982
2890 2500 2410
2891 85 2545
2892 1073 3557
2893 3105 914
2894 321 1315
2895 2270 1845
2896 1160 567
2897 1378 1257
2898 2993 1205
2899 3011 443
2900 2589 964
2901 3865 2418
2902 1998 2740
2903 1093 3196
2904 2180 4049
2905 177 2345
2906 1253 120
2907 2202 3287
2908 4130 1769
2909 2444 1774
2910 3160 2270
2911 4141 141
2912 116 411
2913 1533 963
2914 3035 3079
2915 2972 67
2916 1609 2234
2917 2957 1682
2918 1528 919
2919 2041 3907
2920 67 2076
2921 3191 741
2922 2123 4087
2923 330 3387
2924 3290 2139
2925 3115 1708
2926 1542 2900
2927 2378 316
2928 2776 1175
2929 335 1019
2930 2158 3038
2931 2853 3900
2932 2142 307
2933 3513 3721
2934 1308 1738
2935 511 1941
2936 2526 4051
2937 119 3762
2938 2494 2256
2939 1390 3269
2940 3871 2596
2941 3399 1654
2942 2963 813
2943 2939 4140
2944 3708 788
2945 3871 248
2946 2802 1507
2947 229 336
2948 357 1302
2949 2150 1984
2950 2692 1524
2951 1183 284
2952 1501 3871
2953 313 377
2954 1477 234
2955 1421 2716
2956 2810 812
2957 807 1587
2958 1607 915
2959 906 2819
2960 1576 2106
2961 309 1186
2962 2863 1469
2963 1061 3110
2964 166 140
2965 3035 925
2966 3062 3326
2967 991 1791
2968 2887 1384
2969 2501 3616
2970 1001 495
2971 687 298
2972 3699 1434
2973 4115 587
2974 2729 2347
2975 3902 4075
2976 163 432
2977 2073 1313
2978 3564 1749
2979 428 1382
2980 2793 1340
2981 1312 4106
2982 2043 2383
2983 3145 3429
2984 1574 341
2985 548 593
2986 2098 2884
2987 1564 2262
2988 1745 23
2989 20 3558
2990 3459 96
2991 864 395
2992 1591 1694
2993 3156 3421
2994 3699 1170
2995 2818 2872
2996 3125 1359
2997 2302 1645
2998 3099 1745
2999 3108 2552
3000 1216 2127
3001 3677 2994
3002 1832 3603
3003 2333 648
3004 1950 3274
3005 3120 428
3006 2651 3671
3007 2615 2826
3008 3242 2221
3009 1517 3646
3010 2762 1629
3011 1839 68
3012 3284 2604
3013 3836 3056
3014 3613 3369
3015 1081 2079
3016 1246 1598
3017 632 2861
3018 2130 3524
3019 2873 4008
3020 2976 4124
3021 2801 2565
3022 3002 2299
3023 3403 1490
3024 3973 1669
3025 1133 3436
3026 954 862
3027 3132 1970
3028 588 3581
3029 4066 250
3030 1163 1409
3031 2511 642
3032 456 1161
3033 1277 2217
3034 2490 1407
3035 3641 2015
3036 2400 3508
3037 223 1178
3038 1640 2866
3039 3237 906
3040 4112 4109
3041 3163 1232
3042 1227 1788
3043 2480 2858
3044 614 935
3045 3513 1394
3046 2859 3009
3047 1966 2953
3048 1221 1880
3049 1205 3726
3050 3110 1195
3051 3044 1363
3052 806 1083
3053 1025 1105
3054 3181 292
3055 3212 2330
3056 786 1390
3057 255 3408
3058 1540 32
3059 3540 1557
3060 553 3540
3061 3016 3842
3062 902 209
3063 3422 3164
3064 2719 404
3065 488 2371
3066 735 2160
3067 3202 1837
3068 2362 2968
3069 1759 531
3070 3024 379
3071 1864 2730
3072 405 3792
3073 4065 1877
3074 1583 561
3075 3758 2969
3076 607 1260
3077 599 1937
3078 3812 2199
3079 2600 2595
3080 1436 3493
3081 28 3634
3082 2157 2999
3083 539 469
3084 1763 3572
3085 1921 2441
3086 410 92
3087 1441 1506
3088 991 2073
3089 1098 2696
3090 1746 2072
3091 1673 4063
3092 910 1366
3093 2414 3143
3094 1549 3582
3095 2003 1862
3096 3653 2546
3097 2587 642
3098 2391 872
3099 3000 2484
3100 1450 2231
3101 2864 2137
3102 3603 2097
3103 2656 3115
3104 4089 244
3105 1025 3727
3106 502 2236
3107 554 2704
3108 2560 3579
3109 1366 4108
3110 904 2604
3111 3176 429
3112 3106 1188
3113 2412 3803
3114 1319 170
3115 1376 3056
3116 663 3720
3117 3635 749
3118 1795 2274
3119 2124 3563
3120 1323 3079
3121 846 3476
3122 163 1798
3123 603 2834
3124 315 1603
3125 1622 1096
3126 2590 74
3127 1966 704
3128 187 1186
3129 3928 1253
3130 35 1126
3131 1115 1395
3132 1138 1104
3133 3090 555
3134 1522 1175
3135 1709 1803
3136 3452 4155
3137 3066 2109
3138 96 989
3139 3107 4111
3140 840 341
3141 1399 1891
3142 2839 959
3143 3117 808
3144 2519 917
3145 4069 1032
3146 1876 835
3147 3506 2787
3148 387 1206
3149 1430 3965
3150 2728 375
3151 716 307
3152 1910 1975
3153 76 1460
3154 1399 2603
3155 1610 3949
3156 1326 217
3157 3392 901
3158 3771 3443
3159 4141 267
3160 448 3173
3161 1629 877
3162 514 2090
3163 3692 426
3164 1042 163
3165 710 2570
3166 1388 2986
3167 3184 3468
3168 31 996
3169 204 2976
3170 2222 1109
3171 600 150
3172 2039 4025
3173 3833 2519
3174 402 2576
3175 3127 3155
3176 4028 569
3177 3528 3834
3178 1205 4034
3179 465 1391
3180 3046 1663
3181 3306 1593
3182 3015 153
3183 1762 3580
3184 3136 1257
3185 642 1960
3186 4046 325
3187 3094 753
3188 2089 1242
3189 2922 319
3190 420 2747
3191 3922 2982
3192 1364 2617
3193 1389 1112
3194 564 2676
3195 490 1690
3196 3144 3377
3197 4106 2740
3198 1857 684
3199 2664 3181
3200 1377 1455
3201 439 2678
3202 3295 1443
3203 3276 1702
3204 525 2407
3205 3228 486
3206 1272 1055
3207 2630 2990
3208 784 3470
3209 660 1200
3210 1096 232
3211 3709 1362
3212 2688 97
3213 3503 1058
3214 2210 2442
3215 716 1029
3216 1994 3677
3217 3123 1713
3218 745 2006
3219 3200 3997
3220 2027 2181
3221 2966 3061
3222 599 3938
3223 1116 2129
3224 3255 1696
3225 3973 2280
3226 1850 2565
3227 2325 2369
3228 1878 3512
3229 2720 43
3230 3377 3804
3231 661 1454
3232 706 3484
3233 1084 1985
3234 2035 1095
3235 1852 1725
3236 2891 159
3237 2720 3026
3238 1417 1708
3239 2331 761
3240 275 2838
3241 1289 2154
3242 3088 1459
3243 2103 3918
3244 2962 2142
3245 678 1207
3246 3768 521
3247 2636 847
3248 3026 2388
3249 28 1870
3250 1543 2462
3251 3975 2352
3252 2932 2395
3253 2883 3239
3254 3798 3366
3255 971 141
3256 3050 3353
3257 2087 796
3258 2130 1180
3259 2093 929
3260 3899 890
3261 776 1518
3262 957 1338
3263 568 1680
3264 2434 2156
3265 3354 1408
3266 3691 3586
3267 1898 2270
3268 4015 1697
3269 1542 986
3270 198 1784
3271 1652 3445
3272 325 1489
3273 2663 2984
3274 650 2853
3275 1918 2722
3276 2074 2805
3277 3086 632
3278 3081 4054
3279 2465 2136
3280 2714 1165
3281 1790 2304
3282 104 1947
3283 3051 2413
3284 3717 2010
3285 1777 4053
3286 928 3337
3287 2271 1752
3288 1068 933
3289 1170 2165
3290 2558 1337
3291 2803 2873
3292 4151 3382
3293 1216 1982
3294 2340 3334
3295 3920 3345
3296 2914 3230
3297 401 2740
3298 1286 722
3299 1429 1478
3300 2171 3374
3301 3341 1087
3302 1389 2946
3303 1299 3680
3304 614 1981
3305 750 1258
3306 3639 318
3307 1874 15
3308 2138 3558
3309 1063 2342
3310 469 2162
3311 1099 1634
3312 1442 1480
3313 410 1029
3314 1804 3087
3315 2477 1681
3316 2524 1924
3317 2656 640
3318 309 714
3319 1945 2612
3320 2045 2050
3321 2246 3313
3322 1405 2972
3323 2021 2506
3324 459 4013
3325 2570 153
3326 3046 1921
3327 1117 2547
3328 3425 1266
3329 1250 1819
3330 1092 2809
3331 2877 374
3332 47 773
3333 2165 1472
3334 3840 1930
3335 696 1148
3336 2103 2460
3337 1631 1073
3338 1368 4092
3339 3060 1939
3340 1873 3570
3341 1841 1280
3342 2781 3996
3343 2315 2093
3344 4008 1413
3345 1647 2079
3346 3956 1465
3347 908 2078
3348 2939 2264
3349 465 3494
3350 1174 426
3351 3448 2273
3352 2653 3698
3353 1923 4050
3354 3472 1094
3355 1733 659
3356 246 2333
3357 4133 2305
3358 3011 3498
3359 991 3446
3360 3455 2536
3361 2699 4087
3362 293 2167
3363 98 1775
3364 73 3238
3365 1662 2076
3366 4030 4049
3367 545 3081
3368 1335 1325
3369 2297 3132
3370 3692 2273
3371 35 1392
3372 3904 151
3373 4077 4102
3374 1504 3348
3375 2336 3895
3376 2478 324
3377 1662 2445
3378 479 730
3379 392 1619
3380 2593 3415
3381 2371 3082
3382 3010 359
3383 3196 1053
3384 2957 500
3385 2250 2327
3386 2870 3446
3387 531 3604
3388 1848 2824
3389 1297 4021
3390 892 193
3391 3798 1624
3392 125 1089
3393 1806 1736
3394 490 1802
3395 2821 2544
3396 779 2194
3397 553 534
3398 296 2902
3399 272 1861
3400 2918 368
3401 3132 1099
3402 4084 1964
3403 3230 357
3404 3301 792
3405 3546 1592
3406 862 538
3407 778 3010
3408 2163 3590
3409 2565 3023
3410 653 3248
3411 2209 1712
3412 4047 1855
3413 3318 2601
3414 1913 1795
3415 997 2154
3416 3276 3465
3417 3482 2112
3418 1263 364
3419 397 1229
3420 3345 1901
3421 655 3766
3422 1296 3078
3423 1219 731
3424 1753 3196
3425 42 204
3426 3025 308
3427 1765 1338
3428 948 2311
3429 2484 939
3430 1596 152
3431 68 1074
3432 2885 2662
3433 2153 3487
3434 3566 2205
3435 2024 1075
3436 1666 2802
3437 2552 406
3438 3800 2350
3439 2185 2956
3440 3447 1738
3441 518 294
3442 2558 1213
3443 1624 373
3444 2308 1106
3445 2667 836
3446 507 2109
3447 1588 1223
3448 1050 2543
3449 2995 846
3450 3707 3752
3451 3061 3966
3452 3585 4045
3453 1246 258
3454 2879 3770
3455 1317 510
3456 1301 3929
3457 2272 3653
3458 2204 2228
3459 2498 3339
3460 3269 199
3461 1506 925
3462 3132 346
3463 893 911
3464 2707 1677
3465 3391 2422
3466 3932 2805
3467 2686 1368
3468 2390 1190
3469 1032 3297
3470 2061 785
3471 2014 3864
3472 2811 657
3473 768 3473
3474 2995 1152
3475 3563 3171
3476 4096 2319
3477 2657 476
3478 3209 2070
3479 104 2996
3480 759 3560
3481 1557 2496
3482 4058 811
3483 2186 168
3484 1161 1510
3485 2878 795
3486 1929 348
3487 444 961
3488 3441 729
3489 1647 1906
3490 2507 1994
3491 3036 2533
3492 1852 17
3493 1776 4075
3494 3496 1497
3495 1404 797
3496 2064 487
3497 702 3794
3498 3069 2290
3499 3426 2966
3500 3938 1589
3501 1288 1816
3502 3261 2114
3503 1160 931
3504 126 3865
3505 1011 1232
3506 43 3577
3507 2268 313
3508 2883 1718
3509 3672 816
3510 673 3212
3511 769 2609
3512 2468 1139
3513 705 854
3514 3213 3444
3515 1037 1290
3516 2728 2426
3517 3567 3584
3518 1263 2092
3519 2505 2341
3520 3755 122
3521 2519 2771
3522 2908 3126
3523 2164 967
3524 3547 1510
3525 2016 725
3526 3582 343
3527 3072 410
3528 1916 884
3529 2790 3379
3530 2770 982
3531 2195 3692
3532 356 3166
3533 2234 1851
3534 3304 2498
3535 3399 3119
3536 1216 612
3537 1824 2787
3538 3494 2537
3539 555 1527
3540 2765 3080
3541 3792 4033
3542 1477 3169
3543 256 127
3544 2848 2129
3545 1206 400
3546 3859 1987
3547 572 4004
3548 3231 3208
3549 3122 3954
3550 1328 2411
3551 3339 3625
3552 133 1086
3553 3224 3368
3554 3729 569
3555 1033 433
3556 2465 2053
3557 688 2267
3558 1984 2195
3559 393 3848
3560 2967 1266
3561 3000 2903
3562 3545 1569
3563 1361 603
3564 2590 3233
3565 4061 2763
3566 974 399
3567 283 955
3568 1793 1713
3569 390 4106
3570 2085 1679
3571 3606 669
3572 863 3140
3573 2377 1101
3574 949 2452
3575 2787 3677
3576 2475 128
3577 4084 1711
3578 3244 536
3579 3545 2103
3580 4140 529
3581 581 111
3582 780 2263
3583 3714 909
3584 126 804
3585 3954 562
3586 2921 2514
3587 2075 2468
3588 1807 878
3589 1698 2686
3590 2733 1165
3591 3159 2470
3592 2018 291
3593 1714 2304
3594 4052 3857
3595 2524 865
3596 1040 1471
3597 498 3143
3598 496 811
3599 261 2887
3600 2498 1088
3601 1445 2438
3602 1958 747
3603 2271 3308
3604 760 2026
3605 2180 3030
3606 1967 3878
3607 2988 3979
3608 2181 1986
3609 2299 1970
3610 2009 1908
3611 3619 2114
3612 913 1748
3613 2538 3513
3614 67 3378
3615 2606 2001
3616 598 2413
3617 1510 3440
3618 1828 3905
3619 3306 1055
3620 4003 2657
3621 4022 1405
3622 1285 1542
3623 1707 884
3624 2396 518
3625 1110 3309
3626 1666 2216
3627 3893 1024
3628 2488 2487
3629 3703 1839
3630 1165 661
3631 3716 467
3632 66 1746
3633 2173 2582
3634 683 2877
3635 1733 2787
3636 1112 122
3637 3072 283
3638 885 3285
3639 2458 1866
3640 2543 1302
3641 1548 1241
3642 3096 1366
3643 3035 1477
3644 3341 4048
3645 225 399
3646 2006 2555
3647 783 2997
3648 2317 4120
3649 1779 546
3650 2563 3591
3651 2999 1890
3652 3423 350
3653 1706 1240
3654 1160 1084
3655 1668 2419
3656 1925 3227
3657 1060 1694
3658 1315 1125
3659 3931 3575
3660 1496 2313
3661 110 2115
3662 2533 1805
3663 1944 1632
3664 2945 742
3665 15 1786
3666 3891 3654
3667 648 2050
3668 3456 2229
3669 3133 220
3670 582 2467
3671 494 1048
3672 3368 1277
3673 2086 1380
3674 2987 2750
3675 3775 2048
3676 3232 3848
3677 1256 2226
3678 2884 1523
3679 2406 3898
3680 1636 3877
3681 1561 456
3682 2308 1186
3683 2817 2605
3684 2498 1254
3685 3072 1104
3686 1975 1457
3687 1698 2850
3688 798 3171
3689 3226 3348
3690 888 2760
3691 3982 2439
3692 175 1397
3693 854 1795
3694 249 1172
3695 3649 2605
3696 3711 2108
3697 4122 3827
3698 831 1541
3699 1577 2250
3700 2798 3546
3701 2236 1114
3702 1058 2959
3703 1319 823
3704 2096 3317
3705 1289 2452
3706 4113 1324
3707 3921 1267
3708 2059 441
3709 3649 3040
3710 1357 1240
3711 3570 3935
3712 2970 404
3713 1560 35
3714 2665 212
3715 1544 1601
3716 268 2488
3717 2679 3299
3718 3089 3557
3719 3269 1857
3720 3622 3164
3721 698 4045
3722 2176 3282
3723 2511 3246
3724 1405 4092
3725 1200 496
3726 1672 105
3727 640 2490
3728 3005 2388
3729 2590 2816
3730 1293 442
3731 1127 1145
3732 2212 1577
3733 2619 2004
3734 2058 1882
3735 1092 1255
3736 3207 2304
3737 437 1640
3738 2955 3553
3739 1296 1503
3740 2572 3237
3741 3563 2331
3742 2033 3948
3743 3763 2596
3744 3695 4133
3745 3249 1074
3746 1330 3933
3747 332 156
3748 2814 4052
3749 3152 2579
3750 470 726
3751 1389 3536
3752 2781 1096
3753 2947 1355
3754 2555 1730
3755 1885 3566
3756 2 2524
3757 315 713
3758 2962 204
3759 1108 1671
3760 1721 1455
3761 1435 2529
3762 2847 3493
3763 2882 913
3764 4002 3490
3765 508 2186
3766 2557 770
3767 3528 2150
3768 2606 669
3769 43 3680
3770 1944 2076
3771 2300 707
3772 3622 3723
3773 3174 2466
3774 3569 1775
3775 3242 650
3776 3043 281
3777 3683 3061
3778 4061 3387
3779 1614 320
3780 855 2043
3781 73 2271
3782 1286 2182
3783 155 3920
3784 2883 3431
3785 2037 4045
3786 3817 1560
3787 3704 1222
3788 2495 1047
3789 758 1550
3790 2647 2301
3791 1021 3413
3792 3637 524
3793 1234 3862
3794 2804 2119
3795 3962 3473
3796 2406 2630
3797 1791 3324
3798 2811 393
3799 1136 3574
3800 1124 77
3801 1898 1084
3802 2232 2845
3803 1110 3871
3804 3286 2987
3805 2291 2422
3806 1740 607
3807 2518 1744
3808 2551 815
3809 3822 3116
3810 3884 2352
3811 3917 3885
3812 983 1131
3813 740 1288
3814 1506 1780
3815 270 2432
3816 472 3895
3817 3281 852
3818 2827 1812
3819 2016 2615
3820 2675 621
3821 2212 1856
3822 1559 3836
3823 763 291
3824 1841 2091
3825 3841 160
3826 2893 3614
3827 2767 1658
3828 3890 3028
3829 2178 1067
3830 1796 2798
3831 1790 1174
3832 4009 3982
3833 2866 2749
3834 2091 2148
3835 3613 1652
3836 925 325
3837 3601 917
3838 386 1406
3839 1335 950
3840 2986 2407
3841 211 2776
3842 2398 3835
3843 841 929
3844 2238 1574
3845 3872 1933
3846 489 4064
3847 1671 2912
3848 157 1658
3849 277 31
3850 1888 1782
3851 3093 895
3852 3934 924
3853 3074 3870
3854 1875 2506
3855 3599 3377
3856 619 1100
3857 1002 125
3858 424 3564
3859 1090 2571
3860 3717 140
3861 263 2262
3862 3417 433
3863 1137 2822
3864 3261 1058
3865 3203 1698
3866 2161 2802
3867 3985 3201
3868 2428 986
3869 1728 1089
3870 3091 2251
3871 3853 2940
3872 3836 897
3873 2640 2296
3874 1971 2780
3875 2370 542
3876 2381 3372
3877 126 3118
3878 1499 2890
3879 3524 1136
3880 2641 2415
3881 1987 3310
3882 2536 1023
3883 472 2464
3884 576 1894
3885 2514 2792
3886 266 3558
3887 2104 575
3888 869 3183
3889 2381 239
3890 1287 945
3891 978 2692
3892 31 3694
3893 3725 1533
3894 3000 3667
3895 265 6
3896 3105 3080
3897 1310 3179
3898 203 70
3899 3954 2822
3900 2994 1129
3901 384 1657
3902 1216 3590
3903 1496 2787
3904 2734 1278
3905 4007 2188
3906 3180 2707
3907 2617 1123
3908 4099 3131
3909 1212 4011
3910 249 3315
3911 3143 1457
3912 564 1174
3913 1499 2305
3914 1891 2478
3915 1448 473
3916 3290 1098
3917 4115 862
3918 4092 3665
3919 566 334
3920 3230 2773
3921 1768 1398
3922 3305 2795
3923 1087 805
3924 3200 827
3925 3348 1568
3926 291 787
3927 2118 599
3928 212 3905
3929 1090 2840
3930 2040 1952
3931 1857 1859
3932 191 818
3933 2514 1086
3934 1992 2991
3935 3609 1001
3936 3326 3037
3937 600 85
3938 72 3745
3939 109 304
3940 2528 853
3941 1948 3012
3942 1025 2842
3943 3855 2786
3944 1927 3632
3945 3099 3416
3946 1490 2051
3947 2693 1322
3948 2219 1608
3949 2885 2112
3950 682 777
3951 3017 2013
3952 3926 2365
3953 3133 592
3954 3535 796
3955 2954 2734
3956 4073 753
3957 2140 1151
3958 2586 1649
3959 3625 1272
3960 3990 1291
3961 4079 2794
3962 1272 3200
3963 3581 2424
3964 1700 373
3965 3508 2254
3966 1963 1927
3967 1103 976
3968 2734 3358
3969 2977 145
3970 2055 69
3971 4062 134
3972 3492 1465
3973 1053 2938
3974 2165 2879
3975 1948 1667
3976 3529 123
3977 901 1908
3978 3635 2687
3979 3184 2324
3980 243 4129
3981 872 463
3982 1042 400
3983 754 1068
3984 3598 40
3985 3915 2879
3986 3959 2499
3987 1074 2080
3988 1049 3091
3989 2854 3483
3990 1819 3885
3991 433 553
3992 2279 2600
3993 3749 2847
3994 3212 2983
3995 3302 2726
3996 928 371
3997 1640 491
3998 3689 2125
3999 2298 2200
4000 1982 1218
4001 3268 3138
4002 2665 3775
4003 1037 2404
4004 2128 807
4005 2688 3212
4006 148 4067
4007 1263 1684
4008 2426 1017
4009 3352 3668
4010 1032 3425
4011 615 1558
4012 4146 1300
4013 2429 3082
4014 1846 3109
4015 2480 2043
4016 2629 2964
4017 1299 578
4018 1123 3233
4019 1143 4154
4020 1104 414
4021 1201 3187
4022 1128 3848
4023 414 2923
4024 3464 919
4025 101 4090
4026 1970 724
4027 2748 3852
4028 1395 619
4029 110 1812
4030 3203 4033
4031 3803 1279
4032 300 2631
4033 2176 2791
4034 3502 1744
4035 1272 330
4036 1123 3295
4037 387 1978
4038 2143 517
4039 2247 2518
4040 2714 810
4041 3540 824
4042 3793 4073
4043 1260 1008
4044 3817 1121
4045 2307 241
4046 2134 2440
4047 515 4043
4048 2171 4035
4049 531 2393
4050 2194 1204
4051 793 3580
4052 2127 659
4053 3581 2440
4054 768 3841
4055 3889 124
4056 568 3609
4057 3246 3704
4058 2348 263
4059 768 3498
4060 1181 1693
4061 2372 1546
4062 4087 1571
4063 944 1863
4064 3386 2415
4065 1685 2497
4066 2263 1398
4067 2785 4024
4068 2397 1122
4069 2472 1796
4070 3604 1189
4071 420 4103
4072 937 1548
4073 2618 2913
4074 972 23
4075 3326 2402
4076 2391 3528
4077 3322 3269
4078 1712 4154
4079 2539 3291
4080 2096 2612
4081 2445 1669
4082 3717 1086
4083 3097 1510
4084 3285 1075
4085 2059 1048
4086 3363 216
4087 3112 286
4088 2487 108
4089 1728 2267
4090 2105 4160
4091 2736 129
4092 3295 265
4093 3308 2571
4094 1352 3508
4095 2299 3183
4096 3687 2425
4097 1987 142
4098 547 2099
4099 3335 3567
4100 830 2863
4101 3502 2859
4102 757 3331
4103 390 2473
4104 1704 1889
4105 1992 2061
4106 2683 2027
4107 94 3053
4108 2236 1929
4109 226 2949
4110 3270 1274
4111 361 4075
4112 3045 935
4113 3968 2949
4114 3002 1598
4115 1525 4025
4116 2977 1277
4117 2522 1701
4118 1362 3597
4119 1541 2449
4120 709 1938
4121 987 97
4122 2906 128
4123 3343 3919
4124 1655 48
4125 2213 3865
4126 3763 3763
4127 60 1591
4128 1203 1126
4129 907 144
4130 3858 2950
4131 939 749
4132 3015 710
4133 2453 2542
4134 514 287
4135 1838 700
4136 1558 232
4137 1792 3134
4138 2653 1830
4139 2251 1040
4140 1816 3557
4141 508 1777
4142 3479 2696
4143 2172 1083
4144 2265 477
4145 2284 3225
4146 2291 2228
4147 2287 1332
4148 3510 1650
4149 682 2670
4150 1548 2017
4151 263 3283
4152 483 2186
4153 1536 2956
4154 2510 3206
4155 3802 3478
4156 3431 1873
4157 1775 3635
4158 1658 3296
4159 1777 480
4160 862 885
