2680 2680
1 2473 729
2 2554 1702
3 2264 453
4 2087 2045
5 1786 1149
6 1051 1467
7 934 1709
8 1849 689
9 12 461
10 2351 2390
11 1208 919
12 1921 1721
13 752 2247
14 1649 1545
15 985 1772
16 253 1760
17 1312 1094
18 609 510
19 2413 2192
20 847 1466
21 2420 455
22 1900 1751
23 1263 1572
24 1541 628
25 2254 1599
26 1441 2291
27 89 1876
28 2161 1615
29 1559 1259
30 1133 1584
31 687 410
32 2209 233
33 1112 845
34 512 324
35 108 577
36 880 900
37 2490 110
38 2086 2507
39 564 1268
40 1723 829
41 1790 1751
42 1072 1356
43 1697 1189
44 2093 1462
45 166 726
46 744 292
47 1742 1198
48 644 236
49 1482 1920
50 1360 721
51 2135 1963
52 938 1313
53 1316 233
54 2619 256
55 2247 477
56 1189 316
57 484 2301
58 2243 1240
59 2679 2129
60 703 2636
61 2597 2347
62 1873 1325
63 2230 431
64 247 41
65 1790 2221
66 1552 78
67 724 1788
68 846 1563
69 50 1057
70 1131 1647
71 1494 760
72 2482 1969
73 568 1210
74 2578 1791
75 2181 345
76 1942 2083
77 2451 744
78 465 1779
79 2119 2006
80 561 1776
81 2019 2444
82 616 321
83 964 660
84 35 217
85 819 2677
86 1132 1654
87 1842 557
88 1539 2412
89 2209 1662
90 1685 1049
91 265 1156
92 1939 2066
93 1130 517
94 2239 1694
95 2296 978
96 2202 705
97 2275 470
98 2137 1572
99 1183 2644
100 1441 555
101 1616 798
102 80 23
103 1530 1403
104 1335 1517
105 1801 2448
106 1157 1214
107 1205 187
108 1181 56
109 2472 772
110 283 2590
111 1642 2076
112 1250 1308
113 2060 1722
114 354 1534
115 628 284
116 424 816
117 2265 243
118 703 656
119 2152 1107
120 558 1796
121 1710 153
122 425 2070
123 2511 909
124 1836 1279
125 822 1578
126 2461 1499
127 565 940
128 2650 593
129 1855 161
130 1355 2070
131 685 1763
132 353 1274
133 1494 2661
134 2351 1755
135 1466 572
136 2008 113
137 2601 120
138 298 2202
139 2615 995
140 73 1662
141 1612 802
142 2294 2293
143 2217 2273
144 2553 32
145 1292 1187
146 2493 1774
147 728 1066
148 555 696
149 719 308
150 394 927
151 2050 1727
152 1518 2548
153 1610 1838
154 30 1672
155 1231 1821
156 2635 741
157 1993 1777
158 37 1069
159 558 1940
160 2439 449
161 979 199
162 423 1573
163 2270 992
164 2399 1706
165 259 167
166 583 2012
167 1182 2164
168 1711 1133
169 385 2587
170 255 201
171 1062 2498
172 402 2156
173 1558 522
174 610 153
175 2155 2548
176 1573 309
177 68 2574
178 2433 587
179 919 254
180 2108 1280
181 1660 687
182 791 1074
183 958 1106
184 2387 1013
185 1549 1222
186 301 2278
187 1339 483
188 1766 1827
189 2340 955
190 1414 1890
191 1953 2010
192 42 106
193 2222 2471
194 1715 632
195 1851 412
196 1122 1106
197 1472 787
198 1481 1625
199 252 873
200 2099 2538
201 304 1216
202 1838 2541
203 1607 223
204 1576 995
205 2233 532
206 1832 1705
207 72 1693
208 2295 50
209 754 1955
210 630 2572
211 801 761
212 2313 761
213 760 2180
214 349 1473
215 1287 2130
216 1686 1270
217 1472 544
218 732 1864
219 10 615
220 863 858
221 109 1326
222 2624 1005
223 232 1558
224 1666 307
225 64 522
226 1089 711
227 394 1013
228 122 139
229 347 1937
230 971 514
231 2454 1205
232 380 519
233 2454 830
234 1407 1989
235 972 114
236 875 865
237 2642 1985
238 319 853
239 1465 2341
240 2429 151
241 416 1675
242 2597 89
243 2102 1905
244 1996 1169
245 1427 531
246 260 124
247 1602 809
248 1526 879
249 1017 884
250 1373 782
251 1548 881
252 1861 1280
253 1039 52
254 1468 507
255 434 1297
256 2496 2100
257 1834 990
258 1529 1506
259 1245 1053
260 983 132
261 446 369
262 2471 727
263 2611 1999
264 1499 828
265 659 232
266 1592 1122
267 1539 2203
268 1604 616
269 1491 2192
270 1207 1918
271 1053 2674
272 2673 1204
273 2029 2557
274 749 418
275 279 1848
276 1068 90
277 797 2508
278 1661 691
279 2240 2103
280 2251 1240
281 738 2410
282 255 1152
283 1058 249
284 1032 2095
285 695 2028
286 2625 117
287 720 1633
288 698 2334
289 547 709
290 353 1194
291 2084 2131
292 482 2357
293 1736 932
294 1908 113
295 603 936
296 2055 2338
297 983 347
298 827 746
299 2103 1715
300 434 2079
301 1075 233
302 73 2090
303 1652 1182
304 1346 209
305 2050 976
306 1206 424
307 1811 1982
308 1817 2235
309 207 2640
310 1847 1175
311 2018 2626
312 2078 770
313 274 2307
314 715 1255
315 162 2136
316 1777 782
317 1526 1734
318 1215 1932
319 768 601
320 2178 2055
321 243 958
322 547 1541
323 2109 432
324 1058 1566
325 2418 1593
326 19 1574
327 1366 998
328 1024 328
329 2611 1193
330 527 2223
331 901 2217
332 669 206
333 706 2676
334 2299 331
335 1878 800
336 1825 1047
337 1381 2263
338 1744 810
339 938 1073
340 12 1900
341 2152 262
342 1098 487
343 2487 764
344 1349 2083
345 1642 1349
346 175 530
347 1398 149
348 367 1702
349 317 1387
350 702 311
351 812 1894
352 1815 1401
353 1370 1250
354 38 725
355 1682 1698
356 703 855
357 2458 624
358 1379 1497
359 1245 475
360 366 246
361 886 409
362 340 1608
363 1479 757
364 2270 1582
365 2680 2026
366 1999 2480
367 43 1481
368 1820 1325
369 1232 1575
370 1908 512
371 605 1123
372 2084 1726
373 2000 1230
374 2070 771
375 1000 316
376 1570 1526
377 336 10
378 1973 2010
379 1030 993
380 1418 870
381 371 826
382 2175 2102
383 1139 257
384 1369 811
385 1144 2255
386 2418 1122
387 2074 651
388 1250 2409
389 666 1353
390 147 103
391 2495 278
392 274 1268
393 352 1907
394 2291 1478
395 1467 296
396 1964 301
397 2414 2170
398 2485 2138
399 732 2624
400 2029 1636
401 1042 954
402 81 842
403 2482 1755
404 1729 1976
405 1392 1593
406 539 940
407 2643 1738
408 1869 496
409 446 1138
410 245 381
411 1592 346
412 2666 2037
413 2369 1659
414 2273 1666
415 2590 2675
416 1081 1638
417 14 1415
418 1720 906
419 965 2426
420 1297 67
421 297 2661
422 2118 602
423 2316 768
424 2099 194
425 1106 2111
426 1523 1423
427 267 2632
428 1535 1125
429 131 1580
430 2011 1247
431 184 893
432 771 1658
433 804 2135
434 2383 1345
435 259 217
436 627 1394
437 1911 1846
438 2450 2280
439 18 2255
440 2284 1307
441 755 1915
442 1613 1357
443 566 162
444 688 614
445 2181 1654
446 1476 1098
447 1555 603
448 1493 1033
449 2019 2081
450 1534 2455
451 1700 1744
452 2678 2589
453 1016 1907
454 841 1752
455 1501 175
456 673 345
457 867 1646
458 668 2557
459 263 1223
460 1247 1438
461 2575 249
462 1819 2057
463 2375 440
464 1423 521
465 2636 1798
466 14 44
467 719 30
468 1371 1460
469 445 109
470 2114 1881
471 1500 857
472 1945 605
473 2064 439
474 823 2305
475 1951 872
476 1867 958
477 1953 2420
478 568 118
479 92 418
480 775 1811
481 175 1085
482 2470 48
483 1102 1667
484 96 1744
485 1325 1259
486 2110 795
487 2000 933
488 2100 1808
489 1195 1439
490 1446 1183
491 853 2620
492 812 1854
493 715 543
494 772 1151
495 1474 1825
496 2303 584
497 1780 1072
498 311 1235
499 1087 1120
500 32 311
501 1258 774
502 2187 1639
503 1762 130
504 283 2169
505 476 2541
506 1818 897
507 1155 1748
508 707 1159
509 236 1116
510 638 1430
511 1416 150
512 79 2343
513 1811 316
514 1543 2638
515 1907 1061
516 1960 1786
517 1498 1365
518 83 2459
519 2535 1881
520 1821 471
521 418 898
522 521 1094
523 1743 2352
524 1103 615
525 437 2456
526 1574 1386
527 848 2625
528 1429 2439
529 2427 1387
530 1905 1479
531 106 2505
532 666 1498
533 630 1961
534 1734 1320
535 530 1138
536 2394 2644
537 78 2421
538 806 2542
539 1570 1759
540 2376 2287
541 2462 1174
542 396 251
543 2224 817
544 1715 82
545 1405 141
546 2650 2431
547 2403 917
548 901 453
549 2110 2570
550 2019 1910
551 306 700
552 1186 1783
553 97 951
554 1686 1880
555 2332 2217
556 1223 2232
557 1607 2387
558 409 1417
559 25 1327
560 1873 1015
561 425 2409
562 804 1782
563 967 2041
564 809 1693
565 1970 2095
566 1338 142
567 1126 1711
568 1742 1664
569 1729 1160
570 2339 2230
571 1285 1032
572 1379 361
573 2432 610
574 932 499
575 1586 2522
576 13 830
577 1535 1592
578 734 1197
579 575 1316
580 823 2608
581 1362 769
582 3 2054
583 247 980
584 1854 1022
585 630 2223
586 996 1367
587 1717 425
588 2044 1049
589 2680 2401
590 1806 1419
591 909 259
592 1649 2263
593 2647 2281
594 144 1386
595 345 2638
596 981 1160
597 2413 1367
598 63 552
599 1813 235
600 136 627
601 2082 1605
602 2626 2083
603 1619 2431
604 1419 1810
605 1681 2248
606 958 72
607 952 921
608 2644 578
609 2648 1749
610 1155 399
611 69 1424
612 934 628
613 2508 202
614 2509 738
615 776 403
616 1638 350
617 43 1137
618 1388 1826
619 512 1455
620 599 115
621 2057 721
622 124 659
623 1204 1197
624 1151 1719
625 2260 668
626 686 1299
627 213 938
628 1399 1324
629 7 1489
630 2637 1158
631 1407 1365
632 295 1240
633 779 1548
634 858 381
635 660 116
636 1752 2652
637 2049 1177
638 344 2282
639 2073 2087
640 2112 1230
641 1353 429
642 1537 1197
643 2159 1323
644 2458 2056
645 462 909
646 2479 11
647 2076 2560
648 1588 2231
649 1664 1605
650 988 1082
651 495 1444
652 2511 1813
653 1121 1483
654 2571 774
655 1351 1718
656 2289 2047
657 168 1681
658 1668 759
659 2605 460
660 1974 984
661 537 2654
662 1908 265
663 1461 2629
664 1955 756
665 443 549
666 1283 1922
667 2409 2311
668 114 670
669 320 1684
670 1700 879
671 1038 1067
672 2554 1458
673 777 2503
674 416 912
675 2453 2004
676 708 732
677 1159 2379
678 956 2471
679 739 1844
680 2198 175
681 2051 1267
682 1518 2621
683 1065 975
684 1524 2615
685 96 1087
686 2044 2246
687 1733 2381
688 2170 1464
689 259 1696
690 1781 776
691 2672 524
692 2315 956
693 2658 1821
694 1997 1231
695 1398 2108
696 653 2344
697 1930 1760
698 1021 1700
699 1057 1713
700 1122 1136
701 1015 930
702 2217 641
703 1669 645
704 1833 1095
705 208 603
706 2241 2167
707 1005 2331
708 803 56
709 2192 1971
710 2209 1520
711 845 381
712 1838 792
713 2462 140
714 2321 373
715 1927 1544
716 1798 153
717 366 741
718 2461 746
719 966 1370
720 2095 2632
721 1366 2145
722 870 589
723 1230 1362
724 2332 2112
725 826 1254
726 2575 1754
727 2162 617
728 2091 1189
729 1288 1206
730 425 370
731 1212 2649
732 439 618
733 309 521
734 608 679
735 664 2445
736 189 1492
737 94 1673
738 795 2282
739 1 9
740 735 2516
741 2671 637
742 704 2437
743 1667 605
744 2468 881
745 312 1831
746 365 2577
747 2479 2271
748 2437 2227
749 1547 1598
750 2080 2114
751 1867 1926
752 2458 1089
753 2016 2084
754 2377 1814
755 2079 2295
756 171 1125
757 1737 593
758 1546 441
759 497 988
760 343 458
761 2054 822
762 2582 356
763 962 2568
764 1 1709
765 1258 1515
766 639 1625
767 2454 1820
768 1454 2481
769 1795 170
770 526 1809
771 2176 477
772 264 1649
773 1654 241
774 1927 1303
775 1316 747
776 2206 2298
777 1361 388
778 1819 1090
779 2427 1364
780 1634 1718
781 2344 361
782 2140 2630
783 2443 1623
784 1274 107
785 433 874
786 788 403
787 676 2090
788 1103 937
789 2527 30
790 1263 957
791 2100 1357
792 1969 696
793 883 776
794 412 1707
795 1627 1652
796 1440 2192
797 1502 2231
798 1024 1376
799 2520 1249
800 1116 1518
801 1616 357
802 2651 141
803 2530 831
804 2135 550
805 932 520
806 345 1324
807 280 560
808 1190 1844
809 2418 1491
810 362 6
811 1170 16
812 1172 1313
813 1764 614
814 290 1559
815 2222 1023
816 1615 2044
817 505 2322
818 154 45
819 820 2139
820 2664 294
821 1245 62
822 485 1301
823 2250 412
824 1647 2389
825 95 2149
826 1755 2093
827 688 31
828 117 1371
829 1417 437
830 2242 1171
831 541 1444
832 2400 260
833 916 226
834 2113 1724
835 872 1151
836 747 2011
837 170 1265
838 227 1262
839 208 98
840 827 765
841 594 1013
842 1306 687
843 1093 330
844 1923 468
845 2407 1133
846 1057 1756
847 1892 1598
848 33 62
849 1673 428
850 320 2659
851 39 2675
852 1479 676
853 994 24
854 2172 2457
855 1283 434
856 1187 723
857 242 2428
858 1604 1564
859 2144 2640
860 343 1782
861 2540 1030
862 933 1586
863 36 741
864 793 914
865 751 2577
866 2200 2056
867 1705 1214
868 2132 2553
869 2622 2212
870 1399 1036
871 122 2651
872 1254 1223
873 1345 1345
874 403 1260
875 1594 210
876 312 408
877 601 999
878 17 1877
879 1590 1226
880 1065 416
881 1248 1681
882 831 1213
883 61 1553
884 1051 217
885 430 412
886 940 1817
887 1303 110
888 628 1545
889 357 1477
890 366 472
891 1403 2175
892 766 50
893 1958 561
894 2330 2645
895 688 461
896 2200 1240
897 1874 43
898 2608 225
899 2157 1707
900 83 2286
901 1738 1937
902 1916 15
903 2280 842
904 589 2394
905 2391 2503
906 1749 2230
907 307 1152
908 498 1444
909 1019 1419
910 482 2098
911 1394 165
912 1262 2482
913 1958 79
914 1288 916
915 1703 469
916 684 2471
917 2050 2027
918 1213 973
919 575 1720
920 1170 2112
921 1599 72
922 2289 935
923 2466 285
924 338 2606
925 600 1854
926 392 1389
927 654 2474
928 2107 2591
929 587 783
930 1265 373
931 1980 1798
932 1238 1020
933 165 2001
934 386 189
935 1810 1248
936 794 468
937 2613 664
938 2313 2579
939 775 1669
940 977 48
941 2668 865
942 1316 1076
943 1442 1046
944 1016 1797
945 507 40
946 626 94
947 2188 2639
948 1202 2037
949 1221 1220
950 896 2678
951 2417 2489
952 173 838
953 2392 758
954 598 1235
955 2204 385
956 2460 2178
957 912 1461
958 959 2592
959 2296 671
960 1060 1509
961 932 109
962 1764 982
963 2447 1567
964 2071 1546
965 856 2443
966 225 320
967 966 636
968 236 591
969 337 2666
970 1438 1349
971 1239 576
972 549 2500
973 2180 2010
974 1080 2274
975 2422 589
976 1023 1632
977 2304 315
978 1982 2133
979 868 255
980 2518 644
981 1047 255
982 1732 483
983 591 800
984 1518 341
985 1216 1629
986 2219 1419
987 472 2051
988 1939 446
989 1752 2207
990 63 8
991 484 209
992 2586 2028
993 1285 2285
994 1424 835
995 2453 2007
996 2645 385
997 2313 71
998 650 2151
999 846 829
1000 2091 1026
1001 2485 1399
1002 2309 203
1003 489 2353
1004 998 2593
1005 1244 1860
1006 101 1060
1007 1180 1426
1008 1676 2275
1009 2587 569
1010 1362 1216
1011 936 1286
1012 1558 930
1013 2256 2060
1014 1017 428
1015 1097 2525
1016 492 2324
1017 392 479
1018 986 1231
1019 2185 51
1020 959 1467
1021 207 34
1022 1473 1701
1023 869 2409
1024 2477 2515
1025 2396 1768
1026 1157 2309
1027 1446 1373
1028 649 328
1029 1522 285
1030 1180 2010
1031 1025 1278
1032 2048 949
1033 809 166
1034 124 2326
1035 303 1920
1036 517 29
1037 1850 2481
1038 227 290
1039 1086 1742
1040 2206 2246
1041 191 1017
1042 688 1944
1043 526 2675
1044 1524 481
1045 520 251
1046 1104 210
1047 1589 80
1048 975 148
1049 1935 2228
1050 2362 720
1051 1836 2609
1052 296 2416
1053 493 1057
1054 612 1421
1055 2216 1712
1056 974 1891
1057 1179 2212
1058 356 898
1059 1610 1265
1060 1505 1183
1061 274 1358
1062 1639 2250
1063 2599 1732
1064 602 449
1065 1979 1968
1066 749 2556
1067 1904 1078
1068 281 2610
1069 936 880
1070 1786 2517
1071 2275 1488
1072 1789 1226
1073 1681 1931
1074 1327 2036
1075 152 1670
1076 2024 720
1077 712 437
1078 1968 507
1079 29 2017
1080 2400 875
1081 733 1986
1082 1036 844
1083 1051 1206
1084 2135 525
1085 2379 1825
1086 1856 1266
1087 2383 2117
1088 1299 1811
1089 1065 147
1090 2611 1052
1091 321 547
1092 223 2454
1093 914 2473
1094 1547 414
1095 1856 425
1096 2089 164
1097 1893 851
1098 847 791
1099 493 1322
1100 2378 536
1101 2565 2410
1102 659 732
1103 75 2136
1104 1729 2485
1105 2602 1455
1106 448 1339
1107 1845 1184
1108 896 447
1109 1791 2201
1110 601 233
1111 896 1361
1112 1821 1763
1113 1483 531
1114 398 1045
1115 2365 1385
1116 1283 1618
1117 1432 2483
1118 21 955
1119 745 1961
1120 2230 2410
1121 2502 445
1122 492 946
1123 1836 2284
1124 1619 1877
1125 1944 1294
1126 1337 2390
1127 2573 395
1128 2501 184
1129 646 1033
1130 66 518
1131 2044 1772
1132 2625 2461
1133 1602 1398
1134 1069 775
1135 2055 959
1136 955 1562
1137 2091 1933
1138 881 256
1139 150 1143
1140 1038 1087
1141 1197 1287
1142 1731 68
1143 687 695
1144 1352 1835
1145 2359 1014
1146 498 1675
1147 578 1203
1148 1140 1712
1149 100 1656
1150 2164 512
1151 2342 738
1152 1023 843
1153 26 1096
1154 2343 2348
1155 1458 1195
1156 699 1637
1157 350 1149
1158 528 1578
1159 1645 1093
1160 2639 2365
1161 1318 1921
1162 2503 1026
1163 2367 2101
1164 1892 1875
1165 894 2587
1166 1576 2215
1167 1469 2107
1168 1626 1118
1169 443 2118
1170 1012 1312
1171 1849 1781
1172 1753 2295
1173 2035 1784
1174 2351 386
1175 592 2300
1176 121 1884
1177 19 315
1178 2048 100
1179 1763 1698
1180 50 1270
1181 527 2167
1182 1027 514
1183 2046 74
1184 1812 1747
1185 2126 1614
1186 122 1971
1187 2228 2416
1188 2281 1541
1189 2675 1527
1190 1016 1187
1191 168 444
1192 566 2289
1193 718 1764
1194 1837 2513
1195 2077 2643
1196 2573 1
1197 1273 2380
1198 1901 1026
1199 1991 174
1200 2062 2050
1201 2155 1065
1202 992 157
1203 2096 2418
1204 578 1959
1205 2352 2115
1206 2435 1869
1207 1861 2182
1208 238 2148
1209 70 1587
1210 342 2034
1211 1934 1536
1212 558 2276
1213 1874 1177
1214 988 1592
1215 2218 72
1216 2463 1668
1217 2121 598
1218 103 366
1219 664 667
1220 2588 1093
1221 1760 1859
1222 249 2048
1223 399 1794
1224 1834 2422
1225 1925 576
1226 2164 733
1227 878 1608
1228 180 439
1229 1443 1374
1230 1818 2138
1231 165 1384
1232 887 2271
1233 697 2278
1234 1278 1390
1235 1707 1212
1236 1319 1807
1237 2572 2472
1238 2265 748
1239 2149 2623
1240 833 1349
1241 1849 245
1242 238 2164
1243 1805 2364
1244 399 442
1245 316 292
1246 2223 786
1247 2233 1140
1248 535 1957
1249 1675 241
1250 213 2285
1251 2488 1085
1252 2540 710
1253 251 1633
1254 732 2617
1255 144 1606
1256 2435 1635
1257 1747 1359
1258 452 29
1259 2315 2259
1260 1247 1734
1261 2484 1331
1262 2265 670
1263 877 1543
1264 1174 1460
1265 2639 670
1266 2020 51
1267 2408 165
1268 298 2408
1269 743 2495
1270 601 2455
1271 880 238
1272 1945 1190
1273 850 1513
1274 319 234
1275 2144 166
1276 901 1897
1277 981 570
1278 458 2264
1279 2627 2527
1280 2540 1838
1281 933 1821
1282 148 1456
1283 323 1677
1284 1041 2574
1285 1710 1497
1286 1376 2510
1287 2269 792
1288 2562 1784
1289 2048 1449
1290 797 1514
1291 1947 1341
1292 1896 2125
1293 2245 2242
1294 586 335
1295 2137 301
1296 1546 818
1297 236 1815
1298 1604 1348
1299 1121 1580
1300 106 129
1301 2649 1768
1302 401 2614
1303 1679 2667
1304 2094 1000
1305 1163 807
1306 81 189
1307 1589 1343
1308 1624 280
1309 2117 330
1310 375 2459
1311 96 744
1312 679 591
1313 2166 2172
1314 516 1416
1315 1105 1611
1316 2300 527
1317 744 2404
1318 541 1400
1319 1901 2392
1320 1494 2349
1321 1460 1772
1322 2240 2098
1323 1246 44
1324 1230 764
1325 2413 1115
1326 1611 1003
1327 792 1505
1328 1179 631
1329 1273 627
1330 1645 930
1331 181 1241
1332 1567 290
1333 979 2004
1334 1035 2514
1335 1897 2631
1336 1928 2481
1337 355 671
1338 1396 555
1339 2374 1878
1340 609 1111
1341 1420 2092
1342 2453 2001
1343 1145 2471
1344 2071 121
1345 1374 1965
1346 1622 1252
1347 2211 1575
1348 1932 1256
1349 1522 2321
1350 2499 1582
1351 1297 495
1352 887 1899
1353 1848 2346
1354 836 1679
1355 524 1938
1356 729 643
1357 1084 14
1358 614 2244
1359 818 659
1360 2594 1493
1361 684 1218
1362 1135 716
1363 1868 1453
1364 1914 475
1365 1516 1930
1366 102 2530
1367 1870 944
1368 2040 2283
1369 1659 1882
1370 473 526
1371 2282 739
1372 2167 1319
1373 2499 1249
1374 2117 2076
1375 397 76
1376 1596 2387
1377 1077 713
1378 2001 1820
1379 2536 738
1380 2073 674
1381 1330 128
1382 1715 2120
1383 1552 1676
1384 21 521
1385 19 201
1386 1594 1065
1387 646 175
1388 962 914
1389 1162 700
1390 1210 641
1391 1136 1003
1392 213 1011
1393 287 2034
1394 227 1714
1395 478 1534
1396 754 645
1397 2308 1434
1398 2330 1270
1399 1630 1656
1400 397 2109
1401 1425 1623
1402 1255 1918
1403 257 1950
1404 194 1670
1405 369 1176
1406 453 636
1407 1068 240
1408 1870 645
1409 1779 302
1410 741 744
1411 64 2467
1412 411 1572
1413 1050 1833
1414 996 558
1415 2242 23
1416 1769 1535
1417 2341 2540
1418 568 150
1419 2531 145
1420 1335 426
1421 1960 1700
1422 2567 1731
1423 361 114
1424 94 2457
1425 1593 1829
1426 2056 2557
1427 364 1718
1428 1287 2527
1429 1100 1925
1430 2032 1183
1431 906 1079
1432 879 1288
1433 207 63
1434 558 2097
1435 1516 584
1436 466 558
1437 711 2625
1438 2143 935
1439 2534 82
1440 2277 2216
1441 33 2318
1442 1739 952
1443 1123 570
1444 2371 1078
1445 1257 349
1446 1630 713
1447 567 648
1448 2121 1742
1449 2335 2496
1450 2160 1816
1451 219 1218
1452 954 1258
1453 1877 878
1454 1725 1489
1455 701 1839
1456 556 760
1457 2523 874
1458 1414 107
1459 1789 1933
1460 1049 721
1461 1299 2434
1462 1862 1484
1463 945 1795
1464 847 914
1465 2397 960
1466 254 1417
1467 2321 1879
1468 2240 1430
1469 1827 2148
1470 1698 927
1471 580 922
1472 74 1570
1473 1702 2680
1474 2618 925
1475 1017 1095
1476 2352 1376
1477 2224 2291
1478 2281 736
1479 607 2392
1480 664 925
1481 2472 1911
1482 353 597
1483 846 745
1484 83 794
1485 1441 1515
1486 533 2162
1487 772 1074
1488 2296 1871
1489 1299 2065
1490 1437 430
1491 1673 337
1492 2025 851
1493 41 2545
1494 886 2549
1495 1475 118
1496 2108 925
1497 1113 1804
1498 1912 533
1499 458 909
1500 1179 607
1501 1359 1962
1502 1118 2403
1503 2621 488
1504 1468 2133
1505 1266 900
1506 1306 662
1507 715 1747
1508 1026 202
1509 1845 571
1510 950 1155
1511 2243 2326
1512 2035 636
1513 776 496
1514 2227 2056
1515 1133 2598
1516 1112 259
1517 1125 617
1518 534 945
1519 1566 1060
1520 952 1326
1521 347 2386
1522 206 389
1523 1136 1004
1524 1749 198
1525 1950 1898
1526 2368 2378
1527 456 703
1528 805 344
1529 749 1850
1530 2043 1261
1531 2302 2306
1532 1899 1535
1533 2362 2513
1534 884 2099
1535 1761 1565
1536 1644 1664
1537 86 939
1538 179 1324
1539 1488 1388
1540 226 349
1541 1002 1197
1542 1660 122
1543 1762 1970
1544 459 2123
1545 2399 947
1546 1159 1334
1547 783 2305
1548 1627 2036
1549 847 858
1550 1752 2155
1551 236 587
1552 1974 1789
1553 2642 590
1554 248 1297
1555 995 2093
1556 743 488
1557 874 685
1558 618 1955
1559 2369 470
1560 573 572
1561 1247 2482
1562 2215 2186
1563 886 1140
1564 64 536
1565 1012 2123
1566 1779 2416
1567 2128 415
1568 1448 300
1569 2504 1700
1570 453 1085
1571 1017 405
1572 1230 408
1573 2342 2442
1574 339 1454
1575 1476 1076
1576 1185 114
1577 1470 904
1578 1548 705
1579 2484 1059
1580 1947 525
1581 2297 709
1582 980 306
1583 2525 1681
1584 1001 869
1585 1960 1700
1586 1715 1481
1587 2369 852
1588 1903 1683
1589 1438 619
1590 2438 2569
1591 420 788
1592 1697 1239
1593 2250 1493
1594 1620 2442
1595 2585 2653
1596 291 1057
1597 1830 1240
1598 747 89
1599 723 1897
1600 2034 1767
1601 1842 1783
1602 2433 2323
1603 572 1555
1604 512 1099
1605 1994 809
1606 2475 13
1607 2426 1773
1608 2580 610
1609 459 1600
1610 58 671
1611 580 963
1612 2336 2006
1613 34 771
1614 920 325
1615 833 1061
1616 1410 2444
1617 1278 1180
1618 311 181
1619 1322 2265
1620 1851 1367
1621 169 1891
1622 675 1307
1623 308 1863
1624 1843 1675
1625 2235 513
1626 1827 7
1627 1895 1308
1628 923 1491
1629 991 6
1630 644 2270
1631 1065 2272
1632 961 843
1633 1836 1308
1634 150 533
1635 1123 2544
1636 815 1623
1637 1996 1394
1638 2533 226
1639 346 2596
1640 1853 1018
1641 2144 2138
1642 1089 1435
1643 1904 1993
1644 1899 2343
1645 499 122
1646 438 1476
1647 905 752
1648 2127 836
1649 339 767
1650 2157 1693
1651 439 901
1652 1413 1570
1653 1083 245
1654 57 65
1655 1454 1777
1656 2514 295
1657 2308 1232
1658 2027 593
1659 1656 2345
1660 608 532
1661 943 2407
1662 2559 335
1663 154 2253
1664 2061 647
1665 556 948
1666 484 2235
1667 653 162
1668 2508 18
1669 1766 701
1670 32 1706
1671 782 921
1672 1266 2586
1673 1565 1070
1674 697 818
1675 799 1501
1676 1506 1849
1677 323 1436
1678 773 39
1679 1964 2225
1680 2634 2605
1681 47 2499
1682 1132 1361
1683 1142 279
1684 500 2558
1685 1925 2450
1686 257 1292
1687 2123 1346
1688 1374 1788
1689 340 1138
1690 1108 1566
1691 508 1445
1692 370 1934
1693 1150 546
1694 1914 2652
1695 1510 1641
1696 215 1316
1697 276 214
1698 756 2070
1699 130 2227
1700 294 238
1701 663 2363
1702 764 1446
1703 1541 644
1704 2173 43
1705 888 788
1706 1211 486
1707 2633 72
1708 871 2355
1709 2410 1721
1710 182 2463
1711 250 680
1712 1250 2677
1713 1002 74
1714 1284 1410
1715 1265 1791
1716 792 1610
1717 134 1568
1718 641 1522
1719 1740 1328
1720 2608 2496
1721 1331 2165
1722 943 2672
1723 1292 2023
1724 2146 1712
1725 165 1696
1726 408 2670
1727 1526 1755
1728 1933 1825
1729 1139 994
1730 1268 589
1731 219 1387
1732 2581 322
1733 2248 1059
1734 353 1743
1735 2200 1822
1736 13 2068
1737 1979 1917
1738 1366 1549
1739 1142 2489
1740 866 30
1741 1568 359
1742 2584 1131
1743 347 1733
1744 1960 1038
1745 2037 2356
1746 2461 471
1747 2231 310
1748 1346 455
1749 2102 473
1750 883 525
1751 1856 1325
1752 2662 2357
1753 473 339
1754 1026 1278
1755 1183 367
1756 2207 331
1757 131 1247
1758 2110 108
1759 1649 324
1760 25 1094
1761 2129 1584
1762 2630 1936
1763 2495 2168
1764 177 79
1765 1735 1637
1766 2520 444
1767 1174 918
1768 283 101
1769 789 2096
1770 2275 922
1771 1087 688
1772 2665 848
1773 1309 2400
1774 266 1275
1775 568 1192
1776 2474 1263
1777 2287 967
1778 64 160
1779 2481 2339
1780 1161 2339
1781 517 877
1782 1567 197
1783 1288 1240
1784 1578 2466
1785 87 1491
1786 2015 1024
1787 1197 1109
1788 1881 2453
1789 208 2577
1790 1533 2423
1791 951 130
1792 2467 1387
1793 1926 585
1794 2466 2519
1795 1654 2580
1796 26 1692
1797 6 2065
1798 816 2278
1799 111 60
1800 1709 1966
1801 1254 1341
1802 1208 1786
1803 99 2133
1804 2390 371
1805 2410 2475
1806 439 391
1807 135 1994
1808 810 1264
1809 2048 629
1810 1980 1789
1811 2221 1534
1812 757 952
1813 1163 290
1814 1755 304
1815 978 2137
1816 555 2151
1817 1580 1893
1818 1333 1351
1819 2407 2002
1820 1584 504
1821 2540 1685
1822 678 685
1823 880 727
1824 2673 1624
1825 2195 796
1826 774 1123
1827 1952 2398
1828 977 2289
1829 2388 8
1830 1033 2411
1831 715 464
1832 2357 567
1833 1399 2652
1834 2567 1663
1835 258 2657
1836 1824 430
1837 2414 2344
1838 1356 424
1839 42 2018
1840 647 1330
1841 1064 1861
1842 929 1007
1843 1965 503
1844 2422 1613
1845 2089 1034
1846 1425 2136
1847 960 1241
1848 2314 437
1849 1056 554
1850 245 2609
1851 468 2316
1852 1181 1827
1853 927 1947
1854 24 280
1855 509 1002
1856 1189 174
1857 399 817
1858 1756 2195
1859 1374 1095
1860 1325 1982
1861 1722 9
1862 2083 461
1863 1954 2187
1864 1810 1049
1865 407 1902
1866 1799 1055
1867 660 1075
1868 1839 1337
1869 2097 1999
1870 1579 333
1871 121 56
1872 2074 2052
1873 2312 1951
1874 655 341
1875 1673 2158
1876 1317 2514
1877 430 12
1878 248 1316
1879 1569 831
1880 622 2011
1881 531 2393
1882 317 96
1883 1204 2485
1884 1695 1527
1885 2266 1436
1886 1572 319
1887 1285 2579
1888 1542 460
1889 1490 1624
1890 1515 1231
1891 278 2341
1892 526 2651
1893 1262 2412
1894 1719 1459
1895 2245 1692
1896 2636 211
1897 2270 874
1898 1840 1629
1899 1314 1867
1900 1540 2245
1901 1683 1129
1902 1435 2062
1903 1362 812
1904 730 1038
1905 1639 2028
1906 95 191
1907 31 1068
1908 2408 1792
1909 202 1616
1910 272 1204
1911 765 2275
1912 879 537
1913 2326 450
1914 743 988
1915 879 2389
1916 1774 370
1917 964 2063
1918 2512 218
1919 2280 811
1920 1596 2314
1921 253 354
1922 1571 2679
1923 546 2322
1924 1628 1729
1925 1890 1041
1926 2140 270
1927 1163 499
1928 524 1373
1929 2276 192
1930 819 1814
1931 1315 2634
1932 2405 1392
1933 2557 1797
1934 92 1035
1935 311 399
1936 598 2168
1937 557 842
1938 920 406
1939 2361 2216
1940 858 926
1941 1222 1287
1942 1778 104
1943 957 1885
1944 1605 703
1945 1632 1717
1946 1019 579
1947 2029 2458
1948 370 646
1949 1238 1292
1950 1558 306
1951 1654 857
1952 1592 1728
1953 1638 1269
1954 2532 572
1955 2538 2029
1956 2016 2311
1957 893 993
1958 2562 100
1959 1876 1648
1960 1329 1336
1961 1738 784
1962 1063 1204
1963 671 1886
1964 252 4
1965 1654 1619
1966 558 1269
1967 1247 2664
1968 2073 1835
1969 274 739
1970 602 1992
1971 1134 778
1972 1632 1340
1973 2145 127
1974 2060 1377
1975 2176 173
1976 2232 1534
1977 161 2523
1978 2407 1903
1979 1527 1358
1980 1492 443
1981 2246 427
1982 405 1462
1983 2376 1357
1984 609 1215
1985 1039 292
1986 1415 820
1987 1556 327
1988 2057 613
1989 1832 1451
1990 1041 1783
1991 2497 692
1992 1955 2562
1993 446 2667
1994 1308 301
1995 1766 2337
1996 1921 2289
1997 358 2052
1998 2002 1723
1999 2178 1287
2000 488 1845
2001 2303 470
2002 1061 903
2003 1918 2347
2004 2571 10
2005 715 1618
2006 2256 38
2007 2078 884
2008 425 2357
2009 1145 2426
2010 1117 2327
2011 1300 1344
2012 803 223
2013 1382 221
2014 2517 1334
2015 1997 647
2016 1567 1518
2017 120 1684
2018 1507 137
2019 1858 886
2020 599 2412
2021 2601 79
2022 1546 1094
2023 2296 62
2024 466 1245
2025 2642 192
2026 594 1988
2027 713 1282
2028 546 821
2029 966 710
2030 2071 197
2031 561 1333
2032 1597 1880
2033 2490 1772
2034 1594 1435
2035 1081 881
2036 604 185
2037 2412 1504
2038 878 55
2039 1303 1241
2040 2439 2196
2041 937 2508
2042 2307 2203
2043 1508 2544
2044 239 1972
2045 1949 1976
2046 943 2018
2047 197 1512
2048 258 397
2049 2311 1974
2050 432 2363
2051 1427 500
2052 1907 1242
2053 794 1421
2054 2132 1546
2055 2067 1886
2056 2415 1313
2057 1294 2631
2058 945 798
2059 503 826
2060 897 1882
2061 2180 1731
2062 2613 1012
2063 1834 2448
2064 735 460
2065 1742 716
2066 2048 2218
2067 1512 1366
2068 1610 1520
2069 228 583
2070 1740 2413
2071 188 2308
2072 2650 2451
2073 696 1721
2074 1580 972
2075 792 1247
2076 216 792
2077 1339 1086
2078 1826 2626
2079 497 1679
2080 1674 1277
2081 630 675
2082 1479 920
2083 623 2232
2084 2147 1417
2085 274 462
2086 2015 1593
2087 2297 2628
2088 2329 172
2089 1248 1657
2090 1402 2293
2091 2608 2160
2092 861 1335
2093 1546 658
2094 1277 750
2095 1383 2514
2096 2190 2623
2097 1264 1110
2098 2575 118
2099 2258 2266
2100 446 1295
2101 252 2641
2102 68 2431
2103 836 1918
2104 1099 2147
2105 2134 1751
2106 1413 1665
2107 2598 1476
2108 1207 1350
2109 1393 1535
2110 894 503
2111 503 1860
2112 2216 1308
2113 2404 530
2114 2271 258
2115 719 195
2116 2297 616
2117 1314 529
2118 715 853
2119 2563 1737
2120 1256 1752
2121 2298 572
2122 700 1615
2123 1980 811
2124 2526 1316
2125 2519 1628
2126 1981 1661
2127 1968 323
2128 690 1531
2129 2570 242
2130 951 590
2131 239 2595
2132 1774 1238
2133 2299 1045
2134 893 485
2135 1511 526
2136 2272 1827
2137 444 2160
2138 88 2258
2139 208 2199
2140 339 1427
2141 966 785
2142 1611 120
2143 2521 999
2144 2123 1236
2145 41 2268
2146 128 1840
2147 610 131
2148 1812 472
2149 1200 1110
2150 737 1069
2151 672 1036
2152 1764 2244
2153 1859 1770
2154 1168 1039
2155 92 1262
2156 1100 1834
2157 2036 1647
2158 911 1544
2159 435 1185
2160 2596 2223
2161 898 1920
2162 617 1106
2163 471 211
2164 452 1310
2165 1737 1651
2166 903 543
2167 1637 1932
2168 2315 1979
2169 16 739
2170 84 2495
2171 1214 2080
2172 2228 2401
2173 1898 750
2174 922 285
2175 1478 1273
2176 2548 1500
2177 262 1199
2178 1930 1467
2179 2424 1514
2180 453 1952
2181 1422 2245
2182 136 393
2183 2168 2045
2184 150 1432
2185 2403 1122
2186 932 1066
2187 543 1718
2188 1352 2344
2189 16 709
2190 1379 824
2191 762 606
2192 2635 540
2193 1050 145
2194 1419 298
2195 483 705
2196 287 1774
2197 2279 2580
2198 2451 909
2199 87 1232
2200 963 1931
2201 796 336
2202 2361 352
2203 718 2160
2204 466 2663
2205 1581 2181
2206 1074 1935
2207 1503 1016
2208 1049 773
2209 2657 2197
2210 1709 1209
2211 305 2047
2212 2178 720
2213 1947 2207
2214 2272 2034
2215 2179 2444
2216 2269 869
2217 739 1021
2218 2322 1290
2219 909 1301
2220 1777 174
2221 219 1182
2222 2247 587
2223 2476 1217
2224 2415 2128
2225 1554 1404
2226 1440 1855
2227 786 109
2228 2351 2590
2229 1972 182
2230 760 1656
2231 1036 1618
2232 329 1316
2233 959 2032
2234 751 326
2235 2418 493
2236 1742 301
2237 640 414
2238 1691 589
2239 1058 943
2240 1460 957
2241 2012 1181
2242 2450 2228
2243 278 1811
2244 781 1640
2245 976 2251
2246 449 2071
2247 889 1074
2248 1129 2409
2249 2626 1481
2250 1393 142
2251 38 898
2252 1175 140
2253 1957 1840
2254 1469 1867
2255 905 2418
2256 2024 1613
2257 24 2377
2258 1133 1728
2259 732 2552
2260 341 126
2261 632 11
2262 2326 1695
2263 676 1475
2264 148 1533
2265 1914 2098
2266 719 1000
2267 1417 2625
2268 1719 283
2269 2434 2170
2270 269 1935
2271 1593 2067
2272 1340 118
2273 2062 2416
2274 8 19
2275 2093 2652
2276 2294 1232
2277 1763 1257
2278 1316 424
2279 859 2438
2280 1978 174
2281 120 1360
2282 473 2574
2283 1475 2309
2284 1331 2250
2285 2166 909
2286 2660 1855
2287 938 1481
2288 391 498
2289 958 1513
2290 651 1533
2291 2298 1384
2292 688 311
2293 1667 1099
2294 2373 1098
2295 503 706
2296 1316 1606
2297 1835 2222
2298 240 1510
2299 2627 36
2300 2333 90
2301 2227 104
2302 577 2101
2303 2179 1813
2304 1841 2592
2305 24 2428
2306 2119 246
2307 200 508
2308 507 2289
2309 1902 1945
2310 2320 605
2311 200 624
2312 1113 164
2313 445 2137
2314 979 442
2315 170 1062
2316 2508 1209
2317 159 2524
2318 1700 120
2319 1190 1343
2320 2355 1447
2321 507 1458
2322 451 1119
2323 82 127
2324 1840 119
2325 749 956
2326 573 1458
2327 2070 983
2328 2105 1471
2329 668 1964
2330 1490 441
2331 2009 948
2332 1928 1401
2333 91 328
2334 1933 808
2335 2193 590
2336 1132 1937
2337 1097 123
2338 1960 478
2339 319 2586
2340 1454 2546
2341 1968 2588
2342 605 1679
2343 1472 136
2344 1100 393
2345 1625 2669
2346 1950 2595
2347 886 1638
2348 2346 2384
2349 2375 1013
2350 2205 1893
2351 581 491
2352 1484 1461
2353 2560 54
2354 684 276
2355 2030 1389
2356 1333 2192
2357 1287 1296
2358 1655 165
2359 2119 1603
2360 731 1617
2361 124 1796
2362 373 2288
2363 329 739
2364 1833 2304
2365 2618 2074
2366 2139 758
2367 97 2397
2368 2435 1883
2369 1281 2140
2370 1297 1874
2371 432 926
2372 2214 899
2373 162 2369
2374 1051 581
2375 1571 423
2376 309 1503
2377 165 2362
2378 2122 280
2379 644 1636
2380 501 1943
2381 694 2336
2382 56 165
2383 407 1861
2384 546 2347
2385 2051 2628
2386 2415 1534
2387 917 2112
2388 1152 218
2389 416 238
2390 2610 1493
2391 1596 2165
2392 219 2587
2393 148 1887
2394 1746 2347
2395 1589 2520
2396 1607 1191
2397 1841 127
2398 1979 457
2399 21 2283
2400 632 493
2401 168 2631
2402 1956 2362
2403 901 665
2404 779 445
2405 2418 1632
2406 803 1735
2407 2202 628
2408 2524 293
2409 1520 2146
2410 1143 2345
2411 918 784
2412 2653 1111
2413 2164 1678
2414 2156 779
2415 196 1262
2416 1150 1105
2417 1406 1661
2418 434 1148
2419 544 154
2420 2119 2195
2421 1544 958
2422 1342 154
2423 1997 1357
2424 2072 117
2425 1594 28
2426 2120 362
2427 589 1419
2428 1362 47
2429 1671 1150
2430 2539 537
2431 1036 958
2432 163 887
2433 1190 805
2434 345 1278
2435 1533 1882
2436 2269 686
2437 970 1633
2438 2668 613
2439 2332 199
2440 143 1299
2441 731 2645
2442 429 646
2443 2018 578
2444 1027 199
2445 738 246
2446 1097 12
2447 1245 1628
2448 703 1007
2449 1528 2480
2450 2631 431
2451 2333 2570
2452 1468 957
2453 2416 2185
2454 1668 418
2455 120 2067
2456 58 1575
2457 1120 1747
2458 2455 2349
2459 1327 2013
2460 658 1407
2461 1573 535
2462 2533 2180
2463 2519 1512
2464 658 521
2465 2116 317
2466 966 1911
2467 1472 2281
2468 781 2040
2469 1753 645
2470 502 424
2471 2449 1568
2472 1704 1322
2473 2036 281
2474 1701 744
2475 667 995
2476 86 1647
2477 783 2480
2478 2568 418
2479 1865 841
2480 205 2341
2481 338 1461
2482 2333 389
2483 830 1856
2484 879 607
2485 1687 2341
2486 2099 2359
2487 2215 304
2488 1650 626
2489 1046 85
2490 480 621
2491 1893 2109
2492 824 1895
2493 705 2266
2494 368 2124
2495 2324 2584
2496 1199 444
2497 161 375
2498 229 2131
2499 527 1942
2500 2650 722
2501 2360 1995
2502 1865 1391
2503 666 288
2504 822 2216
2505 1085 1648
2506 1622 462
2507 1318 1458
2508 1310 1015
2509 1611 332
2510 983 956
2511 1888 2445
2512 352 948
2513 2634 2108
2514 1461 264
2515 138 924
2516 2086 802
2517 2461 2228
2518 1091 1600
2519 2401 418
2520 1830 1957
2521 1314 2033
2522 1905 2049
2523 1534 2139
2524 203 511
2525 605 1128
2526 117 696
2527 2509 1294
2528 1417 183
2529 1133 2563
2530 1421 724
2531 521 34
2532 1972 2509
2533 1901 1883
2534 1830 2578
2535 2222 2078
2536 2138 2247
2537 45 1704
2538 1305 2072
2539 1909 1087
2540 516 992
2541 159 923
2542 2032 2106
2543 2307 1638
2544 1537 2475
2545 978 797
2546 1381 1064
2547 1378 2383
2548 803 36
2549 1570 2342
2550 1300 2109
2551 2175 243
2552 1496 1304
2553 2174 1239
2554 1172 161
2555 1874 767
2556 731 2168
2557 1040 247
2558 1650 2064
2559 2145 1035
2560 392 1394
2561 425 730
2562 702 1530
2563 1262 1996
2564 1187 1544
2565 2114 957
2566 1988 1529
2567 1940 418
2568 2554 1199
2569 780 468
2570 92 718
2571 926 163
2572 2471 1032
2573 489 1564
2574 986 1612
2575 2345 1966
2576 2383 939
2577 2241 177
2578 1943 2635
2579 5 496
2580 1445 2111
2581 654 2017
2582 326 1582
2583 2479 235
2584 991 1891
2585 889 2015
2586 2528 366
2587 90 1714
2588 752 1721
2589 1474 17
2590 2217 589
2591 1 142
2592 1045 925
2593 307 1819
2594 2217 1867
2595 430 780
2596 1576 923
2597 2110 2242
2598 91 2669
2599 311 421
2600 1352 1230
2601 1923 329
2602 313 1353
2603 1059 1092
2604 2383 2361
2605 2219 1335
2606 2070 563
2607 314 700
2608 2674 1130
2609 2271 767
2610 1226 19
2611 1891 551
2612 332 1626
2613 2514 1751
2614 218 700
2615 59 1512
2616 1820 1527
2617 2459 690
2618 2486 1799
2619 1700 1570
2620 1595 2010
2621 460 2102
2622 1689 1046
2623 507 2615
2624 1847 2505
2625 1533 2358
2626 2124 2289
2627 1370 610
2628 2290 2222
2629 1554 169
2630 1020 253
2631 2268 317
2632 187 302
2633 2048 449
2634 703 2408
2635 2012 2084
2636 2340 539
2637 1981 837
2638 1771 598
2639 1406 2600
2640 1642 2426
2641 1973 2535
2642 1759 495
2643 2492 101
2644 57 2133
2645 141 2343
2646 647 1054
2647 1826 1244
2648 430 147
2649 1468 2182
2650 2612 2436
2651 2666 1377
2652 2210 1427
2653 141 2140
2654 1458 2547
2655 1825 2286
2656 2430 909
2657 2479 643
2658 1033 2187
2659 2368 1871
2660 713 497
2661 1628 2514
2662 1917 777
2663 261 468
2664 2235 1790
2665 1861 2611
2666 2374 795
2667 503 1042
2668 230 2148
2669 853 1828
2670 2488 981
2671 646 1042
2672 2360 362
2673 482 642
2674 2228 319
2675 856 1753
2676 1443 2377
2677 1087 2217
2678 1589 36
2679 1844 550
2680 2221 1527
