2750 2750
1 1990 15
2 14 281
3 705 2457
4 2742 920
5 1831 2231
6 405 1275
7 1116 1474
8 2116 2528
9 1232 1094
10 442 171
11 2039 1583
12 1863 1462
13 2410 2295
14 100 1589
15 1651 1056
16 125 2596
17 1276 514
18 271 2661
19 604 1586
20 1265 60
21 272 945
22 2599 1356
23 474 1729
24 1620 2724
25 2047 221
26 1130 1312
27 2517 1761
28 1499 1215
29 2297 330
30 2261 2669
31 108 2327
32 751 1363
33 1732 482
34 2127 2744
35 2643 1689
36 169 2623
37 2506 1321
38 988 553
39 2475 49
40 645 1445
41 1572 1115
42 734 2226
43 2673 2467
44 638 1479
45 2194 2422
46 1325 266
47 1987 205
48 539 1312
49 2173 2722
50 2379 2293
51 1244 1313
52 1904 1868
53 1197 799
54 2073 2229
55 2701 1610
56 2619 283
57 474 362
58 725 2321
59 1243 1936
60 2467 1584
61 1303 2193
62 332 771
63 1336 2189
64 2376 1740
65 1437 586
66 81 1344
67 2207 664
68 1678 446
69 2319 2470
70 630 2523
71 1448 2022
72 1641 2201
73 1034 1130
74 254 2495
75 2371 1652
76 1311 1999
77 1370 1902
78 2290 1301
79 2414 12
80 753 1028
81 447 1327
82 2037 724
83 2294 918
84 1644 1682
85 1102 436
86 1935 1346
87 2137 376
88 376 2357
89 292 2170
90 729 988
91 1169 2015
92 2344 1120
93 1418 83
94 1692 2046
95 1606 358
96 549 57
97 146 459
98 1040 2749
99 925 999
100 1288 2025
101 2646 184
102 699 2152
103 1438 2462
104 879 497
105 2637 330
106 308 976
107 1371 1405
108 1880 1466
109 2316 1391
110 788 1704
111 2527 2392
112 760 2007
113 812 2131
114 1082 2046
115 2470 1497
116 2466 1581
117 1306 2554
118 1208 1867
119 2125 1286
120 2074 2307
121 1714 2026
122 2388 2750
123 2709 1922
124 1355 731
125 2442 563
126 1328 2517
127 685 1210
128 236 2251
129 2514 345
130 2444 2747
131 207 982
132 921 1595
133 1537 1679
134 161 259
135 458 1820
136 2272 1097
137 1267 306
138 1619 301
139 2311 1593
140 2517 730
141 2023 1665
142 2283 192
143 1571 892
144 199 2340
145 2367 2111
146 2396 1990
147 376 1744
148 732 1471
149 2549 561
150 1317 1568
151 854 1751
152 103 2086
153 2317 768
154 869 2165
155 2713 1698
156 310 1206
157 1310 1831
158 1894 1769
159 279 1216
160 1487 2677
161 2082 609
162 690 453
163 1345 1768
164 2384 1754
165 137 999
166 385 59
167 1678 432
168 1599 167
169 2695 2070
170 2278 933
171 163 1964
172 1222 755
173 117 1095
174 1587 2024
175 1890 2694
176 2044 1825
177 1111 1800
178 2317 2129
179 461 6
180 943 914
181 884 2425
182 1057 1556
183 1666 2748
184 1647 321
185 27 742
186 2453 1689
187 1823 801
188 2649 934
189 803 1505
190 1128 1793
191 157 2000
192 1716 2003
193 754 1030
194 1003 2190
195 483 1876
196 2097 1774
197 2458 552
198 799 2370
199 827 1732
200 253 2008
201 2038 2179
202 490 2289
203 316 2618
204 1377 2619
205 2073 456
206 1415 648
207 2498 1810
208 436 1072
209 1874 1155
210 745 942
211 1328 244
212 156 2335
213 2550 2246
214 2083 2124
215 2520 1918
216 2543 1487
217 441 37
218 253 1380
219 2159 2023
220 237 1167
221 141 998
222 1918 1708
223 2256 266
224 505 549
225 2608 2204
226 11 1108
227 1896 2460
228 2332 1504
229 1164 2402
230 2309 2159
231 1305 556
232 2031 267
233 2548 1875
234 77 1849
235 2544 322
236 984 1788
237 1783 173
238 2541 1093
239 239 2441
240 865 343
241 888 249
242 2501 6
243 1461 572
244 2406 2312
245 385 2030
246 671 1396
247 1721 2059
248 1028 1923
249 1484 533
250 317 1410
251 1614 2305
252 2245 2349
253 2338 909
254 1766 1218
255 380 389
256 538 1270
257 1763 929
258 190 1709
259 1262 1808
260 2028 447
261 36 708
262 1595 242
263 664 339
264 307 1994
265 1397 2
266 1763 2246
267 1702 443
268 212 2091
269 1973 1484
270 1949 2538
271 92 1116
272 455 17
273 2520 2251
274 1752 316
275 2214 2666
276 2004 986
277 1325 1378
278 995 130
279 2495 1510
280 1188 604
281 734 784
282 1259 1833
283 20 1456
284 1001 465
285 1115 1954
286 1044 1729
287 2199 1590
288 1630 1735
289 2295 552
290 1151 2181
291 108 1306
292 474 1202
293 219 50
294 23 69
295 251 1648
296 1397 838
297 2302 1018
298 1120 959
299 777 2729
300 2561 1742
301 2269 2529
302 183 1761
303 1186 2499
304 1947 123
305 251 1733
306 568 699
307 18 1891
308 465 202
309 727 2294
310 2082 1254
311 398 317
312 1494 1886
313 1153 2440
314 646 2127
315 75 2149
316 2463 1922
317 2003 2447
318 2523 428
319 1750 225
320 1195 2612
321 611 1316
322 2155 1290
323 2592 1993
324 2109 521
325 457 320
326 2061 2457
327 599 1722
328 1426 865
329 2666 549
330 1623 388
331 2177 1548
332 648 1822
333 2411 1332
334 2705 228
335 249 370
336 2232 1272
337 1661 1402
338 1600 2381
339 1494 2208
340 2636 100
341 2312 1631
342 2605 491
343 1175 2088
344 763 1763
345 783 1765
346 2590 61
347 2076 1210
348 1942 2240
349 1936 123
350 841 1702
351 970 1017
352 1800 775
353 1482 139
354 62 440
355 1992 2272
356 1185 772
357 1201 831
358 826 2141
359 2358 1591
360 1673 1225
361 9 305
362 1825 763
363 640 2381
364 25 311
365 2027 1070
366 1811 682
367 2376 1680
368 1532 974
369 232 1561
370 1416 1208
371 2608 2195
372 2245 8
373 1900 1624
374 1590 1000
375 612 1602
376 2733 2538
377 2355 2697
378 2374 612
379 470 1545
380 2413 2327
381 714 1777
382 1984 2273
383 2145 89
384 394 107
385 850 248
386 330 684
387 2468 664
388 1910 1689
389 1193 1010
390 1016 169
391 794 1477
392 316 1182
393 681 2109
394 2218 1734
395 1557 2112
396 1792 1505
397 1090 462
398 214 1837
399 1079 440
400 2239 2359
401 331 2398
402 2204 1389
403 2196 82
404 1158 2353
405 695 1643
406 694 558
407 1705 2234
408 490 2490
409 1160 1269
410 1127 1548
411 821 2498
412 1936 454
413 540 2393
414 591 1262
415 1713 2395
416 2525 231
417 505 1773
418 1874 1138
419 2562 1071
420 822 2659
421 1581 169
422 1250 2278
423 2058 2179
424 1617 1936
425 1739 1473
426 1356 1014
427 2647 492
428 735 404
429 1744 2684
430 1209 473
431 1454 1082
432 1594 188
433 939 1467
434 1230 1518
435 1493 2698
436 1586 1426
437 2072 1406
438 1227 269
439 242 1512
440 986 939
441 2678 2114
442 2149 2347
443 559 1708
444 969 510
445 1213 285
446 2647 889
447 2193 1077
448 2393 1815
449 2585 2210
450 1900 106
451 1168 2015
452 308 897
453 412 718
454 492 1496
455 1879 935
456 1237 2521
457 1282 453
458 2482 1002
459 818 136
460 4 1068
461 982 493
462 2008 1502
463 2747 2654
464 2220 339
465 1154 1242
466 214 306
467 1852 254
468 2411 2171
469 2197 52
470 2329 429
471 1965 63
472 2344 2361
473 2434 800
474 1070 778
475 2267 1268
476 323 765
477 2649 1670
478 2326 276
479 2308 1321
480 278 2430
481 399 1458
482 21 1741
483 2561 1899
484 1709 1289
485 1815 2202
486 344 811
487 443 1528
488 687 2084
489 2330 62
490 1399 1464
491 2040 794
492 583 1713
493 1642 45
494 175 1468
495 1800 1803
496 1357 93
497 423 2028
498 1924 1614
499 2221 2096
500 114 1398
501 1697 2565
502 2561 1679
503 2432 1145
504 515 2631
505 174 1729
506 1655 1818
507 624 870
508 223 1895
509 1666 1878
510 347 1644
511 2058 1770
512 1381 2510
513 1120 2512
514 996 1596
515 2419 1761
516 1911 819
517 1319 1066
518 2522 807
519 1730 1195
520 895 2407
521 2519 2123
522 1813 229
523 471 2332
524 355 436
525 254 2348
526 1637 2071
527 611 94
528 1397 290
529 2646 1494
530 63 1402
531 1204 954
532 2522 1765
533 2005 531
534 1294 2260
535 2350 2404
536 2567 955
537 2192 1166
538 1818 21
539 1194 787
540 1711 2403
541 699 1628
542 2346 1596
543 399 1877
544 2535 1913
545 1271 234
546 1687 1537
547 2269 238
548 2720 2088
549 2587 2354
550 142 2414
551 659 736
552 623 2174
553 2352 2612
554 1582 2329
555 1850 1983
556 2124 951
557 2408 42
558 742 88
559 1291 2423
560 2563 730
561 1539 1998
562 2665 1246
563 268 1139
564 151 83
565 1228 1222
566 2356 2348
567 2543 1599
568 1007 1924
569 682 297
570 57 1061
571 1408 709
572 2031 678
573 2297 2213
574 329 1656
575 2368 516
576 1387 1538
577 2524 2656
578 1818 100
579 769 1116
580 559 1383
581 1384 226
582 422 950
583 745 603
584 1032 186
585 2214 372
586 1663 2380
587 798 1898
588 1489 1821
589 2112 2149
590 901 431
591 336 2106
592 1746 2023
593 1931 1675
594 917 1910
595 766 880
596 829 1295
597 571 1488
598 2137 417
599 970 2339
600 151 1297
601 1238 1121
602 2538 2243
603 1096 214
604 2226 490
605 644 1136
606 2451 1874
607 2115 2410
608 269 1242
609 939 2123
610 1002 974
611 2197 51
612 215 1768
613 1371 2245
614 2211 2150
615 120 1365
616 650 1322
617 2375 2145
618 609 380
619 72 2291
620 1484 1258
621 1744 1079
622 1961 2165
623 90 1290
624 1686 1679
625 2573 132
626 2619 2685
627 1414 1505
628 573 2676
629 889 817
630 2180 2144
631 740 1918
632 1221 1146
633 1788 1841
634 2023 526
635 672 1975
636 235 2515
637 808 2444
638 1181 1025
639 1233 1396
640 1865 1691
641 1403 934
642 1248 408
643 2463 1063
644 628 2514
645 1294 2338
646 1493 1330
647 2300 490
648 872 1632
649 703 1507
650 1662 1709
651 2542 46
652 2745 112
653 1277 819
654 1600 1718
655 32 1540
656 2258 78
657 2561 307
658 1941 1816
659 1048 1244
660 1710 686
661 1101 1560
662 1624 501
663 507 964
664 53 213
665 2659 1473
666 2162 1464
667 2485 533
668 1672 2274
669 188 1352
670 1924 1212
671 2121 1732
672 722 225
673 206 2665
674 2168 2090
675 341 2554
676 1551 487
677 1834 49
678 333 1940
679 2436 1530
680 2743 33
681 219 2683
682 395 867
683 2716 414
684 290 2097
685 337 1795
686 130 1602
687 2041 2252
688 700 231
689 1111 2504
690 953 648
691 903 1426
692 488 619
693 1829 221
694 1547 935
695 631 2737
696 615 339
697 1545 1667
698 1218 2481
699 1680 847
700 1727 1138
701 869 1211
702 2416 1673
703 1566 2524
704 2040 29
705 1541 1366
706 504 2503
707 2743 296
708 1690 923
709 1503 75
710 2732 2047
711 1293 2187
712 2157 824
713 1308 1766
714 512 717
715 483 509
716 483 41
717 1185 2264
718 498 765
719 2613 2474
720 2156 2516
721 2356 1411
722 2303 407
723 2564 280
724 1753 2150
725 1529 1671
726 1089 1917
727 1820 2129
728 1263 265
729 1524 1208
730 2607 418
731 374 2725
732 1211 127
733 17 449
734 2563 1994
735 1275 476
736 368 1192
737 1929 382
738 1600 2351
739 2480 710
740 335 689
741 1447 2422
742 2040 2118
743 2503 45
744 160 635
745 1490 2749
746 337 1257
747 1813 84
748 862 642
749 1159 364
750 33 1251
751 1575 1371
752 1115 1696
753 243 2601
754 2331 153
755 1765 1884
756 1985 2089
757 1288 359
758 2025 1339
759 2381 2634
760 698 2063
761 291 1512
762 2076 1180
763 1960 591
764 581 2435
765 2700 2186
766 101 1182
767 1015 2713
768 905 1862
769 294 2244
770 1968 636
771 1658 2548
772 2389 2038
773 2697 556
774 2723 2737
775 1100 1058
776 1361 552
777 1615 1955
778 361 2138
779 865 1984
780 2060 1997
781 2521 2139
782 1913 2474
783 689 740
784 434 898
785 1887 529
786 936 881
787 92 2183
788 299 113
789 2078 691
790 280 2245
791 39 1663
792 256 1493
793 1155 1134
794 522 1607
795 773 2735
796 415 1529
797 585 2333
798 901 1572
799 207 206
800 949 1665
801 1408 2046
802 1448 1277
803 1107 1233
804 1409 2069
805 898 2502
806 881 2087
807 717 525
808 841 2705
809 1722 631
810 1889 838
811 626 2746
812 1845 2320
813 2379 692
814 718 979
815 2069 2263
816 2619 152
817 537 1231
818 420 1185
819 1762 1807
820 1192 1513
821 2470 2617
822 146 242
823 1118 190
824 925 396
825 1346 2185
826 1477 2105
827 2258 368
828 1403 602
829 1489 1491
830 2002 2170
831 671 311
832 432 1501
833 1213 2320
834 2054 293
835 2470 1016
836 2298 515
837 2580 1957
838 749 750
839 2119 1416
840 226 395
841 2427 598
842 376 223
843 1450 2701
844 1084 2460
845 241 2066
846 2377 1446
847 2675 2702
848 2046 300
849 1258 1914
850 2737 8
851 110 2434
852 1493 1
853 917 2525
854 531 1123
855 1059 895
856 1524 727
857 1889 4
858 339 2265
859 1213 1547
860 1142 1138
861 2346 374
862 1256 2330
863 1829 2251
864 1688 1224
865 1732 447
866 645 1834
867 2004 2587
868 1130 2033
869 408 1445
870 1408 1946
871 456 1550
872 794 787
873 1253 352
874 1929 2577
875 129 1134
876 293 1093
877 1235 1418
878 1236 422
879 1635 990
880 1222 1372
881 47 2649
882 2172 979
883 1638 2177
884 198 1333
885 1025 2652
886 460 262
887 221 2003
888 290 1112
889 13 1974
890 873 2259
891 567 928
892 321 831
893 438 48
894 1668 1291
895 466 2149
896 2364 1504
897 1888 2404
898 2448 1456
899 655 2180
900 291 1318
901 1374 164
902 1592 1222
903 2227 1378
904 958 163
905 1565 1484
906 2239 226
907 2518 1126
908 2394 1819
909 66 2736
910 940 67
911 1179 1441
912 254 997
913 1504 874
914 1142 290
915 2664 2249
916 2155 1740
917 1016 2599
918 1358 935
919 2526 925
920 1541 525
921 1546 1610
922 1225 1912
923 2670 837
924 2268 1166
925 486 996
926 392 1388
927 1271 1977
928 1811 2428
929 722 2589
930 1339 560
931 182 485
932 1355 276
933 894 407
934 152 1565
935 2348 1700
936 2227 190
937 653 202
938 2143 724
939 371 2193
940 351 102
941 1628 1178
942 1102 2430
943 436 936
944 1880 1954
945 1628 2393
946 1949 1803
947 1905 1226
948 861 1244
949 2211 1621
950 2017 1266
951 316 921
952 766 1039
953 1664 2617
954 2179 1627
955 2434 967
956 2173 300
957 2521 1765
958 666 1627
959 1028 841
960 425 1682
961 138 1248
962 2314 897
963 1994 1755
964 977 1622
965 2748 1603
966 1553 1272
967 1819 2504
968 2549 2648
969 1883 848
970 2599 1898
971 1830 1453
972 2350 2288
973 2682 36
974 2151 1188
975 1866 1270
976 12 2336
977 2731 1662
978 1048 1478
979 482 322
980 1162 2274
981 313 2068
982 1577 1550
983 2318 99
984 2049 1162
985 695 1491
986 2115 764
987 2442 1125
988 383 2003
989 727 87
990 2627 1362
991 1909 713
992 541 2568
993 1696 1262
994 2232 654
995 1885 1643
996 1194 2224
997 62 544
998 1895 579
999 1289 1841
1000 1148 955
1001 259 1685
1002 1696 764
1003 1865 1405
1004 1125 1557
1005 799 665
1006 1650 906
1007 2081 1145
1008 603 2171
1009 581 1736
1010 1204 892
1011 2611 632
1012 2289 1405
1013 1678 678
1014 1581 374
1015 1336 1256
1016 1344 2737
1017 1834 2402
1018 2045 2477
1019 355 1467
1020 569 1683
1021 404 2296
1022 1262 2582
1023 467 468
1024 1858 2077
1025 2033 126
1026 820 1116
1027 1497 1187
1028 946 1352
1029 1654 2160
1030 2430 766
1031 1757 161
1032 1473 2160
1033 1435 2018
1034 622 2472
1035 364 1916
1036 59 1274
1037 525 856
1038 26 1461
1039 96 71
1040 314 1839
1041 9 2570
1042 1389 1040
1043 1860 387
1044 605 1296
1045 1778 2552
1046 704 319
1047 1062 2267
1048 2505 1753
1049 2658 1151
1050 2637 1091
1051 1273 1338
1052 327 361
1053 1237 1321
1054 1976 1890
1055 1390 2309
1056 2138 992
1057 2475 488
1058 204 1402
1059 1892 1774
1060 2271 1839
1061 883 495
1062 2705 1837
1063 657 785
1064 2282 2430
1065 643 341
1066 2503 1985
1067 2603 2734
1068 1956 2635
1069 2182 1499
1070 2628 1684
1071 1236 2483
1072 2116 1369
1073 2746 1950
1074 1851 981
1075 1982 1145
1076 840 1508
1077 2166 1212
1078 720 2721
1079 1624 1124
1080 1250 516
1081 1093 2138
1082 2154 2277
1083 109 893
1084 115 1693
1085 43 512
1086 2273 1506
1087 1697 2360
1088 849 2499
1089 2411 2594
1090 2630 2331
1091 2195 1459
1092 1824 436
1093 1065 243
1094 988 2091
1095 1971 1412
1096 2222 1028
1097 789 1229
1098 510 1934
1099 685 977
1100 2647 989
1101 2298 851
1102 1400 987
1103 1765 2158
1104 382 1603
1105 2390 2119
1106 1562 1477
1107 2044 1138
1108 2340 1716
1109 830 1993
1110 305 2376
1111 1674 740
1112 1667 52
1113 2504 1630
1114 1494 127
1115 2425 2689
1116 744 1434
1117 2238 586
1118 5 552
1119 343 2594
1120 558 954
1121 648 1307
1122 2207 39
1123 949 1860
1124 1410 2029
1125 1292 1182
1126 1631 1995
1127 848 2379
1128 2336 2138
1129 2374 192
1130 750 2085
1131 348 1894
1132 2184 280
1133 732 2086
1134 2620 1417
1135 1278 780
1136 373 2572
1137 673 1094
1138 307 1588
1139 530 1461
1140 1354 1481
1141 1842 1630
1142 1466 157
1143 1574 1855
1144 2457 2435
1145 2297 812
1146 1672 545
1147 2671 921
1148 153 489
1149 1658 2606
1150 462 785
1151 2596 2347
1152 1427 2294
1153 2074 1908
1154 1412 1311
1155 2314 1033
1156 433 1085
1157 1899 2739
1158 1314 2597
1159 573 1621
1160 1038 2042
1161 285 2038
1162 1661 2553
1163 1251 2601
1164 1203 1358
1165 207 944
1166 519 2385
1167 1769 377
1168 1960 1902
1169 1962 1581
1170 271 2309
1171 1544 577
1172 2495 245
1173 442 2011
1174 2646 2091
1175 2263 2115
1176 1974 1139
1177 570 1218
1178 835 374
1179 910 662
1180 1206 2630
1181 1434 1788
1182 1265 2022
1183 1912 147
1184 292 1570
1185 2515 2241
1186 2139 2049
1187 2085 597
1188 468 2488
1189 1745 1244
1190 1171 1384
1191 2258 2223
1192 68 2638
1193 522 2510
1194 1333 585
1195 881 99
1196 454 2669
1197 2635 601
1198 1141 205
1199 84 2634
1200 2385 90
1201 2720 902
1202 1238 2466
1203 1285 2562
1204 2707 784
1205 930 336
1206 119 800
1207 1583 1797
1208 1206 288
1209 517 1980
1210 2747 17
1211 73 2070
1212 2075 745
1213 669 1946
1214 149 519
1215 810 1296
1216 67 1968
1217 1127 2088
1218 1598 789
1219 1903 1356
1220 917 474
1221 1628 2321
1222 2688 1920
1223 939 1888
1224 126 2495
1225 723 219
1226 723 1563
1227 2110 2735
1228 569 2309
1229 2723 2525
1230 1701 2539
1231 737 1328
1232 1521 2547
1233 1813 1995
1234 2413 770
1235 1105 380
1236 640 2541
1237 1298 1011
1238 1043 2080
1239 475 1760
1240 1954 1840
1241 178 1419
1242 2574 1816
1243 2740 1970
1244 589 893
1245 2261 815
1246 2 1130
1247 1227 1568
1248 798 594
1249 2683 1812
1250 1916 1684
1251 544 1948
1252 1070 392
1253 177 2069
1254 2428 2157
1255 247 1414
1256 204 528
1257 925 2604
1258 670 2735
1259 2194 1545
1260 1836 1476
1261 96 1412
1262 2510 433
1263 570 1124
1264 2108 1518
1265 1438 2415
1266 1061 1314
1267 2241 626
1268 1256 2326
1269 115 1005
1270 1229 1304
1271 2279 2280
1272 2455 1902
1273 2285 1416
1274 1331 211
1275 843 518
1276 187 1925
1277 46 1976
1278 615 344
1279 2467 535
1280 1723 867
1281 606 1426
1282 2588 751
1283 1936 661
1284 98 1513
1285 938 147
1286 1875 2678
1287 717 1255
1288 1462 1733
1289 2211 25
1290 1898 1465
1291 1256 2127
1292 2370 1017
1293 2746 1249
1294 1246 1318
1295 1813 1071
1296 1038 132
1297 227 2117
1298 1654 2344
1299 776 1531
1300 1152 48
1301 1104 2669
1302 48 1980
1303 2438 1235
1304 1063 2199
1305 1665 755
1306 2665 1223
1307 178 2558
1308 983 1649
1309 2423 1109
1310 70 32
1311 1432 2454
1312 603 124
1313 1954 1060
1314 704 1678
1315 2105 1397
1316 2558 935
1317 2309 1831
1318 2398 1666
1319 480 1514
1320 2198 1813
1321 1635 1976
1322 444 502
1323 2051 1482
1324 2457 1896
1325 1817 2694
1326 739 1971
1327 1077 100
1328 1284 1632
1329 2664 1173
1330 1458 168
1331 928 1904
1332 1843 534
1333 2601 2508
1334 1560 2001
1335 1309 1885
1336 2213 1819
1337 1976 622
1338 2322 1577
1339 459 2747
1340 1381 1203
1341 477 1796
1342 1141 2646
1343 177 1163
1344 2638 1551
1345 616 960
1346 796 483
1347 2462 2678
1348 2121 912
1349 51 585
1350 443 1990
1351 301 357
1352 1055 2548
1353 49 2263
1354 2066 2245
1355 1951 2457
1356 214 2676
1357 265 1022
1358 1186 1572
1359 358 242
1360 2255 664
1361 2578 4
1362 2659 1282
1363 1299 2492
1364 390 710
1365 312 122
1366 1924 1892
1367 65 1872
1368 1276 2256
1369 565 33
1370 736 1329
1371 1984 660
1372 1496 1842
1373 2374 1772
1374 1215 1808
1375 407 1385
1376 2145 200
1377 899 1257
1378 2705 1319
1379 2014 389
1380 1057 1294
1381 811 1686
1382 130 2295
1383 833 871
1384 2062 106
1385 240 1899
1386 2338 1424
1387 962 1588
1388 1657 1105
1389 235 103
1390 380 1936
1391 1768 891
1392 1655 241
1393 1702 1199
1394 2060 1531
1395 840 2108
1396 825 368
1397 824 499
1398 2680 2295
1399 2049 1476
1400 2454 2367
1401 392 639
1402 2135 651
1403 1950 1721
1404 2249 1489
1405 2414 2100
1406 547 2025
1407 2122 1992
1408 2037 1544
1409 1959 2196
1410 658 203
1411 1707 836
1412 1056 1581
1413 2636 1811
1414 425 2472
1415 321 757
1416 879 2001
1417 77 189
1418 2679 904
1419 1724 1723
1420 1690 1479
1421 1468 713
1422 803 2706
1423 1804 633
1424 1644 740
1425 1418 2428
1426 1614 2606
1427 438 1729
1428 210 1703
1429 2359 258
1430 2738 1450
1431 2468 1554
1432 1351 1359
1433 2251 759
1434 1454 2118
1435 421 239
1436 1236 1166
1437 50 746
1438 2256 364
1439 1296 2208
1440 1666 402
1441 2604 1157
1442 2049 1055
1443 550 2656
1444 1638 1393
1445 1403 272
1446 2694 1164
1447 1935 583
1448 1768 1415
1449 2578 895
1450 716 217
1451 1958 2613
1452 1063 1779
1453 1072 527
1454 249 428
1455 291 1613
1456 2445 2423
1457 1406 1013
1458 1337 120
1459 2257 2685
1460 60 1755
1461 506 1635
1462 1121 2286
1463 2378 2616
1464 2401 838
1465 1085 2276
1466 2456 169
1467 95 1637
1468 1665 2243
1469 813 1524
1470 863 1099
1471 680 1139
1472 1428 192
1473 1991 904
1474 1338 2644
1475 2702 1618
1476 1512 231
1477 663 2229
1478 637 1243
1479 1172 569
1480 390 2650
1481 113 341
1482 153 2461
1483 1553 1372
1484 408 104
1485 1308 1016
1486 1665 2300
1487 1743 362
1488 1181 168
1489 299 2642
1490 666 1031
1491 1685 454
1492 2703 202
1493 1968 1251
1494 1774 524
1495 2024 2074
1496 977 2530
1497 2259 1222
1498 772 360
1499 1269 2508
1500 1829 2529
1501 1405 2401
1502 2473 1298
1503 2210 755
1504 1140 1003
1505 2140 1568
1506 652 406
1507 1207 1394
1508 197 695
1509 1791 1495
1510 1353 890
1511 1664 1747
1512 542 2335
1513 1201 2522
1514 2296 2134
1515 284 735
1516 13 631
1517 2265 2373
1518 2612 2350
1519 255 1310
1520 360 2720
1521 2580 1888
1522 1901 1185
1523 423 1867
1524 1638 2104
1525 2333 1340
1526 1433 1842
1527 2461 671
1528 1048 2542
1529 1180 1767
1530 2682 113
1531 1372 493
1532 1953 643
1533 1859 1226
1534 1373 2486
1535 2210 2682
1536 500 519
1537 1746 644
1538 2235 1593
1539 457 736
1540 2365 2519
1541 319 247
1542 826 689
1543 963 1356
1544 1098 1788
1545 728 1011
1546 2137 1634
1547 1253 101
1548 743 1226
1549 471 336
1550 536 2509
1551 339 757
1552 2606 1741
1553 2078 1456
1554 1730 1809
1555 2340 2633
1556 1478 1403
1557 55 1507
1558 1062 1730
1559 1647 1550
1560 1664 2598
1561 926 176
1562 836 1771
1563 4 665
1564 97 125
1565 1393 2161
1566 917 1266
1567 332 641
1568 2076 1580
1569 78 1012
1570 2716 2106
1571 1514 334
1572 1804 2340
1573 142 1011
1574 425 1340
1575 184 195
1576 356 157
1577 1947 34
1578 978 1425
1579 1950 2203
1580 366 567
1581 1516 1295
1582 1017 2072
1583 1823 616
1584 2410 709
1585 292 1882
1586 2223 1497
1587 1118 1100
1588 1453 875
1589 1491 1235
1590 2666 598
1591 174 2471
1592 600 1789
1593 1709 153
1594 1747 5
1595 327 2718
1596 1988 1881
1597 273 2592
1598 1126 90
1599 1378 2220
1600 532 1871
1601 1329 168
1602 2052 250
1603 753 1923
1604 437 2409
1605 2058 2
1606 2329 678
1607 2610 1467
1608 2459 1743
1609 2493 952
1610 2063 1156
1611 2032 1408
1612 2267 2020
1613 2160 524
1614 1734 452
1615 971 168
1616 2395 2520
1617 1823 605
1618 760 1710
1619 627 1229
1620 909 2481
1621 2344 2413
1622 2172 1955
1623 1733 1310
1624 2404 1606
1625 1339 1179
1626 813 371
1627 2406 959
1628 416 1898
1629 700 1182
1630 2370 830
1631 2020 910
1632 1414 1713
1633 2254 761
1634 2371 175
1635 2217 924
1636 69 58
1637 1945 2726
1638 2174 2384
1639 873 6
1640 203 193
1641 118 203
1642 1427 593
1643 1737 215
1644 1230 1282
1645 2262 1200
1646 15 2443
1647 125 1093
1648 2319 2166
1649 382 2732
1650 1931 1273
1651 2336 1366
1652 1827 746
1653 720 2010
1654 1352 1174
1655 1646 1096
1656 48 907
1657 261 1457
1658 1567 59
1659 688 1044
1660 1109 617
1661 2243 1047
1662 1921 2493
1663 1793 1083
1664 1210 1540
1665 1544 518
1666 417 651
1667 1816 1357
1668 2622 290
1669 834 131
1670 1676 1310
1671 1239 1766
1672 483 2557
1673 476 1435
1674 2080 315
1675 1420 1241
1676 1105 1950
1677 1331 2042
1678 1558 1727
1679 1515 2441
1680 2289 2313
1681 105 665
1682 135 1182
1683 2096 205
1684 570 612
1685 1037 2377
1686 1866 1300
1687 623 2454
1688 136 1648
1689 1552 3
1690 2620 1644
1691 737 2317
1692 2126 2274
1693 2298 852
1694 150 1914
1695 2404 2195
1696 431 1674
1697 989 2087
1698 1069 330
1699 1077 1395
1700 1885 2257
1701 2620 2528
1702 2667 907
1703 1609 2046
1704 2058 2252
1705 1320 1088
1706 2576 2604
1707 622 1484
1708 1946 2470
1709 1975 726
1710 1407 349
1711 1520 1089
1712 2061 936
1713 437 2494
1714 2710 31
1715 1607 1361
1716 1868 1641
1717 1169 18
1718 2273 687
1719 2006 394
1720 1136 170
1721 156 1217
1722 1540 2546
1723 2502 2185
1724 944 2043
1725 203 962
1726 292 849
1727 869 601
1728 1527 2318
1729 2728 446
1730 1534 264
1731 1177 2539
1732 10 891
1733 83 1328
1734 900 1989
1735 2748 1298
1736 358 1058
1737 285 520
1738 1122 1844
1739 2447 580
1740 1867 1173
1741 1187 1009
1742 2274 239
1743 2136 890
1744 1511 931
1745 476 389
1746 1539 2030
1747 2221 545
1748 2085 758
1749 2321 2554
1750 1714 2381
1751 1233 811
1752 1636 482
1753 1902 902
1754 2439 2592
1755 1009 223
1756 1353 1179
1757 1373 2095
1758 2021 1635
1759 1878 560
1760 1565 1043
1761 2586 762
1762 958 2089
1763 1124 211
1764 1555 613
1765 2388 1341
1766 1188 2508
1767 38 2377
1768 2161 643
1769 855 1441
1770 1075 1246
1771 1401 1492
1772 1388 1540
1773 1574 1029
1774 1955 1158
1775 439 1702
1776 628 2561
1777 1490 2673
1778 976 506
1779 2657 2067
1780 451 505
1781 80 1452
1782 1497 1755
1783 1648 1695
1784 337 1674
1785 1732 707
1786 599 1719
1787 1244 1623
1788 831 355
1789 2627 277
1790 788 758
1791 1984 1641
1792 476 1033
1793 2701 762
1794 2049 1590
1795 2328 1413
1796 191 1622
1797 27 2229
1798 1801 66
1799 2263 698
1800 612 2557
1801 202 2692
1802 1105 461
1803 357 1105
1804 910 2133
1805 2414 1330
1806 181 1820
1807 1176 2111
1808 2037 935
1809 60 1283
1810 1155 1954
1811 1284 1175
1812 1813 327
1813 1151 1582
1814 764 2086
1815 1208 228
1816 1093 202
1817 2726 1934
1818 2419 217
1819 984 1158
1820 187 1057
1821 1129 1030
1822 1533 324
1823 839 2602
1824 1058 2610
1825 1649 576
1826 1204 2687
1827 351 1567
1828 475 320
1829 2166 785
1830 2286 1325
1831 2288 2097
1832 2488 678
1833 1811 2535
1834 1588 2236
1835 2069 1685
1836 1415 934
1837 1047 284
1838 247 1755
1839 726 1280
1840 226 1583
1841 899 1560
1842 1396 2451
1843 2552 1948
1844 2418 15
1845 1120 2430
1846 1288 1264
1847 969 365
1848 2374 193
1849 60 965
1850 662 542
1851 2696 1037
1852 2398 1209
1853 1949 382
1854 2458 2088
1855 266 31
1856 29 245
1857 1801 218
1858 1130 1398
1859 2568 1944
1860 1810 2175
1861 1585 1706
1862 912 907
1863 414 1526
1864 933 1826
1865 335 276
1866 963 1185
1867 1162 814
1868 556 1773
1869 2716 1413
1870 2579 375
1871 1317 1472
1872 339 2133
1873 123 1172
1874 1365 705
1875 2545 97
1876 1613 1763
1877 961 385
1878 1282 49
1879 1408 2037
1880 17 852
1881 2310 1853
1882 1495 3
1883 1175 1067
1884 254 1834
1885 2020 1565
1886 487 137
1887 2434 1168
1888 419 223
1889 1963 2569
1890 973 1876
1891 2022 947
1892 734 1073
1893 1946 1552
1894 2261 2493
1895 505 2304
1896 2261 2166
1897 2008 2660
1898 301 2574
1899 389 527
1900 1367 347
1901 1313 2627
1902 1527 2474
1903 2312 1385
1904 2365 329
1905 2214 193
1906 384 348
1907 2500 2218
1908 1376 2613
1909 1761 895
1910 232 2064
1911 597 716
1912 973 805
1913 1440 746
1914 662 1287
1915 1868 1175
1916 2465 1087
1917 1375 2431
1918 1836 1725
1919 1611 2602
1920 2161 2747
1921 830 2374
1922 459 138
1923 123 2365
1924 1919 2478
1925 1995 449
1926 2549 1399
1927 345 2131
1928 81 962
1929 1484 510
1930 326 1017
1931 2623 922
1932 1966 253
1933 2546 2413
1934 268 1502
1935 670 533
1936 911 1586
1937 539 1792
1938 870 553
1939 1018 1273
1940 823 2242
1941 1974 350
1942 2316 2103
1943 1997 1834
1944 614 2008
1945 759 1698
1946 1813 1701
1947 2092 1166
1948 1126 454
1949 2214 1641
1950 913 940
1951 2253 572
1952 2088 2636
1953 653 2745
1954 1717 2390
1955 916 2314
1956 1671 46
1957 2645 2513
1958 626 843
1959 817 1577
1960 706 2398
1961 2016 338
1962 1879 2013
1963 2371 1982
1964 353 2455
1965 77 1197
1966 1864 2718
1967 788 365
1968 1001 1129
1969 43 77
1970 2375 2200
1971 2549 1341
1972 1933 208
1973 2689 1218
1974 825 1041
1975 929 865
1976 393 802
1977 479 1091
1978 2747 1186
1979 2024 966
1980 2428 377
1981 1357 2546
1982 721 2287
1983 1147 2202
1984 365 2615
1985 357 714
1986 1954 2364
1987 541 1370
1988 1913 2224
1989 2408 2366
1990 727 1410
1991 2686 862
1992 30 7
1993 1471 1451
1994 646 2693
1995 2272 358
1996 2196 16
1997 2360 2735
1998 780 2320
1999 2147 394
2000 2743 2086
2001 2342 1201
2002 1817 1482
2003 195 651
2004 1302 1457
2005 2127 2635
2006 168 2153
2007 852 951
2008 1644 1195
2009 1393 225
2010 2076 2315
2011 1498 2668
2012 1679 2343
2013 1701 360
2014 1630 2603
2015 230 1447
2016 2306 715
2017 1501 2144
2018 548 1231
2019 526 1382
2020 1932 2666
2021 1966 2072
2022 1701 1281
2023 1102 1016
2024 2081 954
2025 2405 2341
2026 2737 305
2027 47 1300
2028 229 1685
2029 541 2418
2030 309 2355
2031 1588 2068
2032 627 1738
2033 686 2252
2034 1267 2260
2035 693 531
2036 679 513
2037 1608 1571
2038 1885 813
2039 2591 2372
2040 89 2279
2041 729 520
2042 583 2743
2043 925 1160
2044 1857 1525
2045 2583 1417
2046 1144 1124
2047 1788 162
2048 2113 2642
2049 490 1548
2050 2261 276
2051 2049 174
2052 1132 1338
2053 64 826
2054 2515 1040
2055 2099 2029
2056 4 1289
2057 400 1852
2058 1321 464
2059 1084 2388
2060 121 524
2061 93 1019
2062 415 2233
2063 1341 2151
2064 2543 462
2065 138 902
2066 624 494
2067 126 2193
2068 1927 2086
2069 1872 145
2070 2136 297
2071 1353 253
2072 2564 510
2073 2031 991
2074 1915 2060
2075 137 1286
2076 1021 1695
2077 1399 1164
2078 2152 2242
2079 2723 2605
2080 2583 465
2081 1864 2038
2082 1436 901
2083 1134 2115
2084 1087 609
2085 365 1154
2086 2017 1156
2087 1524 1718
2088 343 393
2089 995 1459
2090 2275 185
2091 2641 391
2092 2622 479
2093 642 2178
2094 1642 1252
2095 303 2324
2096 233 1270
2097 1965 2491
2098 1726 278
2099 194 1234
2100 1758 702
2101 1722 825
2102 2695 1248
2103 712 604
2104 1805 12
2105 10 75
2106 1354 208
2107 1832 453
2108 2380 1473
2109 5 434
2110 2157 390
2111 1876 96
2112 898 2638
2113 2030 878
2114 316 1642
2115 2175 2509
2116 1434 2498
2117 1149 2484
2118 1693 2443
2119 2428 767
2120 1745 2333
2121 1825 5
2122 1285 2332
2123 1857 442
2124 349 2166
2125 1699 1170
2126 1205 1574
2127 934 1636
2128 2051 2022
2129 229 1937
2130 1724 323
2131 1785 1383
2132 2268 1304
2133 1897 2518
2134 2236 1673
2135 1377 1301
2136 2364 2743
2137 495 2518
2138 262 224
2139 807 986
2140 1242 1418
2141 1530 2691
2142 1297 2477
2143 1648 2625
2144 2607 1231
2145 2545 949
2146 1261 1152
2147 965 226
2148 996 1587
2149 1045 1147
2150 624 103
2151 193 2495
2152 2735 757
2153 642 1714
2154 1943 1635
2155 1952 5
2156 1604 1514
2157 602 1634
2158 2165 2261
2159 2596 1999
2160 2026 2749
2161 1699 2064
2162 2687 1971
2163 1332 1450
2164 2224 702
2165 967 2423
2166 2303 2214
2167 1189 2623
2168 2246 2060
2169 1411 1258
2170 1708 1817
2171 2741 2577
2172 585 149
2173 2329 751
2174 59 185
2175 1575 817
2176 1676 2181
2177 47 2264
2178 783 948
2179 1432 1572
2180 1927 2646
2181 849 2534
2182 294 219
2183 854 1621
2184 1959 2715
2185 814 2680
2186 2455 262
2187 67 1232
2188 1987 1888
2189 2131 1594
2190 2200 2495
2191 1786 2695
2192 261 1309
2193 203 77
2194 1533 720
2195 2704 2415
2196 971 1323
2197 2422 2428
2198 1802 879
2199 1088 2445
2200 37 2438
2201 104 578
2202 1552 2291
2203 1734 2749
2204 1218 974
2205 30 829
2206 1329 424
2207 845 2375
2208 1137 307
2209 1362 2667
2210 1475 2200
2211 67 2431
2212 534 26
2213 1709 689
2214 2304 742
2215 23 1463
2216 461 1855
2217 2380 1629
2218 1141 1194
2219 1475 1356
2220 1784 1502
2221 876 1940
2222 1158 2035
2223 847 137
2224 2016 484
2225 2743 1780
2226 564 1128
2227 2101 107
2228 721 208
2229 2315 2251
2230 2510 828
2231 1666 1045
2232 172 2501
2233 2518 2128
2234 578 1820
2235 949 729
2236 1082 2745
2237 1989 1008
2238 2381 145
2239 1513 673
2240 690 1313
2241 379 1940
2242 80 695
2243 564 1093
2244 1719 1710
2245 2136 76
2246 2636 2487
2247 986 2473
2248 2155 2246
2249 456 2669
2250 1477 1794
2251 1262 241
2252 1627 1901
2253 2077 696
2254 2450 2579
2255 1775 1392
2256 2128 652
2257 398 2094
2258 1966 1671
2259 643 773
2260 356 2301
2261 1616 1263
2262 350 70
2263 1114 2031
2264 771 1689
2265 963 1943
2266 2434 227
2267 448 2288
2268 289 521
2269 103 2002
2270 1067 1221
2271 247 434
2272 149 251
2273 1404 214
2274 1708 583
2275 1933 1461
2276 1790 1584
2277 295 472
2278 606 190
2279 1874 2702
2280 301 517
2281 815 2242
2282 1784 2060
2283 1952 158
2284 2036 834
2285 2380 1503
2286 654 674
2287 951 122
2288 2641 2305
2289 633 625
2290 24 713
2291 263 705
2292 2089 1894
2293 1184 1698
2294 2598 2228
2295 22 182
2296 306 1609
2297 1384 1440
2298 114 2721
2299 181 1621
2300 2745 939
2301 1959 2127
2302 157 370
2303 2086 763
2304 2430 2594
2305 845 484
2306 121 634
2307 2602 2287
2308 2669 2133
2309 197 1536
2310 2734 631
2311 472 2369
2312 1791 736
2313 1322 1475
2314 36 1643
2315 686 1434
2316 894 2363
2317 1758 2384
2318 1236 999
2319 834 1109
2320 911 91
2321 1848 777
2322 2191 2695
2323 1848 652
2324 2050 1414
2325 2220 178
2326 2429 2097
2327 2082 1391
2328 344 772
2329 1358 2385
2330 2072 1570
2331 211 1051
2332 313 2271
2333 2203 2098
2334 2541 1984
2335 715 882
2336 1616 643
2337 492 362
2338 662 2017
2339 1345 1744
2340 1124 223
2341 237 2116
2342 82 1064
2343 642 1810
2344 1941 2284
2345 2249 2076
2346 287 771
2347 682 606
2348 1469 1952
2349 69 1711
2350 1990 564
2351 786 534
2352 2429 3
2353 973 2390
2354 233 479
2355 1598 1940
2356 2685 188
2357 545 1689
2358 1617 781
2359 2386 900
2360 1874 1248
2361 1329 464
2362 1767 1752
2363 719 736
2364 2166 155
2365 173 2747
2366 454 496
2367 939 2415
2368 621 334
2369 2017 2380
2370 74 751
2371 2556 1101
2372 1365 1090
2373 1216 2336
2374 2154 20
2375 2688 1941
2376 2608 977
2377 1230 137
2378 280 2310
2379 1600 523
2380 1878 217
2381 2092 27
2382 360 1067
2383 285 659
2384 1568 2187
2385 1910 150
2386 1605 1026
2387 1097 283
2388 2644 874
2389 2400 331
2390 1820 1326
2391 1640 1854
2392 963 2013
2393 1626 2712
2394 2383 1036
2395 1767 251
2396 398 882
2397 1516 2273
2398 2052 65
2399 2411 1834
2400 2012 1755
2401 1712 1401
2402 485 754
2403 2028 1512
2404 393 1370
2405 1527 1277
2406 13 484
2407 2223 348
2408 1625 1465
2409 1519 2403
2410 1086 526
2411 1160 934
2412 2405 1569
2413 2183 738
2414 2160 1572
2415 979 185
2416 1068 1638
2417 1585 2381
2418 358 179
2419 1350 2276
2420 1619 282
2421 854 1092
2422 1599 1855
2423 902 1779
2424 1349 1924
2425 2692 9
2426 2185 1649
2427 323 2270
2428 1201 89
2429 69 1275
2430 2553 159
2431 1684 1228
2432 2738 2593
2433 1482 420
2434 1621 796
2435 939 1265
2436 2416 1027
2437 2434 1348
2438 179 522
2439 2532 234
2440 848 2547
2441 752 2447
2442 911 799
2443 2000 1706
2444 936 1123
2445 318 2334
2446 1853 1956
2447 2579 1141
2448 571 1251
2449 1384 1252
2450 1659 1916
2451 1654 882
2452 1244 607
2453 2612 359
2454 93 377
2455 647 1535
2456 1618 2705
2457 2104 1910
2458 2302 895
2459 2415 869
2460 2402 1548
2461 1014 933
2462 1632 366
2463 929 2336
2464 329 417
2465 367 1853
2466 343 2047
2467 1280 1746
2468 1454 2199
2469 2332 1861
2470 1967 835
2471 1745 1934
2472 1325 390
2473 1947 1745
2474 595 379
2475 1146 2587
2476 739 2593
2477 1623 205
2478 2734 1050
2479 1696 2691
2480 68 1288
2481 520 2335
2482 2313 2313
2483 263 177
2484 748 1871
2485 278 600
2486 1594 50
2487 1467 1167
2488 240 465
2489 541 1580
2490 534 1698
2491 2489 1705
2492 1710 665
2493 1635 1847
2494 6 2441
2495 1966 1282
2496 2503 931
2497 42 1142
2498 1412 523
2499 1245 1244
2500 2180 1869
2501 2251 2477
2502 1592 2005
2503 630 633
2504 1467 2507
2505 224 1658
2506 1095 2361
2507 1933 463
2508 2446 1560
2509 338 159
2510 2015 1016
2511 558 1133
2512 2182 2359
2513 609 319
2514 1753 81
2515 1279 1143
2516 2227 770
2517 558 1186
2518 2028 1402
2519 1785 1766
2520 1534 2427
2521 846 786
2522 993 1131
2523 379 1603
2524 2683 1213
2525 1615 1984
2526 331 239
2527 1699 271
2528 1059 1937
2529 2296 472
2530 1920 146
2531 2594 1144
2532 899 2637
2533 355 2274
2534 190 1984
2535 2586 2165
2536 2553 2082
2537 1352 1142
2538 732 779
2539 1153 815
2540 1309 1969
2541 1359 802
2542 10 1383
2543 1046 900
2544 1403 1976
2545 633 542
2546 2515 1598
2547 1135 2125
2548 2162 2132
2549 1557 1602
2550 652 38
2551 2191 627
2552 987 1949
2553 715 947
2554 1480 2117
2555 1996 487
2556 281 1579
2557 523 2407
2558 344 1246
2559 2181 925
2560 1427 658
2561 785 320
2562 1129 2665
2563 1005 2484
2564 2283 791
2565 657 1146
2566 2459 1587
2567 130 1948
2568 707 897
2569 218 1559
2570 462 1480
2571 2143 760
2572 479 1918
2573 2141 157
2574 2646 1098
2575 118 1503
2576 123 286
2577 2673 676
2578 1052 308
2579 718 1818
2580 2416 595
2581 2193 1450
2582 1409 1984
2583 646 1125
2584 2685 987
2585 939 614
2586 373 1728
2587 1440 684
2588 581 35
2589 791 1314
2590 181 2300
2591 83 2468
2592 907 627
2593 49 816
2594 1632 768
2595 752 919
2596 352 2146
2597 1552 1154
2598 1517 1283
2599 2160 2603
2600 2245 618
2601 304 1866
2602 894 1478
2603 1926 46
2604 706 2371
2605 2078 1400
2606 1753 2207
2607 2174 1874
2608 1315 300
2609 210 793
2610 2648 73
2611 1728 1316
2612 1987 1221
2613 341 2734
2614 805 2383
2615 489 1023
2616 2349 1150
2617 1266 1670
2618 1438 2656
2619 2105 2117
2620 1292 5
2621 2221 2055
2622 2616 2175
2623 207 1488
2624 1949 1816
2625 1531 1974
2626 171 1241
2627 729 468
2628 2065 471
2629 1320 1727
2630 2063 1655
2631 1426 2296
2632 310 46
2633 1534 674
2634 464 657
2635 392 1059
2636 2393 1658
2637 913 269
2638 278 1604
2639 1655 1061
2640 2102 2629
2641 128 1079
2642 1240 2583
2643 249 1833
2644 453 471
2645 2472 2306
2646 34 1760
2647 2661 712
2648 1313 1179
2649 2721 147
2650 2359 2206
2651 842 2075
2652 472 226
2653 1978 79
2654 1 687
2655 1975 2241
2656 1617 1796
2657 1983 1407
2658 1627 451
2659 2229 2053
2660 1673 884
2661 1108 2175
2662 2714 884
2663 1328 1596
2664 1680 1310
2665 1659 2440
2666 14 1996
2667 761 1030
2668 556 744
2669 1252 173
2670 1282 871
2671 210 1211
2672 2242 2033
2673 1873 1608
2674 1878 702
2675 268 1714
2676 2313 1119
2677 1888 2403
2678 1103 989
2679 2487 704
2680 799 396
2681 14 2733
2682 2094 550
2683 580 253
2684 1331 1371
2685 2149 1485
2686 606 2112
2687 2172 1317
2688 2595 1233
2689 99 1878
2690 223 1969
2691 1162 1676
2692 866 137
2693 1712 2160
2694 2436 2307
2695 2630 722
2696 2250 228
2697 1530 41
2698 499 2396
2699 2692 2575
2700 1331 708
2701 2607 2117
2702 2211 2403
2703 66 1139
2704 1378 1410
2705 1794 49
2706 1714 1389
2707 386 2172
2708 1412 92
2709 2311 2162
2710 2687 596
2711 674 1624
2712 2143 61
2713 1493 193
2714 847 31
2715 1383 1724
2716 1696 1712
2717 130 1953
2718 1821 766
2719 2504 455
2720 2180 2735
2721 651 767
2722 839 2161
2723 1805 492
2724 1683 1063
2725 1994 1225
2726 80 889
2727 484 10
2728 547 1217
2729 951 1152
2730 10 2318
2731 1154 2695
2732 2718 2514
2733 2318 1491
2734 627 2513
2735 817 9
2736 2712 1253
2737 1158 1510
2738 2354 488
2739 2303 1551
2740 2248 2217
2741 1848 1534
2742 828 1224
2743 564 1232
2744 1063 2247
2745 2566 2195
2746 2613 820
2747 681 914
2748 2258 2619
2749 759 2083
2750 1381 926
