3320 3320
1 1365 303
2 2997 899
3 2937 1185
4 1878 857
5 1908 3124
6 2125 2932
7 2868 2506
8 3236 2035
9 675 593
10 1554 1736
11 96 78
12 2182 2402
13 2464 1428
14 2937 1732
15 2601 493
16 212 1788
17 2352 2783
18 98 2799
19 2017 1915
20 775 2947
21 1271 1986
22 2129 1005
23 2621 2385
24 3125 1563
25 2076 2272
26 741 1661
27 1222 1829
28 2801 416
29 2130 1101
30 1124 2114
31 1105 790
32 1464 2229
33 3049 478
34 3260 2174
35 111 1400
36 3293 1285
37 2674 433
38 2867 2594
39 2382 1462
40 974 1070
41 1031 929
42 824 888
43 2646 3307
44 1364 1657
45 920 355
46 1048 26
47 2405 2656
48 1191 1876
49 855 580
50 2850 1320
51 3140 1193
52 1280 1528
53 3117 2377
54 364 2557
55 2240 3184
56 838 2651
57 1899 2932
58 1716 1234
59 3066 3041
60 1681 2895
61 1714 2062
62 2719 18
63 311 92
64 1914 793
65 451 1560
66 2549 708
67 3304 1414
68 113 2810
69 1400 3008
70 202 565
71 3003 2496
72 2541 2314
73 881 2611
74 39 2692
75 1032 1878
76 1168 1016
77 2120 3261
78 1128 635
79 605 1401
80 1920 2915
81 2405 2266
82 2748 1148
83 595 3206
84 1663 2661
85 1875 2513
86 2224 2834
87 1287 277
88 1539 235
89 2617 875
90 3275 3132
91 1297 1691
92 807 2558
93 3274 2665
94 531 2054
95 1128 2633
96 1337 180
97 1285 3219
98 983 2055
99 773 1666
100 2274 2480
101 3189 586
102 2979 1772
103 2363 592
104 3065 1325
105 3154 743
106 2336 1059
107 237 760
108 536 2487
109 2631 3113
110 169 2625
111 872 3313
112 1837 1675
113 2123 2859
114 598 3181
115 789 3305
116 1427 2058
117 448 3211
118 2373 2107
119 3129 161
120 1046 1818
121 342 1853
122 1012 2818
123 2452 116
124 2267 2965
125 1176 2046
126 177 3062
127 1277 1971
128 725 2464
129 198 1
130 2946 2886
131 44 1516
132 1737 877
133 2538 2174
134 1205 1399
135 2495 911
136 779 1386
137 1763 2629
138 673 2968
139 2142 87
140 1086 791
141 829 167
142 1155 1524
143 1615 615
144 2624 2643
145 391 910
146 3202 2755
147 3274 1971
148 3180 1424
149 1956 1752
150 2332 2888
151 958 2906
152 2463 1843
153 2658 1872
154 2719 2612
155 866 435
156 563 389
157 2422 717
158 3304 554
159 717 2277
160 2879 2429
161 1150 1105
162 1919 2978
163 3087 541
164 2660 2555
165 1230 2851
166 408 623
167 1461 2619
168 3226 1374
169 2955 2942
170 1940 2328
171 2633 645
172 465 391
173 1947 672
174 1079 3034
175 2320 2348
176 3289 1724
177 2291 2259
178 1408 332
179 1179 1194
180 3106 654
181 2663 1839
182 2971 2562
183 1462 1730
184 2468 1171
185 2358 478
186 3122 1299
187 3076 1664
188 1969 845
189 947 1135
190 2248 1787
191 1352 2156
192 2582 2145
193 2110 1508
194 3149 1457
195 397 2283
196 1917 593
197 3289 2532
198 557 1266
199 863 54
200 1566 818
201 1507 3209
202 2416 2365
203 3160 2570
204 1154 3079
205 1904 1131
206 899 661
207 1829 1598
208 2622 2540
209 1134 2139
210 2878 1210
211 262 2320
212 2950 1884
213 2802 2049
214 1628 1184
215 1154 456
216 415 884
217 385 750
218 919 766
219 2552 2603
220 124 1469
221 432 1355
222 1545 520
223 3143 1594
224 3066 582
225 829 448
226 2572 1421
227 150 2136
228 780 3295
229 971 2934
230 970 2050
231 2517 1912
232 887 2783
233 2801 558
234 1918 1174
235 2931 2892
236 1663 471
237 156 2016
238 65 2132
239 2949 767
240 2521 2725
241 2433 2205
242 1350 2532
243 3181 3156
244 2647 394
245 1524 1900
246 39 1482
247 81 2692
248 2943 2277
249 2379 1801
250 797 229
251 488 1837
252 1300 2070
253 2315 2537
254 604 1553
255 488 2086
256 1571 2267
257 1483 1999
258 2116 2429
259 347 755
260 303 422
261 2052 219
262 753 1478
263 949 2959
264 1878 156
265 1615 270
266 44 1547
267 504 2613
268 3178 136
269 1287 2287
270 2857 1383
271 1200 2470
272 2641 2150
273 2386 1441
274 1167 66
275 392 1726
276 1053 1641
277 2381 2858
278 2178 624
279 1395 1007
280 2764 3110
281 3077 69
282 156 1144
283 3203 2349
284 2889 2238
285 2774 3169
286 1072 2398
287 853 728
288 2194 3280
289 1392 57
290 1037 938
291 1659 605
292 896 277
293 813 3178
294 90 295
295 1729 2365
296 98 1346
297 2900 2791
298 796 1148
299 865 2516
300 890 329
301 1433 2848
302 2081 3254
303 2279 2899
304 694 472
305 299 1503
306 2273 485
307 757 2911
308 992 1768
309 1205 1986
310 3143 1339
311 1824 3192
312 2767 927
313 1910 1740
314 1660 2296
315 1497 2291
316 772 1783
317 3248 1524
318 1925 352
319 1957 2336
320 1742 1509
321 2276 1148
322 1696 2714
323 2950 1908
324 726 2148
325 2573 899
326 971 755
327 3136 1537
328 2875 103
329 2729 3011
330 21 3202
331 117 2305
332 167 2842
333 2723 3092
334 2451 818
335 2137 919
336 2544 2177
337 2331 1375
338 2804 2011
339 942 1414
340 1753 2911
341 1980 3204
342 3157 1225
343 1633 2247
344 2735 129
345 2710 2389
346 3142 3116
347 2123 463
348 2300 296
349 346 2729
350 627 2886
351 873 1119
352 991 2131
353 1024 2490
354 28 1327
355 1140 490
356 201 1059
357 2044 2606
358 2718 1580
359 2802 2099
360 1586 1949
361 2300 2242
362 1287 2052
363 3244 3197
364 2410 2179
365 1292 3058
366 94 2666
367 262 2680
368 992 3171
369 1147 2714
370 3137 198
371 282 1683
372 1975 783
373 539 1121
374 637 3012
375 437 1780
376 2236 1579
377 2453 2425
378 2217 1956
379 2088 2954
380 897 906
381 1714 1304
382 339 1088
383 1960 1028
384 69 577
385 2675 1513
386 850 2977
387 870 2783
388 378 914
389 362 1140
390 2410 409
391 2760 2571
392 1101 2659
393 143 1146
394 875 1354
395 2166 2006
396 2594 565
397 1724 2570
398 2178 1870
399 2134 1272
400 605 1301
401 2473 1615
402 975 1502
403 1217 1742
404 1810 838
405 1 2976
406 2877 548
407 1388 1432
408 1486 149
409 787 742
410 901 704
411 2368 1923
412 3051 748
413 1506 2377
414 2708 1998
415 2290 23
416 3073 2023
417 1229 780
418 960 366
419 355 2153
420 2527 1650
421 2632 1540
422 2255 2603
423 1505 1690
424 2758 2409
425 1641 1037
426 1920 1229
427 2732 2406
428 2983 1599
429 156 1237
430 2376 815
431 3058 1551
432 391 2864
433 2295 2191
434 2902 1905
435 628 264
436 3218 2110
437 3271 2513
438 1223 3199
439 1646 1922
440 2509 24
441 1761 206
442 995 1896
443 2427 2162
444 1755 2086
445 2753 901
446 2526 457
447 15 2056
448 601 1902
449 863 1904
450 2288 2584
451 915 1282
452 634 1394
453 29 2854
454 1357 25
455 637 863
456 1036 3184
457 1571 122
458 702 2011
459 3069 2509
460 1873 865
461 2467 3066
462 782 2100
463 3169 787
464 2895 1522
465 565 536
466 414 1657
467 953 1047
468 2168 94
469 619 764
470 514 1495
471 612 2890
472 2202 1850
473 1702 576
474 330 781
475 3241 15
476 1472 2056
477 472 1571
478 1873 184
479 1735 1768
480 2960 2069
481 3080 807
482 337 309
483 334 177
484 1747 514
485 545 1459
486 2789 922
487 1540 2146
488 160 1839
489 2427 2601
490 1221 1798
491 1953 2233
492 233 3259
493 609 593
494 1030 1469
495 659 518
496 52 685
497 2793 2060
498 528 2517
499 1530 2765
500 1051 895
501 1591 1866
502 1190 1483
503 1653 1736
504 132 717
505 906 1396
506 274 2350
507 1819 707
508 1402 466
509 1013 2659
510 3046 2227
511 2283 3110
512 747 844
513 1664 1992
514 787 2200
515 2821 1518
516 712 2483
517 2429 2609
518 3198 2937
519 2494 740
520 2544 358
521 2307 2930
522 3078 2949
523 1696 1716
524 973 3070
525 2918 1146
526 328 1090
527 1872 471
528 613 1088
529 1429 1994
530 515 2277
531 2774 122
532 2907 2895
533 2234 2665
534 1452 763
535 2145 989
536 2292 592
537 3206 1563
538 2411 2716
539 2024 3036
540 1826 3117
541 2282 2653
542 1052 346
543 2482 722
544 515 83
545 1439 1811
546 2463 1822
547 3271 2425
548 1691 1892
549 391 2250
550 1040 2331
551 1564 1587
552 1590 1373
553 2842 2422
554 2336 241
555 1075 2173
556 1311 2304
557 2642 149
558 1874 891
559 2545 3046
560 269 2388
561 2847 1994
562 751 2266
563 270 452
564 3056 2240
565 2996 1523
566 2171 1632
567 840 1799
568 2472 2340
569 1824 1052
570 1901 229
571 433 2269
572 3238 720
573 1102 3146
574 1507 2662
575 2508 1876
576 369 1858
577 2830 584
578 1948 1625
579 2572 1395
580 2419 2213
581 2641 2749
582 36 2954
583 1213 2777
584 3033 1957
585 2992 1740
586 2347 649
587 1969 852
588 839 1891
589 1478 2043
590 2878 2609
591 1516 1332
592 1129 1999
593 3250 613
594 2692 706
595 209 2645
596 1219 633
597 2814 1928
598 1115 1689
599 2187 57
600 2914 831
601 162 2511
602 329 531
603 908 1387
604 1736 1963
605 1154 2193
606 2739 2933
607 298 781
608 3108 1818
609 1131 2600
610 954 1815
611 2260 2619
612 2872 1358
613 570 2939
614 1960 637
615 2393 157
616 706 124
617 638 2628
618 2927 541
619 3154 993
620 91 87
621 1769 2683
622 331 2419
623 1596 615
624 1339 2899
625 1507 801
626 75 1383
627 2359 1188
628 219 1291
629 2135 942
630 2908 774
631 2049 3120
632 3185 251
633 2268 2596
634 1950 2405
635 891 2296
636 703 1311
637 556 954
638 2861 2210
639 3098 2252
640 197 738
641 2544 1106
642 1841 1091
643 3224 1705
644 1651 2799
645 1955 2298
646 574 2980
647 65 1344
648 3231 20
649 1811 2863
650 1221 1117
651 303 3165
652 1549 2434
653 2755 2325
654 969 2921
655 1622 1057
656 986 2503
657 460 248
658 131 2953
659 2952 313
660 1800 2164
661 759 31
662 1999 1831
663 690 1101
664 181 1247
665 1148 3092
666 2140 1099
667 61 42
668 852 810
669 2558 1669
670 1496 1322
671 1774 65
672 1506 1338
673 2797 2846
674 113 90
675 359 1981
676 2914 697
677 1939 2980
678 1405 2495
679 2684 2185
680 1554 2981
681 1071 3
682 2820 2497
683 1286 1943
684 3292 2574
685 2597 578
686 1785 3180
687 651 874
688 1102 468
689 2732 1042
690 348 2990
691 1324 1581
692 2146 3150
693 726 10
694 2578 1380
695 1046 497
696 111 2228
697 420 1086
698 2268 2038
699 2498 715
700 1814 702
701 1095 2611
702 76 886
703 685 2356
704 957 1939
705 2312 1932
706 1883 830
707 1625 3240
708 215 2707
709 1658 713
710 238 575
711 1890 1200
712 114 2757
713 266 2218
714 1548 2130
715 2209 783
716 728 2730
717 966 584
718 3305 2474
719 1708 224
720 912 848
721 1203 2597
722 1319 2608
723 348 127
724 546 2632
725 3133 616
726 2848 342
727 494 1379
728 2325 953
729 163 2546
730 164 901
731 2107 2683
732 117 578
733 280 1403
734 249 2167
735 224 2902
736 2645 1508
737 2163 1789
738 3086 197
739 1054 1737
740 1466 2126
741 2464 1399
742 1008 1715
743 2819 2469
744 680 1550
745 1461 3316
746 541 3023
747 1415 38
748 2330 1159
749 3094 2817
750 2091 3189
751 96 1509
752 2310 413
753 1817 2819
754 98 246
755 3111 399
756 3143 2963
757 59 207
758 3246 1444
759 1537 716
760 3073 742
761 673 3264
762 1382 2680
763 2535 2072
764 2897 679
765 1119 501
766 992 2460
767 1430 2766
768 59 1253
769 3205 2736
770 1899 642
771 399 584
772 1081 2856
773 3037 768
774 1954 1531
775 3320 2488
776 1050 2639
777 2751 1935
778 2720 3056
779 1217 707
780 2209 2107
781 1149 461
782 1991 1285
783 1728 704
784 1634 2786
785 343 691
786 1031 336
787 2093 3309
788 2585 2957
789 1696 2273
790 2405 1423
791 1119 1898
792 2139 651
793 2030 113
794 434 167
795 574 572
796 42 596
797 3110 417
798 1064 2166
799 1375 3228
800 181 142
801 3190 1989
802 1328 1938
803 331 2677
804 2790 3243
805 978 971
806 3263 1631
807 2319 2018
808 2562 1152
809 3312 2277
810 1692 2349
811 3277 2710
812 173 512
813 1227 2650
814 3315 2464
815 2338 3097
816 3235 983
817 2724 1189
818 2037 455
819 815 890
820 832 2512
821 1420 1421
822 766 117
823 2608 1895
824 2841 680
825 1211 1732
826 2438 1243
827 304 518
828 2009 3025
829 1052 288
830 1897 2763
831 1531 1168
832 685 3135
833 2975 3188
834 3303 759
835 2170 1169
836 1440 3006
837 1174 1488
838 716 88
839 554 10
840 3015 802
841 1240 2117
842 3265 1239
843 381 407
844 3182 1485
845 1705 114
846 2841 3120
847 1200 2209
848 130 2813
849 2272 3298
850 2845 2577
851 1716 692
852 925 2899
853 1487 1139
854 2736 904
855 2949 778
856 1213 2342
857 1615 1241
858 1476 2019
859 1406 1143
860 1573 1782
861 2378 1057
862 2683 1765
863 2290 2051
864 1914 2561
865 743 2686
866 439 2655
867 1244 2275
868 1191 2945
869 1657 1151
870 275 1829
871 705 976
872 426 36
873 1920 2335
874 1479 277
875 401 1222
876 653 2850
877 1606 2420
878 880 1452
879 1121 439
880 422 859
881 747 2465
882 941 528
883 1244 1389
884 1503 3151
885 2346 2676
886 92 1167
887 1325 1723
888 142 292
889 218 1936
890 3099 847
891 1750 597
892 2118 2883
893 158 1428
894 1535 3107
895 1373 2324
896 676 2947
897 238 1666
898 1736 981
899 898 2467
900 2236 325
901 243 2329
902 1907 2470
903 186 980
904 98 2566
905 127 1140
906 2143 3119
907 2327 1540
908 840 3080
909 3058 2752
910 848 924
911 77 3291
912 447 2497
913 1422 562
914 1103 2492
915 1839 141
916 2718 2946
917 476 3311
918 3016 98
919 1320 1483
920 2732 1818
921 3309 2714
922 2251 479
923 1018 1866
924 1036 145
925 1826 2345
926 532 982
927 2491 3267
928 1068 373
929 2532 232
930 3131 2150
931 3099 1322
932 2957 2584
933 2037 965
934 1180 3187
935 1247 1215
936 2502 200
937 1245 2730
938 2184 358
939 2049 2144
940 1826 3318
941 2198 1151
942 170 3056
943 1741 317
944 1669 1607
945 280 2565
946 3275 3155
947 3269 2258
948 3210 886
949 1670 540
950 3286 1290
951 94 777
952 1912 1576
953 2086 3117
954 3188 2156
955 402 213
956 1280 2471
957 2181 2945
958 1538 3076
959 44 3056
960 329 2688
961 2706 1592
962 3231 1972
963 2527 1950
964 660 780
965 1966 2315
966 950 2485
967 1303 200
968 2553 2859
969 482 1995
970 1202 1856
971 582 714
972 1904 2036
973 721 759
974 2260 1353
975 1200 1205
976 2880 1382
977 3049 1251
978 1839 743
979 2199 2446
980 2268 2427
981 2838 1603
982 1989 1478
983 368 2565
984 785 647
985 2407 2908
986 1287 1556
987 2900 647
988 3129 3245
989 720 851
990 3313 3151
991 1497 2108
992 1691 1786
993 966 2963
994 1292 653
995 2742 1041
996 2825 1489
997 950 2756
998 970 1971
999 3034 2879
1000 1584 3213
1001 2791 246
1002 2765 2391
1003 886 923
1004 19 378
1005 1403 1618
1006 360 1086
1007 1262 1284
1008 3089 1909
1009 2825 730
1010 493 2791
1011 852 1832
1012 2715 3279
1013 246 245
1014 3317 934
1015 2189 63
1016 2239 2782
1017 1680 1628
1018 1235 1217
1019 2202 2614
1020 2895 2708
1021 1769 1407
1022 1514 2254
1023 816 1486
1024 3258 173
1025 1490 1776
1026 2562 644
1027 3041 842
1028 114 2405
1029 990 1334
1030 775 149
1031 969 1133
1032 1149 360
1033 490 1036
1034 3154 1867
1035 1521 2905
1036 1108 3025
1037 2620 232
1038 1638 1967
1039 767 3169
1040 1519 172
1041 1585 852
1042 259 451
1043 2100 1760
1044 87 2692
1045 333 1248
1046 1719 2170
1047 2069 848
1048 2306 3285
1049 2871 1926
1050 1296 3027
1051 2603 1596
1052 859 450
1053 2802 2237
1054 676 1650
1055 2147 2038
1056 1191 2593
1057 2894 1023
1058 89 1286
1059 3231 1794
1060 873 578
1061 3004 3091
1062 2573 1948
1063 242 768
1064 2151 684
1065 1422 2788
1066 2184 402
1067 832 806
1068 2818 2024
1069 76 3279
1070 196 2197
1071 2524 164
1072 2954 2899
1073 2816 3273
1074 1948 1692
1075 2824 471
1076 528 2584
1077 2683 1246
1078 1818 3002
1079 489 1023
1080 1418 2589
1081 70 27
1082 2839 2016
1083 679 3248
1084 835 2489
1085 1074 2478
1086 3095 1521
1087 2777 1508
1088 233 1156
1089 1848 1889
1090 2442 2573
1091 2176 368
1092 1541 343
1093 1922 1298
1094 3013 2118
1095 1591 2330
1096 2822 391
1097 1656 390
1098 3207 2086
1099 1130 2266
1100 1422 1623
1101 2972 625
1102 1908 1919
1103 2052 662
1104 3299 867
1105 1854 2791
1106 2397 1417
1107 2142 2196
1108 7 2206
1109 889 1703
1110 1382 2623
1111 167 660
1112 1816 1772
1113 3316 1898
1114 807 506
1115 295 2619
1116 2241 2640
1117 3154 2641
1118 459 3133
1119 1075 745
1120 296 1040
1121 290 292
1122 2236 959
1123 980 2347
1124 934 2068
1125 2415 996
1126 981 2701
1127 1488 2099
1128 1178 1683
1129 1962 930
1130 2287 830
1131 1191 131
1132 774 510
1133 3259 1837
1134 1309 197
1135 2159 1718
1136 1128 371
1137 1756 1928
1138 2416 954
1139 2712 2287
1140 483 587
1141 742 3001
1142 1283 1304
1143 1585 479
1144 3067 2564
1145 2513 876
1146 3208 1032
1147 1778 2043
1148 2252 280
1149 520 1862
1150 1705 461
1151 104 812
1152 1508 564
1153 1531 738
1154 1400 2647
1155 532 886
1156 2132 130
1157 2300 1231
1158 3087 2200
1159 235 1049
1160 1660 767
1161 1730 2616
1162 321 3178
1163 2463 2475
1164 468 2934
1165 177 531
1166 1815 2087
1167 1253 1332
1168 2307 2147
1169 2040 2555
1170 140 983
1171 1198 2088
1172 2108 2753
1173 2474 2854
1174 3042 2421
1175 822 121
1176 2068 1860
1177 1494 2063
1178 1666 1731
1179 2352 754
1180 717 2072
1181 174 1085
1182 2272 1409
1183 1120 2989
1184 1758 1584
1185 867 2898
1186 2940 338
1187 1935 2198
1188 200 1104
1189 472 2133
1190 2011 1360
1191 82 1238
1192 2283 276
1193 2162 3009
1194 2467 154
1195 1267 3009
1196 1039 510
1197 2279 68
1198 419 877
1199 2575 3200
1200 2091 2531
1201 1148 120
1202 1721 3264
1203 254 2296
1204 202 1959
1205 2349 1645
1206 458 2495
1207 1679 3192
1208 1705 957
1209 121 2981
1210 1301 1817
1211 1913 655
1212 1018 1184
1213 2259 2335
1214 272 2842
1215 1411 836
1216 1605 3285
1217 2043 885
1218 2146 234
1219 3189 301
1220 2401 2686
1221 1387 1454
1222 175 2867
1223 2628 1185
1224 1279 168
1225 2218 316
1226 2984 2055
1227 2370 2301
1228 1647 1670
1229 2164 3158
1230 104 2488
1231 1644 2434
1232 2593 2260
1233 2783 3136
1234 1975 2270
1235 2754 1365
1236 694 3229
1237 3056 3294
1238 1691 1581
1239 666 3127
1240 1332 933
1241 1796 2093
1242 3266 3180
1243 1438 547
1244 3005 528
1245 928 3235
1246 1105 3135
1247 2233 2274
1248 529 449
1249 2810 1441
1250 1161 2110
1251 2510 114
1252 2503 2356
1253 2645 2208
1254 653 1691
1255 2617 2946
1256 2872 2645
1257 208 2489
1258 1253 2792
1259 1228 272
1260 805 918
1261 1744 315
1262 2046 2231
1263 836 2299
1264 2388 989
1265 2498 3298
1266 1711 2648
1267 1393 857
1268 2655 2275
1269 1722 2410
1270 1405 3271
1271 721 3099
1272 948 3086
1273 606 2696
1274 2720 1283
1275 821 3196
1276 966 3232
1277 507 2921
1278 428 2040
1279 443 1726
1280 386 1358
1281 704 2000
1282 2777 1774
1283 787 2725
1284 2427 698
1285 2494 557
1286 2980 2111
1287 1650 857
1288 2407 594
1289 1302 3121
1290 627 2269
1291 3042 1672
1292 3016 47
1293 259 891
1294 2157 2706
1295 2311 1658
1296 700 3206
1297 2699 2910
1298 1088 2190
1299 2795 2116
1300 2485 1234
1301 1035 2480
1302 257 549
1303 1675 293
1304 2793 1856
1305 2840 796
1306 1247 1334
1307 1040 3220
1308 523 2681
1309 926 2337
1310 3208 1685
1311 616 472
1312 225 1660
1313 549 2665
1314 2499 3186
1315 2442 206
1316 2148 1401
1317 2719 1540
1318 2724 3280
1319 1974 727
1320 787 3287
1321 491 1066
1322 923 1039
1323 378 3103
1324 584 199
1325 53 2036
1326 2045 90
1327 2670 455
1328 2745 1495
1329 3124 1172
1330 914 2225
1331 2977 2516
1332 2576 2889
1333 1011 1432
1334 2869 328
1335 1121 1638
1336 660 993
1337 2153 2579
1338 3104 2550
1339 1991 66
1340 2606 2002
1341 3192 188
1342 1349 1823
1343 2928 2032
1344 1468 2993
1345 3201 5
1346 2686 1723
1347 2590 2310
1348 2722 1728
1349 1135 1317
1350 285 2837
1351 1005 643
1352 2452 293
1353 56 310
1354 1740 3188
1355 1326 1813
1356 1333 2736
1357 2391 3144
1358 511 3189
1359 319 443
1360 675 2801
1361 2860 2412
1362 1781 976
1363 1489 947
1364 2217 2736
1365 1018 3186
1366 803 2662
1367 1345 133
1368 539 2011
1369 2377 1164
1370 345 3066
1371 464 2494
1372 422 1219
1373 1026 737
1374 3139 397
1375 2427 1047
1376 1141 575
1377 2661 1626
1378 2162 480
1379 1468 2836
1380 2533 2911
1381 2414 2040
1382 760 2821
1383 991 2661
1384 2098 883
1385 1627 1732
1386 7 2198
1387 1773 1904
1388 456 2594
1389 952 1366
1390 2482 1541
1391 1388 1133
1392 571 1435
1393 1644 2511
1394 1610 2659
1395 989 1424
1396 47 2695
1397 641 1919
1398 707 753
1399 2829 2707
1400 2432 2885
1401 2944 2303
1402 1412 2530
1403 973 2881
1404 243 2597
1405 2074 2688
1406 1347 1343
1407 2610 1900
1408 3124 229
1409 216 778
1410 399 2337
1411 1262 712
1412 1341 1783
1413 1916 2758
1414 796 1739
1415 3100 1550
1416 1278 833
1417 3302 653
1418 1962 2156
1419 712 626
1420 3319 1563
1421 320 2734
1422 550 634
1423 1829 1821
1424 360 589
1425 1450 20
1426 560 1746
1427 1029 2403
1428 2858 2015
1429 543 1550
1430 1643 1729
1431 2516 2790
1432 1939 943
1433 1478 2005
1434 385 2398
1435 3197 26
1436 2349 3270
1437 58 777
1438 508 2605
1439 980 1687
1440 687 2947
1441 259 885
1442 2861 862
1443 3074 2586
1444 851 2031
1445 130 2734
1446 145 764
1447 2941 3116
1448 1327 319
1449 936 840
1450 1215 3183
1451 2261 1218
1452 1796 789
1453 3272 649
1454 2100 3282
1455 264 2451
1456 2802 3239
1457 2448 3235
1458 2759 2885
1459 1807 1693
1460 2218 3047
1461 2765 2463
1462 301 1244
1463 2911 672
1464 2378 369
1465 1164 245
1466 2814 1455
1467 824 2473
1468 165 160
1469 1761 3237
1470 2918 1480
1471 1897 2336
1472 1464 842
1473 324 3129
1474 1949 1392
1475 723 1179
1476 1254 1783
1477 2375 1016
1478 800 2154
1479 1681 1697
1480 45 1325
1481 2586 69
1482 253 2293
1483 2958 1792
1484 391 2063
1485 1543 1573
1486 1019 1695
1487 2607 1456
1488 2938 594
1489 3294 1613
1490 2592 1413
1491 2013 637
1492 1600 1287
1493 1329 2802
1494 1952 220
1495 956 2632
1496 647 2676
1497 1649 2991
1498 2781 2019
1499 1471 2814
1500 1042 1954
1501 1336 1915
1502 697 2119
1503 2434 512
1504 2478 3272
1505 1053 544
1506 3126 814
1507 2814 250
1508 934 975
1509 43 188
1510 2511 444
1511 704 2669
1512 2088 276
1513 354 84
1514 2645 472
1515 1146 2268
1516 934 3210
1517 1229 2228
1518 507 2440
1519 1705 1666
1520 3094 2269
1521 402 129
1522 1 681
1523 1846 1227
1524 75 2839
1525 1597 2520
1526 829 1816
1527 21 2750
1528 2089 2087
1529 773 3147
1530 2517 2444
1531 2145 2954
1532 428 2253
1533 3109 1291
1534 1918 1818
1535 742 1462
1536 970 1055
1537 845 520
1538 2545 1576
1539 277 2047
1540 84 624
1541 911 2187
1542 1496 778
1543 2043 1230
1544 1937 2907
1545 2298 1981
1546 1781 944
1547 2458 327
1548 2155 2268
1549 1138 2438
1550 660 181
1551 151 2811
1552 2496 1928
1553 2822 223
1554 3084 3097
1555 426 623
1556 3139 2336
1557 912 191
1558 906 2768
1559 3257 1099
1560 280 3002
1561 1505 42
1562 286 2162
1563 2526 1692
1564 2787 1512
1565 802 285
1566 2020 2273
1567 100 1850
1568 602 3119
1569 340 2732
1570 1916 566
1571 854 371
1572 407 1528
1573 121 2956
1574 826 1876
1575 873 2326
1576 1359 2323
1577 521 2889
1578 799 939
1579 1917 2528
1580 2565 1247
1581 3182 2673
1582 2222 1918
1583 2775 219
1584 2607 2979
1585 329 1527
1586 2256 2486
1587 842 386
1588 336 105
1589 2178 1977
1590 169 2485
1591 753 854
1592 1429 2965
1593 387 3179
1594 345 2843
1595 486 1796
1596 1112 1995
1597 1630 2946
1598 3299 3237
1599 1983 2741
1600 1936 1574
1601 395 1289
1602 713 233
1603 2547 788
1604 1663 89
1605 2563 1975
1606 2494 1811
1607 1682 1156
1608 1474 938
1609 623 1447
1610 2618 1227
1611 1403 3231
1612 28 1074
1613 394 1895
1614 1970 2748
1615 3075 256
1616 2652 2407
1617 1539 1730
1618 1430 823
1619 2644 2290
1620 483 306
1621 1444 2270
1622 137 1886
1623 2731 2087
1624 1567 169
1625 1685 2358
1626 1388 3057
1627 2346 1634
1628 2322 406
1629 2634 1553
1630 764 2653
1631 140 2525
1632 1995 1598
1633 2080 49
1634 1079 352
1635 252 420
1636 2236 1291
1637 2517 965
1638 43 2190
1639 2966 3096
1640 298 1386
1641 53 1855
1642 415 1495
1643 124 2357
1644 3017 5
1645 461 575
1646 215 2166
1647 2562 2436
1648 1206 731
1649 3300 30
1650 1412 1892
1651 1850 1257
1652 194 3267
1653 2477 2316
1654 1682 379
1655 2169 1766
1656 694 1685
1657 1511 11
1658 1465 2019
1659 2224 3111
1660 3161 305
1661 1500 586
1662 2917 2001
1663 2253 1404
1664 1339 1510
1665 2933 1787
1666 2486 483
1667 1063 1946
1668 3182 1964
1669 1117 2724
1670 2104 1085
1671 2574 2914
1672 2272 306
1673 1954 1458
1674 1292 2943
1675 2848 1337
1676 299 2721
1677 167 1857
1678 373 2772
1679 1372 1870
1680 813 1143
1681 949 2053
1682 2796 1029
1683 1763 1087
1684 1216 301
1685 893 2717
1686 2141 1340
1687 2218 3284
1688 1914 2385
1689 375 2107
1690 1727 1618
1691 667 2570
1692 158 853
1693 1478 1421
1694 1880 1249
1695 2073 657
1696 745 278
1697 1138 1263
1698 7 402
1699 310 1191
1700 1590 2910
1701 1013 3198
1702 2224 968
1703 3184 2667
1704 2523 3218
1705 454 1998
1706 883 1939
1707 2144 523
1708 346 1269
1709 993 2462
1710 2757 3199
1711 1018 1822
1712 49 843
1713 861 2383
1714 3069 2018
1715 1288 18
1716 162 831
1717 28 536
1718 3249 1722
1719 39 3176
1720 1043 3134
1721 1463 2413
1722 655 636
1723 888 1915
1724 2903 2289
1725 687 3195
1726 2836 1446
1727 640 917
1728 340 2430
1729 869 1685
1730 3073 2558
1731 1768 2129
1732 1403 1392
1733 2044 1002
1734 2824 2800
1735 2214 874
1736 1739 3011
1737 1153 1253
1738 2971 3004
1739 323 2939
1740 1022 3217
1741 2610 2212
1742 1254 3158
1743 1635 1157
1744 1026 3024
1745 1692 434
1746 2824 196
1747 408 260
1748 2530 785
1749 3003 3013
1750 2774 1579
1751 1239 1946
1752 1618 1690
1753 2398 2713
1754 264 963
1755 112 3266
1756 2582 1317
1757 1944 3099
1758 1226 102
1759 2530 142
1760 468 295
1761 2768 3158
1762 548 518
1763 766 586
1764 1005 1098
1765 218 2041
1766 338 1548
1767 1480 2047
1768 1689 2316
1769 2796 535
1770 733 2937
1771 1937 273
1772 840 181
1773 3178 717
1774 2384 1713
1775 1415 3137
1776 2321 1565
1777 722 752
1778 2436 210
1779 1779 2076
1780 1182 1651
1781 3193 1869
1782 1156 321
1783 521 2770
1784 2774 2671
1785 2180 2983
1786 1058 1814
1787 2420 1888
1788 1714 202
1789 479 269
1790 2232 1588
1791 1280 2718
1792 2121 2584
1793 1482 3113
1794 1432 50
1795 1510 105
1796 1021 3045
1797 3311 2474
1798 509 3220
1799 2580 1819
1800 3059 661
1801 3046 506
1802 407 1642
1803 3090 1758
1804 1847 594
1805 1505 1553
1806 35 1464
1807 62 2876
1808 3157 2978
1809 2816 2320
1810 40 2740
1811 2065 1034
1812 1617 3110
1813 398 159
1814 3236 1756
1815 176 2833
1816 976 84
1817 2185 2984
1818 2165 1757
1819 851 332
1820 1012 2718
1821 2430 2289
1822 864 93
1823 1033 2420
1824 1892 1193
1825 971 1654
1826 1661 498
1827 1786 2719
1828 1858 959
1829 2284 701
1830 2657 1488
1831 692 1812
1832 1411 678
1833 1511 2480
1834 2243 536
1835 1695 2401
1836 2123 1847
1837 799 1438
1838 1159 1475
1839 2841 750
1840 2110 1143
1841 1069 1018
1842 2655 2475
1843 170 1151
1844 16 441
1845 410 2451
1846 357 2834
1847 249 1989
1848 2862 1866
1849 1846 1394
1850 1201 2465
1851 3238 934
1852 2995 2035
1853 2596 1224
1854 2737 2875
1855 2829 745
1856 772 651
1857 2956 1989
1858 3164 2287
1859 2913 2443
1860 1684 2499
1861 2456 2842
1862 2998 2361
1863 303 548
1864 752 1896
1865 2495 912
1866 2520 2409
1867 495 2338
1868 828 2844
1869 2757 3086
1870 2533 1027
1871 2815 1397
1872 1725 3005
1873 1641 1175
1874 478 958
1875 2719 882
1876 2309 2420
1877 142 2273
1878 247 3181
1879 1006 313
1880 1146 2455
1881 1242 2160
1882 3071 49
1883 2619 2062
1884 2167 1064
1885 906 1769
1886 3292 1236
1887 853 1859
1888 2425 357
1889 1004 1767
1890 1876 1440
1891 2676 2172
1892 907 1390
1893 1859 1521
1894 1285 374
1895 341 82
1896 2851 305
1897 1423 434
1898 622 1607
1899 1586 2354
1900 1818 1841
1901 2650 3216
1902 1148 2503
1903 2360 1875
1904 576 1579
1905 84 2422
1906 1823 2837
1907 2839 1787
1908 494 1872
1909 2064 1306
1910 26 2636
1911 2061 978
1912 2035 2285
1913 1101 207
1914 2934 2821
1915 2644 3165
1916 1048 2934
1917 1686 1764
1918 207 2434
1919 1919 3076
1920 339 1951
1921 3043 1307
1922 590 405
1923 2393 837
1924 1015 1105
1925 1197 1995
1926 3261 671
1927 1975 1391
1928 1754 1643
1929 574 2574
1930 766 1785
1931 3096 2583
1932 934 2655
1933 3038 2084
1934 852 1431
1935 3204 615
1936 345 1353
1937 2991 2447
1938 3097 2152
1939 2538 1458
1940 1366 1363
1941 202 3037
1942 1647 1687
1943 793 1169
1944 1993 3300
1945 1072 2800
1946 2374 3141
1947 1400 2610
1948 3238 1028
1949 1546 129
1950 3068 229
1951 1077 1923
1952 1931 217
1953 617 713
1954 584 2278
1955 3170 2195
1956 2417 3309
1957 2687 207
1958 2038 1973
1959 811 754
1960 2551 2334
1961 716 1141
1962 1903 176
1963 914 59
1964 7 1085
1965 2946 3051
1966 1526 1060
1967 1948 881
1968 472 1551
1969 2593 882
1970 1788 1095
1971 2017 1456
1972 242 1951
1973 348 1642
1974 2228 175
1975 3023 1175
1976 589 3042
1977 1882 1980
1978 2328 3114
1979 1239 2733
1980 2594 1794
1981 1925 1777
1982 458 2739
1983 1823 3217
1984 1120 979
1985 359 3193
1986 1764 412
1987 3006 2720
1988 2848 1081
1989 824 1845
1990 473 1918
1991 907 2035
1992 153 1904
1993 1673 982
1994 1177 435
1995 239 2422
1996 222 1379
1997 1181 2187
1998 377 236
1999 1182 1970
2000 3067 2910
2001 1298 2487
2002 2672 3235
2003 827 2691
2004 164 427
2005 2732 1041
2006 403 1043
2007 2377 635
2008 1357 2161
2009 3178 826
2010 1490 875
2011 250 2334
2012 1851 1504
2013 2752 1011
2014 234 406
2015 2091 1164
2016 1570 2342
2017 883 3076
2018 65 790
2019 3006 1555
2020 3148 2293
2021 280 2421
2022 340 2116
2023 759 1082
2024 1673 2555
2025 894 2977
2026 1724 2682
2027 2735 62
2028 89 1793
2029 87 2422
2030 1037 913
2031 2421 2529
2032 68 2197
2033 2594 2279
2034 2374 371
2035 1624 949
2036 2658 2032
2037 3188 2482
2038 2820 1675
2039 1790 3158
2040 3003 1952
2041 1939 2203
2042 1230 2712
2043 1648 862
2044 1505 3286
2045 2145 2743
2046 1370 1349
2047 2059 2606
2048 521 3057
2049 2615 681
2050 3191 2972
2051 1168 2244
2052 622 890
2053 2624 1848
2054 2473 1934
2055 2397 3055
2056 2453 926
2057 1090 2015
2058 2713 1045
2059 1187 189
2060 1658 800
2061 1792 1556
2062 282 3235
2063 2478 2286
2064 3114 148
2065 1818 2993
2066 1917 687
2067 1072 2918
2068 1671 2692
2069 1947 2814
2070 1469 1695
2071 1958 2174
2072 2423 3063
2073 1562 2549
2074 3132 121
2075 2225 2892
2076 1404 93
2077 2922 2573
2078 3060 2217
2079 2982 3046
2080 1638 1660
2081 419 2752
2082 1735 2982
2083 1918 1043
2084 293 559
2085 2566 1845
2086 2008 2117
2087 999 2939
2088 511 2537
2089 3029 2294
2090 1503 2284
2091 577 266
2092 120 2862
2093 2000 1651
2094 1745 2512
2095 2866 753
2096 2117 2627
2097 2025 2966
2098 2109 1760
2099 963 1060
2100 2048 577
2101 1481 2852
2102 112 944
2103 2065 1725
2104 2071 582
2105 2777 978
2106 1922 2278
2107 3173 1232
2108 1613 2556
2109 2770 1662
2110 2983 1168
2111 2580 2685
2112 2159 224
2113 1357 2538
2114 79 1245
2115 3255 633
2116 2353 1884
2117 1244 1460
2118 1799 1599
2119 620 2573
2120 3174 277
2121 2783 2024
2122 1014 960
2123 2787 429
2124 3299 2701
2125 2840 77
2126 2632 1346
2127 402 114
2128 2077 843
2129 2303 748
2130 3110 1381
2131 2146 2929
2132 191 2006
2133 2455 309
2134 268 3228
2135 2808 1018
2136 2597 2230
2137 1479 137
2138 2506 1112
2139 852 1754
2140 2411 2763
2141 2482 1385
2142 332 1924
2143 813 2369
2144 2431 172
2145 3183 1437
2146 1666 2880
2147 2964 589
2148 1434 2345
2149 442 3278
2150 2032 1558
2151 188 3149
2152 2683 529
2153 1985 1653
2154 630 2968
2155 384 1031
2156 180 1893
2157 15 2649
2158 2825 2120
2159 3237 2770
2160 1139 1091
2161 2389 1749
2162 2841 1310
2163 3092 124
2164 1810 2692
2165 268 2207
2166 3242 1317
2167 50 341
2168 2704 1798
2169 2148 3
2170 2931 2046
2171 2663 2179
2172 542 1387
2173 2632 446
2174 3177 2644
2175 2474 3164
2176 3011 688
2177 544 1795
2178 1349 1671
2179 2363 1567
2180 1480 2526
2181 1726 3025
2182 1378 497
2183 1304 731
2184 2613 1957
2185 2049 3139
2186 816 2868
2187 1457 3070
2188 1906 1796
2189 2293 95
2190 2420 794
2191 1116 2240
2192 2710 355
2193 937 1632
2194 1461 2227
2195 897 197
2196 2875 1017
2197 2224 2940
2198 3048 2339
2199 1127 631
2200 2608 366
2201 1113 3222
2202 1893 329
2203 1645 2601
2204 2495 906
2205 262 221
2206 752 3297
2207 1314 3029
2208 1356 3196
2209 1152 1691
2210 1705 282
2211 2126 2279
2212 12 3228
2213 2698 3287
2214 2909 457
2215 2031 3152
2216 1843 1417
2217 2153 724
2218 1387 1212
2219 1461 692
2220 781 1100
2221 2059 1552
2222 2591 3072
2223 3053 492
2224 1182 2043
2225 1005 1621
2226 210 2572
2227 1106 1821
2228 2458 199
2229 835 3
2230 992 3244
2231 1903 879
2232 1446 2550
2233 1556 2700
2234 761 1815
2235 2743 1175
2236 1692 1562
2237 2587 2303
2238 1560 2473
2239 1693 2597
2240 915 2696
2241 2544 1014
2242 1775 1594
2243 1116 2950
2244 1405 1714
2245 1605 2679
2246 2409 2397
2247 1081 2291
2248 1496 1326
2249 393 1711
2250 1943 1225
2251 2707 240
2252 1309 300
2253 1872 1066
2254 2572 2027
2255 1250 143
2256 2852 252
2257 2112 1133
2258 2569 3026
2259 381 2155
2260 277 1509
2261 2974 204
2262 1481 3226
2263 3075 2021
2264 2753 3223
2265 1103 1084
2266 253 1322
2267 1883 450
2268 1735 2514
2269 440 1427
2270 610 142
2271 1116 3146
2272 2463 1909
2273 2039 298
2274 1246 2062
2275 2894 3155
2276 3179 1673
2277 3119 898
2278 63 2148
2279 2726 204
2280 2473 995
2281 1719 1204
2282 2300 138
2283 654 2499
2284 2435 1837
2285 3212 1135
2286 218 2930
2287 1834 272
2288 2542 1277
2289 3131 1822
2290 3136 2028
2291 1380 303
2292 1614 1092
2293 1152 1472
2294 2499 2556
2295 938 161
2296 2345 2816
2297 2505 1238
2298 3035 1817
2299 3147 2332
2300 2255 1547
2301 1035 2505
2302 3084 671
2303 189 1558
2304 2377 2042
2305 1357 2753
2306 1182 814
2307 2570 2686
2308 183 799
2309 2168 3199
2310 1182 673
2311 2358 2052
2312 120 2840
2313 1773 300
2314 2491 2039
2315 931 1828
2316 2021 3317
2317 1999 2015
2318 1833 1741
2319 757 1039
2320 2366 2534
2321 692 2242
2322 2073 1122
2323 335 497
2324 2868 1082
2325 2673 1518
2326 1383 1722
2327 2396 2876
2328 438 2409
2329 67 2491
2330 3187 1004
2331 438 2299
2332 645 276
2333 1414 705
2334 1104 1573
2335 3058 2864
2336 2295 1631
2337 706 2274
2338 1704 1378
2339 1682 1120
2340 1919 2782
2341 537 2206
2342 2198 441
2343 1794 2385
2344 1548 397
2345 2186 3197
2346 2331 409
2347 1452 1899
2348 2334 110
2349 577 424
2350 1090 845
2351 3284 660
2352 2196 791
2353 309 1161
2354 619 773
2355 3220 114
2356 3112 945
2357 2937 294
2358 2756 565
2359 425 2949
2360 2808 3299
2361 3180 1498
2362 2507 1852
2363 724 3122
2364 3175 2693
2365 2584 508
2366 285 574
2367 803 1489
2368 1915 3181
2369 1806 2934
2370 1419 2883
2371 253 1135
2372 781 1565
2373 2249 287
2374 2648 2414
2375 2201 3045
2376 2101 2290
2377 1487 1033
2378 1420 2654
2379 1208 2848
2380 1235 2671
2381 1507 2396
2382 1835 3273
2383 2046 2615
2384 2846 2561
2385 1069 449
2386 2255 2524
2387 61 1792
2388 1200 2384
2389 2177 2152
2390 1066 2028
2391 1498 884
2392 2600 2812
2393 2396 475
2394 2581 2496
2395 798 2734
2396 167 2182
2397 1154 833
2398 1844 1828
2399 454 735
2400 2012 1474
2401 1978 1083
2402 2903 2216
2403 683 3173
2404 65 1268
2405 2448 26
2406 1850 1559
2407 2507 3200
2408 2683 1624
2409 1738 2191
2410 438 1824
2411 2295 2139
2412 989 160
2413 60 1762
2414 1062 1016
2415 2739 2233
2416 438 1722
2417 3141 2196
2418 1147 1063
2419 153 2477
2420 3278 1544
2421 407 1701
2422 937 3063
2423 2342 289
2424 2701 2678
2425 1331 2718
2426 1456 2584
2427 987 1016
2428 1645 1007
2429 1450 2840
2430 1867 2630
2431 3053 2532
2432 3147 1472
2433 2077 363
2434 1444 1393
2435 541 3273
2436 825 2476
2437 2270 40
2438 2662 564
2439 129 504
2440 1959 1246
2441 1037 696
2442 1442 2439
2443 385 773
2444 3213 3034
2445 1684 1666
2446 1755 429
2447 1747 2561
2448 835 1469
2449 1860 2065
2450 1641 822
2451 3048 625
2452 2425 559
2453 3205 1995
2454 138 406
2455 3221 805
2456 8 3112
2457 2953 916
2458 1148 3140
2459 2267 2977
2460 815 2945
2461 946 1265
2462 1572 492
2463 2783 224
2464 1910 2143
2465 288 1741
2466 2939 622
2467 498 1012
2468 1015 2667
2469 180 2912
2470 1083 3061
2471 634 767
2472 400 37
2473 1015 747
2474 1791 1297
2475 895 1557
2476 2666 452
2477 2084 1717
2478 1768 141
2479 583 3111
2480 1749 2751
2481 281 1712
2482 792 241
2483 1443 1114
2484 602 1351
2485 1491 1397
2486 2427 537
2487 863 2286
2488 3183 2523
2489 1351 1252
2490 2161 61
2491 1214 992
2492 1063 1163
2493 2673 1453
2494 3254 215
2495 252 2377
2496 2615 1805
2497 353 1786
2498 3106 2784
2499 2306 2820
2500 1258 2427
2501 633 1482
2502 2858 1779
2503 2302 1644
2504 2878 1275
2505 1065 984
2506 1085 2056
2507 1952 2603
2508 965 3302
2509 67 2169
2510 767 2754
2511 2702 2316
2512 3268 1690
2513 383 3010
2514 2513 1
2515 1960 1970
2516 415 3168
2517 839 504
2518 231 625
2519 1309 2351
2520 2916 1989
2521 2812 3054
2522 304 2306
2523 1693 70
2524 2236 1893
2525 1648 1027
2526 2354 1766
2527 36 2769
2528 2717 2748
2529 26 1032
2530 772 582
2531 429 2067
2532 2394 2124
2533 2093 790
2534 1530 1213
2535 309 2303
2536 769 522
2537 1953 1855
2538 2460 2379
2539 2332 944
2540 372 3200
2541 1297 2632
2542 2383 691
2543 88 119
2544 217 2124
2545 2331 1838
2546 971 1861
2547 617 1000
2548 1370 1720
2549 1267 2589
2550 3083 77
2551 1286 853
2552 1230 1944
2553 1424 2546
2554 3152 2019
2555 710 2977
2556 1942 1624
2557 1333 2443
2558 302 2873
2559 2312 2462
2560 1912 2859
2561 594 2689
2562 2046 648
2563 2828 1001
2564 1728 2772
2565 2377 317
2566 2842 3187
2567 2031 1264
2568 2266 625
2569 3073 1568
2570 2197 1738
2571 1459 35
2572 2505 1939
2573 1694 42
2574 936 736
2575 1541 2024
2576 915 1040
2577 1895 2524
2578 509 3181
2579 3174 2436
2580 2322 2465
2581 2142 2909
2582 88 2702
2583 1490 1185
2584 1661 580
2585 588 2809
2586 2761 656
2587 1699 1875
2588 2485 3266
2589 2090 5
2590 2932 1480
2591 1263 2739
2592 977 1538
2593 3129 1085
2594 2433 2326
2595 214 60
2596 962 1421
2597 2835 2646
2598 3229 2669
2599 189 3040
2600 1632 1328
2601 2736 1004
2602 974 1117
2603 566 660
2604 2123 230
2605 3170 645
2606 2083 658
2607 3230 903
2608 1914 1843
2609 1698 1380
2610 1506 2402
2611 3189 2063
2612 2776 1545
2613 592 983
2614 1647 1266
2615 1105 3204
2616 890 2079
2617 166 2954
2618 68 1186
2619 2100 2419
2620 1474 421
2621 1606 1946
2622 1715 1524
2623 1249 477
2624 903 3314
2625 1416 2746
2626 974 1425
2627 979 1926
2628 290 1974
2629 1717 3073
2630 1360 1484
2631 2158 2830
2632 851 1728
2633 2358 1690
2634 850 1285
2635 2396 499
2636 1274 297
2637 1646 947
2638 574 599
2639 1106 2692
2640 1143 1951
2641 828 279
2642 1231 635
2643 216 360
2644 2018 667
2645 2626 2028
2646 2207 2899
2647 396 341
2648 1155 1315
2649 240 2741
2650 408 1743
2651 2023 2978
2652 2076 2640
2653 3130 3001
2654 2052 516
2655 3095 278
2656 1170 81
2657 709 1138
2658 2700 1904
2659 2907 2854
2660 552 1479
2661 375 1295
2662 741 1239
2663 227 2690
2664 395 1136
2665 684 1186
2666 2934 1929
2667 1541 2360
2668 1791 2852
2669 1921 987
2670 2499 2945
2671 865 264
2672 1360 586
2673 2341 443
2674 494 2096
2675 3118 2639
2676 2442 2180
2677 1619 2674
2678 3073 1232
2679 2298 3277
2680 2026 2039
2681 1538 1282
2682 1829 1113
2683 2230 2566
2684 1035 3092
2685 1460 1874
2686 2485 2392
2687 1199 316
2688 3202 985
2689 1003 332
2690 1307 2459
2691 247 3068
2692 3234 1385
2693 3263 2134
2694 475 438
2695 2202 1141
2696 2249 2400
2697 2881 1021
2698 2643 497
2699 746 1036
2700 1537 160
2701 347 1021
2702 2178 3223
2703 1347 2442
2704 1359 2238
2705 2006 1290
2706 3206 1689
2707 2351 3172
2708 15 2014
2709 259 635
2710 2443 2097
2711 867 1690
2712 831 2011
2713 386 2090
2714 2595 1616
2715 2832 417
2716 1087 1368
2717 3166 373
2718 2208 1776
2719 2163 578
2720 272 810
2721 479 864
2722 964 3298
2723 1606 2144
2724 2106 2059
2725 2207 2400
2726 3202 257
2727 373 2693
2728 676 1944
2729 1053 1641
2730 226 861
2731 1673 198
2732 2344 4
2733 2157 226
2734 2809 930
2735 1608 2099
2736 2604 2811
2737 2446 1156
2738 215 1175
2739 3027 200
2740 450 2520
2741 1882 46
2742 327 2879
2743 1927 2510
2744 2912 2527
2745 402 956
2746 754 2034
2747 837 1754
2748 3161 1028
2749 2183 2547
2750 2220 2605
2751 1251 2557
2752 11 1194
2753 3314 2190
2754 2006 662
2755 368 2331
2756 1975 333
2757 2094 276
2758 1818 2521
2759 2115 92
2760 548 1753
2761 3256 1256
2762 2354 38
2763 3316 3302
2764 2940 424
2765 3270 2608
2766 1602 1985
2767 1353 1849
2768 1429 583
2769 3181 1911
2770 2073 800
2771 2243 1705
2772 145 2082
2773 2537 1507
2774 1996 313
2775 2423 2488
2776 1415 1780
2777 2097 96
2778 1211 937
2779 2998 2058
2780 464 2096
2781 3056 675
2782 2146 2390
2783 1741 895
2784 2331 1539
2785 1053 2391
2786 2825 102
2787 2253 1180
2788 2817 759
2789 524 2099
2790 2716 2629
2791 3036 1170
2792 2769 1569
2793 1595 1609
2794 2204 1899
2795 1130 1605
2796 1838 2996
2797 2278 1137
2798 1756 1700
2799 2525 1206
2800 2620 988
2801 195 2757
2802 2949 2758
2803 2654 2178
2804 1062 596
2805 2671 2083
2806 2114 447
2807 2834 1912
2808 2979 3089
2809 1583 350
2810 2013 428
2811 546 343
2812 2588 196
2813 2607 2557
2814 2984 2179
2815 923 2431
2816 1584 2620
2817 759 922
2818 2461 2042
2819 1078 939
2820 2801 169
2821 2817 3164
2822 1679 2405
2823 1417 1125
2824 2684 922
2825 805 2501
2826 2694 3028
2827 3204 1449
2828 220 2441
2829 1309 2277
2830 911 3107
2831 1509 1921
2832 2080 1873
2833 2969 1813
2834 546 1089
2835 492 72
2836 2920 3087
2837 1220 3237
2838 906 449
2839 2128 423
2840 316 1758
2841 3124 3071
2842 1424 2828
2843 2689 2051
2844 286 1993
2845 1198 41
2846 608 2372
2847 484 1805
2848 1003 517
2849 184 1639
2850 171 2074
2851 1698 1184
2852 2765 2684
2853 3254 2734
2854 1779 2594
2855 2392 1583
2856 1196 2012
2857 494 3219
2858 754 1090
2859 2105 732
2860 352 333
2861 3139 2314
2862 1836 1518
2863 247 1050
2864 1705 7
2865 414 1167
2866 1448 439
2867 1734 3156
2868 1472 1946
2869 1952 2033
2870 107 159
2871 1217 1628
2872 67 1539
2873 3265 2025
2874 1245 279
2875 1091 2877
2876 3148 1518
2877 3156 1360
2878 201 698
2879 600 81
2880 1579 191
2881 185 1974
2882 1201 191
2883 1681 2140
2884 447 2247
2885 2970 3180
2886 2121 2562
2887 59 1495
2888 2745 1909
2889 1214 675
2890 2623 3059
2891 3032 2478
2892 98 1786
2893 2825 1938
2894 1738 3286
2895 901 346
2896 719 1900
2897 2010 3124
2898 39 1922
2899 2611 2815
2900 2212 2629
2901 916 2823
2902 373 2954
2903 2390 2711
2904 1583 625
2905 2085 3182
2906 2626 879
2907 2073 1622
2908 1496 819
2909 2202 1681
2910 92 1740
2911 2095 1428
2912 336 176
2913 2265 1600
2914 1489 2808
2915 2563 62
2916 2895 90
2917 861 443
2918 2023 167
2919 418 2053
2920 2027 1951
2921 2142 2821
2922 1478 2849
2923 1012 1693
2924 1720 872
2925 2710 324
2926 1361 834
2927 70 3071
2928 1019 1002
2929 421 2699
2930 16 1089
2931 2891 176
2932 1758 1280
2933 1446 2240
2934 120 2033
2935 3238 208
2936 1112 3199
2937 3200 2766
2938 729 955
2939 2209 188
2940 1602 137
2941 2230 1732
2942 2575 2362
2943 2690 269
2944 722 2546
2945 640 1700
2946 75 2413
2947 2345 950
2948 1635 2574
2949 1383 213
2950 1455 120
2951 883 2209
2952 1027 2961
2953 1805 1225
2954 669 364
2955 2538 1403
2956 3084 2701
2957 2034 1048
2958 369 82
2959 3235 1451
2960 964 1800
2961 1808 1764
2962 2834 1508
2963 2126 767
2964 2285 2924
2965 2912 1746
2966 5 1205
2967 3161 832
2968 1758 381
2969 51 103
2970 26 1963
2971 2909 1129
2972 856 2814
2973 714 433
2974 2228 508
2975 3208 340
2976 194 2085
2977 2590 1514
2978 2853 2102
2979 1698 1924
2980 397 970
2981 2569 1321
2982 2625 1574
2983 384 3156
2984 216 67
2985 1403 88
2986 14 3226
2987 1772 2823
2988 3133 2643
2989 3142 399
2990 2826 95
2991 2810 1638
2992 3314 199
2993 2154 2839
2994 2229 1188
2995 2972 1533
2996 2866 384
2997 2010 1728
2998 899 3196
2999 2640 1118
3000 201 2996
3001 2461 1379
3002 2315 3120
3003 749 140
3004 2212 1588
3005 1117 2697
3006 2211 115
3007 505 249
3008 2630 863
3009 2332 2226
3010 2225 1436
3011 1942 1913
3012 236 2070
3013 2234 3247
3014 2179 2167
3015 88 525
3016 1578 2758
3017 328 73
3018 2864 1381
3019 1457 2337
3020 163 1193
3021 1089 2383
3022 1757 3039
3023 957 2494
3024 222 3141
3025 547 724
3026 1681 1671
3027 1662 1361
3028 2787 2436
3029 1858 3215
3030 1434 1856
3031 1073 2002
3032 2002 2162
3033 1414 2601
3034 2542 2993
3035 2911 2230
3036 2629 3122
3037 1344 2826
3038 3306 2445
3039 2910 3301
3040 1736 1170
3041 1800 621
3042 3222 190
3043 1725 924
3044 1992 466
3045 2162 1071
3046 2759 189
3047 1811 3012
3048 2266 817
3049 213 36
3050 1964 2452
3051 3257 1162
3052 2215 792
3053 1539 2426
3054 1657 1772
3055 483 645
3056 222 1620
3057 43 1260
3058 2431 1399
3059 1283 1379
3060 1554 1040
3061 2042 384
3062 2050 344
3063 1830 2908
3064 520 2497
3065 2982 426
3066 2506 366
3067 2653 205
3068 2171 585
3069 1105 3279
3070 1603 1045
3071 637 1031
3072 1392 893
3073 1420 338
3074 1996 1244
3075 1072 1637
3076 82 2951
3077 170 1346
3078 148 1215
3079 946 1634
3080 1374 2868
3081 2041 210
3082 664 3023
3083 2844 2752
3084 1376 1934
3085 412 1648
3086 1758 2214
3087 660 1594
3088 2108 1715
3089 3051 2566
3090 1750 620
3091 1387 2499
3092 1774 2517
3093 2793 44
3094 516 2036
3095 1422 589
3096 2612 1760
3097 1037 388
3098 2927 447
3099 518 2395
3100 686 640
3101 2058 1677
3102 1636 496
3103 1152 495
3104 2372 2752
3105 1832 1481
3106 1124 1054
3107 2382 1173
3108 1984 363
3109 1360 2471
3110 738 214
3111 1763 1765
3112 2696 2447
3113 2100 2337
3114 2102 758
3115 1883 821
3116 2366 421
3117 52 2543
3118 3237 107
3119 113 1101
3120 1568 1059
3121 2234 90
3122 14 1092
3123 879 74
3124 2088 2146
3125 2831 122
3126 1454 133
3127 762 1971
3128 340 816
3129 2516 2465
3130 2285 2021
3131 586 1175
3132 1559 2663
3133 594 46
3134 2384 1847
3135 1742 301
3136 1054 884
3137 1434 1050
3138 2533 2069
3139 2359 2210
3140 1684 360
3141 230 606
3142 745 1897
3143 2977 2359
3144 1143 1971
3145 1806 875
3146 101 2202
3147 3117 120
3148 1025 500
3149 2156 1617
3150 2437 1373
3151 1865 2215
3152 712 2410
3153 432 2777
3154 2000 1041
3155 606 1655
3156 2646 2063
3157 3253 787
3158 2202 1329
3159 1704 921
3160 562 744
3161 858 2664
3162 2165 1198
3163 2970 1985
3164 1749 38
3165 1258 2648
3166 3036 1747
3167 776 434
3168 1965 1327
3169 436 2902
3170 2159 744
3171 83 1006
3172 454 2878
3173 1452 1224
3174 2378 1231
3175 2649 1287
3176 1372 1182
3177 2792 24
3178 254 1266
3179 1138 138
3180 1210 3315
3181 2859 2661
3182 102 1755
3183 1220 694
3184 1870 82
3185 270 2322
3186 578 930
3187 1928 2162
3188 1658 1732
3189 2778 397
3190 1608 2579
3191 1842 612
3192 2413 2839
3193 2567 530
3194 1046 2541
3195 1789 954
3196 888 2533
3197 872 1550
3198 1274 2107
3199 1317 1957
3200 1914 2403
3201 557 716
3202 2362 391
3203 2219 240
3204 2668 2291
3205 3272 483
3206 2716 43
3207 2380 390
3208 1181 2067
3209 264 1310
3210 3023 2038
3211 1578 1874
3212 2080 1131
3213 537 1747
3214 2968 533
3215 1202 2908
3216 81 154
3217 834 1029
3218 958 2735
3219 2373 51
3220 2595 2858
3221 1206 2010
3222 2782 616
3223 1007 685
3224 3221 1112
3225 1516 1597
3226 80 1727
3227 43 2657
3228 3008 3101
3229 3118 1877
3230 2496 8
3231 1733 3262
3232 1243 3079
3233 2437 1236
3234 1967 3242
3235 1206 353
3236 1664 2289
3237 404 537
3238 215 370
3239 667 1723
3240 1908 1047
3241 2929 1863
3242 1154 1319
3243 326 2792
3244 2147 1731
3245 1287 2236
3246 955 92
3247 436 865
3248 993 259
3249 1862 554
3250 3083 1145
3251 413 2226
3252 778 1584
3253 2305 665
3254 1254 1489
3255 2568 1861
3256 1691 3064
3257 887 2955
3258 1068 861
3259 1812 3222
3260 1102 1981
3261 2363 1039
3262 2361 2704
3263 2200 1229
3264 946 1244
3265 725 1895
3266 12 2650
3267 388 704
3268 2681 999
3269 1055 1
3270 1052 3174
3271 2861 54
3272 2216 971
3273 2672 322
3274 1750 2763
3275 2149 3028
3276 2595 2723
3277 164 1062
3278 1232 2598
3279 1513 499
3280 78 267
3281 2441 3202
3282 1338 158
3283 3105 1368
3284 2133 46
3285 2124 3170
3286 999 2367
3287 2603 459
3288 925 681
3289 1194 611
3290 1841 2264
3291 569 1449
3292 2089 2085
3293 2720 1706
3294 2514 1069
3295 222 27
3296 934 2073
3297 2700 2795
3298 2395 1278
3299 1733 868
3300 2807 1245
3301 2825 1892
3302 2089 534
3303 2842 1191
3304 2578 1152
3305 1126 887
3306 875 716
3307 2503 2934
3308 2368 3227
3309 376 723
3310 1222 1341
3311 169 1756
3312 2985 268
3313 1876 667
3314 2737 1104
3315 2712 1060
3316 2846 164
3317 246 3270
3318 2890 201
3319 1594 520
3320 925 602
